init_time,finish_time,timestamp_1,timestamp_2,inter_time
18000000000,18300000000,18015133232,18018566076,3432844
18000000000,18300000000,18018566076,18019286115,720039
18000000000,18300000000,18019286115,18019301580,15465
18000000000,18300000000,18019301580,18019303989,2409
18000000000,18300000000,18019303989,18031391031,12087042
18000000000,18300000000,18031391031,18031405379,14348
18000000000,18300000000,18031405379,18031415770,10391
18000000000,18300000000,18031415770,18031418200,2430
18000000000,18300000000,18031418200,18042802558,11384358
18000000000,18300000000,18042802558,18051385290,8582732
18000000000,18300000000,18051385290,18055626077,4240787
18000000000,18300000000,18055626077,18056889950,1263873
18000000000,18300000000,18056889950,18056889951,1
18000000000,18300000000,18056889951,18068080317,11190366
18000000000,18300000000,18068080317,18069403773,1323456
18000000000,18300000000,18069403773,18069403774,1
18000000000,18300000000,18069403774,18069403775,1
18000000000,18300000000,18069403775,18074685704,5281929
18000000000,18300000000,18074685704,18082106866,7421162
18000000000,18300000000,18082106866,18084946724,2839858
18000000000,18300000000,18084946724,18086629443,1682719
18000000000,18300000000,18086629443,18088358624,1729181
18000000000,18300000000,18088358624,18093464104,5105480
18000000000,18300000000,18093464104,18093475007,10903
18000000000,18300000000,18093475007,18094921879,1446872
18000000000,18300000000,18094921879,18094922299,420
18000000000,18300000000,18094922299,18094922300,1
18000000000,18300000000,18094922300,18097024402,2102102
18000000000,18300000000,18097024402,18097029637,5235
18000000000,18300000000,18097029637,18097756769,727132
18000000000,18300000000,18097756769,18102645775,4889006
18000000000,18300000000,18102645775,18112511017,9865242
18000000000,18300000000,18112511017,18117344594,4833577
18000000000,18300000000,18117344594,18121654116,4309522
18000000000,18300000000,18121654116,18122583982,929866
18000000000,18300000000,18122583982,18123351612,767630
18000000000,18300000000,18123351612,18123361963,10351
18000000000,18300000000,18123361963,18124190598,828635
18000000000,18300000000,18124190598,18130084180,5893582
18000000000,18300000000,18130084180,18130100823,16643
18000000000,18300000000,18130100823,18150472280,20371457
18000000000,18300000000,18150472280,18206066969,55594689
18000000000,18300000000,18206066969,18206078986,12017
18000000000,18300000000,18206078986,18221383617,15304631
18000000000,18300000000,18221383617,18222295450,911833
18000000000,18300000000,18222295450,18223619189,1323739
18000000000,18300000000,18223619189,18242335890,18716701
18000000000,18300000000,18242335890,18242354460,18570
18000000000,18300000000,18242354460,18244692760,2338300
18000000000,18300000000,18244692760,18244724234,31474
18000000000,18300000000,18244724234,18246889871,2165637
18000000000,18300000000,18246889871,18248501618,1611747
18000000000,18300000000,18248501618,18249297760,796142
18000000000,18300000000,18249297760,18254539050,5241290
18000000000,18300000000,18254539050,18254549534,10484
18000000000,18300000000,18254549534,18256341826,1792292
18000000000,18300000000,18256341826,18257339617,997791
18000000000,18300000000,18257339617,18279814842,22475225
18000000000,18300000000,18279814842,18279817468,2626
18000000000,18300000000,18279817468,18282185315,2367847
18000000000,18300000000,18282185315,18291733882,9548567
18300000000,18600000000,18311790461,18311795207,4746
18300000000,18600000000,18311795207,18313231265,1436058
18300000000,18600000000,18313231265,18316394338,3163073
18300000000,18600000000,18316394338,18317119535,725197
18300000000,18600000000,18317119535,18339998185,22878650
18300000000,18600000000,18339998185,18340000973,2788
18300000000,18600000000,18340000973,18349079811,9078838
18300000000,18600000000,18349079811,18370505401,21425590
18300000000,18600000000,18370505401,18375493126,4987725
18300000000,18600000000,18375493126,18376977360,1484234
18300000000,18600000000,18376977360,18376977361,1
18300000000,18600000000,18376977361,18376977362,1
18300000000,18600000000,18376977362,18376994993,17631
18300000000,18600000000,18376994993,18387729788,10734795
18300000000,18600000000,18387729788,18391424887,3695099
18300000000,18600000000,18391424887,18391424888,1
18300000000,18600000000,18391424888,18393579011,2154123
18300000000,18600000000,18393579011,18398905271,5326260
18300000000,18600000000,18398905271,18423612132,24706861
18300000000,18600000000,18423612132,18435533120,11920988
18300000000,18600000000,18435533120,18436416856,883736
18300000000,18600000000,18436416856,18436422705,5849
18300000000,18600000000,18436422705,18447534191,11111486
18300000000,18600000000,18447534191,18448907606,1373415
18300000000,18600000000,18448907606,18460379632,11472026
18300000000,18600000000,18460379632,18460400577,20945
18300000000,18600000000,18460400577,18464305403,3904826
18300000000,18600000000,18464305403,18465054839,749436
18300000000,18600000000,18465054839,18472656504,7601665
18300000000,18600000000,18472656504,18472661050,4546
18300000000,18600000000,18472661050,18472672463,11413
18300000000,18600000000,18472672463,18485021976,12349513
18300000000,18600000000,18485021976,18487135036,2113060
18300000000,18600000000,18487135036,18497179812,10044776
18300000000,18600000000,18497179812,18544586795,47406983
18300000000,18600000000,18544586795,18544608392,21597
18300000000,18600000000,18544608392,18546023526,1415134
18300000000,18600000000,18546023526,18546023527,1
18300000000,18600000000,18546023527,18546023528,1
18300000000,18600000000,18546023528,18554891520,8867992
18300000000,18600000000,18554891520,18568426794,13535274
18300000000,18600000000,18568426794,18569841660,1414866
18300000000,18600000000,18569841660,18569841661,1
18300000000,18600000000,18569841661,18582613356,12771695
18300000000,18600000000,18582613356,18590246968,7633612
18600000000,18900000000,18606105504,18607827305,1721801
18600000000,18900000000,18607827305,18615722114,7894809
18600000000,18900000000,18615722114,18617204739,1482625
18600000000,18900000000,18617204739,18618271004,1066265
18600000000,18900000000,18618271004,18626318504,8047500
18600000000,18900000000,18626318504,18627055941,737437
18600000000,18900000000,18627055941,18640148090,13092149
18600000000,18900000000,18640148090,18647792385,7644295
18600000000,18900000000,18647792385,18649948683,2156298
18600000000,18900000000,18649948683,18651848482,1899799
18600000000,18900000000,18651848482,18653292351,1443869
18600000000,18900000000,18653292351,18656894840,3602489
18600000000,18900000000,18656894840,18656900080,5240
18600000000,18900000000,18656900080,18656904839,4759
18600000000,18900000000,18656904839,18658219686,1314847
18600000000,18900000000,18658219686,18668999894,10780208
18600000000,18900000000,18668999894,18671029193,2029299
18600000000,18900000000,18671029193,18681060374,10031181
18600000000,18900000000,18681060374,18681066716,6342
18600000000,18900000000,18681066716,18682576026,1509310
18600000000,18900000000,18682576026,18682576027,1
18600000000,18900000000,18682576027,18687037199,4461172
18600000000,18900000000,18687037199,18693350133,6312934
18600000000,18900000000,18693350133,18693355347,5214
18600000000,18900000000,18693355347,18693357614,2267
18600000000,18900000000,18693357614,18697965919,4608305
18600000000,18900000000,18697965919,18706573418,8607499
18600000000,18900000000,18706573418,18706577512,4094
18600000000,18900000000,18706577512,18706580237,2725
18600000000,18900000000,18706580237,18706582551,2314
18600000000,18900000000,18706582551,18708037682,1455131
18600000000,18900000000,18708037682,18708037683,1
18600000000,18900000000,18708037683,18708037684,1
18600000000,18900000000,18708037684,18713445661,5407977
18600000000,18900000000,18713445661,18718796005,5350344
18600000000,18900000000,18718796005,18720259628,1463623
18600000000,18900000000,18720259628,18721648222,1388594
18600000000,18900000000,18721648222,18724118412,2470190
18600000000,18900000000,18724118412,18726430059,2311647
18600000000,18900000000,18726430059,18729812512,3382453
18600000000,18900000000,18729812512,18731401514,1589002
18600000000,18900000000,18731401514,18731405373,3859
18600000000,18900000000,18731405373,18731407456,2083
18600000000,18900000000,18731407456,18732163187,755731
18600000000,18900000000,18732163187,18732874021,710834
18600000000,18900000000,18732874021,18732874022,1
18600000000,18900000000,18732874022,18735109930,2235908
18600000000,18900000000,18735109930,18743773999,8664069
18600000000,18900000000,18743773999,18745647760,1873761
18600000000,18900000000,18745647760,18745647761,1
18600000000,18900000000,18745647761,18755899414,10251653
18600000000,18900000000,18755899414,18755906136,6722
18600000000,18900000000,18755906136,18755911316,5180
18600000000,18900000000,18755911316,18755915641,4325
18600000000,18900000000,18755915641,18758784217,2868576
18600000000,18900000000,18758784217,18759855233,1071016
18600000000,18900000000,18759855233,18759855363,130
18600000000,18900000000,18759855363,18759855396,33
18600000000,18900000000,18759855396,18762008979,2153583
18600000000,18900000000,18762008979,18769650198,7641219
18600000000,18900000000,18769650198,18769668447,18249
18600000000,18900000000,18769668447,18769672211,3764
18600000000,18900000000,18769672211,18769675910,3699
18600000000,18900000000,18769675910,18772144920,2469010
18600000000,18900000000,18772144920,18775811975,3667055
18600000000,18900000000,18775811975,18779673183,3861208
18600000000,18900000000,18779673183,18781467193,1794010
18600000000,18900000000,18781467193,18782204785,737592
18600000000,18900000000,18782204785,18782210877,6092
18600000000,18900000000,18782210877,18782225489,14612
18600000000,18900000000,18782225489,18785909167,3683678
18600000000,18900000000,18785909167,18785909297,130
18600000000,18900000000,18785909297,18785909298,1
18600000000,18900000000,18785909298,18785909367,69
18600000000,18900000000,18785909367,18788245261,2335894
18600000000,18900000000,18788245261,18788976985,731724
18600000000,18900000000,18788976985,18790450193,1473208
18600000000,18900000000,18790450193,18794469632,4019439
18600000000,18900000000,18794469632,18794478396,8764
18600000000,18900000000,18794478396,18794482723,4327
18600000000,18900000000,18794482723,18794496809,14086
18600000000,18900000000,18794496809,18797562896,3066087
18600000000,18900000000,18797562896,18797562960,64
18600000000,18900000000,18797562960,18797563053,93
18600000000,18900000000,18797563053,18797563092,39
18600000000,18900000000,18797563092,18798644061,1080969
18600000000,18900000000,18798644061,18800252085,1608024
18600000000,18900000000,18800252085,18801045134,793049
18600000000,18900000000,18801045134,18801051195,6061
18600000000,18900000000,18801051195,18803557004,2505809
18600000000,18900000000,18803557004,18806346819,2789815
18600000000,18900000000,18806346819,18806365194,18375
18600000000,18900000000,18806365194,18806427270,62076
18600000000,18900000000,18806427270,18807908834,1481564
18600000000,18900000000,18807908834,18808657541,748707
18600000000,18900000000,18808657541,18810119464,1461923
18600000000,18900000000,18810119464,18814000284,3880820
18600000000,18900000000,18814000284,18816145763,2145479
18600000000,18900000000,18816145763,18816854007,708244
18600000000,18900000000,18816854007,18818463281,1609274
18600000000,18900000000,18818463281,18818469657,6376
18600000000,18900000000,18818469657,18818475000,5343
18600000000,18900000000,18818475000,18818487140,12140
18600000000,18900000000,18818487140,18819213047,725907
18600000000,18900000000,18819213047,18820716493,1503446
18600000000,18900000000,18820716493,18820735981,19488
18600000000,18900000000,18820735981,18821442514,706533
18600000000,18900000000,18821442514,18821442560,46
18600000000,18900000000,18821442560,18821442561,1
18600000000,18900000000,18821442561,18822264681,822120
18600000000,18900000000,18822264681,18823734193,1469512
18600000000,18900000000,18823734193,18827620064,3885871
18600000000,18900000000,18827620064,18831490990,3870926
18600000000,18900000000,18831490990,18831504922,13932
18600000000,18900000000,18831504922,18842559690,11054768
18600000000,18900000000,18842559690,18844204216,1644526
18600000000,18900000000,18844204216,18844210861,6645
18600000000,18900000000,18844210861,18844213293,2432
18600000000,18900000000,18844213293,18844215724,2431
18600000000,18900000000,18844215724,18846994632,2778908
18600000000,18900000000,18846994632,18846994633,1
18600000000,18900000000,18846994633,18846994730,97
18600000000,18900000000,18846994730,18847911532,916802
18600000000,18900000000,18847911532,18851353056,3441524
18600000000,18900000000,18851353056,18857251966,5898910
18600000000,18900000000,18857251966,18858729637,1477671
18600000000,18900000000,18858729637,18858729638,1
18600000000,18900000000,18858729638,18859640389,910751
18600000000,18900000000,18859640389,18859657837,17448
18600000000,18900000000,18859657837,18860383863,726026
18600000000,18900000000,18860383863,18860403788,19925
18600000000,18900000000,18860403788,18862697319,2293531
18600000000,18900000000,18862697319,18869739832,7042513
18600000000,18900000000,18869739832,18869747907,8075
18600000000,18900000000,18869747907,18869752560,4653
18600000000,18900000000,18869752560,18869756621,4061
18600000000,18900000000,18869756621,18869763750,7129
18600000000,18900000000,18869763750,18872824807,3061057
18600000000,18900000000,18872824807,18872824851,44
18600000000,18900000000,18872824851,18872824884,33
18600000000,18900000000,18872824884,18872824885,1
18600000000,18900000000,18872824885,18880102366,7277481
18600000000,18900000000,18880102366,18881631615,1529249
18600000000,18900000000,18881631615,18883564696,1933081
18600000000,18900000000,18883564696,18883569748,5052
18600000000,18900000000,18883569748,18883572222,2474
18600000000,18900000000,18883572222,18883574057,1835
18600000000,18900000000,18883574057,18887119399,3545342
18600000000,18900000000,18887119399,18892273435,5154036
18600000000,18900000000,18892273435,18893009932,736497
18600000000,18900000000,18893009932,18895348630,2338698
18600000000,18900000000,18895348630,18896786064,1437434
18600000000,18900000000,18896786064,18897607859,821795
18900000000,19200000000,18901824384,18904976398,3152014
18900000000,19200000000,18904976398,18906429737,1453339
18900000000,19200000000,18906429737,18908678245,2248508
18900000000,19200000000,18908678245,18910919099,2240854
18900000000,19200000000,18910919099,18913647582,2728483
18900000000,19200000000,18913647582,18919029420,5381838
18900000000,19200000000,18919029420,18930963400,11933980
18900000000,19200000000,18930963400,18930978303,14903
18900000000,19200000000,18930978303,18930981381,3078
18900000000,19200000000,18930981381,18930987828,6447
18900000000,19200000000,18930987828,18932425608,1437780
18900000000,19200000000,18932425608,18932425692,84
18900000000,19200000000,18932425692,18932425693,1
18900000000,19200000000,18932425693,18933401894,976201
18900000000,19200000000,18933401894,18940748633,7346739
18900000000,19200000000,18940748633,18957323194,16574561
18900000000,19200000000,18957323194,18958892361,1569167
18900000000,19200000000,18958892361,18959739346,846985
18900000000,19200000000,18959739346,18962920666,3181320
18900000000,19200000000,18962920666,18969676135,6755469
18900000000,19200000000,18969676135,18969682763,6628
18900000000,19200000000,18969682763,18969685808,3045
18900000000,19200000000,18969685808,18969687990,2182
18900000000,19200000000,18969687990,18971940488,2252498
18900000000,19200000000,18971940488,18981864712,9924224
18900000000,19200000000,18981864712,18988577398,6712686
18900000000,19200000000,18988577398,18989969520,1392122
18900000000,19200000000,18989969520,18994334527,4365007
18900000000,19200000000,18994334527,18997494921,3160394
18900000000,19200000000,18997494921,18998549966,1055045
18900000000,19200000000,18998549966,19004993966,6444000
18900000000,19200000000,19004993966,19007073942,2079976
18900000000,19200000000,19007073942,19007078686,4744
18900000000,19200000000,19007078686,19008456889,1378203
18900000000,19200000000,19008456889,19009142381,685492
18900000000,19200000000,19009142381,19009142382,1
18900000000,19200000000,19009142382,19019887424,10745042
18900000000,19200000000,19019887424,19021166655,1279231
18900000000,19200000000,19021166655,19021927028,760373
18900000000,19200000000,19021927028,19031347540,9420512
18900000000,19200000000,19031347540,19032147140,799600
18900000000,19200000000,19032147140,19032152302,5162
18900000000,19200000000,19032152302,19032159642,7340
18900000000,19200000000,19032159642,19033566725,1407083
18900000000,19200000000,19033566725,19035036841,1470116
18900000000,19200000000,19035036841,19035036877,36
18900000000,19200000000,19035036877,19035036878,1
18900000000,19200000000,19035036878,19035062320,25442
18900000000,19200000000,19035062320,19041020604,5958284
18900000000,19200000000,19041020604,19042931212,1910608
18900000000,19200000000,19042931212,19044843456,1912244
18900000000,19200000000,19044843456,19044846572,3116
18900000000,19200000000,19044846572,19047179554,2332982
18900000000,19200000000,19047179554,19057648978,10469424
18900000000,19200000000,19057648978,19057655950,6972
18900000000,19200000000,19057655950,19059962994,2307044
18900000000,19200000000,19059962994,19059962995,1
18900000000,19200000000,19059962995,19059963051,56
18900000000,19200000000,19059963051,19064248238,4285187
18900000000,19200000000,19064248238,19069854476,5606238
18900000000,19200000000,19069854476,19069861345,6869
18900000000,19200000000,19069861345,19069863850,2505
18900000000,19200000000,19069863850,19069866057,2207
18900000000,19200000000,19069866057,19072010157,2144100
18900000000,19200000000,19072010157,19072699012,688855
18900000000,19200000000,19072699012,19082565552,9866540
18900000000,19200000000,19082565552,19084465998,1900446
18900000000,19200000000,19084465998,19084465999,1
18900000000,19200000000,19084465999,19095561961,11095962
18900000000,19200000000,19095561961,19095580065,18104
18900000000,19200000000,19095580065,19095582304,2239
18900000000,19200000000,19095582304,19097465811,1883507
18900000000,19200000000,19097465811,19097465812,1
18900000000,19200000000,19097465812,19107676301,10210489
18900000000,19200000000,19107676301,19107678845,2544
18900000000,19200000000,19107678845,19107680954,2109
18900000000,19200000000,19107680954,19109977512,2296558
18900000000,19200000000,19109977512,19115190197,5212685
18900000000,19200000000,19115190197,19119589379,4399182
18900000000,19200000000,19119589379,19119591802,2423
18900000000,19200000000,19119591802,19119598335,6533
18900000000,19200000000,19119598335,19119606426,8091
18900000000,19200000000,19119606426,19119612464,6038
18900000000,19200000000,19119612464,19121756982,2144518
18900000000,19200000000,19121756982,19121756983,1
18900000000,19200000000,19121756983,19121757003,20
18900000000,19200000000,19121757003,19121757004,1
18900000000,19200000000,19121757004,19121757223,219
18900000000,19200000000,19121757223,19121757256,33
18900000000,19200000000,19121757256,19121757257,1
18900000000,19200000000,19121757257,19124340264,2583007
18900000000,19200000000,19124340264,19125893615,1553351
18900000000,19200000000,19125893615,19132762431,6868816
18900000000,19200000000,19132762431,19135932629,3170198
18900000000,19200000000,19135932629,19151970973,16038344
18900000000,19200000000,19151970973,19158477768,6506795
18900000000,19200000000,19158477768,19158483375,5607
18900000000,19200000000,19158483375,19158491319,7944
18900000000,19200000000,19158491319,19160802302,2310983
18900000000,19200000000,19160802302,19160802303,1
18900000000,19200000000,19160802303,19160802343,40
18900000000,19200000000,19160802343,19160802344,1
18900000000,19200000000,19160802344,19160821356,19012
18900000000,19200000000,19160821356,19184589154,23767798
18900000000,19200000000,19184589154,19184594151,4997
18900000000,19200000000,19184594151,19187148409,2554258
18900000000,19200000000,19187148409,19187148410,1
18900000000,19200000000,19187148410,19196739702,9591292
18900000000,19200000000,19196739702,19196746567,6865
18900000000,19200000000,19196746567,19198215557,1468990
18900000000,19200000000,19198215557,19198215558,1
18900000000,19200000000,19198215558,19198215595,37
18900000000,19200000000,19198215595,19199619234,1403639
19200000000,19500000000,19207971409,19207973730,2321
19200000000,19500000000,19207973730,19208733449,759719
19200000000,19500000000,19208733449,19210362472,1629023
19200000000,19500000000,19210362472,19214913432,4550960
19200000000,19500000000,19214913432,19215839988,926556
19200000000,19500000000,19215839988,19221058252,5218264
19200000000,19500000000,19221058252,19221063769,5517
19200000000,19500000000,19221063769,19221068371,4602
19200000000,19500000000,19221068371,19221071398,3027
19200000000,19500000000,19221071398,19223443145,2371747
19200000000,19500000000,19223443145,19224892059,1448914
19200000000,19500000000,19224892059,19232841868,7949809
19200000000,19500000000,19232841868,19233742310,900442
19200000000,19500000000,19233742310,19249206251,15463941
19200000000,19500000000,19249206251,19271943851,22737600
19200000000,19500000000,19271943851,19275125649,3181798
19200000000,19500000000,19275125649,19277457250,2331601
19200000000,19500000000,19277457250,19283115300,5658050
19200000000,19500000000,19283115300,19283136060,20760
19200000000,19500000000,19283136060,19283145616,9556
19200000000,19500000000,19283145616,19283148218,2602
19200000000,19500000000,19283148218,19285591965,2443747
19200000000,19500000000,19285591965,19285591966,1
19200000000,19500000000,19285591966,19285592020,54
19200000000,19500000000,19285592020,19285615040,23020
19200000000,19500000000,19285615040,19289484467,3869427
19200000000,19500000000,19289484467,19295284010,5799543
19200000000,19500000000,19295284010,19296008576,724566
19200000000,19500000000,19296008576,19304340624,8332048
19200000000,19500000000,19304340624,19332240276,27899652
19200000000,19500000000,19332240276,19332246145,5869
19200000000,19500000000,19332246145,19332973919,727774
19200000000,19500000000,19332973919,19332987051,13132
19200000000,19500000000,19332987051,19332989821,2770
19200000000,19500000000,19332989821,19332995683,5862
19200000000,19500000000,19332995683,19335232425,2236742
19200000000,19500000000,19335232425,19345566193,10333768
19200000000,19500000000,19345566193,19345574092,7899
19200000000,19500000000,19345574092,19345591278,17186
19200000000,19500000000,19345591278,19345595728,4450
19200000000,19500000000,19345595728,19345610926,15198
19200000000,19500000000,19345610926,19345615077,4151
19200000000,19500000000,19345615077,19348976138,3361061
19200000000,19500000000,19348976138,19348976179,41
19200000000,19500000000,19348976179,19348976180,1
19200000000,19500000000,19348976180,19349795630,819450
19200000000,19500000000,19349795630,19349798884,3254
19200000000,19500000000,19349798884,19353413500,3614616
19200000000,19500000000,19353413500,19358187150,4773650
19200000000,19500000000,19358187150,19358232587,45437
19200000000,19500000000,19358232587,19358240031,7444
19200000000,19500000000,19358240031,19363369488,5129457
19200000000,19500000000,19363369488,19365047420,1677932
19200000000,19500000000,19365047420,19367776348,2728928
19200000000,19500000000,19367776348,19370167085,2390737
19200000000,19500000000,19370167085,19370890959,723874
19200000000,19500000000,19370890959,19383429695,12538736
19200000000,19500000000,19383429695,19383451782,22087
19200000000,19500000000,19383451782,19394042038,10590256
19200000000,19500000000,19394042038,19394812469,770431
19200000000,19500000000,19394812469,19395600149,787680
19200000000,19500000000,19395600149,19408752365,13152216
19200000000,19500000000,19408752365,19408762791,10426
19200000000,19500000000,19408762791,19408765543,2752
19200000000,19500000000,19408765543,19410777411,2011868
19200000000,19500000000,19410777411,19410777412,1
19200000000,19500000000,19410777412,19410777413,1
19200000000,19500000000,19410777413,19433181893,22404480
19200000000,19500000000,19433181893,19436158980,2977087
19200000000,19500000000,19436158980,19436158981,1
19200000000,19500000000,19436158981,19443021486,6862505
19200000000,19500000000,19443021486,19445423239,2401753
19200000000,19500000000,19445423239,19458126038,12702799
19200000000,19500000000,19458126038,19469923707,11797669
19200000000,19500000000,19469923707,19469926178,2471
19200000000,19500000000,19469926178,19472212566,2286388
19200000000,19500000000,19472212566,19477047353,4834787
19200000000,19500000000,19477047353,19483108688,6061335
19200000000,19500000000,19483108688,19483111108,2420
19200000000,19500000000,19483111108,19485504924,2393816
19200000000,19500000000,19485504924,19486340440,835516
19200000000,19500000000,19486340440,19495911126,9570686
19200000000,19500000000,19495911126,19495917666,6540
19200000000,19500000000,19495917666,19495922358,4692
19200000000,19500000000,19495922358,19498049233,2126875
19200000000,19500000000,19498049233,19498049234,1
19200000000,19500000000,19498049234,19498049235,1
19200000000,19500000000,19498049235,19498049312,77
19200000000,19500000000,19498049312,19498049313,1
19200000000,19500000000,19498049313,19498049351,38
19200000000,19500000000,19498049351,19498049352,1
19500000000,19800000000,19504354886,19505214039,859153
19500000000,19800000000,19505214039,19507649296,2435257
19500000000,19800000000,19507649296,19508602757,953461
19500000000,19800000000,19508602757,19508607294,4537
19500000000,19800000000,19508607294,19508609473,2179
19500000000,19800000000,19508609473,19508611753,2280
19500000000,19800000000,19508611753,19508613844,2091
19500000000,19800000000,19508613844,19510920255,2306411
19500000000,19800000000,19510920255,19520872450,9952195
19500000000,19800000000,19520872450,19520876388,3938
19500000000,19800000000,19520876388,19520879092,2704
19500000000,19800000000,19520879092,19520882031,2939
19500000000,19800000000,19520882031,19525692060,4810029
19500000000,19800000000,19525692060,19527342990,1650930
19500000000,19800000000,19527342990,19528912018,1569028
19500000000,19800000000,19528912018,19533174474,4262456
19500000000,19800000000,19533174474,19533179580,5106
19500000000,19800000000,19533179580,19536347495,3167915
19500000000,19800000000,19536347495,19536347496,1
19500000000,19800000000,19536347496,19536347586,90
19500000000,19800000000,19536347586,19545416640,9069054
19500000000,19800000000,19545416640,19547789869,2373229
19500000000,19800000000,19547789869,19549339648,1549779
19500000000,19800000000,19549339648,19550175704,836056
19500000000,19800000000,19550175704,19569122830,18947126
19500000000,19800000000,19569122830,19570478168,1355338
19500000000,19800000000,19570478168,19572547824,2069656
19500000000,19800000000,19572547824,19572547825,1
19500000000,19800000000,19572547825,19573286116,738291
19500000000,19800000000,19573286116,19580280317,6994201
19500000000,19800000000,19580280317,19582652922,2372605
19500000000,19800000000,19582652922,19582655989,3067
19500000000,19800000000,19582655989,19582658951,2962
19500000000,19800000000,19582658951,19582661423,2472
19500000000,19800000000,19582661423,19585622543,2961120
19500000000,19800000000,19585622543,19594617099,8994556
19500000000,19800000000,19594617099,19594622781,5682
19500000000,19800000000,19594622781,19594624798,2017
19500000000,19800000000,19594624798,19596842229,2217431
19500000000,19800000000,19596842229,19596876956,34727
19500000000,19800000000,19596876956,19607300905,10423949
19500000000,19800000000,19607300905,19607303533,2628
19500000000,19800000000,19607303533,19607305690,2157
19500000000,19800000000,19607305690,19607311259,5569
19500000000,19800000000,19607311259,19607315768,4509
19500000000,19800000000,19607315768,19609556846,2241078
19500000000,19800000000,19609556846,19609556884,38
19500000000,19800000000,19609556884,19611398169,1841285
19500000000,19800000000,19611398169,19620743786,9345617
19500000000,19800000000,19620743786,19620758109,14323
19500000000,19800000000,19620758109,19622575514,1817405
19500000000,19800000000,19622575514,19623319689,744175
19500000000,19800000000,19623319689,19623354842,35153
19500000000,19800000000,19623354842,19624324555,969713
19500000000,19800000000,19624324555,19645617832,21293277
19500000000,19800000000,19645617832,19645623858,6026
19500000000,19800000000,19645623858,19645628674,4816
19500000000,19800000000,19645628674,19647970817,2342143
19500000000,19800000000,19647970817,19647970856,39
19500000000,19800000000,19647970856,19649550023,1579167
19500000000,19800000000,19649550023,19651056293,1506270
19500000000,19800000000,19651056293,19651073556,17263
19500000000,19800000000,19651073556,19652501426,1427870
19500000000,19800000000,19652501426,19653548084,1046658
19500000000,19800000000,19653548084,19658161600,4613516
19500000000,19800000000,19658161600,19658166112,4512
19500000000,19800000000,19658166112,19658172781,6669
19500000000,19800000000,19658172781,19658176791,4010
19500000000,19800000000,19658176791,19658919928,743137
19500000000,19800000000,19658919928,19660325332,1405404
19500000000,19800000000,19660325332,19660325371,39
19500000000,19800000000,19660325371,19660325398,27
19500000000,19800000000,19660325398,19660325399,1
19500000000,19800000000,19660325399,19660347811,22412
19500000000,19800000000,19660347811,19661783370,1435559
19500000000,19800000000,19661783370,19661984078,200708
19500000000,19800000000,19661984078,19662689652,705574
19500000000,19800000000,19662689652,19663438105,748453
19500000000,19800000000,19663438105,19669710513,6272408
19500000000,19800000000,19669710513,19670617316,906803
19500000000,19800000000,19670617316,19670637455,20139
19500000000,19800000000,19670637455,19671420864,783409
19500000000,19800000000,19671420864,19675387387,3966523
19500000000,19800000000,19675387387,19675389632,2245
19500000000,19800000000,19675389632,19680619356,5229724
19500000000,19800000000,19680619356,19682836331,2216975
19500000000,19800000000,19682836331,19705643079,22806748
19500000000,19800000000,19705643079,19707272548,1629469
19500000000,19800000000,19707272548,19709086386,1813838
19500000000,19800000000,19709086386,19709086387,1
19500000000,19800000000,19709086387,19710812341,1725954
19500000000,19800000000,19710812341,19711560161,747820
19500000000,19800000000,19711560161,19712273544,713383
19500000000,19800000000,19712273544,19713737547,1464003
19500000000,19800000000,19713737547,19719784176,6046629
19500000000,19800000000,19719784176,19723477930,3693754
19500000000,19800000000,19723477930,19731243482,7765552
19500000000,19800000000,19731243482,19732866298,1622816
19500000000,19800000000,19732866298,19733597065,730767
19500000000,19800000000,19733597065,19735002463,1405398
19500000000,19800000000,19735002463,19743647192,8644729
19500000000,19800000000,19743647192,19744368540,721348
19500000000,19800000000,19744368540,19756075348,11706808
19500000000,19800000000,19756075348,19756081081,5733
19500000000,19800000000,19756081081,19756086491,5410
19500000000,19800000000,19756086491,19758327161,2240670
19500000000,19800000000,19758327161,19758327265,104
19500000000,19800000000,19758327265,19759152598,825333
19500000000,19800000000,19759152598,19767960452,8807854
19500000000,19800000000,19767960452,19769400464,1440012
19500000000,19800000000,19769400464,19769404016,3552
19500000000,19800000000,19769404016,19781725224,12321208
19500000000,19800000000,19781725224,19790951640,9226416
19500000000,19800000000,19790951640,19793325207,2373567
19500000000,19800000000,19793325207,19794276496,951289
19500000000,19800000000,19794276496,19796102422,1825926
19500000000,19800000000,19796102422,19796102423,1
19500000000,19800000000,19796102423,19796123917,21494
19800000000,20100000000,19800093845,19803777307,3683462
19800000000,20100000000,19803777307,19804511219,733912
19800000000,20100000000,19804511219,19805303570,792351
19800000000,20100000000,19805303570,19806079930,776360
19800000000,20100000000,19806079930,19806092105,12175
19800000000,20100000000,19806092105,19807181139,1089034
19800000000,20100000000,19807181139,19807190047,8908
19800000000,20100000000,19807190047,19807192980,2933
19800000000,20100000000,19807192980,19807195655,2675
19800000000,20100000000,19807195655,19811857798,4662143
19800000000,20100000000,19811857798,19814211032,2353234
19800000000,20100000000,19814211032,19819682342,5471310
19800000000,20100000000,19819682342,19819685415,3073
19800000000,20100000000,19819685415,19819690434,5019
19800000000,20100000000,19819690434,19819693175,2741
19800000000,20100000000,19819693175,19819698069,4894
19800000000,20100000000,19819698069,19821919753,2221684
19800000000,20100000000,19821919753,19821919754,1
19800000000,20100000000,19821919754,19821920060,306
19800000000,20100000000,19821920060,19821920061,1
19800000000,20100000000,19821920061,19821948405,28344
19800000000,20100000000,19821948405,19832722144,10773739
19800000000,20100000000,19832722144,19832724763,2619
19800000000,20100000000,19832724763,19845205328,12480565
19800000000,20100000000,19845205328,19846788661,1583333
19800000000,20100000000,19846788661,19855766492,8977831
19800000000,20100000000,19855766492,19857123240,1356748
19800000000,20100000000,19857123240,19859260982,2137742
19800000000,20100000000,19859260982,19869673619,10412637
19800000000,20100000000,19869673619,19871198667,1525048
19800000000,20100000000,19871198667,19878252301,7053634
19800000000,20100000000,19878252301,19881731064,3478763
19800000000,20100000000,19881731064,19895613797,13882733
19800000000,20100000000,19895613797,19897876102,2262305
19800000000,20100000000,19897876102,19899587197,1711095
19800000000,20100000000,19899587197,19907480673,7893476
19800000000,20100000000,19907480673,19907505478,24805
19800000000,20100000000,19907505478,19907519384,13906
19800000000,20100000000,19907519384,19909761709,2242325
19800000000,20100000000,19909761709,19909761745,36
19800000000,20100000000,19909761745,19909761746,1
19800000000,20100000000,19909761746,19915856305,6094559
19800000000,20100000000,19915856305,19919595899,3739594
19800000000,20100000000,19919595899,19923034326,3438427
19800000000,20100000000,19923034326,19924674107,1639781
19800000000,20100000000,19924674107,19931794252,7120145
19800000000,20100000000,19931794252,19933482184,1687932
19800000000,20100000000,19933482184,19944873476,11391292
19800000000,20100000000,19944873476,19944878722,5246
19800000000,20100000000,19944878722,19944882978,4256
19800000000,20100000000,19944882978,19944890104,7126
19800000000,20100000000,19944890104,19947520424,2630320
19800000000,20100000000,19947520424,19947520466,42
19800000000,20100000000,19947520466,19947520467,1
19800000000,20100000000,19947520467,19947520580,113
19800000000,20100000000,19947520580,19956325125,8804545
19800000000,20100000000,19956325125,19990304581,33979456
19800000000,20100000000,19990304581,19992532124,2227543
19800000000,20100000000,19992532124,20010395210,17863086
19800000000,20100000000,20010395210,20027474833,17079623
19800000000,20100000000,20027474833,20027496503,21670
19800000000,20100000000,20027496503,20047987540,20491037
19800000000,20100000000,20047987540,20050152033,2164493
19800000000,20100000000,20050152033,20052507418,2355385
19800000000,20100000000,20052507418,20055412574,2905156
19800000000,20100000000,20055412574,20057637135,2224561
19800000000,20100000000,20057637135,20063653203,6016068
19800000000,20100000000,20063653203,20065610031,1956828
19800000000,20100000000,20065610031,20078034421,12424390
19800000000,20100000000,20078034421,20078037172,2751
19800000000,20100000000,20078037172,20078039966,2794
19800000000,20100000000,20078039966,20078051219,11253
19800000000,20100000000,20078051219,20078778451,727232
19800000000,20100000000,20078778451,20080135461,1357010
19800000000,20100000000,20080135461,20080135462,1
19800000000,20100000000,20080135462,20080136019,557
19800000000,20100000000,20080136019,20080857751,721732
19800000000,20100000000,20080857751,20080860514,2763
19800000000,20100000000,20080860514,20090014478,9153964
19800000000,20100000000,20090014478,20090038764,24286
20100000000,20400000000,20101720505,20114017485,12296980
20100000000,20400000000,20114017485,20115615410,1597925
20100000000,20400000000,20115615410,20117161106,1545696
20100000000,20400000000,20117161106,20119802133,2641027
20100000000,20400000000,20119802133,20128022433,8220300
20100000000,20400000000,20128022433,20129915171,1892738
20100000000,20400000000,20129915171,20132274888,2359717
20100000000,20400000000,20132274888,20133069044,794156
20100000000,20400000000,20133069044,20140707957,7638913
20100000000,20400000000,20140707957,20140716444,8487
20100000000,20400000000,20140716444,20143181278,2464834
20100000000,20400000000,20143181278,20143181330,52
20100000000,20400000000,20143181330,20143181331,1
20100000000,20400000000,20143181331,20153057229,9875898
20100000000,20400000000,20153057229,20155065768,2008539
20100000000,20400000000,20155065768,20155896599,830831
20100000000,20400000000,20155896599,20155924468,27869
20100000000,20400000000,20155924468,20162604137,6679669
20100000000,20400000000,20162604137,20165189247,2585110
20100000000,20400000000,20165189247,20167519616,2330369
20100000000,20400000000,20167519616,20177674632,10155016
20100000000,20400000000,20177674632,20177693424,18792
20100000000,20400000000,20177693424,20180015092,2321668
20100000000,20400000000,20180015092,20188290588,8275496
20100000000,20400000000,20188290588,20203258959,14968371
20100000000,20400000000,20203258959,20213346576,10087617
20100000000,20400000000,20213346576,20221376310,8029734
20100000000,20400000000,20221376310,20225195431,3819121
20100000000,20400000000,20225195431,20225199495,4064
20100000000,20400000000,20225199495,20225207269,7774
20100000000,20400000000,20225207269,20225211803,4534
20100000000,20400000000,20225211803,20227595365,2383562
20100000000,20400000000,20227595365,20227595433,68
20100000000,20400000000,20227595433,20235859644,8264211
20100000000,20400000000,20235859644,20243793642,7933998
20100000000,20400000000,20243793642,20246317223,2523581
20100000000,20400000000,20246317223,20249392421,3075198
20100000000,20400000000,20249392421,20249397530,5109
20100000000,20400000000,20249397530,20251832333,2434803
20100000000,20400000000,20251832333,20260929359,9097026
20100000000,20400000000,20260929359,20261574935,645576
20100000000,20400000000,20261574935,20263088814,1513879
20100000000,20400000000,20263088814,20268552201,5463387
20100000000,20400000000,20268552201,20285635647,17083446
20100000000,20400000000,20285635647,20287376363,1740716
20100000000,20400000000,20287376363,20288961222,1584859
20100000000,20400000000,20288961222,20292022168,3060946
20100000000,20400000000,20292022168,20293066401,1044233
20100000000,20400000000,20293066401,20293090677,24276
20100000000,20400000000,20293090677,20293096235,5558
20100000000,20400000000,20293096235,20296794730,3698495
20100000000,20400000000,20296794730,20298349279,1554549
20100000000,20400000000,20298349279,20307200872,8851593
20100000000,20400000000,20307200872,20308678648,1477776
20100000000,20400000000,20308678648,20310184865,1506217
20100000000,20400000000,20310184865,20310197234,12369
20100000000,20400000000,20310197234,20312337362,2140128
20100000000,20400000000,20312337362,20317415303,5077941
20100000000,20400000000,20317415303,20323560913,6145610
20100000000,20400000000,20323560913,20323567141,6228
20100000000,20400000000,20323567141,20325392535,1825394
20100000000,20400000000,20325392535,20335969002,10576467
20100000000,20400000000,20335969002,20338227344,2258342
20100000000,20400000000,20338227344,20338232049,4705
20100000000,20400000000,20338232049,20341292282,3060233
20100000000,20400000000,20341292282,20344982657,3690375
20100000000,20400000000,20344982657,20347583512,2600855
20100000000,20400000000,20347583512,20347587110,3598
20100000000,20400000000,20347587110,20359977667,12390557
20100000000,20400000000,20359977667,20362255272,2277605
20100000000,20400000000,20362255272,20362255273,1
20100000000,20400000000,20362255273,20372007751,9752478
20100000000,20400000000,20372007751,20374180676,2172925
20100000000,20400000000,20374180676,20374180677,1
20100000000,20400000000,20374180677,20381184136,7003459
20100000000,20400000000,20381184136,20382661799,1477663
20100000000,20400000000,20382661799,20384275938,1614139
20100000000,20400000000,20384275938,20384280035,4097
20100000000,20400000000,20384280035,20385609096,1329061
20100000000,20400000000,20385609096,20386333061,723965
20100000000,20400000000,20386333061,20387056106,723045
20100000000,20400000000,20387056106,20388408851,1352745
20100000000,20400000000,20388408851,20392189640,3780789
20100000000,20400000000,20392189640,20394312401,2122761
20100000000,20400000000,20394312401,20396348641,2036240
20100000000,20400000000,20396348641,20397702205,1353564
20400000000,20700000000,20401571352,20402584811,1013459
20400000000,20700000000,20402584811,20403336231,751420
20400000000,20700000000,20403336231,20403348643,12412
20400000000,20700000000,20403348643,20404158635,809992
20400000000,20700000000,20404158635,20404924648,766013
20400000000,20700000000,20404924648,20407930317,3005669
20400000000,20700000000,20407930317,20407996907,66590
20400000000,20700000000,20407996907,20408003101,6194
20400000000,20700000000,20408003101,20408004927,1826
20400000000,20700000000,20408004927,20408007281,2354
20400000000,20700000000,20408007281,20408009551,2270
20400000000,20700000000,20408009551,20408727677,718126
20400000000,20700000000,20408727677,20409484750,757073
20400000000,20700000000,20409484750,20409484751,1
20400000000,20700000000,20409484751,20410521852,1037101
20400000000,20700000000,20410521852,20410530607,8755
20400000000,20700000000,20410530607,20413635164,3104557
20400000000,20700000000,20413635164,20413635165,1
20400000000,20700000000,20413635165,20414542461,907296
20400000000,20700000000,20414542461,20416898263,2355802
20400000000,20700000000,20416898263,20418445299,1547036
20400000000,20700000000,20418445299,20419198604,753305
20400000000,20700000000,20419198604,20419982457,783853
20400000000,20700000000,20419982457,20419987457,5000
20400000000,20700000000,20419987457,20422579125,2591668
20400000000,20700000000,20422579125,20431481558,8902433
20400000000,20700000000,20431481558,20432199293,717735
20400000000,20700000000,20432199293,20432204125,4832
20400000000,20700000000,20432204125,20432206598,2473
20400000000,20700000000,20432206598,20432208683,2085
20400000000,20700000000,20432208683,20432211353,2670
20400000000,20700000000,20432211353,20432213712,2359
20400000000,20700000000,20432213712,20432215525,1813
20400000000,20700000000,20432215525,20433783403,1567878
20400000000,20700000000,20433783403,20437013919,3230516
20400000000,20700000000,20437013919,20441410084,4396165
20400000000,20700000000,20441410084,20458248073,16837989
20400000000,20700000000,20458248073,20458253608,5535
20400000000,20700000000,20458253608,20461172805,2919197
20400000000,20700000000,20461172805,20461172806,1
20400000000,20700000000,20461172806,20468752073,7579267
20400000000,20700000000,20468752073,20470240609,1488536
20400000000,20700000000,20470240609,20470244344,3735
20400000000,20700000000,20470244344,20476664519,6420175
20400000000,20700000000,20476664519,20476669846,5327
20400000000,20700000000,20476669846,20483099071,6429225
20400000000,20700000000,20483099071,20483103182,4111
20400000000,20700000000,20483103182,20485667624,2564442
20400000000,20700000000,20485667624,20493547954,7880330
20400000000,20700000000,20493547954,20496132592,2584638
20400000000,20700000000,20496132592,20496138562,5970
20400000000,20700000000,20496138562,20496143739,5177
20400000000,20700000000,20496143739,20498117932,1974193
20400000000,20700000000,20498117932,20498117986,54
20400000000,20700000000,20498117986,20508997572,10879586
20400000000,20700000000,20508997572,20509002362,4790
20400000000,20700000000,20509002362,20509008402,6040
20400000000,20700000000,20509008402,20513569968,4561566
20400000000,20700000000,20513569968,20516532851,2962883
20400000000,20700000000,20516532851,20522101939,5569088
20400000000,20700000000,20522101939,20522129571,27632
20400000000,20700000000,20522129571,20522132858,3287
20400000000,20700000000,20522132858,20522138566,5708
20400000000,20700000000,20522138566,20522148630,10064
20400000000,20700000000,20522148630,20523226330,1077700
20400000000,20700000000,20523226330,20524785143,1558813
20400000000,20700000000,20524785143,20524785144,1
20400000000,20700000000,20524785144,20524785375,231
20400000000,20700000000,20524785375,20524785376,1
20400000000,20700000000,20524785376,20531454954,6669578
20400000000,20700000000,20531454954,20534952622,3497668
20400000000,20700000000,20534952622,20534976557,23935
20400000000,20700000000,20534976557,20534986404,9847
20400000000,20700000000,20534986404,20534992046,5642
20400000000,20700000000,20534992046,20535004075,12029
20400000000,20700000000,20535004075,20538763680,3759605
20400000000,20700000000,20538763680,20538763681,1
20400000000,20700000000,20538763681,20538763928,247
20400000000,20700000000,20538763928,20538763975,47
20400000000,20700000000,20538763975,20538763976,1
20400000000,20700000000,20538763976,20547270574,8506598
20400000000,20700000000,20547270574,20547336880,66306
20400000000,20700000000,20547336880,20547364396,27516
20400000000,20700000000,20547364396,20547371570,7174
20400000000,20700000000,20547371570,20550779447,3407877
20400000000,20700000000,20550779447,20550779505,58
20400000000,20700000000,20550779505,20550779506,1
20400000000,20700000000,20550779506,20550779753,247
20400000000,20700000000,20550779753,20553112293,2332540
20400000000,20700000000,20553112293,20556049426,2937133
20400000000,20700000000,20556049426,20559350008,3300582
20400000000,20700000000,20559350008,20560940211,1590203
20400000000,20700000000,20560940211,20564372080,3431869
20400000000,20700000000,20564372080,20567147570,2775490
20400000000,20700000000,20567147570,20569729501,2581931
20400000000,20700000000,20569729501,20571524064,1794563
20400000000,20700000000,20571524064,20581380168,9856104
20400000000,20700000000,20581380168,20584194246,2814078
20400000000,20700000000,20584194246,20584198406,4160
20400000000,20700000000,20584198406,20585828403,1629997
20400000000,20700000000,20585828403,20588685024,2856621
20400000000,20700000000,20588685024,20598018698,9333674
20400000000,20700000000,20598018698,20604905885,6887187
20400000000,20700000000,20604905885,20608306818,3400933
20400000000,20700000000,20608306818,20608309035,2217
20400000000,20700000000,20608309035,20620865853,12556818
20400000000,20700000000,20620865853,20620882917,17064
20400000000,20700000000,20620882917,20620885576,2659
20400000000,20700000000,20620885576,20626053344,5167768
20400000000,20700000000,20626053344,20629980277,3926933
20400000000,20700000000,20629980277,20631783031,1802754
20400000000,20700000000,20631783031,20634327480,2544449
20400000000,20700000000,20634327480,20636674458,2346978
20400000000,20700000000,20636674458,20646876178,10201720
20400000000,20700000000,20646876178,20648680072,1803894
20400000000,20700000000,20648680072,20652784338,4104266
20400000000,20700000000,20652784338,20652788594,4256
20400000000,20700000000,20652788594,20659164711,6376117
20400000000,20700000000,20659164711,20659167241,2530
20400000000,20700000000,20659167241,20661341960,2174719
20400000000,20700000000,20661341960,20667039942,5697982
20400000000,20700000000,20667039942,20671332882,4292940
20400000000,20700000000,20671332882,20671335834,2952
20400000000,20700000000,20671335834,20671340340,4506
20400000000,20700000000,20671340340,20673582296,2241956
20400000000,20700000000,20673582296,20675252151,1669855
20400000000,20700000000,20675252151,20684225570,8973419
20400000000,20700000000,20684225570,20686430639,2205069
20400000000,20700000000,20686430639,20697991777,11561138
20700000000,21000000000,20700319161,20713205108,12885947
20700000000,21000000000,20713205108,20720848565,7643457
20700000000,21000000000,20720848565,20720862302,13737
20700000000,21000000000,20720862302,20723062655,2200353
20700000000,21000000000,20723062655,20724156667,1094012
20700000000,21000000000,20724156667,20730469208,6312541
20700000000,21000000000,20730469208,20733418802,2949594
20700000000,21000000000,20733418802,20733461797,42995
20700000000,21000000000,20733461797,20741040967,7579170
20700000000,21000000000,20741040967,20742444390,1403423
20700000000,21000000000,20742444390,20747855854,5411464
20700000000,21000000000,20747855854,20747863184,7330
20700000000,21000000000,20747863184,20747866788,3604
20700000000,21000000000,20747866788,20761336900,13470112
20700000000,21000000000,20761336900,20761340738,3838
20700000000,21000000000,20761340738,20767179334,5838596
20700000000,21000000000,20767179334,20769694718,2515384
20700000000,21000000000,20769694718,20770399742,705024
20700000000,21000000000,20770399742,20771096078,696336
20700000000,21000000000,20771096078,20771101427,5349
20700000000,21000000000,20771101427,20771107827,6400
20700000000,21000000000,20771107827,20773357768,2249941
20700000000,21000000000,20773357768,20785697612,12339844
20700000000,21000000000,20785697612,20786492632,795020
20700000000,21000000000,20786492632,20787352754,860122
20700000000,21000000000,20787352754,20787352755,1
20700000000,21000000000,20787352755,20789142827,1790072
20700000000,21000000000,20789142827,20797794775,8651948
20700000000,21000000000,20797794775,20797800289,5514
20700000000,21000000000,20797800289,20797809172,8883
20700000000,21000000000,20797809172,20800164847,2355675
20700000000,21000000000,20800164847,20800164883,36
20700000000,21000000000,20800164883,20800164884,1
20700000000,21000000000,20800164884,20801257679,1092795
20700000000,21000000000,20801257679,20821612676,20354997
20700000000,21000000000,20821612676,20834430990,12818314
20700000000,21000000000,20834430990,20836094384,1663394
20700000000,21000000000,20836094384,20846910884,10816500
20700000000,21000000000,20846910884,20846914497,3613
20700000000,21000000000,20846914497,20846920593,6096
20700000000,21000000000,20846920593,20848591564,1670971
20700000000,21000000000,20848591564,20860818046,12226482
20700000000,21000000000,20860818046,20860824877,6831
20700000000,21000000000,20860824877,20862978814,2153937
20700000000,21000000000,20862978814,20865012589,2033775
20700000000,21000000000,20865012589,20873445418,8432829
20700000000,21000000000,20873445418,20873470843,25425
20700000000,21000000000,20873470843,20873478544,7701
20700000000,21000000000,20873478544,20875855202,2376658
20700000000,21000000000,20875855202,20875855203,1
20700000000,21000000000,20875855203,20875855248,45
20700000000,21000000000,20875855248,20875883703,28455
20700000000,21000000000,20875883703,20875890641,6938
20700000000,21000000000,20875890641,20886195956,10305315
20700000000,21000000000,20886195956,20886245037,49081
20700000000,21000000000,20886245037,20887679427,1434390
20700000000,21000000000,20887679427,20888424024,744597
20700000000,21000000000,20888424024,20888424025,1
20700000000,21000000000,20888424025,20888424084,59
20700000000,21000000000,20888424084,20904890224,16466140
20700000000,21000000000,20904890224,20912900975,8010751
20700000000,21000000000,20912900975,20923543355,10642380
20700000000,21000000000,20923543355,20936532170,12988815
20700000000,21000000000,20936532170,20938705541,2173371
20700000000,21000000000,20938705541,20949343893,10638352
20700000000,21000000000,20949343893,20949347414,3521
20700000000,21000000000,20949347414,20950773589,1426175
20700000000,21000000000,20950773589,20959248190,8474601
20700000000,21000000000,20959248190,20966787660,7539470
20700000000,21000000000,20966787660,20979440876,12653216
20700000000,21000000000,20979440876,20983568158,4127282
20700000000,21000000000,20983568158,20985750146,2181988
20700000000,21000000000,20985750146,20987559445,1809299
20700000000,21000000000,20987559445,20998203302,10643857
20700000000,21000000000,20998203302,20998205923,2621
21000000000,21300000000,21000272706,21009059161,8786455
21000000000,21300000000,21009059161,21010535565,1476404
21000000000,21300000000,21010535565,21012746897,2211332
21000000000,21300000000,21012746897,21012765755,18858
21000000000,21300000000,21012765755,21015024509,2258754
21000000000,21300000000,21015024509,21017992890,2968381
21000000000,21300000000,21017992890,21020386428,2393538
21000000000,21300000000,21020386428,21021155874,769446
21000000000,21300000000,21021155874,21022580036,1424162
21000000000,21300000000,21022580036,21022592577,12541
21000000000,21300000000,21022592577,21022595411,2834
21000000000,21300000000,21022595411,21025627740,3032329
21000000000,21300000000,21025627740,21032251524,6623784
21000000000,21300000000,21032251524,21035432764,3181240
21000000000,21300000000,21035432764,21035453721,20957
21000000000,21300000000,21035453721,21044290014,8836293
21000000000,21300000000,21044290014,21048040923,3750909
21000000000,21300000000,21048040923,21059226719,11185796
21000000000,21300000000,21059226719,21069880123,10653404
21000000000,21300000000,21069880123,21071452334,1572211
21000000000,21300000000,21071452334,21071456693,4359
21000000000,21300000000,21071456693,21077655518,6198825
21000000000,21300000000,21077655518,21080436702,2781184
21000000000,21300000000,21080436702,21084918714,4482012
21000000000,21300000000,21084918714,21084921787,3073
21000000000,21300000000,21084921787,21085638353,716566
21000000000,21300000000,21085638353,21087206727,1568374
21000000000,21300000000,21087206727,21088747069,1540342
21000000000,21300000000,21088747069,21089492231,745162
21000000000,21300000000,21089492231,21090256789,764558
21000000000,21300000000,21090256789,21097494301,7237512
21000000000,21300000000,21097494301,21097676196,181895
21000000000,21300000000,21097676196,21097681253,5057
21000000000,21300000000,21097681253,21099890976,2209723
21000000000,21300000000,21099890976,21099890977,1
21000000000,21300000000,21099890977,21099891097,120
21000000000,21300000000,21099891097,21099891098,1
21000000000,21300000000,21099891098,21099891190,92
21000000000,21300000000,21099891190,21109940549,10049359
21000000000,21300000000,21109940549,21109945924,5375
21000000000,21300000000,21109945924,21109951593,5669
21000000000,21300000000,21109951593,21112427460,2475867
21000000000,21300000000,21112427460,21116355230,3927770
21000000000,21300000000,21116355230,21118487048,2131818
21000000000,21300000000,21118487048,21119860094,1373046
21000000000,21300000000,21119860094,21121914966,2054872
21000000000,21300000000,21121914966,21128151589,6236623
21000000000,21300000000,21128151589,21131146704,2995115
21000000000,21300000000,21131146704,21131845251,698547
21000000000,21300000000,21131845251,21134037796,2192545
21000000000,21300000000,21134037796,21134040434,2638
21000000000,21300000000,21134040434,21134045723,5289
21000000000,21300000000,21134045723,21135456073,1410350
21000000000,21300000000,21135456073,21146328613,10872540
21000000000,21300000000,21146328613,21154965827,8637214
21000000000,21300000000,21154965827,21159000825,4034998
21000000000,21300000000,21159000825,21161067995,2067170
21000000000,21300000000,21161067995,21191943222,30875227
21000000000,21300000000,21191943222,21202671226,10728004
21000000000,21300000000,21202671226,21218018527,15347301
21000000000,21300000000,21218018527,21218022864,4337
21000000000,21300000000,21218022864,21220285437,2262573
21000000000,21300000000,21220285437,21230272583,9987146
21000000000,21300000000,21230272583,21231040760,768177
21000000000,21300000000,21231040760,21232564546,1523786
21000000000,21300000000,21232564546,21236031383,3466837
21000000000,21300000000,21236031383,21238489067,2457684
21000000000,21300000000,21238489067,21239214418,725351
21000000000,21300000000,21239214418,21241522662,2308244
21000000000,21300000000,21241522662,21243077173,1554511
21000000000,21300000000,21243077173,21245690545,2613372
21000000000,21300000000,21245690545,21245690546,1
21000000000,21300000000,21245690546,21245707381,16835
21000000000,21300000000,21245707381,21246478143,770762
21000000000,21300000000,21246478143,21255296982,8818839
21000000000,21300000000,21255296982,21255990196,693214
21000000000,21300000000,21255990196,21256007815,17619
21000000000,21300000000,21256007815,21256011923,4108
21000000000,21300000000,21256011923,21256805288,793365
21000000000,21300000000,21256805288,21258264482,1459194
21000000000,21300000000,21258264482,21268090128,9825646
21000000000,21300000000,21268090128,21268096853,6725
21000000000,21300000000,21268096853,21268105284,8431
21000000000,21300000000,21268105284,21270934313,2829029
21000000000,21300000000,21270934313,21275207275,4272962
21000000000,21300000000,21275207275,21276994467,1787192
21000000000,21300000000,21276994467,21277769126,774659
21000000000,21300000000,21277769126,21280600435,2831309
21000000000,21300000000,21280600435,21283049096,2448661
21300000000,21600000000,21301512196,21305083995,3571799
21300000000,21600000000,21305083995,21307519100,2435105
21300000000,21600000000,21307519100,21309485248,1966148
21300000000,21600000000,21309485248,21310362477,877229
21300000000,21600000000,21310362477,21312013348,1650871
21300000000,21600000000,21312013348,21313055010,1041662
21300000000,21600000000,21313055010,21316170482,3115472
21300000000,21600000000,21316170482,21317705257,1534775
21300000000,21600000000,21317705257,21317709812,4555
21300000000,21600000000,21317709812,21317712181,2369
21300000000,21600000000,21317712181,21317717140,4959
21300000000,21600000000,21317717140,21318459834,742694
21300000000,21600000000,21318459834,21318464519,4685
21300000000,21600000000,21318464519,21331232260,12767741
21300000000,21600000000,21331232260,21333117013,1884753
21300000000,21600000000,21333117013,21336274729,3157716
21300000000,21600000000,21336274729,21337036615,761886
21300000000,21600000000,21337036615,21337039826,3211
21300000000,21600000000,21337039826,21344272294,7232468
21300000000,21600000000,21344272294,21347411371,3139077
21300000000,21600000000,21347411371,21356410012,8998641
21300000000,21600000000,21356410012,21356414537,4525
21300000000,21600000000,21356414537,21357099014,684477
21300000000,21600000000,21357099014,21357102201,3187
21300000000,21600000000,21357102201,21359269213,2167012
21300000000,21600000000,21359269213,21360891975,1622762
21300000000,21600000000,21360891975,21363585511,2693536
21300000000,21600000000,21363585511,21370051957,6466446
21300000000,21600000000,21370051957,21372321198,2269241
21300000000,21600000000,21372321198,21377497496,5176298
21300000000,21600000000,21377497496,21378859120,1361624
21300000000,21600000000,21378859120,21379539951,680831
21300000000,21600000000,21379539951,21381681602,2141651
21300000000,21600000000,21381681602,21381698322,16720
21300000000,21600000000,21381698322,21389114924,7416602
21300000000,21600000000,21389114924,21405177366,16062442
21300000000,21600000000,21405177366,21416705218,11527852
21300000000,21600000000,21416705218,21418940047,2234829
21300000000,21600000000,21418940047,21421257632,2317585
21300000000,21600000000,21421257632,21429036026,7778394
21300000000,21600000000,21429036026,21430612721,1576695
21300000000,21600000000,21430612721,21436275344,5662623
21300000000,21600000000,21436275344,21438272533,1997189
21300000000,21600000000,21438272533,21441277689,3005156
21300000000,21600000000,21441277689,21441946953,669264
21300000000,21600000000,21441946953,21441950534,3581
21300000000,21600000000,21441950534,21443993524,2042990
21300000000,21600000000,21443993524,21446505074,2511550
21300000000,21600000000,21446505074,21446509105,4031
21300000000,21600000000,21446509105,21451375735,4866630
21300000000,21600000000,21451375735,21455575426,4199691
21300000000,21600000000,21455575426,21455584531,9105
21300000000,21600000000,21455584531,21455589827,5296
21300000000,21600000000,21455589827,21457611577,2021750
21300000000,21600000000,21457611577,21459466109,1854532
21300000000,21600000000,21459466109,21461051273,1585164
21300000000,21600000000,21461051273,21461755766,704493
21300000000,21600000000,21461755766,21466565752,4809986
21300000000,21600000000,21466565752,21468108545,1542793
21300000000,21600000000,21468108545,21468111737,3192
21300000000,21600000000,21468111737,21472149783,4038046
21300000000,21600000000,21472149783,21478090205,5940422
21300000000,21600000000,21478090205,21478094282,4077
21300000000,21600000000,21478094282,21480628478,2534196
21300000000,21600000000,21480628478,21480633902,5424
21300000000,21600000000,21480633902,21486903310,6269408
21300000000,21600000000,21486903310,21495244283,8340973
21300000000,21600000000,21495244283,21505039463,9795180
21300000000,21600000000,21505039463,21518350106,13310643
21300000000,21600000000,21518350106,21518361415,11309
21300000000,21600000000,21518361415,21520536840,2175425
21300000000,21600000000,21520536840,21520536841,1
21300000000,21600000000,21520536841,21520536842,1
21300000000,21600000000,21520536842,21524327953,3791111
21300000000,21600000000,21524327953,21525074110,746157
21300000000,21600000000,21525074110,21527305129,2231019
21300000000,21600000000,21527305129,21529625508,2320379
21300000000,21600000000,21529625508,21530392071,766563
21300000000,21600000000,21530392071,21531979303,1587232
21300000000,21600000000,21531979303,21532790488,811185
21300000000,21600000000,21532790488,21538727042,5936554
21300000000,21600000000,21538727042,21540222821,1495779
21300000000,21600000000,21540222821,21544515864,4293043
21300000000,21600000000,21544515864,21550897700,6381836
21300000000,21600000000,21550897700,21554749132,3851432
21300000000,21600000000,21554749132,21555412094,662962
21300000000,21600000000,21555412094,21580906249,25494155
21300000000,21600000000,21580906249,21586068920,5162671
21300000000,21600000000,21586068920,21588729875,2660955
21300000000,21600000000,21588729875,21591053663,2323788
21300000000,21600000000,21591053663,21597064314,6010651
21300000000,21600000000,21597064314,21599565792,2501478
21300000000,21600000000,21599565792,21599569651,3859
21600000000,21900000000,21601980619,21608064205,6083586
21600000000,21900000000,21608064205,21609919053,1854848
21600000000,21900000000,21609919053,21612273768,2354715
21600000000,21900000000,21612273768,21615575855,3302087
21600000000,21900000000,21615575855,21616499152,923297
21600000000,21900000000,21616499152,21617403369,904217
21600000000,21900000000,21617403369,21618997879,1594510
21600000000,21900000000,21618997879,21619002673,4794
21600000000,21900000000,21619002673,21619006451,3778
21600000000,21900000000,21619006451,21619008509,2058
21600000000,21900000000,21619008509,21621673895,2665386
21600000000,21900000000,21621673895,21621673896,1
21600000000,21900000000,21621673896,21621673936,40
21600000000,21900000000,21621673936,21621673937,1
21600000000,21900000000,21621673937,21621698348,24411
21600000000,21900000000,21621698348,21631733478,10035130
21600000000,21900000000,21631733478,21631738129,4651
21600000000,21900000000,21631738129,21631740209,2080
21600000000,21900000000,21631740209,21631743946,3737
21600000000,21900000000,21631743946,21644423619,12679673
21600000000,21900000000,21644423619,21644426861,3242
21600000000,21900000000,21644426861,21646833375,2406514
21600000000,21900000000,21646833375,21653999778,7166403
21600000000,21900000000,21653999778,21668973285,14973507
21600000000,21900000000,21668973285,21668977359,4074
21600000000,21900000000,21668977359,21679585631,10608272
21600000000,21900000000,21679585631,21684855298,5269667
21600000000,21900000000,21684855298,21684860957,5659
21600000000,21900000000,21684860957,21686635566,1774609
21600000000,21900000000,21686635566,21693191459,6555893
21600000000,21900000000,21693191459,21695402474,2211015
21600000000,21900000000,21695402474,21695402475,1
21600000000,21900000000,21695402475,21698070295,2667820
21600000000,21900000000,21698070295,21700449977,2379682
21600000000,21900000000,21700449977,21706472599,6022622
21600000000,21900000000,21706472599,21708509089,2036490
21600000000,21900000000,21708509089,21708509090,1
21600000000,21900000000,21708509090,21709612758,1103668
21600000000,21900000000,21709612758,21712596561,2983803
21600000000,21900000000,21712596561,21712619061,22500
21600000000,21900000000,21712619061,21715241719,2622658
21600000000,21900000000,21715241719,21717814457,2572738
21600000000,21900000000,21717814457,21719003480,1189023
21600000000,21900000000,21719003480,21719016678,13198
21600000000,21900000000,21719016678,21720731015,1714337
21600000000,21900000000,21720731015,21720731016,1
21600000000,21900000000,21720731016,21720731534,518
21600000000,21900000000,21720731534,21720731535,1
21600000000,21900000000,21720731535,21723695170,2963635
21600000000,21900000000,21723695170,21724604499,909329
21600000000,21900000000,21724604499,21724628341,23842
21600000000,21900000000,21724628341,21727989665,3361324
21600000000,21900000000,21727989665,21730942501,2952836
21600000000,21900000000,21730942501,21732711207,1768706
21600000000,21900000000,21732711207,21732741391,30184
21600000000,21900000000,21732741391,21732749825,8434
21600000000,21900000000,21732749825,21733566531,816706
21600000000,21900000000,21733566531,21733581308,14777
21600000000,21900000000,21733581308,21734385168,803860
21600000000,21900000000,21734385168,21740225179,5840011
21600000000,21900000000,21740225179,21743057696,2832517
21600000000,21900000000,21743057696,21743857778,800082
21600000000,21900000000,21743857778,21743862664,4886
21600000000,21900000000,21743862664,21743865186,2522
21600000000,21900000000,21743865186,21744899326,1034140
21600000000,21900000000,21744899326,21745806589,907263
21600000000,21900000000,21745806589,21747049229,1242640
21600000000,21900000000,21747049229,21756049359,9000130
21600000000,21900000000,21756049359,21757742099,1692740
21600000000,21900000000,21757742099,21761975600,4233501
21600000000,21900000000,21761975600,21761981248,5648
21600000000,21900000000,21761981248,21765245428,3264180
21600000000,21900000000,21765245428,21769764621,4519193
21600000000,21900000000,21769764621,21769792788,28167
21600000000,21900000000,21769792788,21772193857,2401069
21600000000,21900000000,21772193857,21782242771,10048914
21600000000,21900000000,21782242771,21791784773,9542002
21600000000,21900000000,21791784773,21794080373,2295600
21600000000,21900000000,21794080373,21796659465,2579092
21600000000,21900000000,21796659465,21798267943,1608478
21600000000,21900000000,21798267943,21799803620,1535677
21600000000,21900000000,21799803620,21800604915,801295
21600000000,21900000000,21800604915,21800609463,4548
21600000000,21900000000,21800609463,21802143155,1533692
21600000000,21900000000,21802143155,21805982165,3839010
21600000000,21900000000,21805982165,21806890624,908459
21600000000,21900000000,21806890624,21806910435,19811
21600000000,21900000000,21806910435,21809321763,2411328
21600000000,21900000000,21809321763,21812497467,3175704
21600000000,21900000000,21812497467,21813194239,696772
21600000000,21900000000,21813194239,21815491745,2297506
21600000000,21900000000,21815491745,21815495656,3911
21600000000,21900000000,21815495656,21817375136,1879480
21600000000,21900000000,21817375136,21818313777,938641
21600000000,21900000000,21818313777,21819131905,818128
21600000000,21900000000,21819131905,21819146952,15047
21600000000,21900000000,21819146952,21820624234,1477282
21600000000,21900000000,21820624234,21824213970,3589736
21600000000,21900000000,21824213970,21824239482,25512
21600000000,21900000000,21824239482,21824243187,3705
21600000000,21900000000,21824243187,21824246715,3528
21600000000,21900000000,21824246715,21824998492,751777
21600000000,21900000000,21824998492,21825787050,788558
21600000000,21900000000,21825787050,21826556814,769764
21600000000,21900000000,21826556814,21828338004,1781190
21600000000,21900000000,21828338004,21829085450,747446
21600000000,21900000000,21829085450,21831938607,2853157
21600000000,21900000000,21831938607,21831957255,18648
21600000000,21900000000,21831957255,21836670545,4713290
21600000000,21900000000,21836670545,21838447371,1776826
21600000000,21900000000,21838447371,21839179418,732047
21600000000,21900000000,21839179418,21841489966,2310548
21600000000,21900000000,21841489966,21844387612,2897646
21600000000,21900000000,21844387612,21844391665,4053
21600000000,21900000000,21844391665,21844394296,2631
21600000000,21900000000,21844394296,21844397505,3209
21600000000,21900000000,21844397505,21846639759,2242254
21600000000,21900000000,21846639759,21851482475,4842716
21600000000,21900000000,21851482475,21852183779,701304
21600000000,21900000000,21852183779,21865603132,13419353
21600000000,21900000000,21865603132,21866334151,731019
21600000000,21900000000,21866334151,21869461876,3127725
21600000000,21900000000,21869461876,21883097223,13635347
21600000000,21900000000,21883097223,21885192811,2095588
21600000000,21900000000,21885192811,21886052619,859808
21900000000,22200000000,21909863219,21909869358,6139
21900000000,22200000000,21909869358,21911308883,1439525
21900000000,22200000000,21911308883,21911308884,1
21900000000,22200000000,21911308884,21920032580,8723696
21900000000,22200000000,21920032580,21920844965,812385
21900000000,22200000000,21920844965,21921641095,796130
21900000000,22200000000,21921641095,21923194980,1553885
21900000000,22200000000,21923194980,21930965531,7770551
21900000000,22200000000,21930965531,21931784224,818693
21900000000,22200000000,21931784224,21951349722,19565498
21900000000,22200000000,21951349722,21954253645,2903923
21900000000,22200000000,21954253645,21958924284,4670639
21900000000,22200000000,21958924284,21962137536,3213252
21900000000,22200000000,21962137536,21962917035,779499
21900000000,22200000000,21962917035,21965220512,2303477
21900000000,22200000000,21965220512,21971631324,6410812
21900000000,22200000000,21971631324,21972429340,798016
21900000000,22200000000,21972429340,21974609037,2179697
21900000000,22200000000,21974609037,21975320563,711526
21900000000,22200000000,21975320563,21976915745,1595182
21900000000,22200000000,21976915745,21977762379,846634
21900000000,22200000000,21977762379,21981461845,3699466
21900000000,22200000000,21981461845,21984025036,2563191
21900000000,22200000000,21984025036,21990398259,6373223
21900000000,22200000000,21990398259,21992971988,2573729
21900000000,22200000000,21992971988,21993783200,811212
21900000000,22200000000,21993783200,22004288222,10505022
21900000000,22200000000,22004288222,22009553208,5264986
21900000000,22200000000,22009553208,22011837645,2284437
21900000000,22200000000,22011837645,22014627886,2790241
21900000000,22200000000,22014627886,22017342708,2714822
21900000000,22200000000,22017342708,22020905791,3563083
21900000000,22200000000,22020905791,22020905792,1
21900000000,22200000000,22020905792,22020905793,1
21900000000,22200000000,22020905793,22041583558,20677765
21900000000,22200000000,22041583558,22048129309,6545751
21900000000,22200000000,22048129309,22050595250,2465941
21900000000,22200000000,22050595250,22050609623,14373
21900000000,22200000000,22050609623,22051305235,695612
21900000000,22200000000,22051305235,22053389827,2084592
21900000000,22200000000,22053389827,22066600096,13210269
21900000000,22200000000,22066600096,22067657827,1057731
21900000000,22200000000,22067657827,22076200581,8542754
21900000000,22200000000,22076200581,22078773630,2573049
21900000000,22200000000,22078773630,22078778064,4434
21900000000,22200000000,22078778064,22084903691,6125627
21900000000,22200000000,22084903691,22100800490,15896799
21900000000,22200000000,22100800490,22100804021,3531
21900000000,22200000000,22100804021,22100806109,2088
21900000000,22200000000,22100806109,22113502973,12696864
21900000000,22200000000,22113502973,22113517700,14727
21900000000,22200000000,22113517700,22119859147,6341447
21900000000,22200000000,22119859147,22129638441,9779294
21900000000,22200000000,22129638441,22132507291,2868850
21900000000,22200000000,22132507291,22137595903,5088612
21900000000,22200000000,22137595903,22137602399,6496
21900000000,22200000000,22137602399,22149716125,12113726
21900000000,22200000000,22149716125,22169915393,20199268
21900000000,22200000000,22169915393,22173556608,3641215
21900000000,22200000000,22173556608,22173585081,28473
21900000000,22200000000,22173585081,22175044181,1459100
21900000000,22200000000,22175044181,22185514350,10470169
21900000000,22200000000,22185514350,22186403084,888734
21900000000,22200000000,22186403084,22188066449,1663365
21900000000,22200000000,22188066449,22188987935,921486
21900000000,22200000000,22188987935,22191547009,2559074
21900000000,22200000000,22191547009,22197953512,6406503
21900000000,22200000000,22197953512,22199381718,1428206
22200000000,22500000000,22201972173,22211787481,9815308
22200000000,22500000000,22211787481,22213132631,1345150
22200000000,22500000000,22213132631,22213132632,1
22200000000,22500000000,22213132632,22218673167,5540535
22200000000,22500000000,22218673167,22219838683,1165516
22200000000,22500000000,22219838683,22222461669,2622986
22200000000,22500000000,22222461669,22223901275,1439606
22200000000,22500000000,22223901275,22224907102,1005827
22200000000,22500000000,22224907102,22224915868,8766
22200000000,22500000000,22224915868,22225687222,771354
22200000000,22500000000,22225687222,22225687223,1
22200000000,22500000000,22225687223,22225705050,17827
22200000000,22500000000,22225705050,22225717049,11999
22200000000,22500000000,22225717049,22227540366,1823317
22200000000,22500000000,22227540366,22227545274,4908
22200000000,22500000000,22227545274,22228356994,811720
22200000000,22500000000,22228356994,22231234766,2877772
22200000000,22500000000,22231234766,22232100430,865664
22200000000,22500000000,22232100430,22233888811,1788381
22200000000,22500000000,22233888811,22233900673,11862
22200000000,22500000000,22233900673,22236499708,2599035
22200000000,22500000000,22236499708,22236520417,20709
22200000000,22500000000,22236520417,22242452553,5932136
22200000000,22500000000,22242452553,22244396416,1943863
22200000000,22500000000,22244396416,22248545483,4149067
22200000000,22500000000,22248545483,22248569526,24043
22200000000,22500000000,22248569526,22252983681,4414155
22200000000,22500000000,22252983681,22254961016,1977335
22200000000,22500000000,22254961016,22257140491,2179475
22200000000,22500000000,22257140491,22260973493,3833002
22200000000,22500000000,22260973493,22260975867,2374
22200000000,22500000000,22260975867,22260977830,1963
22200000000,22500000000,22260977830,22265479358,4501528
22200000000,22500000000,22265479358,22274196320,8716962
22200000000,22500000000,22274196320,22274207546,11226
22200000000,22500000000,22274207546,22274211279,3733
22200000000,22500000000,22274211279,22282519030,8307751
22200000000,22500000000,22282519030,22286652876,4133846
22200000000,22500000000,22286652876,22286664275,11399
22200000000,22500000000,22286664275,22286676647,12372
22200000000,22500000000,22286676647,22286679265,2618
22200000000,22500000000,22286679265,22288967016,2287751
22200000000,22500000000,22288967016,22288967017,1
22200000000,22500000000,22288967017,22288987050,20033
22200000000,22500000000,22288987050,22288992755,5705
22200000000,22500000000,22288992755,22291331904,2339149
22200000000,22500000000,22291331904,22291346411,14507
22200000000,22500000000,22291346411,22293699159,2352748
22200000000,22500000000,22293699159,22298690861,4991702
22200000000,22500000000,22298690861,22298730132,39271
22200000000,22500000000,22298730132,22298732518,2386
22200000000,22500000000,22298732518,22298735107,2589
22200000000,22500000000,22298735107,22298736954,1847
22200000000,22500000000,22298736954,22298738665,1711
22200000000,22500000000,22298738665,22301164962,2426297
22200000000,22500000000,22301164962,22303570881,2405919
22200000000,22500000000,22303570881,22303574100,3219
22200000000,22500000000,22303574100,22304325794,751694
22200000000,22500000000,22304325794,22304329451,3657
22200000000,22500000000,22304329451,22305449923,1120472
22200000000,22500000000,22305449923,22306274434,824511
22200000000,22500000000,22306274434,22307058616,784182
22200000000,22500000000,22307058616,22307884941,826325
22200000000,22500000000,22307884941,22310250098,2365157
22200000000,22500000000,22310250098,22311783499,1533401
22200000000,22500000000,22311783499,22311786332,2833
22200000000,22500000000,22311786332,22312489987,703655
22200000000,22500000000,22312489987,22314093240,1603253
22200000000,22500000000,22314093240,22316738191,2644951
22200000000,22500000000,22316738191,22317552400,814209
22200000000,22500000000,22317552400,22319194324,1641924
22200000000,22500000000,22319194324,22323597182,4402858
22200000000,22500000000,22323597182,22336509299,12912117
22200000000,22500000000,22336509299,22336534525,25226
22200000000,22500000000,22336534525,22338389129,1854604
22200000000,22500000000,22338389129,22338389130,1
22200000000,22500000000,22338389130,22345687441,7298311
22200000000,22500000000,22345687441,22349351916,3664475
22200000000,22500000000,22349351916,22349386536,34620
22200000000,22500000000,22349386536,22352364995,2978459
22200000000,22500000000,22352364995,22352364996,1
22200000000,22500000000,22352364996,22362017356,9652360
22200000000,22500000000,22362017356,22362057412,40056
22200000000,22500000000,22362057412,22362086174,28762
22200000000,22500000000,22362086174,22363069877,983703
22200000000,22500000000,22363069877,22364540682,1470805
22200000000,22500000000,22364540682,22364540683,1
22200000000,22500000000,22364540683,22376703950,12163267
22200000000,22500000000,22376703950,22376732832,28882
22200000000,22500000000,22376732832,22379393719,2660887
22200000000,22500000000,22379393719,22387506510,8112791
22200000000,22500000000,22387506510,22387549430,42920
22200000000,22500000000,22387549430,22387552182,2752
22200000000,22500000000,22387552182,22387554656,2474
22200000000,22500000000,22387554656,22387575311,20655
22200000000,22500000000,22387575311,22406707969,19132658
22200000000,22500000000,22406707969,22411027279,4319310
22200000000,22500000000,22411027279,22413851043,2823764
22200000000,22500000000,22413851043,22413857998,6955
22200000000,22500000000,22413857998,22414712765,854767
22200000000,22500000000,22414712765,22414714795,2030
22200000000,22500000000,22414714795,22415520488,805693
22200000000,22500000000,22415520488,22417027665,1507177
22200000000,22500000000,22417027665,22417846905,819240
22200000000,22500000000,22417846905,22419639668,1792763
22200000000,22500000000,22419639668,22420422003,782335
22200000000,22500000000,22420422003,22422972097,2550094
22200000000,22500000000,22422972097,22424732857,1760760
22200000000,22500000000,22424732857,22430494864,5762007
22200000000,22500000000,22430494864,22431325325,830461
22200000000,22500000000,22431325325,22432913799,1588474
22200000000,22500000000,22432913799,22436298214,3384415
22200000000,22500000000,22436298214,22436310380,12166
22200000000,22500000000,22436310380,22437118419,808039
22200000000,22500000000,22437118419,22437124833,6414
22200000000,22500000000,22437124833,22437133948,9115
22200000000,22500000000,22437133948,22439412294,2278346
22200000000,22500000000,22439412294,22439412295,1
22200000000,22500000000,22439412295,22439412296,1
22200000000,22500000000,22439412296,22439444397,32101
22200000000,22500000000,22439444397,22443418079,3973682
22200000000,22500000000,22443418079,22449768161,6350082
22200000000,22500000000,22449768161,22449786307,18146
22200000000,22500000000,22449786307,22449788795,2488
22200000000,22500000000,22449788795,22452173180,2384385
22200000000,22500000000,22452173180,22453039964,866784
22200000000,22500000000,22453039964,22453781873,741909
22200000000,22500000000,22453781873,22454567094,785221
22200000000,22500000000,22454567094,22457477232,2910138
22200000000,22500000000,22457477232,22461548794,4071562
22200000000,22500000000,22461548794,22461554078,5284
22200000000,22500000000,22461554078,22462361696,807618
22200000000,22500000000,22462361696,22464686927,2325231
22200000000,22500000000,22464686927,22464686928,1
22200000000,22500000000,22464686928,22464686929,1
22200000000,22500000000,22464686929,22474945840,10258911
22200000000,22500000000,22474945840,22474951272,5432
22200000000,22500000000,22474951272,22474955023,3751
22200000000,22500000000,22474955023,22474957440,2417
22200000000,22500000000,22474957440,22488201564,13244124
22500000000,22800000000,22500261748,22502278555,2016807
22500000000,22800000000,22502278555,22502278556,1
22500000000,22800000000,22502278556,22502304482,25926
22500000000,22800000000,22502304482,22503225795,921313
22500000000,22800000000,22503225795,22513536489,10310694
22500000000,22800000000,22513536489,22513538913,2424
22500000000,22800000000,22513538913,22513541586,2673
22500000000,22800000000,22513541586,22514264968,723382
22500000000,22800000000,22514264968,22514269756,4788
22500000000,22800000000,22514269756,22515036427,766671
22500000000,22800000000,22515036427,22522649406,7612979
22500000000,22800000000,22522649406,22526298488,3649082
22500000000,22800000000,22526298488,22526301883,3395
22500000000,22800000000,22526301883,22526348404,46521
22500000000,22800000000,22526348404,22527983039,1634635
22500000000,22800000000,22527983039,22527983040,1
22500000000,22800000000,22527983040,22527983041,1
22500000000,22800000000,22527983041,22527983078,37
22500000000,22800000000,22527983078,22527983079,1
22500000000,22800000000,22527983079,22540386152,12403073
22500000000,22800000000,22540386152,22540528208,142056
22500000000,22800000000,22540528208,22544749296,4221088
22500000000,22800000000,22544749296,22547077579,2328283
22500000000,22800000000,22547077579,22552503155,5425576
22500000000,22800000000,22552503155,22552511116,7961
22500000000,22800000000,22552511116,22552519021,7905
22500000000,22800000000,22552519021,22552523104,4083
22500000000,22800000000,22552523104,22553348637,825533
22500000000,22800000000,22553348637,22554146847,798210
22500000000,22800000000,22554146847,22554146848,1
22500000000,22800000000,22554146848,22554146897,49
22500000000,22800000000,22554146897,22555954370,1807473
22500000000,22800000000,22555954370,22561004814,5050444
22500000000,22800000000,22561004814,22561198852,194038
22500000000,22800000000,22561198852,22561202996,4144
22500000000,22800000000,22561202996,22563661212,2458216
22500000000,22800000000,22563661212,22565187269,1526057
22500000000,22800000000,22565187269,22565192553,5284
22500000000,22800000000,22565192553,22565891171,698618
22500000000,22800000000,22565891171,22565913380,22209
22500000000,22800000000,22565913380,22566596962,683582
22500000000,22800000000,22566596962,22566596963,1
22500000000,22800000000,22566596963,22568161457,1564494
22500000000,22800000000,22568161457,22569022151,860694
22500000000,22800000000,22569022151,22571928247,2906096
22500000000,22800000000,22571928247,22571934921,6674
22500000000,22800000000,22571934921,22578362811,6427890
22500000000,22800000000,22578362811,22588242668,9879857
22500000000,22800000000,22588242668,22613249393,25006725
22500000000,22800000000,22613249393,22615952297,2702904
22500000000,22800000000,22615952297,22615978253,25956
22500000000,22800000000,22615978253,22618249881,2271628
22500000000,22800000000,22618249881,22620451259,2201378
22500000000,22800000000,22620451259,22622648535,2197276
22500000000,22800000000,22622648535,22626757260,4108725
22500000000,22800000000,22626757260,22631281594,4524334
22500000000,22800000000,22631281594,22646114388,14832794
22500000000,22800000000,22646114388,22661087279,14972891
22500000000,22800000000,22661087279,22661117687,30408
22500000000,22800000000,22661117687,22661120473,2786
22500000000,22800000000,22661120473,22661123195,2722
22500000000,22800000000,22661123195,22666646020,5522825
22500000000,22800000000,22666646020,22685435063,18789043
22500000000,22800000000,22685435063,22697911154,12476091
22500000000,22800000000,22697911154,22697913629,2475
22500000000,22800000000,22697913629,22697915667,2038
22500000000,22800000000,22697915667,22697917962,2295
22500000000,22800000000,22697917962,22711816564,13898602
22500000000,22800000000,22711816564,22713175801,1359237
22500000000,22800000000,22713175801,22713180057,4256
22500000000,22800000000,22713180057,22713209080,29023
22500000000,22800000000,22713209080,22713218442,9362
22500000000,22800000000,22713218442,22713221493,3051
22500000000,22800000000,22713221493,22713224202,2709
22500000000,22800000000,22713224202,22714834539,1610337
22500000000,22800000000,22714834539,22714864628,30089
22500000000,22800000000,22714864628,22724581219,9716591
22500000000,22800000000,22724581219,22726904484,2323265
22500000000,22800000000,22726904484,22749403540,22499056
22500000000,22800000000,22749403540,22750104224,700684
22500000000,22800000000,22750104224,22750108247,4023
22500000000,22800000000,22750108247,22751547826,1439579
22500000000,22800000000,22751547826,22753732446,2184620
22500000000,22800000000,22753732446,22754439938,707492
22500000000,22800000000,22754439938,22755120538,680600
22500000000,22800000000,22755120538,22756997347,1876809
22500000000,22800000000,22756997347,22760766289,3768942
22500000000,22800000000,22760766289,22762286534,1520245
22500000000,22800000000,22762286534,22762289684,3150
22500000000,22800000000,22762289684,22763793808,1504124
22500000000,22800000000,22763793808,22763793809,1
22500000000,22800000000,22763793809,22763793810,1
22500000000,22800000000,22763793810,22771361133,7567323
22500000000,22800000000,22771361133,22774113304,2752171
22500000000,22800000000,22774113304,22774802181,688877
22500000000,22800000000,22774802181,22785052473,10250292
22500000000,22800000000,22785052473,22787206295,2153822
22500000000,22800000000,22787206295,22789074305,1868010
22500000000,22800000000,22789074305,22789074306,1
22500000000,22800000000,22789074306,22789097732,23426
22500000000,22800000000,22789097732,22791370364,2272632
22500000000,22800000000,22791370364,22793605788,2235424
22500000000,22800000000,22793605788,22797014753,3408965
22800000000,23100000000,22821396796,22823005949,1609153
22800000000,23100000000,22823005949,22823010184,4235
22800000000,23100000000,22823010184,22824902099,1891915
22800000000,23100000000,22824902099,22824906619,4520
22800000000,23100000000,22824906619,22824909081,2462
22800000000,23100000000,22824909081,22837794378,12885297
22800000000,23100000000,22837794378,22839367878,1573500
22800000000,23100000000,22839367878,22839371371,3493
22800000000,23100000000,22839371371,22839373905,2534
22800000000,23100000000,22839373905,22839376679,2774
22800000000,23100000000,22839376679,22840861029,1484350
22800000000,23100000000,22840861029,22844695835,3834806
22800000000,23100000000,22844695835,22848599927,3904092
22800000000,23100000000,22848599927,22851947671,3347744
22800000000,23100000000,22851947671,22851956304,8633
22800000000,23100000000,22851956304,22851963555,7251
22800000000,23100000000,22851963555,22853822267,1858712
22800000000,23100000000,22853822267,22853822268,1
22800000000,23100000000,22853822268,22853822303,35
22800000000,23100000000,22853822303,22853822304,1
22800000000,23100000000,22853822304,22864695592,10873288
22800000000,23100000000,22864695592,22866236090,1540498
22800000000,23100000000,22866236090,22867064550,828460
22800000000,23100000000,22867064550,22873041398,5976848
22800000000,23100000000,22873041398,22875940926,2899528
22800000000,23100000000,22875940926,22875967504,26578
22800000000,23100000000,22875967504,22876862249,894745
22800000000,23100000000,22876862249,22876865598,3349
22800000000,23100000000,22876865598,22880765053,3899455
22800000000,23100000000,22880765053,22889544585,8779532
22800000000,23100000000,22889544585,22889555286,10701
22800000000,23100000000,22889555286,22891166200,1610914
22800000000,23100000000,22891166200,22891166201,1
22800000000,23100000000,22891166201,22893199761,2033560
22800000000,23100000000,22893199761,22902405702,9205941
22800000000,23100000000,22902405702,22913896507,11490805
22800000000,23100000000,22913896507,22913899139,2632
22800000000,23100000000,22913899139,22924318567,10419428
22800000000,23100000000,22924318567,22926527631,2209064
22800000000,23100000000,22926527631,22928974976,2447345
22800000000,23100000000,22928974976,22931650895,2675919
22800000000,23100000000,22931650895,22937781003,6130108
22800000000,23100000000,22937781003,22937787812,6809
22800000000,23100000000,22937787812,22939217271,1429459
22800000000,23100000000,22939217271,22947917768,8700497
22800000000,23100000000,22947917768,22947930530,12762
22800000000,23100000000,22947930530,22947936509,5979
22800000000,23100000000,22947936509,22948691107,754598
22800000000,23100000000,22948691107,22948696997,5890
22800000000,23100000000,22948696997,22954266244,5569247
22800000000,23100000000,22954266244,22955947224,1680980
22800000000,23100000000,22955947224,22964352071,8404847
22800000000,23100000000,22964352071,22964355566,3495
22800000000,23100000000,22964355566,22964358113,2547
22800000000,23100000000,22964358113,22964365724,7611
22800000000,23100000000,22964365724,22964367514,1790
22800000000,23100000000,22964367514,22965769192,1401678
22800000000,23100000000,22965769192,22965769193,1
22800000000,23100000000,22965769193,22966526334,757141
22800000000,23100000000,22966526334,22974303963,7777629
22800000000,23100000000,22974303963,22976640778,2336815
22800000000,23100000000,22976640778,22989319443,12678665
22800000000,23100000000,22989319443,22990901366,1581923
22800000000,23100000000,22990901366,22997698988,6797622
22800000000,23100000000,22997698988,23001520721,3821733
22800000000,23100000000,23001520721,23004914474,3393753
22800000000,23100000000,23004914474,23009476510,4562036
22800000000,23100000000,23009476510,23011890923,2414413
22800000000,23100000000,23011890923,23013643315,1752392
22800000000,23100000000,23013643315,23013648619,5304
22800000000,23100000000,23013648619,23027981663,14333044
22800000000,23100000000,23027981663,23027987214,5551
22800000000,23100000000,23027987214,23030340345,2353131
22800000000,23100000000,23030340345,23030347812,7467
22800000000,23100000000,23030347812,23037886175,7538363
22800000000,23100000000,23037886175,23045003109,7116934
22800000000,23100000000,23045003109,23062248639,17245530
22800000000,23100000000,23062248639,23064889714,2641075
22800000000,23100000000,23064889714,23074068405,9178691
22800000000,23100000000,23074068405,23074071136,2731
22800000000,23100000000,23074071136,23074073940,2804
22800000000,23100000000,23074073940,23074075665,1725
22800000000,23100000000,23074075665,23074819946,744281
22800000000,23100000000,23074819946,23078463758,3643812
22800000000,23100000000,23078463758,23086626077,8162319
22800000000,23100000000,23086626077,23088069167,1443090
22800000000,23100000000,23088069167,23088751619,682452
22800000000,23100000000,23088751619,23090228748,1477129
22800000000,23100000000,23090228748,23092686152,2457404
22800000000,23100000000,23092686152,23095095761,2409609
23100000000,23400000000,23103345938,23107075456,3729518
23100000000,23400000000,23107075456,23108534549,1459093
23100000000,23400000000,23108534549,23109260600,726051
23100000000,23400000000,23109260600,23110837003,1576403
23100000000,23400000000,23110837003,23112586196,1749193
23100000000,23400000000,23112586196,23112590499,4303
23100000000,23400000000,23112590499,23112592552,2053
23100000000,23400000000,23112592552,23113308411,715859
23100000000,23400000000,23113308411,23113978912,670501
23100000000,23400000000,23113978912,23113978913,1
23100000000,23400000000,23113978913,23118279024,4300111
23100000000,23400000000,23118279024,23124900064,6621040
23100000000,23400000000,23124900064,23124905087,5023
23100000000,23400000000,23124905087,23124908372,3285
23100000000,23400000000,23124908372,23124910678,2306
23100000000,23400000000,23124910678,23124913125,2447
23100000000,23400000000,23124913125,23129722958,4809833
23100000000,23400000000,23129722958,23131383411,1660453
23100000000,23400000000,23131383411,23132184107,800696
23100000000,23400000000,23132184107,23133833795,1649688
23100000000,23400000000,23133833795,23133849295,15500
23100000000,23400000000,23133849295,23133889919,40624
23100000000,23400000000,23133889919,23134989768,1099849
23100000000,23400000000,23134989768,23134993556,3788
23100000000,23400000000,23134993556,23136032133,1038577
23100000000,23400000000,23136032133,23136830765,798632
23100000000,23400000000,23136830765,23137663384,832619
23100000000,23400000000,23137663384,23137667103,3719
23100000000,23400000000,23137667103,23137669255,2152
23100000000,23400000000,23137669255,23137671088,1833
23100000000,23400000000,23137671088,23139174887,1503799
23100000000,23400000000,23139174887,23141458844,2283957
23100000000,23400000000,23141458844,23151596740,10137896
23100000000,23400000000,23151596740,23151601045,4305
23100000000,23400000000,23151601045,23151602933,1888
23100000000,23400000000,23151602933,23151607194,4261
23100000000,23400000000,23151607194,23151609099,1905
23100000000,23400000000,23151609099,23153076432,1467333
23100000000,23400000000,23153076432,23153076433,1
23100000000,23400000000,23153076433,23153076640,207
23100000000,23400000000,23153076640,23153106939,30299
23100000000,23400000000,23153106939,23163771957,10665018
23100000000,23400000000,23163771957,23163774978,3021
23100000000,23400000000,23163774978,23165234917,1459939
23100000000,23400000000,23165234917,23165261021,26104
23100000000,23400000000,23165261021,23173897309,8636288
23100000000,23400000000,23173897309,23176271856,2374547
23100000000,23400000000,23176271856,23176274959,3103
23100000000,23400000000,23176274959,23178412756,2137797
23100000000,23400000000,23178412756,23180854512,2441756
23100000000,23400000000,23180854512,23190869701,10015189
23100000000,23400000000,23190869701,23200282990,9413289
23100000000,23400000000,23200282990,23200292321,9331
23100000000,23400000000,23200292321,23213779260,13486939
23100000000,23400000000,23213779260,23223787010,10007750
23100000000,23400000000,23223787010,23224582077,795067
23100000000,23400000000,23224582077,23225242800,660723
23100000000,23400000000,23225242800,23225903128,660328
23100000000,23400000000,23225903128,23225912492,9364
23100000000,23400000000,23225912492,23227341254,1428762
23100000000,23400000000,23227341254,23227341674,420
23100000000,23400000000,23227341674,23231814946,4473272
23100000000,23400000000,23231814946,23237345841,5530895
23100000000,23400000000,23237345841,23237394653,48812
23100000000,23400000000,23237394653,23237776487,381834
23100000000,23400000000,23237776487,23240811088,3034601
23100000000,23400000000,23240811088,23240811089,1
23100000000,23400000000,23240811089,23241754221,943132
23100000000,23400000000,23241754221,23246206319,4452098
23100000000,23400000000,23246206319,23248382406,2176087
23100000000,23400000000,23248382406,23250030186,1647780
23100000000,23400000000,23250030186,23251797079,1766893
23100000000,23400000000,23251797079,23255652671,3855592
23100000000,23400000000,23255652671,23261008216,5355545
23100000000,23400000000,23261008216,23261018205,9989
23100000000,23400000000,23261018205,23261020715,2510
23100000000,23400000000,23261020715,23263618524,2597809
23100000000,23400000000,23263618524,23263620540,2016
23100000000,23400000000,23263620540,23263623719,3179
23100000000,23400000000,23263623719,23265533101,1909382
23100000000,23400000000,23265533101,23265538295,5194
23100000000,23400000000,23265538295,23265542995,4700
23100000000,23400000000,23265542995,23276786971,11243976
23100000000,23400000000,23276786971,23276790073,3102
23100000000,23400000000,23276790073,23276794714,4641
23100000000,23400000000,23276794714,23277616033,821319
23100000000,23400000000,23277616033,23277624327,8294
23100000000,23400000000,23277624327,23287737762,10113435
23100000000,23400000000,23287737762,23291736177,3998415
23100000000,23400000000,23291736177,23291740958,4781
23100000000,23400000000,23291740958,23291743130,2172
23100000000,23400000000,23291743130,23291745059,1929
23100000000,23400000000,23291745059,23295809038,4063979
23100000000,23400000000,23295809038,23298142721,2333683
23100000000,23400000000,23298142721,23298161850,19129
23100000000,23400000000,23298161850,23299055324,893474
23100000000,23400000000,23299055324,23300883335,1828011
23100000000,23400000000,23300883335,23301680955,797620
23100000000,23400000000,23301680955,23303841104,2160149
23100000000,23400000000,23303841104,23317218277,13377173
23100000000,23400000000,23317218277,23324734073,7515796
23100000000,23400000000,23324734073,23341169227,16435154
23100000000,23400000000,23341169227,23341173402,4175
23100000000,23400000000,23341173402,23341175666,2264
23100000000,23400000000,23341175666,23341178050,2384
23100000000,23400000000,23341178050,23352107094,10929044
23100000000,23400000000,23352107094,23353823709,1716615
23100000000,23400000000,23353823709,23353828097,4388
23100000000,23400000000,23353828097,23361040094,7211997
23100000000,23400000000,23361040094,23363507170,2467076
23100000000,23400000000,23363507170,23364301160,793990
23100000000,23400000000,23364301160,23365799335,1498175
23100000000,23400000000,23365799335,23366767823,968488
23100000000,23400000000,23366767823,23376334758,9566935
23100000000,23400000000,23376334758,23386244803,9910045
23400000000,23700000000,23402124593,23404774528,2649935
23400000000,23700000000,23404774528,23407575562,2801034
23400000000,23700000000,23407575562,23409480952,1905390
23400000000,23700000000,23409480952,23415290200,5809248
23400000000,23700000000,23415290200,23422560092,7269892
23400000000,23700000000,23422560092,23422596363,36271
23400000000,23700000000,23422596363,23422599117,2754
23400000000,23700000000,23422599117,23422602235,3118
23400000000,23700000000,23422602235,23423492306,890071
23400000000,23700000000,23423492306,23427307158,3814852
23400000000,23700000000,23427307158,23428379522,1072364
23400000000,23700000000,23428379522,23440248760,11869238
23400000000,23700000000,23440248760,23454312040,14063280
23400000000,23700000000,23454312040,23454323883,11843
23400000000,23700000000,23454323883,23456219269,1895386
23400000000,23700000000,23456219269,23456219270,1
23400000000,23700000000,23456219270,23456239920,20650
23400000000,23700000000,23456239920,23463629952,7390032
23400000000,23700000000,23463629952,23464540971,911019
23400000000,23700000000,23464540971,23466680787,2139816
23400000000,23700000000,23466680787,23467544397,863610
23400000000,23700000000,23467544397,23467556269,11872
23400000000,23700000000,23467556269,23472231024,4674755
23400000000,23700000000,23472231024,23474001150,1770126
23400000000,23700000000,23474001150,23480248587,6247437
23400000000,23700000000,23480248587,23487411522,7162935
23400000000,23700000000,23487411522,23491025400,3613878
23400000000,23700000000,23491025400,23492551395,1525995
23400000000,23700000000,23492551395,23509798516,17247121
23400000000,23700000000,23509798516,23513298346,3499830
23400000000,23700000000,23513298346,23516357775,3059429
23400000000,23700000000,23516357775,23517956246,1598471
23400000000,23700000000,23517956246,23517956247,1
23400000000,23700000000,23517956247,23518755629,799382
23400000000,23700000000,23518755629,23528671952,9916323
23400000000,23700000000,23528671952,23528693765,21813
23400000000,23700000000,23528693765,23531241755,2547990
23400000000,23700000000,23531241755,23533166788,1925033
23400000000,23700000000,23533166788,23542405524,9238736
23400000000,23700000000,23542405524,23548178265,5772741
23400000000,23700000000,23548178265,23561017358,12839093
23400000000,23700000000,23561017358,23564599523,3582165
23400000000,23700000000,23564599523,23564602753,3230
23400000000,23700000000,23564602753,23566045752,1442999
23400000000,23700000000,23566045752,23571374412,5328660
23400000000,23700000000,23571374412,23572749149,1374737
23400000000,23700000000,23572749149,23573467243,718094
23400000000,23700000000,23573467243,23576718810,3251567
23400000000,23700000000,23576718810,23592866624,16147814
23400000000,23700000000,23592866624,23595173442,2306818
23400000000,23700000000,23595173442,23598074559,2901117
23400000000,23700000000,23598074559,23598964108,889549
23400000000,23700000000,23598964108,23601397553,2433445
23400000000,23700000000,23601397553,23603124496,1726943
23400000000,23700000000,23603124496,23605403687,2279191
23400000000,23700000000,23605403687,23605403688,1
23400000000,23700000000,23605403688,23605403689,1
23400000000,23700000000,23605403689,23606461825,1058136
23400000000,23700000000,23606461825,23609024035,2562210
23400000000,23700000000,23609024035,23621829611,12805576
23400000000,23700000000,23621829611,23627360547,5530936
23400000000,23700000000,23627360547,23639705852,12345305
23400000000,23700000000,23639705852,23642318394,2612542
23400000000,23700000000,23642318394,23652686442,10368048
23400000000,23700000000,23652686442,23652691089,4647
23400000000,23700000000,23652691089,23662420042,9728953
23400000000,23700000000,23662420042,23664892319,2472277
23400000000,23700000000,23664892319,23664897469,5150
23400000000,23700000000,23664897469,23677259635,12362166
23400000000,23700000000,23677259635,23687523120,10263485
23400000000,23700000000,23687523120,23689971315,2448195
23700000000,24000000000,23701039278,23701970661,931383
23700000000,24000000000,23701970661,23702739069,768408
23700000000,24000000000,23702739069,23706826309,4087240
23700000000,24000000000,23706826309,23710572518,3746209
23700000000,24000000000,23710572518,23712896072,2323554
23700000000,24000000000,23712896072,23715291867,2395795
23700000000,24000000000,23715291867,23716614378,1322511
23700000000,24000000000,23716614378,23716614379,1
23700000000,24000000000,23716614379,23725963437,9349058
23700000000,24000000000,23725963437,23727454225,1490788
23700000000,24000000000,23727454225,23727465310,11085
23700000000,24000000000,23727465310,23729591356,2126046
23700000000,24000000000,23729591356,23730269735,678379
23700000000,24000000000,23730269735,23739686567,9416832
23700000000,24000000000,23739686567,23739691792,5225
23700000000,24000000000,23739691792,23741090399,1398607
23700000000,24000000000,23741090399,23745010178,3919779
23700000000,24000000000,23745010178,23746459230,1449052
23700000000,24000000000,23746459230,23751892576,5433346
23700000000,24000000000,23751892576,23754987095,3094519
23700000000,24000000000,23754987095,23760578047,5590952
23700000000,24000000000,23760578047,23762141654,1563607
23700000000,24000000000,23762141654,23777430269,15288615
23700000000,24000000000,23777430269,23777438275,8006
23700000000,24000000000,23777438275,23778843226,1404951
23700000000,24000000000,23778843226,23778843294,68
23700000000,24000000000,23778843294,23781541362,2698068
23700000000,24000000000,23781541362,23784922825,3381463
23700000000,24000000000,23784922825,23789660405,4737580
23700000000,24000000000,23789660405,23792238073,2577668
23700000000,24000000000,23792238073,23794532200,2294127
23700000000,24000000000,23794532200,23801231072,6698872
23700000000,24000000000,23801231072,23803033905,1802833
23700000000,24000000000,23803033905,23804575171,1541266
23700000000,24000000000,23804575171,23804575172,1
23700000000,24000000000,23804575172,23804575173,1
23700000000,24000000000,23804575173,23807697764,3122591
23700000000,24000000000,23807697764,23812784294,5086530
23700000000,24000000000,23812784294,23815919593,3135299
23700000000,24000000000,23815919593,23815922059,2466
23700000000,24000000000,23815922059,23817534179,1612120
23700000000,24000000000,23817534179,23818393409,859230
23700000000,24000000000,23818393409,23839998383,21604974
23700000000,24000000000,23839998383,23856716769,16718386
23700000000,24000000000,23856716769,23862996753,6279984
23700000000,24000000000,23862996753,23875054396,12057643
23700000000,24000000000,23875054396,23887278851,12224455
23700000000,24000000000,23887278851,23892079742,4800891
23700000000,24000000000,23892079742,23892818761,739019
23700000000,24000000000,23892818761,23892831398,12637
23700000000,24000000000,23892831398,23893554666,723268
23700000000,24000000000,23893554666,23902060921,8506255
23700000000,24000000000,23902060921,23950406673,48345752
23700000000,24000000000,23950406673,23956671030,6264357
23700000000,24000000000,23956671030,23960382996,3711966
23700000000,24000000000,23960382996,23960415464,32468
23700000000,24000000000,23960415464,23964892100,4476636
23700000000,24000000000,23964892100,23964897886,5786
23700000000,24000000000,23964897886,23986041557,21143671
23700000000,24000000000,23986041557,23990965671,4924114
23700000000,24000000000,23990965671,23997288776,6323105
24000000000,24300000000,24001450176,24005468384,4018208
24000000000,24300000000,24005468384,24006259457,791073
24000000000,24300000000,24006259457,24006263424,3967
24000000000,24300000000,24006263424,24008006477,1743053
24000000000,24300000000,24008006477,24008010924,4447
24000000000,24300000000,24008010924,24012049660,4038736
24000000000,24300000000,24012049660,24015335480,3285820
24000000000,24300000000,24015335480,24022573781,7238301
24000000000,24300000000,24022573781,24022577348,3567
24000000000,24300000000,24022577348,24022579353,2005
24000000000,24300000000,24022579353,24022581320,1967
24000000000,24300000000,24022581320,24022583688,2368
24000000000,24300000000,24022583688,24022586097,2409
24000000000,24300000000,24022586097,24028884008,6297911
24000000000,24300000000,24028884008,24029628305,744297
24000000000,24300000000,24029628305,24034850604,5222299
24000000000,24300000000,24034850604,24034855537,4933
24000000000,24300000000,24034855537,24037332502,2476965
24000000000,24300000000,24037332502,24037338388,5886
24000000000,24300000000,24037338388,24039832034,2493646
24000000000,24300000000,24039832034,24042595379,2763345
24000000000,24300000000,24042595379,24043562939,967560
24000000000,24300000000,24043562939,24045103772,1540833
24000000000,24300000000,24045103772,24045887155,783383
24000000000,24300000000,24045887155,24047419280,1532125
24000000000,24300000000,24047419280,24079642144,32222864
24000000000,24300000000,24079642144,24081711339,2069195
24000000000,24300000000,24081711339,24081721725,10386
24000000000,24300000000,24081721725,24081728853,7128
24000000000,24300000000,24081728853,24081738613,9760
24000000000,24300000000,24081738613,24085122892,3384279
24000000000,24300000000,24085122892,24085122893,1
24000000000,24300000000,24085122893,24085122894,1
24000000000,24300000000,24085122894,24085122961,67
24000000000,24300000000,24085122961,24085122962,1
24000000000,24300000000,24085122962,24085122963,1
24000000000,24300000000,24085122963,24085122994,31
24000000000,24300000000,24085122994,24085122995,1
24000000000,24300000000,24085122995,24085123090,95
24000000000,24300000000,24085123090,24085123091,1
24000000000,24300000000,24085123091,24087178818,2055727
24000000000,24300000000,24087178818,24087859699,680881
24000000000,24300000000,24087859699,24094190499,6330800
24000000000,24300000000,24094190499,24094211374,20875
24000000000,24300000000,24094211374,24095776147,1564773
24000000000,24300000000,24095776147,24102080998,6304851
24000000000,24300000000,24102080998,24103522897,1441899
24000000000,24300000000,24103522897,24104204019,681122
24000000000,24300000000,24104204019,24107987704,3783685
24000000000,24300000000,24107987704,24113294180,5306476
24000000000,24300000000,24113294180,24115500344,2206164
24000000000,24300000000,24115500344,24118332481,2832137
24000000000,24300000000,24118332481,24119849343,1516862
24000000000,24300000000,24119849343,24119849344,1
24000000000,24300000000,24119849344,24120916788,1067444
24000000000,24300000000,24120916788,24123542399,2625611
24000000000,24300000000,24123542399,24124363244,820845
24000000000,24300000000,24124363244,24129844479,5481235
24000000000,24300000000,24129844479,24129851163,6684
24000000000,24300000000,24129851163,24142400683,12549520
24000000000,24300000000,24142400683,24165921169,23520486
24000000000,24300000000,24165921169,24178282676,12361507
24000000000,24300000000,24178282676,24183841094,5558418
24000000000,24300000000,24183841094,24202065311,18224217
24000000000,24300000000,24202065311,24210512501,8447190
24000000000,24300000000,24210512501,24220572418,10059917
24000000000,24300000000,24220572418,24226793805,6221387
24000000000,24300000000,24226793805,24237530660,10736855
24000000000,24300000000,24237530660,24238852901,1322241
24000000000,24300000000,24238852901,24242403171,3550270
24000000000,24300000000,24242403171,24251286269,8883098
24000000000,24300000000,24251286269,24251290039,3770
24000000000,24300000000,24251290039,24251292685,2646
24000000000,24300000000,24251292685,24252642518,1349833
24000000000,24300000000,24252642518,24252642519,1
24000000000,24300000000,24252642519,24252642520,1
24000000000,24300000000,24252642520,24252657591,15071
24000000000,24300000000,24252657591,24286743468,34085877
24000000000,24300000000,24286743468,24289050699,2307231
24000000000,24300000000,24289050699,24296451639,7400940
24300000000,24600000000,24302679105,24312499173,9820068
24300000000,24600000000,24312499173,24333218464,20719291
24300000000,24600000000,24333218464,24338439221,5220757
24300000000,24600000000,24338439221,24350198864,11759643
24300000000,24600000000,24350198864,24350204264,5400
24300000000,24600000000,24350204264,24352267072,2062808
24300000000,24600000000,24352267072,24364699182,12432110
24300000000,24600000000,24364699182,24372213953,7514771
24300000000,24600000000,24372213953,24372858806,644853
24300000000,24600000000,24372858806,24373564518,705712
24300000000,24600000000,24373564518,24374272301,707783
24300000000,24600000000,24374272301,24394810799,20538498
24300000000,24600000000,24394810799,24408717914,13907115
24300000000,24600000000,24408717914,24421176728,12458814
24300000000,24600000000,24421176728,24422666509,1489781
24300000000,24600000000,24422666509,24423405356,738847
24300000000,24600000000,24423405356,24432959373,9554017
24300000000,24600000000,24432959373,24432991438,32065
24300000000,24600000000,24432991438,24434296612,1305174
24300000000,24600000000,24434296612,24434974628,678016
24300000000,24600000000,24434974628,24439729587,4754959
24300000000,24600000000,24439729587,24442081310,2351723
24300000000,24600000000,24442081310,24445548125,3466815
24300000000,24600000000,24445548125,24451029933,5481808
24300000000,24600000000,24451029933,24453401761,2371828
24300000000,24600000000,24453401761,24475688016,22286255
24300000000,24600000000,24475688016,24526387304,50699288
24300000000,24600000000,24526387304,24526391351,4047
24300000000,24600000000,24526391351,24533101376,6710025
24300000000,24600000000,24533101376,24543504253,10402877
24300000000,24600000000,24543504253,24553491101,9986848
24300000000,24600000000,24553491101,24555677548,2186447
24300000000,24600000000,24555677548,24562203320,6525772
24300000000,24600000000,24562203320,24571119843,8916523
24300000000,24600000000,24571119843,24576661066,5541223
24300000000,24600000000,24576661066,24588505365,11844299
24300000000,24600000000,24588505365,24589173426,668061
24600000000,24900000000,24616355146,24617091785,736639
24600000000,24900000000,24617091785,24617094645,2860
24600000000,24900000000,24617094645,24621405784,4311139
24600000000,24900000000,24621405784,24621410224,4440
24600000000,24900000000,24621410224,24621412500,2276
24600000000,24900000000,24621412500,24633293383,11880883
24600000000,24900000000,24633293383,24636553494,3260111
24600000000,24900000000,24636553494,24645625236,9071742
24600000000,24900000000,24645625236,24653071136,7445900
24600000000,24900000000,24653071136,24668981562,15910426
24600000000,24900000000,24668981562,24670784246,1802684
24600000000,24900000000,24670784246,24670784247,1
24600000000,24900000000,24670784247,24671549344,765097
24600000000,24900000000,24671549344,24681558430,10009086
24600000000,24900000000,24681558430,24681565749,7319
24600000000,24900000000,24681565749,24699212008,17646259
24600000000,24900000000,24699212008,24700648024,1436016
24600000000,24900000000,24700648024,24703030610,2382586
24600000000,24900000000,24703030610,24705243530,2212920
24600000000,24900000000,24705243530,24715085974,9842444
24600000000,24900000000,24715085974,24716721215,1635241
24600000000,24900000000,24716721215,24717451794,730579
24600000000,24900000000,24717451794,24721350653,3898859
24600000000,24900000000,24721350653,24724065129,2714476
24600000000,24900000000,24724065129,24724813379,748250
24600000000,24900000000,24724813379,24726420525,1607146
24600000000,24900000000,24726420525,24729492285,3071760
24600000000,24900000000,24729492285,24739289929,9797644
24600000000,24900000000,24739289929,24741569058,2279129
24600000000,24900000000,24741569058,24742378267,809209
24600000000,24900000000,24742378267,24742382351,4084
24600000000,24900000000,24742382351,24744052869,1670518
24600000000,24900000000,24744052869,24744052870,1
24600000000,24900000000,24744052870,24745761721,1708851
24600000000,24900000000,24745761721,24755778326,10016605
24600000000,24900000000,24755778326,24758633067,2854741
24600000000,24900000000,24758633067,24760884166,2251099
24600000000,24900000000,24760884166,24788046440,27162274
24600000000,24900000000,24788046440,24793230081,5183641
24600000000,24900000000,24793230081,24817638085,24408004
24600000000,24900000000,24817638085,24825688318,8050233
24600000000,24900000000,24825688318,24852330091,26641773
24600000000,24900000000,24852330091,24852347620,17529
24600000000,24900000000,24852347620,24852991350,643730
24600000000,24900000000,24852991350,24852999120,7770
24600000000,24900000000,24852999120,24862853824,9854704
24600000000,24900000000,24862853824,24864393218,1539394
24600000000,24900000000,24864393218,24865985259,1592041
24600000000,24900000000,24865985259,24882552898,16567639
24600000000,24900000000,24882552898,24892888414,10335516
24900000000,25200000000,24902671562,24902679752,8190
24900000000,25200000000,24902679752,24904194951,1515199
24900000000,25200000000,24904194951,24904200351,5400
24900000000,25200000000,24904200351,24910554577,6354226
24900000000,25200000000,24910554577,24910559150,4573
24900000000,25200000000,24910559150,24910562047,2897
24900000000,25200000000,24910562047,24922372638,11810591
24900000000,25200000000,24922372638,24930126407,7753769
24900000000,25200000000,24930126407,24940078419,9952012
24900000000,25200000000,24940078419,24941505869,1427450
24900000000,25200000000,24941505869,24946390931,4885062
24900000000,25200000000,24946390931,24947118387,727456
24900000000,25200000000,24947118387,24949334828,2216441
24900000000,25200000000,24949334828,24955211417,5876589
24900000000,25200000000,24955211417,24955927136,715719
24900000000,25200000000,24955927136,24957356622,1429486
24900000000,25200000000,24957356622,24970788386,13431764
24900000000,25200000000,24970788386,24972201511,1413125
24900000000,25200000000,24972201511,25004343897,32142386
24900000000,25200000000,25004343897,25005864743,1520846
24900000000,25200000000,25005864743,25007712912,1848169
24900000000,25200000000,25007712912,25008448208,735296
24900000000,25200000000,25008448208,25008453498,5290
24900000000,25200000000,25008453498,25010975043,2521545
24900000000,25200000000,25010975043,25021248897,10273854
24900000000,25200000000,25021248897,25029205289,7956392
24900000000,25200000000,25029205289,25038177494,8972205
24900000000,25200000000,25038177494,25040693612,2516118
24900000000,25200000000,25040693612,25042172819,1479207
24900000000,25200000000,25042172819,25052671341,10498522
24900000000,25200000000,25052671341,25059091203,6419862
24900000000,25200000000,25059091203,25060132222,1041019
24900000000,25200000000,25060132222,25070005883,9873661
24900000000,25200000000,25070005883,25102330476,32324593
24900000000,25200000000,25102330476,25108302630,5972154
24900000000,25200000000,25108302630,25110348957,2046327
24900000000,25200000000,25110348957,25114414491,4065534
24900000000,25200000000,25114414491,25114417064,2573
24900000000,25200000000,25114417064,25115924102,1507038
24900000000,25200000000,25115924102,25115924103,1
24900000000,25200000000,25115924103,25115924104,1
24900000000,25200000000,25115924104,25134315143,18391039
24900000000,25200000000,25134315143,25161721224,27406081
24900000000,25200000000,25161721224,25174463895,12742671
24900000000,25200000000,25174463895,25184206981,9743086
24900000000,25200000000,25184206981,25185606926,1399945
24900000000,25200000000,25185606926,25187708848,2101922
24900000000,25200000000,25187708848,25187715272,6424
24900000000,25200000000,25187715272,25190204214,2488942
24900000000,25200000000,25190204214,25197349959,7145745
25200000000,25500000000,25230789853,25231498300,708447
25200000000,25500000000,25231498300,25234335631,2837331
25200000000,25500000000,25234335631,25234340561,4930
25200000000,25500000000,25234340561,25256294253,21953692
25200000000,25500000000,25256294253,25258090820,1796567
25200000000,25500000000,25258090820,25268995479,10904659
25200000000,25500000000,25268995479,25281993148,12997669
25200000000,25500000000,25281993148,25282782148,789000
25200000000,25500000000,25282782148,25302180439,19398291
25200000000,25500000000,25302180439,25314461762,12281323
25200000000,25500000000,25314461762,25315910290,1448528
25200000000,25500000000,25315910290,25324966926,9056636
25200000000,25500000000,25324966926,25324972596,5670
25200000000,25500000000,25324972596,25325661260,688664
25200000000,25500000000,25325661260,25326410570,749310
25200000000,25500000000,25326410570,25327937277,1526707
25200000000,25500000000,25327937277,25327942722,5445
25200000000,25500000000,25327942722,25352591768,24649046
25200000000,25500000000,25352591768,25354336408,1744640
25200000000,25500000000,25354336408,25366987363,12650955
25200000000,25500000000,25366987363,25367761690,774327
25200000000,25500000000,25367761690,25369227149,1465459
25200000000,25500000000,25369227149,25369960538,733389
25200000000,25500000000,25369960538,25369973464,12926
25200000000,25500000000,25369973464,25376631824,6658360
25200000000,25500000000,25376631824,25380761380,4129556
25200000000,25500000000,25380761380,25402946509,22185129
25200000000,25500000000,25402946509,25402960980,14471
25200000000,25500000000,25402960980,25410177024,7216044
25200000000,25500000000,25410177024,25423574813,13397789
25200000000,25500000000,25423574813,25426968710,3393897
25200000000,25500000000,25426968710,25458509170,31540460
25200000000,25500000000,25458509170,25462018960,3509790
25200000000,25500000000,25462018960,25463719572,1700612
25200000000,25500000000,25463719572,25464478964,759392
25200000000,25500000000,25464478964,25467561744,3082780
25200000000,25500000000,25467561744,25486076847,18515103
25200000000,25500000000,25486076847,25488067958,1991111
25200000000,25500000000,25488067958,25488843362,775404
25200000000,25500000000,25488843362,25490925531,2082169
25200000000,25500000000,25490925531,25493055465,2129934
25200000000,25500000000,25493055465,25498002787,4947322
25500000000,25800000000,25525492080,25531784764,6292684
25500000000,25800000000,25531784764,25531788508,3744
25500000000,25800000000,25531788508,25533357672,1569164
25500000000,25800000000,25533357672,25537942004,4584332
25500000000,25800000000,25537942004,25546235138,8293134
25500000000,25800000000,25546235138,25554239524,8004386
25500000000,25800000000,25554239524,25570031902,15792378
25500000000,25800000000,25570031902,25604550676,34518774
25500000000,25800000000,25604550676,25605986951,1436275
25500000000,25800000000,25605986951,25611738745,5751794
25500000000,25800000000,25611738745,25614732706,2993961
25500000000,25800000000,25614732706,25618966549,4233843
25500000000,25800000000,25618966549,25620363613,1397064
25500000000,25800000000,25620363613,25629208796,8845183
25500000000,25800000000,25629208796,25642534121,13325325
25500000000,25800000000,25642534121,25642536637,2516
25500000000,25800000000,25642536637,25654732978,12196341
25500000000,25800000000,25654732978,25660493480,5760502
25500000000,25800000000,25660493480,25660499632,6152
25500000000,25800000000,25660499632,25664242559,3742927
25500000000,25800000000,25664242559,25666326657,2084098
25500000000,25800000000,25666326657,25667013208,686551
25500000000,25800000000,25667013208,25671700135,4686927
25500000000,25800000000,25671700135,25671737325,37190
25500000000,25800000000,25671737325,25673245952,1508627
25500000000,25800000000,25673245952,25683100543,9854591
25500000000,25800000000,25683100543,25691444142,8343599
25500000000,25800000000,25691444142,25692315553,871411
25500000000,25800000000,25692315553,25696590492,4274939
25500000000,25800000000,25696590492,25699719706,3129214
25500000000,25800000000,25699719706,25701254867,1535161
25500000000,25800000000,25701254867,25704960179,3705312
25500000000,25800000000,25704960179,25707399466,2439287
25500000000,25800000000,25707399466,25711922704,4523238
25500000000,25800000000,25711922704,25716135806,4213102
25500000000,25800000000,25716135806,25720293752,4157946
25500000000,25800000000,25720293752,25728127668,7833916
25500000000,25800000000,25728127668,25728132545,4877
25500000000,25800000000,25728132545,25732833716,4701171
25500000000,25800000000,25732833716,25740828128,7994412
25500000000,25800000000,25740828128,25740849916,21788
25500000000,25800000000,25740849916,25755593646,14743730
25500000000,25800000000,25755593646,25758227146,2633500
25500000000,25800000000,25758227146,25760416666,2189520
25500000000,25800000000,25760416666,25761768460,1351794
25500000000,25800000000,25761768460,25763205872,1437412
25500000000,25800000000,25763205872,25780716967,17511095
25800000000,26100000000,25802550632,25821487805,18937173
25800000000,26100000000,25821487805,25826657052,5169247
25800000000,26100000000,25826657052,25826677142,20090
25800000000,26100000000,25826677142,25829787342,3110200
25800000000,26100000000,25829787342,25832149447,2362105
25800000000,26100000000,25832149447,25836910961,4761514
25800000000,26100000000,25836910961,25837658792,747831
25800000000,26100000000,25837658792,25840861753,3202961
25800000000,26100000000,25840861753,25845620604,4758851
25800000000,26100000000,25845620604,25852810997,7190393
25800000000,26100000000,25852810997,25858911665,6100668
25800000000,26100000000,25858911665,25865765934,6854269
25800000000,26100000000,25865765934,25878607587,12841653
25800000000,26100000000,25878607587,25878609630,2043
25800000000,26100000000,25878609630,25878611821,2191
25800000000,26100000000,25878611821,25883497272,4885451
25800000000,26100000000,25883497272,25890978189,7480917
25800000000,26100000000,25890978189,25890992288,14099
25800000000,26100000000,25890992288,25890994447,2159
25800000000,26100000000,25890994447,25907211859,16217412
25800000000,26100000000,25907211859,25908842532,1630673
25800000000,26100000000,25908842532,25922578555,13736023
25800000000,26100000000,25922578555,25926375188,3796633
25800000000,26100000000,25926375188,25928590474,2215286
25800000000,26100000000,25928590474,25948743388,20152914
25800000000,26100000000,25948743388,25966013570,17270182
25800000000,26100000000,25966013570,25971666861,5653291
25800000000,26100000000,25971666861,25993652216,21985355
25800000000,26100000000,25993652216,26012889256,19237040
25800000000,26100000000,26012889256,26027421778,14532522
25800000000,26100000000,26027421778,26043526586,16104808
25800000000,26100000000,26043526586,26043560194,33608
25800000000,26100000000,26043560194,26044283711,723517
25800000000,26100000000,26044283711,26044307506,23795
25800000000,26100000000,26044307506,26050514364,6206858
25800000000,26100000000,26050514364,26050531137,16773
25800000000,26100000000,26050531137,26063038652,12507515
25800000000,26100000000,26063038652,26063042895,4243
25800000000,26100000000,26063042895,26063045444,2549
25800000000,26100000000,26063045444,26064571521,1526077
25800000000,26100000000,26064571521,26068812438,4240917
25800000000,26100000000,26068812438,26072115229,3302791
25800000000,26100000000,26072115229,26094326656,22211427
25800000000,26100000000,26094326656,26095724842,1398186
25800000000,26100000000,26095724842,26098038941,2314099
25800000000,26100000000,26098038941,26098808181,769240
26100000000,26400000000,26100317179,26100317180,1
26100000000,26400000000,26100317180,26102260971,1943791
26100000000,26400000000,26102260971,26103015713,754742
26100000000,26400000000,26103015713,26111458071,8442358
26100000000,26400000000,26111458071,26111484654,26583
26100000000,26400000000,26111484654,26111487901,3247
26100000000,26400000000,26111487901,26111490294,2393
26100000000,26400000000,26111490294,26117194722,5704428
26100000000,26400000000,26117194722,26119392512,2197790
26100000000,26400000000,26119392512,26120086297,693785
26100000000,26400000000,26120086297,26122267201,2180904
26100000000,26400000000,26122267201,26123961250,1694049
26100000000,26400000000,26123961250,26129854340,5893090
26100000000,26400000000,26129854340,26135436344,5582004
26100000000,26400000000,26135436344,26136232475,796131
26100000000,26400000000,26136232475,26138956220,2723745
26100000000,26400000000,26138956220,26140610790,1654570
26100000000,26400000000,26140610790,26146995014,6384224
26100000000,26400000000,26146995014,26150821282,3826268
26100000000,26400000000,26150821282,26156131097,5309815
26100000000,26400000000,26156131097,26166007576,9876479
26100000000,26400000000,26166007576,26227911318,61903742
26100000000,26400000000,26227911318,26230497483,2586165
26100000000,26400000000,26230497483,26232764685,2267202
26100000000,26400000000,26232764685,26251919153,19154468
26100000000,26400000000,26251919153,26259957448,8038295
26100000000,26400000000,26259957448,26259961603,4155
26100000000,26400000000,26259961603,26259964005,2402
26100000000,26400000000,26259964005,26259965817,1812
26100000000,26400000000,26259965817,26286699117,26733300
26100000000,26400000000,26286699117,26289207279,2508162
26100000000,26400000000,26289207279,26291610237,2402958
26100000000,26400000000,26291610237,26295461161,3850924
26100000000,26400000000,26295461161,26297395758,1934597
26100000000,26400000000,26297395758,26297399118,3360
26100000000,26400000000,26297399118,26309854167,12455049
26100000000,26400000000,26309854167,26309858820,4653
26100000000,26400000000,26309858820,26315202678,5343858
26100000000,26400000000,26315202678,26328742701,13540023
26100000000,26400000000,26328742701,26334320511,5577810
26100000000,26400000000,26334320511,26351762244,17441733
26100000000,26400000000,26351762244,26357960271,6198027
26100000000,26400000000,26357960271,26366431649,8471378
26100000000,26400000000,26366431649,26368871659,2440010
26100000000,26400000000,26368871659,26370422834,1551175
26100000000,26400000000,26370422834,26371209602,786768
26100000000,26400000000,26371209602,26374070428,2860826
26100000000,26400000000,26374070428,26375940543,1870115
26100000000,26400000000,26375940543,26378489133,2548590
26100000000,26400000000,26378489133,26382542514,4053381
26100000000,26400000000,26382542514,26383851981,1309467
26100000000,26400000000,26383851981,26383856979,4998
26400000000,26700000000,26410150134,26410977532,827398
26400000000,26700000000,26410977532,26411781135,803603
26400000000,26700000000,26411781135,26412657345,876210
26400000000,26700000000,26412657345,26414398219,1740874
26400000000,26700000000,26414398219,26416436750,2038531
26400000000,26700000000,26416436750,26419305983,2869233
26400000000,26700000000,26419305983,26419312094,6111
26400000000,26700000000,26419312094,26424055824,4743730
26400000000,26700000000,26424055824,26424909801,853977
26400000000,26700000000,26424909801,26424912756,2955
26400000000,26700000000,26424912756,26424915235,2479
26400000000,26700000000,26424915235,26433318219,8402984
26400000000,26700000000,26433318219,26435244164,1925945
26400000000,26700000000,26435244164,26462571736,27327572
26400000000,26700000000,26462571736,26467515646,4943910
26400000000,26700000000,26467515646,26475191226,7675580
26400000000,26700000000,26475191226,26475196172,4946
26400000000,26700000000,26475196172,26475198293,2121
26400000000,26700000000,26475198293,26475200369,2076
26400000000,26700000000,26475200369,26475202633,2264
26400000000,26700000000,26475202633,26476052399,849766
26400000000,26700000000,26476052399,26488313483,12261084
26400000000,26700000000,26488313483,26503166306,14852823
26400000000,26700000000,26503166306,26505464564,2298258
26400000000,26700000000,26505464564,26515686905,10222341
26400000000,26700000000,26515686905,26536025053,20338148
26400000000,26700000000,26536025053,26539670264,3645211
26400000000,26700000000,26539670264,26540365803,695539
26400000000,26700000000,26540365803,26541042450,676647
26400000000,26700000000,26541042450,26541759929,717479
26400000000,26700000000,26541759929,26547862201,6102272
26400000000,26700000000,26547862201,26547865251,3050
26400000000,26700000000,26547865251,26560325022,12459771
26400000000,26700000000,26560325022,26595837266,35512244
26400000000,26700000000,26595837266,26597586873,1749607
26400000000,26700000000,26597586873,26600206138,2619265
26400000000,26700000000,26600206138,26602171521,1965383
26400000000,26700000000,26602171521,26602890199,718678
26400000000,26700000000,26602890199,26603539385,649186
26400000000,26700000000,26603539385,26608006444,4467059
26400000000,26700000000,26608006444,26608022177,15733
26400000000,26700000000,26608022177,26608024522,2345
26400000000,26700000000,26608024522,26612070273,4045751
26400000000,26700000000,26612070273,26621448139,9377866
26400000000,26700000000,26621448139,26634325611,12877472
26400000000,26700000000,26634325611,26644127714,9802103
26400000000,26700000000,26644127714,26644150216,22502
26400000000,26700000000,26644150216,26656297116,12146900
26400000000,26700000000,26656297116,26660286085,3988969
26400000000,26700000000,26660286085,26684510596,24224511
26400000000,26700000000,26684510596,26687060875,2550279
26400000000,26700000000,26687060875,26692685298,5624423
26400000000,26700000000,26692685298,26692689331,4033
26400000000,26700000000,26692689331,26692691273,1942
26400000000,26700000000,26692691273,26692693436,2163
26400000000,26700000000,26692693436,26695048515,2355079
26400000000,26700000000,26695048515,26695048516,1
26400000000,26700000000,26695048516,26695048517,1
26700000000,27000000000,26705790682,26706693272,902590
26700000000,27000000000,26706693272,26715394848,8701576
26700000000,27000000000,26715394848,26716842463,1447615
26700000000,27000000000,26716842463,26720493327,3650864
26700000000,27000000000,26720493327,26730720198,10226871
26700000000,27000000000,26730720198,26730753590,33392
26700000000,27000000000,26730753590,26733135275,2381685
26700000000,27000000000,26733135275,26733137377,2102
26700000000,27000000000,26733137377,26733139070,1693
26700000000,27000000000,26733139070,26733141256,2186
26700000000,27000000000,26733141256,26745017023,11875767
26700000000,27000000000,26745017023,26745741492,724469
26700000000,27000000000,26745741492,26745767509,26017
26700000000,27000000000,26745767509,26745769661,2152
26700000000,27000000000,26745769661,26747090824,1321163
26700000000,27000000000,26747090824,26747090825,1
26700000000,27000000000,26747090825,26747108412,17587
26700000000,27000000000,26747108412,26749956457,2848045
26700000000,27000000000,26749956457,26758774995,8818538
26700000000,27000000000,26758774995,26761440505,2665510
26700000000,27000000000,26761440505,26761440506,1
26700000000,27000000000,26761440506,26771988273,10547767
26700000000,27000000000,26771988273,26772728890,740617
26700000000,27000000000,26772728890,26776881716,4152826
26700000000,27000000000,26776881716,26785031827,8150111
26700000000,27000000000,26785031827,26785041566,9739
26700000000,27000000000,26785041566,26787951388,2909822
26700000000,27000000000,26787951388,26796385093,8433705
26700000000,27000000000,26796385093,26822130611,25745518
26700000000,27000000000,26822130611,26823025828,895217
26700000000,27000000000,26823025828,26823854881,829053
26700000000,27000000000,26823854881,26834340964,10486083
26700000000,27000000000,26834340964,26839986090,5645126
26700000000,27000000000,26839986090,26842512615,2526525
26700000000,27000000000,26842512615,26843337975,825360
26700000000,27000000000,26843337975,26845005624,1667649
26700000000,27000000000,26845005624,26848542955,3537331
26700000000,27000000000,26848542955,26854573529,6030574
26700000000,27000000000,26854573529,26854580015,6486
26700000000,27000000000,26854580015,26856397894,1817879
26700000000,27000000000,26856397894,26857255379,857485
26700000000,27000000000,26857255379,26858142717,887338
26700000000,27000000000,26858142717,26858147155,4438
26700000000,27000000000,26858147155,26859019263,872108
26700000000,27000000000,26859019263,26860341092,1321829
26700000000,27000000000,26860341092,26861946469,1605377
26700000000,27000000000,26861946469,26862790756,844287
26700000000,27000000000,26862790756,26864645982,1855226
26700000000,27000000000,26864645982,26867319624,2673642
26700000000,27000000000,26867319624,26871122070,3802446
26700000000,27000000000,26871122070,26873667861,2545791
26700000000,27000000000,26873667861,26875368484,1700623
26700000000,27000000000,26875368484,26880977124,5608640
26700000000,27000000000,26880977124,26885719096,4741972
26700000000,27000000000,26885719096,26886513315,794219
26700000000,27000000000,26886513315,26887369383,856068
26700000000,27000000000,26887369383,26917196004,29826621
26700000000,27000000000,26917196004,26919005197,1809193
26700000000,27000000000,26919005197,26919005198,1
26700000000,27000000000,26919005198,26919005199,1
26700000000,27000000000,26919005199,26920823907,1818708
26700000000,27000000000,26920823907,26922509302,1685395
26700000000,27000000000,26922509302,26924742162,2232860
26700000000,27000000000,26924742162,26926329817,1587655
26700000000,27000000000,26926329817,26928011503,1681686
26700000000,27000000000,26928011503,26929734747,1723244
26700000000,27000000000,26929734747,26929739412,4665
26700000000,27000000000,26929739412,26929742589,3177
26700000000,27000000000,26929742589,26929744935,2346
26700000000,27000000000,26929744935,26931531641,1786706
26700000000,27000000000,26931531641,26935079061,3547420
26700000000,27000000000,26935079061,26937083367,2004306
26700000000,27000000000,26937083367,26942404365,5320998
26700000000,27000000000,26942404365,26944153460,1749095
26700000000,27000000000,26944153460,26950850262,6696802
26700000000,27000000000,26950850262,26954548591,3698329
26700000000,27000000000,26954548591,26954565159,16568
26700000000,27000000000,26954565159,26954567798,2639
26700000000,27000000000,26954567798,26954570058,2260
26700000000,27000000000,26954570058,26955321268,751210
26700000000,27000000000,26955321268,26955321284,16
26700000000,27000000000,26955321284,26957650295,2329011
26700000000,27000000000,26957650295,26958505589,855294
26700000000,27000000000,26958505589,26959987351,1481762
26700000000,27000000000,26959987351,26971983459,11996108
26700000000,27000000000,26971983459,26978837952,6854493
26700000000,27000000000,26978837952,26978866428,28476
26700000000,27000000000,26978866428,26989896457,11030029
27000000000,27300000000,27005818107,27005820072,1965
27000000000,27300000000,27005820072,27006563526,743454
27000000000,27300000000,27006563526,27008104951,1541425
27000000000,27300000000,27008104951,27014986871,6881920
27000000000,27300000000,27014986871,27015633008,646137
27000000000,27300000000,27015633008,27015645897,12889
27000000000,27300000000,27015645897,27015653540,7643
27000000000,27300000000,27015653540,27015656270,2730
27000000000,27300000000,27015656270,27015660936,4666
27000000000,27300000000,27015660936,27015662829,1893
27000000000,27300000000,27015662829,27016379438,716609
27000000000,27300000000,27016379438,27017981851,1602413
27000000000,27300000000,27017981851,27017981852,1
27000000000,27300000000,27017981852,27017981853,1
27000000000,27300000000,27017981853,27029562463,11580610
27000000000,27300000000,27029562463,27029565083,2620
27000000000,27300000000,27029565083,27031611084,2046001
27000000000,27300000000,27031611084,27032626399,1015315
27000000000,27300000000,27032626399,27035211261,2584862
27000000000,27300000000,27035211261,27035217285,6024
27000000000,27300000000,27035217285,27054690284,19472999
27000000000,27300000000,27054690284,27056318432,1628148
27000000000,27300000000,27056318432,27056605883,287451
27000000000,27300000000,27056605883,27078901854,22295971
27000000000,27300000000,27078901854,27078907021,5167
27000000000,27300000000,27078907021,27079650295,743274
27000000000,27300000000,27079650295,27083447393,3797098
27000000000,27300000000,27083447393,27083533856,86463
27000000000,27300000000,27083533856,27084908555,1374699
27000000000,27300000000,27084908555,27096647854,11739299
27000000000,27300000000,27096647854,27096674481,26627
27000000000,27300000000,27096674481,27109854127,13179646
27000000000,27300000000,27109854127,27111837802,1983675
27000000000,27300000000,27111837802,27114275257,2437455
27000000000,27300000000,27114275257,27116843176,2567919
27000000000,27300000000,27116843176,27118774318,1931142
27000000000,27300000000,27118774318,27129238601,10464283
27000000000,27300000000,27129238601,27132024953,2786352
27000000000,27300000000,27132024953,27132056157,31204
27000000000,27300000000,27132056157,27136468683,4412526
27000000000,27300000000,27136468683,27150737851,14269168
27000000000,27300000000,27150737851,27155289890,4552039
27000000000,27300000000,27155289890,27155296021,6131
27000000000,27300000000,27155296021,27159855788,4559767
27000000000,27300000000,27159855788,27167636676,7780888
27000000000,27300000000,27167636676,27167642064,5388
27000000000,27300000000,27167642064,27179751583,12109519
27000000000,27300000000,27179751583,27183046398,3294815
27000000000,27300000000,27183046398,27188098515,5052117
27000000000,27300000000,27188098515,27192205096,4106581
27000000000,27300000000,27192205096,27192210510,5414
27000000000,27300000000,27192210510,27192213076,2566
27000000000,27300000000,27192213076,27192215380,2304
27000000000,27300000000,27192215380,27204895158,12679778
27000000000,27300000000,27204895158,27208187545,3292387
27000000000,27300000000,27208187545,27216794939,8607394
27000000000,27300000000,27216794939,27218320349,1525410
27000000000,27300000000,27218320349,27227200656,8880307
27000000000,27300000000,27227200656,27229265471,2064815
27000000000,27300000000,27229265471,27237587947,8322476
27000000000,27300000000,27237587947,27241562512,3974565
27000000000,27300000000,27241562512,27243676071,2113559
27000000000,27300000000,27243676071,27253642019,9965948
27300000000,27600000000,27301496281,27301501791,5510
27300000000,27600000000,27301501791,27302285882,784091
27300000000,27600000000,27302285882,27303055359,769477
27300000000,27600000000,27303055359,27303065137,9778
27300000000,27600000000,27303065137,27303847175,782038
27300000000,27600000000,27303847175,27303854253,7078
27300000000,27600000000,27303854253,27304569542,715289
27300000000,27600000000,27304569542,27306189720,1620178
27300000000,27600000000,27306189720,27314761881,8572161
27300000000,27600000000,27314761881,27315444432,682551
27300000000,27600000000,27315444432,27326918274,11473842
27300000000,27600000000,27326918274,27341161655,14243381
27300000000,27600000000,27341161655,27341163878,2223
27300000000,27600000000,27341163878,27342750586,1586708
27300000000,27600000000,27342750586,27354269755,11519169
27300000000,27600000000,27354269755,27354281513,11758
27300000000,27600000000,27354281513,27354284913,3400
27300000000,27600000000,27354284913,27358074337,3789424
27300000000,27600000000,27358074337,27358083646,9309
27300000000,27600000000,27358083646,27358723201,639555
27300000000,27600000000,27358723201,27360079671,1356470
27300000000,27600000000,27360079671,27362623135,2543464
27300000000,27600000000,27362623135,27365310468,2687333
27300000000,27600000000,27365310468,27365315568,5100
27300000000,27600000000,27365315568,27366636391,1320823
27300000000,27600000000,27366636391,27366639919,3528
27300000000,27600000000,27366639919,27368054868,1414949
27300000000,27600000000,27368054868,27375544786,7489918
27300000000,27600000000,27375544786,27378987312,3442526
27300000000,27600000000,27378987312,27380320592,1333280
27300000000,27600000000,27380320592,27380320593,1
27300000000,27600000000,27380320593,27381657541,1336948
27300000000,27600000000,27381657541,27387891908,6234367
27300000000,27600000000,27387891908,27394548963,6657055
27300000000,27600000000,27394548963,27396810896,2261933
27300000000,27600000000,27396810896,27402555096,5744200
27300000000,27600000000,27402555096,27405269830,2714734
27300000000,27600000000,27405269830,27407539513,2269683
27300000000,27600000000,27407539513,27409308915,1769402
27300000000,27600000000,27409308915,27413558941,4250026
27300000000,27600000000,27413558941,27416601153,3042212
27300000000,27600000000,27416601153,27417440883,839730
27300000000,27600000000,27417440883,27420074438,2633555
27300000000,27600000000,27420074438,27423514461,3440023
27300000000,27600000000,27423514461,27428406255,4891794
27300000000,27600000000,27428406255,27428415549,9294
27300000000,27600000000,27428415549,27429267438,851889
27300000000,27600000000,27429267438,27444898360,15630922
27300000000,27600000000,27444898360,27452472969,7574609
27300000000,27600000000,27452472969,27466710239,14237270
27300000000,27600000000,27466710239,27479134790,12424551
27300000000,27600000000,27479134790,27479152970,18180
27300000000,27600000000,27479152970,27480951409,1798439
27300000000,27600000000,27480951409,27484006044,3054635
27300000000,27600000000,27484006044,27484802367,796323
27300000000,27600000000,27484802367,27484810239,7872
27300000000,27600000000,27484810239,27485680604,870365
27300000000,27600000000,27485680604,27492709929,7029325
27300000000,27600000000,27492709929,27492733916,23987
27300000000,27600000000,27492733916,27512507809,19773893
27300000000,27600000000,27512507809,27514060855,1553046
27300000000,27600000000,27514060855,27517532475,3471620
27300000000,27600000000,27517532475,27519480599,1948124
27300000000,27600000000,27519480599,27522186543,2705944
27300000000,27600000000,27522186543,27523556076,1369533
27300000000,27600000000,27523556076,27526389541,2833465
27300000000,27600000000,27526389541,27530172865,3783324
27300000000,27600000000,27530172865,27530177432,4567
27300000000,27600000000,27530177432,27530180992,3560
27300000000,27600000000,27530180992,27535126789,4945797
27300000000,27600000000,27535126789,27549545360,14418571
27300000000,27600000000,27549545360,27554332875,4787515
27600000000,27900000000,27604137309,27606556221,2418912
27600000000,27900000000,27606556221,27616008282,9452061
27600000000,27900000000,27616008282,27626351434,10343152
27600000000,27900000000,27626351434,27639950096,13598662
27600000000,27900000000,27639950096,27639954266,4170
27600000000,27900000000,27639954266,27639957335,3069
27600000000,27900000000,27639957335,27639959481,2146
27600000000,27900000000,27639959481,27639961429,1948
27600000000,27900000000,27639961429,27651675825,11714396
27600000000,27900000000,27651675825,27651713431,37606
27600000000,27900000000,27651713431,27654330802,2617371
27600000000,27900000000,27654330802,27654332893,2091
27600000000,27900000000,27654332893,27654335317,2424
27600000000,27900000000,27654335317,27657725170,3389853
27600000000,27900000000,27657725170,27659516132,1790962
27600000000,27900000000,27659516132,27666690015,7173883
27600000000,27900000000,27666690015,27666698433,8418
27600000000,27900000000,27666698433,27666701125,2692
27600000000,27900000000,27666701125,27666705615,4490
27600000000,27900000000,27666705615,27666707785,2170
27600000000,27900000000,27666707785,27666711785,4000
27600000000,27900000000,27666711785,27666713923,2138
27600000000,27900000000,27666713923,27668141333,1427410
27600000000,27900000000,27668141333,27668141334,1
27600000000,27900000000,27668141334,27668141335,1
27600000000,27900000000,27668141335,27679757497,11616162
27600000000,27900000000,27679757497,27679761924,4427
27600000000,27900000000,27679761924,27679768883,6959
27600000000,27900000000,27679768883,27679772796,3913
27600000000,27900000000,27679772796,27679774682,1886
27600000000,27900000000,27679774682,27679778116,3434
27600000000,27900000000,27679778116,27679780098,1982
27600000000,27900000000,27679780098,27679785399,5301
27600000000,27900000000,27679785399,27679787729,2330
27600000000,27900000000,27679787729,27681148088,1360359
27600000000,27900000000,27681148088,27681148089,1
27600000000,27900000000,27681148089,27681148090,1
27600000000,27900000000,27681148090,27681148331,241
27600000000,27900000000,27681148331,27684651713,3503382
27600000000,27900000000,27684651713,27685336696,684983
27600000000,27900000000,27685336696,27692218181,6881485
27600000000,27900000000,27692218181,27692220976,2795
27600000000,27900000000,27692220976,27692228902,7926
27600000000,27900000000,27692228902,27693673285,1444383
27600000000,27900000000,27693673285,27693673286,1
27600000000,27900000000,27693673286,27693673287,1
27600000000,27900000000,27693673287,27693673513,226
27600000000,27900000000,27693673513,27693673514,1
27600000000,27900000000,27693673514,27702257772,8584258
27600000000,27900000000,27702257772,27705726171,3468399
27600000000,27900000000,27705726171,27705730401,4230
27600000000,27900000000,27705730401,27705732945,2544
27600000000,27900000000,27705732945,27705735239,2294
27600000000,27900000000,27705735239,27705737258,2019
27600000000,27900000000,27705737258,27718510676,12773418
27600000000,27900000000,27718510676,27731783649,13272973
27600000000,27900000000,27731783649,27731805051,21402
27600000000,27900000000,27731805051,27733313876,1508825
27600000000,27900000000,27733313876,27733313877,1
27600000000,27900000000,27733313877,27733313878,1
27600000000,27900000000,27733313878,27743758765,10444887
27600000000,27900000000,27743758765,27743765816,7051
27600000000,27900000000,27743765816,27743768105,2289
27600000000,27900000000,27743768105,27745629778,1861673
27600000000,27900000000,27745629778,27745656441,26663
27600000000,27900000000,27745656441,27747333072,1676631
27600000000,27900000000,27747333072,27747336766,3694
27600000000,27900000000,27747336766,27755969177,8632411
27600000000,27900000000,27755969177,27755971750,2573
27600000000,27900000000,27755971750,27755977372,5622
27600000000,27900000000,27755977372,27755980724,3352
27600000000,27900000000,27755980724,27755986265,5541
27600000000,27900000000,27755986265,27755993459,7194
27600000000,27900000000,27755993459,27756002366,8907
27600000000,27900000000,27756002366,27756014243,11877
27600000000,27900000000,27756014243,27756025404,11161
27600000000,27900000000,27756025404,27758456145,2430741
27600000000,27900000000,27758456145,27758456146,1
27600000000,27900000000,27758456146,27758456377,231
27600000000,27900000000,27758456377,27758456378,1
27600000000,27900000000,27758456378,27758456609,231
27600000000,27900000000,27758456609,27758456610,1
27600000000,27900000000,27758456610,27758893688,437078
27600000000,27900000000,27758893688,27759609879,716191
27600000000,27900000000,27759609879,27760733720,1123841
27600000000,27900000000,27760733720,27760808467,74747
27600000000,27900000000,27760808467,27764380195,3571728
27600000000,27900000000,27764380195,27768065459,3685264
27600000000,27900000000,27768065459,27768077758,12299
27600000000,27900000000,27768077758,27782159225,14081467
27600000000,27900000000,27782159225,27783619732,1460507
27600000000,27900000000,27783619732,27783647749,28017
27600000000,27900000000,27783647749,27785440702,1792953
27600000000,27900000000,27785440702,27794305605,8864903
27600000000,27900000000,27794305605,27794329171,23566
27600000000,27900000000,27794329171,27795799791,1470620
27600000000,27900000000,27795799791,27798331260,2531469
27600000000,27900000000,27798331260,27804901933,6570673
27600000000,27900000000,27804901933,27806362742,1460809
27600000000,27900000000,27806362742,27818178362,11815620
27600000000,27900000000,27818178362,27826684178,8505816
27600000000,27900000000,27826684178,27844612576,17928398
27600000000,27900000000,27844612576,27848405941,3793365
27600000000,27900000000,27848405941,27856774163,8368222
27600000000,27900000000,27856774163,27856778126,3963
27600000000,27900000000,27856778126,27856781034,2908
27600000000,27900000000,27856781034,27856783849,2815
27600000000,27900000000,27856783849,27857486235,702386
27600000000,27900000000,27857486235,27885115621,27629386
27600000000,27900000000,27885115621,27892429103,7313482
27600000000,27900000000,27892429103,27894007787,1578684
27600000000,27900000000,27894007787,27896155078,2147291
27900000000,28200000000,27907760346,27919240757,11480411
27900000000,28200000000,27919240757,27928862087,9621330
27900000000,28200000000,27928862087,27931762317,2900230
27900000000,28200000000,27931762317,27933661555,1899238
27900000000,28200000000,27933661555,27933661556,1
27900000000,28200000000,27933661556,27933661557,1
27900000000,28200000000,27933661557,27936295726,2634169
27900000000,28200000000,27936295726,27943996363,7700637
27900000000,28200000000,27943996363,27946692504,2696141
27900000000,28200000000,27946692504,27948355102,1662598
27900000000,28200000000,27948355102,27949895789,1540687
27900000000,28200000000,27949895789,27951787936,1892147
27900000000,28200000000,27951787936,27953345158,1557222
27900000000,28200000000,27953345158,27955002958,1657800
27900000000,28200000000,27955002958,27956566499,1563541
27900000000,28200000000,27956566499,27959725869,3159370
27900000000,28200000000,27959725869,27961430997,1705128
27900000000,28200000000,27961430997,27961454896,23899
27900000000,28200000000,27961454896,27965402024,3947128
27900000000,28200000000,27965402024,27968382431,2980407
27900000000,28200000000,27968382431,27972562530,4180099
27900000000,28200000000,27972562530,27975912998,3350468
27900000000,28200000000,27975912998,27976744543,831545
27900000000,28200000000,27976744543,27977530657,786114
27900000000,28200000000,27977530657,27980717806,3187149
27900000000,28200000000,27980717806,27980722394,4588
27900000000,28200000000,27980722394,27980727943,5549
27900000000,28200000000,27980727943,27980730309,2366
27900000000,28200000000,27980730309,27982173861,1443552
27900000000,28200000000,27982173861,27982202889,29028
27900000000,28200000000,27982202889,27982915318,712429
27900000000,28200000000,27982915318,27983242028,326710
27900000000,28200000000,27983242028,27983242128,100
27900000000,28200000000,27983242128,27984003560,761432
27900000000,28200000000,27984003560,27984881816,878256
27900000000,28200000000,27984881816,27985923443,1041627
27900000000,28200000000,27985923443,27987862400,1938957
27900000000,28200000000,27987862400,27987870372,7972
27900000000,28200000000,27987870372,27988708526,838154
27900000000,28200000000,27988708526,27990297911,1589385
27900000000,28200000000,27990297911,27991039690,741779
27900000000,28200000000,27991039690,27992675923,1636233
27900000000,28200000000,27992675923,27992704858,28935
27900000000,28200000000,27992704858,27993863811,1158953
27900000000,28200000000,27993863811,28005467678,11603867
27900000000,28200000000,28005467678,28006946685,1479007
27900000000,28200000000,28006946685,28007701641,754956
27900000000,28200000000,28007701641,28011802289,4100648
27900000000,28200000000,28011802289,28013370079,1567790
27900000000,28200000000,28013370079,28017584567,4214488
27900000000,28200000000,28017584567,28023334599,5750032
27900000000,28200000000,28023334599,28043800156,20465557
27900000000,28200000000,28043800156,28043804394,4238
27900000000,28200000000,28043804394,28072606116,28801722
27900000000,28200000000,28072606116,28075904687,3298571
27900000000,28200000000,28075904687,28079080659,3175972
27900000000,28200000000,28079080659,28084817621,5736962
27900000000,28200000000,28084817621,28091165685,6348064
27900000000,28200000000,28091165685,28093450453,2284768
27900000000,28200000000,28093450453,28094608237,1157784
27900000000,28200000000,28094608237,28104596591,9988354
27900000000,28200000000,28104596591,28115319080,10722489
27900000000,28200000000,28115319080,28117004257,1685177
27900000000,28200000000,28117004257,28117004258,1
27900000000,28200000000,28117004258,28117004259,1
27900000000,28200000000,28117004259,28139265849,22261590
27900000000,28200000000,28139265849,28140106518,840669
27900000000,28200000000,28140106518,28141610540,1504022
27900000000,28200000000,28141610540,28142347455,736915
27900000000,28200000000,28142347455,28144539754,2192299
27900000000,28200000000,28144539754,28174710081,30170327
27900000000,28200000000,28174710081,28186458254,11748173
28200000000,28500000000,28210772019,28211588095,816076
28200000000,28500000000,28211588095,28212349352,761257
28200000000,28500000000,28212349352,28212354412,5060
28200000000,28500000000,28212354412,28222939437,10585025
28200000000,28500000000,28222939437,28222943317,3880
28200000000,28500000000,28222943317,28222945374,2057
28200000000,28500000000,28222945374,28228202095,5256721
28200000000,28500000000,28228202095,28231572528,3370433
28200000000,28500000000,28231572528,28232930426,1357898
28200000000,28500000000,28232930426,28234887012,1956586
28200000000,28500000000,28234887012,28234891891,4879
28200000000,28500000000,28234891891,28234901047,9156
28200000000,28500000000,28234901047,28234903684,2637
28200000000,28500000000,28234903684,28253217016,18313332
28200000000,28500000000,28253217016,28258038693,4821677
28200000000,28500000000,28258038693,28261222979,3184286
28200000000,28500000000,28261222979,28283380051,22157072
28200000000,28500000000,28283380051,28324300344,40920293
28200000000,28500000000,28324300344,28328115939,3815595
28200000000,28500000000,28328115939,28330861490,2745551
28200000000,28500000000,28330861490,28330870063,8573
28200000000,28500000000,28330870063,28330873408,3345
28200000000,28500000000,28330873408,28330875478,2070
28200000000,28500000000,28330875478,28332366475,1490997
28200000000,28500000000,28332366475,28333191250,824775
28200000000,28500000000,28333191250,28344894181,11702931
28200000000,28500000000,28344894181,28344898753,4572
28200000000,28500000000,28344898753,28344925181,26428
28200000000,28500000000,28344925181,28344927469,2288
28200000000,28500000000,28344927469,28360603426,15675957
28200000000,28500000000,28360603426,28363317853,2714427
28200000000,28500000000,28363317853,28368528038,5210185
28200000000,28500000000,28368528038,28368531021,2983
28200000000,28500000000,28368531021,28381176585,12645564
28200000000,28500000000,28381176585,28381192470,15885
28200000000,28500000000,28381192470,28381210967,18497
28200000000,28500000000,28381210967,28381213624,2657
28200000000,28500000000,28381213624,28394298623,13084999
28200000000,28500000000,28394298623,28398736717,4438094
28200000000,28500000000,28398736717,28404452068,5715351
28200000000,28500000000,28404452068,28414133370,9681302
28200000000,28500000000,28414133370,28423556164,9422794
28200000000,28500000000,28423556164,28426027238,2471074
28200000000,28500000000,28426027238,28453231702,27204464
28200000000,28500000000,28453231702,28453954822,723120
28200000000,28500000000,28453954822,28453969875,15053
28200000000,28500000000,28453969875,28453979694,9819
28200000000,28500000000,28453979694,28454784692,804998
28200000000,28500000000,28454784692,28455734122,949430
28200000000,28500000000,28455734122,28470517402,14783280
28200000000,28500000000,28470517402,28472278768,1761366
28200000000,28500000000,28472278768,28472278769,1
28200000000,28500000000,28472278769,28483568563,11289794
28200000000,28500000000,28483568563,28484934624,1366061
28200000000,28500000000,28484934624,28484934625,1
28200000000,28500000000,28484934625,28490020037,5085412
28200000000,28500000000,28490020037,28495614712,5594675
28200000000,28500000000,28495614712,28497902204,2287492
28200000000,28500000000,28497902204,28497968472,66268
28500000000,28800000000,28502558062,28510860188,8302126
28500000000,28800000000,28510860188,28511682691,822503
28500000000,28800000000,28511682691,28519437778,7755087
28500000000,28800000000,28519437778,28519442811,5033
28500000000,28800000000,28519442811,28519444870,2059
28500000000,28800000000,28519444870,28519449097,4227
28500000000,28800000000,28519449097,28524908557,5459460
28500000000,28800000000,28524908557,28532491458,7582901
28500000000,28800000000,28532491458,28534044745,1553287
28500000000,28800000000,28534044745,28534050400,5655
28500000000,28800000000,28534050400,28538149042,4098642
28500000000,28800000000,28538149042,28539578438,1429396
28500000000,28800000000,28539578438,28546631129,7052691
28500000000,28800000000,28546631129,28546659837,28708
28500000000,28800000000,28546659837,28546685472,25635
28500000000,28800000000,28546685472,28546695216,9744
28500000000,28800000000,28546695216,28551688163,4992947
28500000000,28800000000,28551688163,28551688164,1
28500000000,28800000000,28551688164,28551689268,1104
28500000000,28800000000,28551689268,28551689269,1
28500000000,28800000000,28551689269,28551689404,135
28500000000,28800000000,28551689404,28551689405,1
28500000000,28800000000,28551689405,28553323831,1634426
28500000000,28800000000,28553323831,28559748038,6424207
28500000000,28800000000,28559748038,28569207248,9459210
28500000000,28800000000,28569207248,28602579006,33371758
28500000000,28800000000,28602579006,28607375673,4796667
28500000000,28800000000,28607375673,28608866610,1490937
28500000000,28800000000,28608866610,28608884335,17725
28500000000,28800000000,28608884335,28620778519,11894184
28500000000,28800000000,28620778519,28634220042,13441523
28500000000,28800000000,28634220042,28634230858,10816
28500000000,28800000000,28634230858,28634240550,9692
28500000000,28800000000,28634240550,28654944439,20703889
28500000000,28800000000,28654944439,28675841774,20897335
28500000000,28800000000,28675841774,28693971912,18130138
28500000000,28800000000,28693971912,28706837258,12865346
28500000000,28800000000,28706837258,28708571641,1734383
28500000000,28800000000,28708571641,28708591810,20169
28500000000,28800000000,28708591810,28735841113,27249303
28500000000,28800000000,28735841113,28737447563,1606450
28500000000,28800000000,28737447563,28737447564,1
28500000000,28800000000,28737447564,28740910559,3462995
28500000000,28800000000,28740910559,28759651695,18741136
28500000000,28800000000,28759651695,28771933980,12282285
28500000000,28800000000,28771933980,28771941083,7103
28500000000,28800000000,28771941083,28775237288,3296205
28500000000,28800000000,28775237288,28775242660,5372
28500000000,28800000000,28775242660,28784709822,9467162
28500000000,28800000000,28784709822,28792517367,7807545
28500000000,28800000000,28792517367,28793433495,916128
28500000000,28800000000,28793433495,28797463524,4030029
28800000000,29100000000,28805226898,28805284014,57116
28800000000,29100000000,28805284014,28809247634,3963620
28800000000,29100000000,28809247634,28809252700,5066
28800000000,29100000000,28809252700,28809264894,12194
28800000000,29100000000,28809264894,28809266988,2094
28800000000,29100000000,28809266988,28812669247,3402259
28800000000,29100000000,28812669247,28814329362,1660115
28800000000,29100000000,28814329362,28821537883,7208521
28800000000,29100000000,28821537883,28821542173,4290
28800000000,29100000000,28821542173,28821550328,8155
28800000000,29100000000,28821550328,28842254957,20704629
28800000000,29100000000,28842254957,28846025321,3770364
28800000000,29100000000,28846025321,28847582235,1556914
28800000000,29100000000,28847582235,28847582236,1
28800000000,29100000000,28847582236,28847582237,1
28800000000,29100000000,28847582237,28869827259,22245022
28800000000,29100000000,28869827259,28878938217,9110958
28800000000,29100000000,28878938217,28880481662,1543445
28800000000,29100000000,28880481662,28882401534,1919872
28800000000,29100000000,28882401534,28882403909,2375
28800000000,29100000000,28882403909,28893181700,10777791
28800000000,29100000000,28893181700,28894978332,1796632
28800000000,29100000000,28894978332,28896839075,1860743
28800000000,29100000000,28896839075,28896839076,1
28800000000,29100000000,28896839076,28899477178,2638102
28800000000,29100000000,28899477178,28909923547,10446369
28800000000,29100000000,28909923547,28914514558,4591011
28800000000,29100000000,28914514558,28914514559,1
28800000000,29100000000,28914514559,28914724095,209536
28800000000,29100000000,28914724095,28932651187,17927092
28800000000,29100000000,28932651187,28932665283,14096
28800000000,29100000000,28932665283,28933579604,914321
28800000000,29100000000,28933579604,28933590216,10612
28800000000,29100000000,28933590216,28933593151,2935
28800000000,29100000000,28933593151,28945785318,12192167
28800000000,29100000000,28945785318,28959519959,13734641
28800000000,29100000000,28959519959,28990217724,30697765
28800000000,29100000000,28990217724,28992495197,2277473
28800000000,29100000000,28992495197,29029813434,37318237
28800000000,29100000000,29029813434,29032087930,2274496
28800000000,29100000000,29032087930,29032778046,690116
28800000000,29100000000,29032778046,29034975418,2197372
28800000000,29100000000,29034975418,29035656100,680682
28800000000,29100000000,29035656100,29045208411,9552311
28800000000,29100000000,29045208411,29050857401,5648990
29100000000,29400000000,29107689390,29109287373,1597983
29100000000,29400000000,29109287373,29115208575,5921202
29100000000,29400000000,29115208575,29127427758,12219183
29100000000,29400000000,29127427758,29143127546,15699788
29100000000,29400000000,29143127546,29147177219,4049673
29100000000,29400000000,29147177219,29157421801,10244582
29100000000,29400000000,29157421801,29159590250,2168449
29100000000,29400000000,29159590250,29164127590,4537340
29100000000,29400000000,29164127590,29177613860,13486270
29100000000,29400000000,29177613860,29182614014,5000154
29100000000,29400000000,29182614014,29184961005,2346991
29100000000,29400000000,29184961005,29208803954,23842949
29100000000,29400000000,29208803954,29219366134,10562180
29100000000,29400000000,29219366134,29234260879,14894745
29100000000,29400000000,29234260879,29234267542,6663
29100000000,29400000000,29234267542,29234270378,2836
29100000000,29400000000,29234270378,29245754336,11483958
29100000000,29400000000,29245754336,29247339495,1585159
29100000000,29400000000,29247339495,29248858888,1519393
29100000000,29400000000,29248858888,29258088025,9229137
29100000000,29400000000,29258088025,29258093720,5695
29100000000,29400000000,29258093720,29262160379,4066659
29100000000,29400000000,29262160379,29286952546,24792167
29100000000,29400000000,29286952546,29296039443,9086897
29100000000,29400000000,29296039443,29308451274,12411831
29100000000,29400000000,29308451274,29309935064,1483790
29100000000,29400000000,29309935064,29311583424,1648360
29100000000,29400000000,29311583424,29312521642,938218
29100000000,29400000000,29312521642,29325956324,13434682
29100000000,29400000000,29325956324,29328364084,2407760
29100000000,29400000000,29328364084,29332624459,4260375
29100000000,29400000000,29332624459,29336732931,4108472
29100000000,29400000000,29336732931,29384635455,47902524
29400000000,29700000000,29406391415,29414343893,7952478
29400000000,29700000000,29414343893,29415239174,895281
29400000000,29700000000,29415239174,29415248405,9231
29400000000,29700000000,29415248405,29428241762,12993357
29400000000,29700000000,29428241762,29428245690,3928
29400000000,29700000000,29428245690,29428247875,2185
29400000000,29700000000,29428247875,29433427302,5179427
29400000000,29700000000,29433427302,29434142230,714928
29400000000,29700000000,29434142230,29438059851,3917621
29400000000,29700000000,29438059851,29440721566,2661715
29400000000,29700000000,29440721566,29440726653,5087
29400000000,29700000000,29440726653,29451371131,10644478
29400000000,29700000000,29451371131,29452865218,1494087
29400000000,29700000000,29452865218,29464112053,11246835
29400000000,29700000000,29464112053,29466986107,2874054
29400000000,29700000000,29466986107,29466993445,7338
29400000000,29700000000,29466993445,29470076118,3082673
29400000000,29700000000,29470076118,29471166727,1090609
29400000000,29700000000,29471166727,29471172815,6088
29400000000,29700000000,29471172815,29479355923,8183108
29400000000,29700000000,29479355923,29480945106,1589183
29400000000,29700000000,29480945106,29480950209,5103
29400000000,29700000000,29480950209,29480962132,11923
29400000000,29700000000,29480962132,29523526395,42564263
29400000000,29700000000,29523526395,29524818445,1292050
29400000000,29700000000,29524818445,29526035862,1217417
29400000000,29700000000,29526035862,29529750335,3714473
29400000000,29700000000,29529750335,29529756158,5823
29400000000,29700000000,29529756158,29531415912,1659754
29400000000,29700000000,29531415912,29533069796,1653884
29400000000,29700000000,29533069796,29533076355,6559
29400000000,29700000000,29533076355,29533901907,825552
29400000000,29700000000,29533901907,29535662760,1760853
29400000000,29700000000,29535662760,29535667197,4437
29400000000,29700000000,29535667197,29538569408,2902211
29400000000,29700000000,29538569408,29540292140,1722732
29400000000,29700000000,29540292140,29540297286,5146
29400000000,29700000000,29540297286,29541149380,852094
29400000000,29700000000,29541149380,29555419096,14269716
29400000000,29700000000,29555419096,29557282395,1863299
29400000000,29700000000,29557282395,29560483403,3201008
29400000000,29700000000,29560483403,29581998857,21515454
29400000000,29700000000,29581998857,29583638023,1639166
29400000000,29700000000,29583638023,29586136414,2498391
29400000000,29700000000,29586136414,29587760983,1624569
29400000000,29700000000,29587760983,29628584237,40823254
29400000000,29700000000,29628584237,29655026920,26442683
29400000000,29700000000,29655026920,29655029590,2670
29400000000,29700000000,29655029590,29655032369,2779
29400000000,29700000000,29655032369,29655037787,5418
29400000000,29700000000,29655037787,29655781236,743449
29400000000,29700000000,29655781236,29670987066,15205830
29400000000,29700000000,29670987066,29670991771,4705
29400000000,29700000000,29670991771,29670993891,2120
29400000000,29700000000,29670993891,29670997086,3195
29400000000,29700000000,29670997086,29682031068,11033982
29400000000,29700000000,29682031068,29685135538,3104470
29400000000,29700000000,29685135538,29690221924,5086386
29400000000,29700000000,29690221924,29695066244,4844320
29400000000,29700000000,29695066244,29696571262,1505018
29700000000,30000000000,29702073776,29706957280,4883504
29700000000,30000000000,29706957280,29707778193,820913
29700000000,30000000000,29707778193,29710102453,2324260
29700000000,30000000000,29710102453,29712804739,2702286
29700000000,30000000000,29712804739,29722502508,9697769
29700000000,30000000000,29722502508,29722507644,5136
29700000000,30000000000,29722507644,29722510683,3039
29700000000,30000000000,29722510683,29724902562,2391879
29700000000,30000000000,29724902562,29734868984,9966422
29700000000,30000000000,29734868984,29745144532,10275548
29700000000,30000000000,29745144532,29765027290,19882758
29700000000,30000000000,29765027290,29775454839,10427549
29700000000,30000000000,29775454839,29779650698,4195859
29700000000,30000000000,29779650698,29783636058,3985360
29700000000,30000000000,29783636058,29784925476,1289418
29700000000,30000000000,29784925476,29795219959,10294483
29700000000,30000000000,29795219959,29813355519,18135560
29700000000,30000000000,29813355519,29815776314,2420795
29700000000,30000000000,29815776314,29819159013,3382699
29700000000,30000000000,29819159013,29820576828,1417815
29700000000,30000000000,29820576828,29820597276,20448
29700000000,30000000000,29820597276,29821418095,820819
29700000000,30000000000,29821418095,29831679221,10261126
29700000000,30000000000,29831679221,29832475354,796133
29700000000,30000000000,29832475354,29833148833,673479
29700000000,30000000000,29833148833,29833148834,1
29700000000,30000000000,29833148834,29846574292,13425458
29700000000,30000000000,29846574292,29846596817,22525
29700000000,30000000000,29846596817,29846599610,2793
29700000000,30000000000,29846599610,29846601219,1609
29700000000,30000000000,29846601219,29848098324,1497105
29700000000,30000000000,29848098324,29848098325,1
29700000000,30000000000,29848098325,29851279725,3181400
29700000000,30000000000,29851279725,29871253983,19974258
29700000000,30000000000,29871253983,29878498269,7244286
29700000000,30000000000,29878498269,29894198358,15700089
29700000000,30000000000,29894198358,29908732604,14534246
29700000000,30000000000,29908732604,29908742614,10010
29700000000,30000000000,29908742614,29910228008,1485394
29700000000,30000000000,29910228008,29910228009,1
29700000000,30000000000,29910228009,29929384807,19156798
29700000000,30000000000,29929384807,29932670565,3285758
29700000000,30000000000,29932670565,29935068787,2398222
29700000000,30000000000,29935068787,29938893380,3824593
29700000000,30000000000,29938893380,29944531421,5638041
29700000000,30000000000,29944531421,29952248501,7717080
29700000000,30000000000,29952248501,29956914340,4665839
29700000000,30000000000,29956914340,29956998186,83846
29700000000,30000000000,29956998186,29957000476,2290
29700000000,30000000000,29957000476,29958519756,1519280
29700000000,30000000000,29958519756,29958519757,1
29700000000,30000000000,29958519757,29961955162,3435405
29700000000,30000000000,29961955162,29975226957,13271795
29700000000,30000000000,29975226957,29983569095,8342138
29700000000,30000000000,29983569095,29983589438,20343
29700000000,30000000000,29983589438,29996033971,12444533
30000000000,30300000000,30007503093,30008329587,826494
30000000000,30300000000,30008329587,30009185536,855949
30000000000,30300000000,30009185536,30009188443,2907
30000000000,30300000000,30009188443,30015312257,6123814
30000000000,30300000000,30015312257,30020263207,4950950
30000000000,30300000000,30020263207,30021186640,923433
30000000000,30300000000,30021186640,30026461081,5274441
30000000000,30300000000,30026461081,30034486810,8025729
30000000000,30300000000,30034486810,30035389396,902586
30000000000,30300000000,30035389396,30035415257,25861
30000000000,30300000000,30035415257,30035422728,7471
30000000000,30300000000,30035422728,30035430064,7336
30000000000,30300000000,30035430064,30038358089,2928025
30000000000,30300000000,30038358089,30047453945,9095856
30000000000,30300000000,30047453945,30082803513,35349568
30000000000,30300000000,30082803513,30085774984,2971471
30000000000,30300000000,30085774984,30093467283,7692299
30000000000,30300000000,30093467283,30123715100,30247817
30000000000,30300000000,30123715100,30129430941,5715841
30000000000,30300000000,30129430941,30129437736,6795
30000000000,30300000000,30129437736,30130169107,731371
30000000000,30300000000,30130169107,30130173658,4551
30000000000,30300000000,30130173658,30130176610,2952
30000000000,30300000000,30130176610,30132571906,2395296
30000000000,30300000000,30132571906,30132577054,5148
30000000000,30300000000,30132577054,30137706383,5129329
30000000000,30300000000,30137706383,30144852086,7145703
30000000000,30300000000,30144852086,30144857383,5297
30000000000,30300000000,30144857383,30144859932,2549
30000000000,30300000000,30144859932,30156155300,11295368
30000000000,30300000000,30156155300,30162190201,6034901
30000000000,30300000000,30162190201,30164589730,2399529
30000000000,30300000000,30164589730,30166973452,2383722
30000000000,30300000000,30166973452,30182387632,15414180
30000000000,30300000000,30182387632,30184197742,1810110
30000000000,30300000000,30184197742,30189796639,5598897
30000000000,30300000000,30189796639,30190584179,787540
30000000000,30300000000,30190584179,30194883905,4299726
30000000000,30300000000,30194883905,30207357357,12473452
30000000000,30300000000,30207357357,30246714454,39357097
30000000000,30300000000,30246714454,30257630674,10916220
30000000000,30300000000,30257630674,30288147501,30516827
30000000000,30300000000,30288147501,30290752461,2604960
30000000000,30300000000,30290752461,30292371224,1618763
30000000000,30300000000,30292371224,30293204289,833065
30300000000,30600000000,30312320823,30313043391,722568
30300000000,30600000000,30313043391,30315307288,2263897
30300000000,30600000000,30315307288,30317043435,1736147
30300000000,30600000000,30317043435,30317048045,4610
30300000000,30600000000,30317048045,30317050288,2243
30300000000,30600000000,30317050288,30317052652,2364
30300000000,30600000000,30317052652,30329331553,12278901
30300000000,30600000000,30329331553,30336750628,7419075
30300000000,30600000000,30336750628,30339253114,2502486
30300000000,30600000000,30339253114,30343749843,4496729
30300000000,30600000000,30343749843,30345521905,1772062
30300000000,30600000000,30345521905,30345521906,1
30300000000,30600000000,30345521906,30347850055,2328149
30300000000,30600000000,30347850055,30355376584,7526529
30300000000,30600000000,30355376584,30367331193,11954609
30300000000,30600000000,30367331193,30416059753,48728560
30300000000,30600000000,30416059753,30416117129,57376
30300000000,30600000000,30416117129,30422070441,5953312
30300000000,30600000000,30422070441,30422847745,777304
30300000000,30600000000,30422847745,30423647661,799916
30300000000,30600000000,30423647661,30428154194,4506533
30300000000,30600000000,30428154194,30432385211,4231017
30300000000,30600000000,30432385211,30440197225,7812014
30300000000,30600000000,30440197225,30440213587,16362
30300000000,30600000000,30440213587,30442041586,1827999
30300000000,30600000000,30442041586,30445635621,3594035
30300000000,30600000000,30445635621,30457699034,12063413
30300000000,30600000000,30457699034,30457717431,18397
30300000000,30600000000,30457717431,30458520781,803350
30300000000,30600000000,30458520781,30459590784,1070003
30300000000,30600000000,30459590784,30459593075,2291
30300000000,30600000000,30459593075,30460339349,746274
30300000000,30600000000,30460339349,30461040030,700681
30300000000,30600000000,30461040030,30461756978,716948
30300000000,30600000000,30461756978,30463610561,1853583
30300000000,30600000000,30463610561,30464349748,739187
30300000000,30600000000,30464349748,30474296490,9946742
30300000000,30600000000,30474296490,30474298677,2187
30300000000,30600000000,30474298677,30474301744,3067
30300000000,30600000000,30474301744,30488386664,14084920
30300000000,30600000000,30488386664,30489861176,1474512
30300000000,30600000000,30489861176,30491013093,1151917
30300000000,30600000000,30491013093,30495563096,4550003
30300000000,30600000000,30495563096,30524401709,28838613
30300000000,30600000000,30524401709,30524412031,10322
30300000000,30600000000,30524412031,30525968674,1556643
30300000000,30600000000,30525968674,30527010847,1042173
30300000000,30600000000,30527010847,30560702715,33691868
30600000000,30900000000,30600063669,30601865719,1802050
30600000000,30900000000,30601865719,30604622155,2756436
30600000000,30900000000,30604622155,30611797686,7175531
30600000000,30900000000,30611797686,30611810575,12889
30600000000,30900000000,30611810575,30613807291,1996716
30600000000,30900000000,30613807291,30613814799,7508
30600000000,30900000000,30613814799,30614583366,768567
30600000000,30900000000,30614583366,30614590518,7152
30600000000,30900000000,30614590518,30617019451,2428933
30600000000,30900000000,30617019451,30621883571,4864120
30600000000,30900000000,30621883571,30631737040,9853469
30600000000,30900000000,30631737040,30633852796,2115756
30600000000,30900000000,30633852796,30633870693,17897
30600000000,30900000000,30633870693,30633872909,2216
30600000000,30900000000,30633872909,30641336147,7463238
30600000000,30900000000,30641336147,30643059078,1722931
30600000000,30900000000,30643059078,30666422607,23363529
30600000000,30900000000,30666422607,30666440958,18351
30600000000,30900000000,30666440958,30669354114,2913156
30600000000,30900000000,30669354114,30671203386,1849272
30600000000,30900000000,30671203386,30675287805,4084419
30600000000,30900000000,30675287805,30675292975,5170
30600000000,30900000000,30675292975,30683648608,8355633
30600000000,30900000000,30683648608,30738703492,55054884
30600000000,30900000000,30738703492,30740218771,1515279
30600000000,30900000000,30740218771,30762242442,22023671
30600000000,30900000000,30762242442,30800353172,38110730
30600000000,30900000000,30800353172,30823608065,23254893
30600000000,30900000000,30823608065,30823625774,17709
30600000000,30900000000,30823625774,30823642714,16940
30600000000,30900000000,30823642714,30823653157,10443
30600000000,30900000000,30823653157,30823708993,55836
30600000000,30900000000,30823708993,30835834455,12125462
30600000000,30900000000,30835834455,30835852413,17958
30600000000,30900000000,30835852413,30835858783,6370
30600000000,30900000000,30835858783,30835861301,2518
30600000000,30900000000,30835861301,30838979830,3118529
30600000000,30900000000,30838979830,30853956913,14977083
30600000000,30900000000,30853956913,30861070068,7113155
30600000000,30900000000,30861070068,30873114212,12044144
30600000000,30900000000,30873114212,30874754715,1640503
30600000000,30900000000,30874754715,30878731902,3977187
30600000000,30900000000,30878731902,30885493323,6761421
30600000000,30900000000,30885493323,30885528116,34793
30900000000,31200000000,30902121523,30911654036,9532513
30900000000,31200000000,30911654036,30913948841,2294805
30900000000,31200000000,30913948841,30918401127,4452286
30900000000,31200000000,30918401127,30923934434,5533307
30900000000,31200000000,30923934434,30925662656,1728222
30900000000,31200000000,30925662656,30931455189,5792533
30900000000,31200000000,30931455189,30936230347,4775158
30900000000,31200000000,30936230347,30936257403,27056
30900000000,31200000000,30936257403,30937868644,1611241
30900000000,31200000000,30937868644,30937868688,44
30900000000,31200000000,30937868688,30949178034,11309346
30900000000,31200000000,30949178034,30949204241,26207
30900000000,31200000000,30949204241,30949206761,2520
30900000000,31200000000,30949206761,30951096160,1889399
30900000000,31200000000,30951096160,30955783170,4687010
30900000000,31200000000,30955783170,30958189986,2406816
30900000000,31200000000,30958189986,30961957172,3767186
30900000000,31200000000,30961957172,30961960920,3748
30900000000,31200000000,30961960920,30969002148,7041228
30900000000,31200000000,30969002148,30973072413,4070265
30900000000,31200000000,30973072413,30986432800,13360387
30900000000,31200000000,30986432800,31015560311,29127511
30900000000,31200000000,31015560311,31046497481,30937170
30900000000,31200000000,31046497481,31078946369,32448888
30900000000,31200000000,31078946369,31085990301,7043932
30900000000,31200000000,31085990301,31096544854,10554553
30900000000,31200000000,31096544854,31097187805,642951
30900000000,31200000000,31097187805,31097192205,4400
30900000000,31200000000,31097192205,31097207385,15180
30900000000,31200000000,31097207385,31097865890,658505
30900000000,31200000000,31097865890,31109408318,11542428
30900000000,31200000000,31109408318,31109412466,4148
30900000000,31200000000,31109412466,31145110286,35697820
30900000000,31200000000,31145110286,31156126979,11016693
30900000000,31200000000,31156126979,31159416624,3289645
30900000000,31200000000,31159416624,31159421148,4524
30900000000,31200000000,31159421148,31170183060,10761912
30900000000,31200000000,31170183060,31171666349,1483289
31200000000,31500000000,31209649899,31218927559,9277660
31200000000,31500000000,31218927559,31221501947,2574388
31200000000,31500000000,31221501947,31222242263,740316
31200000000,31500000000,31222242263,31231187948,8945685
31200000000,31500000000,31231187948,31231191720,3772
31200000000,31500000000,31231191720,31231195413,3693
31200000000,31500000000,31231195413,31239024735,7829322
31200000000,31500000000,31239024735,31244331767,5307032
31200000000,31500000000,31244331767,31244369113,37346
31200000000,31500000000,31244369113,31244372105,2992
31200000000,31500000000,31244372105,31245889351,1517246
31200000000,31500000000,31245889351,31245889352,1
31200000000,31500000000,31245889352,31249906256,4016904
31200000000,31500000000,31249906256,31250675357,769101
31200000000,31500000000,31250675357,31276453464,25778107
31200000000,31500000000,31276453464,31281621291,5167827
31200000000,31500000000,31281621291,31283201748,1580457
31200000000,31500000000,31283201748,31286530472,3328724
31200000000,31500000000,31286530472,31307658360,21127888
31200000000,31500000000,31307658360,31319399822,11741462
31200000000,31500000000,31319399822,31341451369,22051547
31200000000,31500000000,31341451369,31341465954,14585
31200000000,31500000000,31341465954,31345499537,4033583
31200000000,31500000000,31345499537,31345499538,1
31200000000,31500000000,31345499538,31347665389,2165851
31200000000,31500000000,31347665389,31365885506,18220117
31200000000,31500000000,31365885506,31367530920,1645414
31200000000,31500000000,31367530920,31374326531,6795611
31200000000,31500000000,31374326531,31378288061,3961530
31200000000,31500000000,31378288061,31378296792,8731
31200000000,31500000000,31378296792,31384167829,5871037
31200000000,31500000000,31384167829,31390513902,6346073
31200000000,31500000000,31390513902,31403498235,12984333
31200000000,31500000000,31403498235,31449903624,46405389
31200000000,31500000000,31449903624,31456966920,7063296
31500000000,31800000000,31504715258,31506298085,1582827
31500000000,31800000000,31506298085,31510570149,4272064
31500000000,31800000000,31510570149,31538363095,27792946
31500000000,31800000000,31538363095,31543567600,5204505
31500000000,31800000000,31543567600,31548622303,5054703
31500000000,31800000000,31548622303,31549321003,698700
31500000000,31800000000,31549321003,31570994056,21673053
31500000000,31800000000,31570994056,31572517930,1523874
31500000000,31800000000,31572517930,31572525530,7600
31500000000,31800000000,31572525530,31573324466,798936
31500000000,31800000000,31573324466,31574123053,798587
31500000000,31800000000,31574123053,31595365085,21242032
31500000000,31800000000,31595365085,31624259242,28894157
31500000000,31800000000,31624259242,31631563451,7304209
31500000000,31800000000,31631563451,31633084331,1520880
31500000000,31800000000,31633084331,31633909528,825197
31500000000,31800000000,31633909528,31644890220,10980692
31500000000,31800000000,31644890220,31651158915,6268695
31500000000,31800000000,31651158915,31651179065,20150
31500000000,31800000000,31651179065,31660524692,9345627
31500000000,31800000000,31660524692,31698655616,38130924
31500000000,31800000000,31698655616,31734202883,35547267
31500000000,31800000000,31734202883,31752438051,18235168
31500000000,31800000000,31752438051,31792838392,40400341
31500000000,31800000000,31792838392,31793649890,811498
31800000000,32100000000,31804381526,31812496876,8115350
31800000000,32100000000,31812496876,31815462835,2965959
31800000000,32100000000,31815462835,31816234155,771320
31800000000,32100000000,31816234155,31822427473,6193318
31800000000,32100000000,31822427473,31822429816,2343
31800000000,32100000000,31822429816,31822432470,2654
31800000000,32100000000,31822432470,31829751584,7319114
31800000000,32100000000,31829751584,31834369820,4618236
31800000000,32100000000,31834369820,31846428676,12058856
31800000000,32100000000,31846428676,31873707229,27278553
31800000000,32100000000,31873707229,31873715037,7808
31800000000,32100000000,31873715037,31883411393,9696356
31800000000,32100000000,31883411393,31907351551,23940158
31800000000,32100000000,31907351551,31917094615,9743064
31800000000,32100000000,31917094615,31922230447,5135832
31800000000,32100000000,31922230447,31934363853,12133406
31800000000,32100000000,31934363853,31934366541,2688
31800000000,32100000000,31934366541,31941123058,6756517
31800000000,32100000000,31941123058,31944895720,3772662
31800000000,32100000000,31944895720,31958423393,13527673
31800000000,32100000000,31958423393,31995694048,37270655
31800000000,32100000000,31995694048,31997170013,1475965
31800000000,32100000000,31997170013,32025170757,28000744
31800000000,32100000000,32025170757,32049802528,24631771
31800000000,32100000000,32049802528,32050679777,877249
31800000000,32100000000,32050679777,32050687087,7310
31800000000,32100000000,32050687087,32051479661,792574
31800000000,32100000000,32051479661,32052289188,809527
31800000000,32100000000,32052289188,32079211616,26922428
31800000000,32100000000,32079211616,32082213586,3001970
31800000000,32100000000,32082213586,32083577348,1363762
31800000000,32100000000,32083577348,32090498556,6921208
32100000000,32400000000,32101134797,32113311367,12176570
32100000000,32400000000,32113311367,32114070599,759232
32100000000,32400000000,32114070599,32117927353,3856754
32100000000,32400000000,32117927353,32120184785,2257432
32100000000,32400000000,32120184785,32126271056,6086271
32100000000,32400000000,32126271056,32126274483,3427
32100000000,32400000000,32126274483,32126278707,4224
32100000000,32400000000,32126278707,32126281393,2686
32100000000,32400000000,32126281393,32136150569,9869176
32100000000,32400000000,32136150569,32138329646,2179077
32100000000,32400000000,32138329646,32139664181,1334535
32100000000,32400000000,32139664181,32153449648,13785467
32100000000,32400000000,32153449648,32163015137,9565489
32100000000,32400000000,32163015137,32164531188,1516051
32100000000,32400000000,32164531188,32165308725,777537
32100000000,32400000000,32165308725,32187250288,21941563
32100000000,32400000000,32187250288,32187319166,68878
32100000000,32400000000,32187319166,32196151948,8832782
32100000000,32400000000,32196151948,32198525961,2374013
32100000000,32400000000,32198525961,32210702027,12176066
32100000000,32400000000,32210702027,32221969015,11266988
32100000000,32400000000,32221969015,32247028096,25059081
32100000000,32400000000,32247028096,32268946489,21918393
32100000000,32400000000,32268946489,32283468630,14522141
32100000000,32400000000,32283468630,32287763205,4294575
32100000000,32400000000,32287763205,32288472941,709736
32100000000,32400000000,32288472941,32320611868,32138927
32100000000,32400000000,32320611868,32320619664,7796
32100000000,32400000000,32320619664,32320622325,2661
32100000000,32400000000,32320622325,32322109098,1486773
32100000000,32400000000,32322109098,32329277458,7168360
32100000000,32400000000,32329277458,32350961219,21683761
32100000000,32400000000,32350961219,32354843382,3882163
32100000000,32400000000,32354843382,32365846029,11002647
32100000000,32400000000,32365846029,32368645873,2799844
32100000000,32400000000,32368645873,32370456873,1811000
32100000000,32400000000,32370456873,32377338415,6881542
32100000000,32400000000,32377338415,32392594390,15255975
32400000000,32700000000,32417005092,32417010533,5441
32400000000,32700000000,32417010533,32417013142,2609
32400000000,32700000000,32417013142,32417014882,1740
32400000000,32700000000,32417014882,32421873659,4858777
32400000000,32700000000,32421873659,32422997304,1123645
32400000000,32700000000,32422997304,32422999688,2384
32400000000,32700000000,32422999688,32429779286,6779598
32400000000,32700000000,32429779286,32429785113,5827
32400000000,32700000000,32429785113,32429786964,1851
32400000000,32700000000,32429786964,32431517701,1730737
32400000000,32700000000,32431517701,32436897250,5379549
32400000000,32700000000,32436897250,32443596402,6699152
32400000000,32700000000,32443596402,32452853723,9257321
32400000000,32700000000,32452853723,32454294028,1440305
32400000000,32700000000,32454294028,32456084422,1790394
32400000000,32700000000,32456084422,32478442382,22357960
32400000000,32700000000,32478442382,32491232076,12789694
32400000000,32700000000,32491232076,32491339614,107538
32400000000,32700000000,32491339614,32493301018,1961404
32400000000,32700000000,32493301018,32493301019,1
32400000000,32700000000,32493301019,32497983591,4682572
32400000000,32700000000,32497983591,32512713318,14729727
32400000000,32700000000,32512713318,32539095266,26381948
32400000000,32700000000,32539095266,32543558897,4463631
32400000000,32700000000,32543558897,32548366642,4807745
32400000000,32700000000,32548366642,32548500189,133547
32400000000,32700000000,32548500189,32548510672,10483
32400000000,32700000000,32548510672,32550107738,1597066
32400000000,32700000000,32550107738,32551913941,1806203
32400000000,32700000000,32551913941,32553457258,1543317
32400000000,32700000000,32553457258,32559735833,6278575
32400000000,32700000000,32559735833,32563732454,3996621
32400000000,32700000000,32563732454,32577097415,13364961
32400000000,32700000000,32577097415,32581030690,3933275
32400000000,32700000000,32581030690,32585469978,4439288
32400000000,32700000000,32585469978,32585477098,7120
32400000000,32700000000,32585477098,32604915468,19438370
32400000000,32700000000,32604915468,32606273211,1357743
32400000000,32700000000,32606273211,32624480592,18207381
32400000000,32700000000,32624480592,32627633317,3152725
32400000000,32700000000,32627633317,32627633318,1
32400000000,32700000000,32627633318,32635875090,8241772
32400000000,32700000000,32635875090,32640041617,4166527
32400000000,32700000000,32640041617,32645500197,5458580
32400000000,32700000000,32645500197,32660802698,15302501
32400000000,32700000000,32660802698,32661654938,852240
32400000000,32700000000,32661654938,32662470424,815486
32400000000,32700000000,32662470424,32663428895,958471
32400000000,32700000000,32663428895,32671416427,7987532
32400000000,32700000000,32671416427,32675536342,4119915
32400000000,32700000000,32675536342,32675539610,3268
32400000000,32700000000,32675539610,32675542885,3275
32400000000,32700000000,32675542885,32675545217,2332
32400000000,32700000000,32675545217,32684348420,8803203
32400000000,32700000000,32684348420,32685214646,866226
32400000000,32700000000,32685214646,32688329276,3114630
32700000000,33000000000,32702637768,32709524803,6887035
32700000000,33000000000,32709524803,32712034428,2509625
32700000000,33000000000,32712034428,32741610508,29576080
32700000000,33000000000,32741610508,32750642538,9032030
32700000000,33000000000,32750642538,32750647264,4726
32700000000,33000000000,32750647264,32750649678,2414
32700000000,33000000000,32750649678,32752201127,1551449
32700000000,33000000000,32752201127,32758038311,5837184
32700000000,33000000000,32758038311,32787264652,29226341
32700000000,33000000000,32787264652,32797652493,10387841
32700000000,33000000000,32797652493,32816370799,18718306
32700000000,33000000000,32816370799,32824351277,7980478
32700000000,33000000000,32824351277,32830133071,5781794
32700000000,33000000000,32830133071,32840220362,10087291
32700000000,33000000000,32840220362,32840225903,5541
32700000000,33000000000,32840225903,32840228552,2649
32700000000,33000000000,32840228552,32848344176,8115624
32700000000,33000000000,32848344176,32849919932,1575756
32700000000,33000000000,32849919932,32865131638,15211706
32700000000,33000000000,32865131638,32865185268,53630
32700000000,33000000000,32865185268,32877680223,12494955
32700000000,33000000000,32877680223,32880809306,3129083
32700000000,33000000000,32880809306,32901602662,20793356
32700000000,33000000000,32901602662,32903838280,2235618
32700000000,33000000000,32903838280,32906462263,2623983
32700000000,33000000000,32906462263,32913507600,7045337
32700000000,33000000000,32913507600,32930542290,17034690
32700000000,33000000000,32930542290,32935134413,4592123
32700000000,33000000000,32935134413,32949204902,14070489
32700000000,33000000000,32949204902,32949213298,8396
32700000000,33000000000,32949213298,32949215708,2410
32700000000,33000000000,32949215708,32949220185,4477
32700000000,33000000000,32949220185,32951556183,2335998
32700000000,33000000000,32951556183,32951556184,1
32700000000,33000000000,32951556184,32953378667,1822483
32700000000,33000000000,32953378667,32981413634,28034967
32700000000,33000000000,32981413634,32982233246,819612
32700000000,33000000000,32982233246,32984236594,2003348
32700000000,33000000000,32984236594,32997469907,13233313
32700000000,33000000000,32997469907,32998344401,874494
33000000000,33300000000,33022061175,33024490289,2429114
33000000000,33300000000,33024490289,33025269201,778912
33000000000,33300000000,33025269201,33025288030,18829
33000000000,33300000000,33025288030,33034798081,9510051
33000000000,33300000000,33034798081,33034803755,5674
33000000000,33300000000,33034803755,33037800141,2996386
33000000000,33300000000,33037800141,33049269534,11469393
33000000000,33300000000,33049269534,33059203012,9933478
33000000000,33300000000,33059203012,33060329603,1126591
33000000000,33300000000,33060329603,33060334682,5079
33000000000,33300000000,33060334682,33060337821,3139
33000000000,33300000000,33060337821,33072649223,12311402
33000000000,33300000000,33072649223,33072653012,3789
33000000000,33300000000,33072653012,33072656394,3382
33000000000,33300000000,33072656394,33076727612,4071218
33000000000,33300000000,33076727612,33079044797,2317185
33000000000,33300000000,33079044797,33084771842,5727045
33000000000,33300000000,33084771842,33092488430,7716588
33000000000,33300000000,33092488430,33097007849,4519419
33000000000,33300000000,33097007849,33097012256,4407
33000000000,33300000000,33097012256,33098521728,1509472
33000000000,33300000000,33098521728,33098521729,1
33000000000,33300000000,33098521729,33098579383,57654
33000000000,33300000000,33098579383,33109034349,10454966
33000000000,33300000000,33109034349,33109041397,7048
33000000000,33300000000,33109041397,33123112767,14071370
33000000000,33300000000,33123112767,33123121897,9130
33000000000,33300000000,33123121897,33124295754,1173857
33000000000,33300000000,33124295754,33140033265,15737511
33000000000,33300000000,33140033265,33143234603,3201338
33000000000,33300000000,33143234603,33144883906,1649303
33000000000,33300000000,33144883906,33159742975,14859069
33000000000,33300000000,33159742975,33159747751,4776
33000000000,33300000000,33159747751,33160540016,792265
33000000000,33300000000,33160540016,33172090862,11550846
33000000000,33300000000,33172090862,33182197492,10106630
33000000000,33300000000,33182197492,33209258885,27061393
33000000000,33300000000,33209258885,33211294899,2036014
33000000000,33300000000,33211294899,33211294900,1
33000000000,33300000000,33211294900,33215377027,4082127
33000000000,33300000000,33215377027,33216988878,1611851
33000000000,33300000000,33216988878,33234326931,17338053
33000000000,33300000000,33234326931,33235764227,1437296
33000000000,33300000000,33235764227,33241024675,5260448
33000000000,33300000000,33241024675,33247779124,6754449
33000000000,33300000000,33247779124,33247781538,2414
33000000000,33300000000,33247781538,33247788045,6507
33000000000,33300000000,33247788045,33248572403,784358
33000000000,33300000000,33248572403,33248597445,25042
33000000000,33300000000,33248597445,33248600639,3194
33000000000,33300000000,33248600639,33261019126,12418487
33000000000,33300000000,33261019126,33261022853,3727
33000000000,33300000000,33261022853,33261027223,4370
33000000000,33300000000,33261027223,33261031857,4634
33000000000,33300000000,33261031857,33261033803,1946
33000000000,33300000000,33261033803,33261047271,13468
33000000000,33300000000,33261047271,33274942235,13894964
33000000000,33300000000,33274942235,33288548211,13605976
33000000000,33300000000,33288548211,33288552455,4244
33000000000,33300000000,33288552455,33288554923,2468
33300000000,33600000000,33300889608,33310167956,9278348
33300000000,33600000000,33310167956,33313298996,3131040
33300000000,33600000000,33313298996,33325349553,12050557
33300000000,33600000000,33325349553,33325420786,71233
33300000000,33600000000,33325420786,33327031627,1610841
33300000000,33600000000,33327031627,33327031628,1
33300000000,33600000000,33327031628,33328037206,1005578
33300000000,33600000000,33328037206,33337694187,9656981
33300000000,33600000000,33337694187,33339373221,1679034
33300000000,33600000000,33339373221,33342108969,2735748
33300000000,33600000000,33342108969,33344317036,2208067
33300000000,33600000000,33344317036,33348666202,4349166
33300000000,33600000000,33348666202,33350353649,1687447
33300000000,33600000000,33350353649,33362844766,12491117
33300000000,33600000000,33362844766,33368989799,6145033
33300000000,33600000000,33368989799,33399619104,30629305
33300000000,33600000000,33399619104,33399625464,6360
33300000000,33600000000,33399625464,33399628174,2710
33300000000,33600000000,33399628174,33401249194,1621020
33300000000,33600000000,33401249194,33406320237,5071043
33300000000,33600000000,33406320237,33431961494,25641257
33300000000,33600000000,33431961494,33447251686,15290192
33300000000,33600000000,33447251686,33447264961,13275
33300000000,33600000000,33447264961,33447336886,71925
33300000000,33600000000,33447336886,33447348529,11643
33300000000,33600000000,33447348529,33448799707,1451178
33300000000,33600000000,33448799707,33448799708,1
33300000000,33600000000,33448799708,33448799709,1
33300000000,33600000000,33448799709,33448799745,36
33300000000,33600000000,33448799745,33448799746,1
33300000000,33600000000,33448799746,33448799747,1
33300000000,33600000000,33448799747,33455569435,6769688
33300000000,33600000000,33455569435,33471541294,15971859
33300000000,33600000000,33471541294,33473023208,1481914
33300000000,33600000000,33473023208,33483562572,10539364
33300000000,33600000000,33483562572,33487968651,4406079
33300000000,33600000000,33487968651,33509802456,21833805
33300000000,33600000000,33509802456,33509807014,4558
33300000000,33600000000,33509807014,33509809632,2618
33300000000,33600000000,33509809632,33514664766,4855134
33300000000,33600000000,33514664766,33542740875,28076109
33300000000,33600000000,33542740875,33561204916,18464041
33300000000,33600000000,33561204916,33567578898,6373982
33300000000,33600000000,33567578898,33597975886,30396988
33300000000,33600000000,33597975886,33599858121,1882235
33300000000,33600000000,33599858121,33599858122,1
33600000000,33900000000,33602025335,33606412146,4386811
33600000000,33900000000,33606412146,33606613115,200969
33600000000,33900000000,33606613115,33608473449,1860334
33600000000,33900000000,33608473449,33610376311,1902862
33600000000,33900000000,33610376311,33610379694,3383
33600000000,33900000000,33610379694,33610383413,3719
33600000000,33900000000,33610383413,33624948394,14564981
33600000000,33900000000,33624948394,33624950545,2151
33600000000,33900000000,33624950545,33626750030,1799485
33600000000,33900000000,33626750030,33626750031,1
33600000000,33900000000,33626750031,33626750032,1
33600000000,33900000000,33626750032,33632683799,5933767
33600000000,33900000000,33632683799,33637294226,4610427
33600000000,33900000000,33637294226,33637303509,9283
33600000000,33900000000,33637303509,33637306726,3217
33600000000,33900000000,33637306726,33665036129,27729403
33600000000,33900000000,33665036129,33674192089,9155960
33600000000,33900000000,33674192089,33686796730,12604641
33600000000,33900000000,33686796730,33694194618,7397888
33600000000,33900000000,33694194618,33697866202,3671584
33600000000,33900000000,33697866202,33697872192,5990
33600000000,33900000000,33697872192,33706889332,9017140
33600000000,33900000000,33706889332,33711755781,4866449
33600000000,33900000000,33711755781,33724355980,12600199
33600000000,33900000000,33724355980,33724362878,6898
33600000000,33900000000,33724362878,33738052959,13690081
33600000000,33900000000,33738052959,33738820375,767416
33600000000,33900000000,33738820375,33740012237,1191862
33600000000,33900000000,33740012237,33740707119,694882
33600000000,33900000000,33740707119,33748384242,7677123
33600000000,33900000000,33748384242,33748387452,3210
33600000000,33900000000,33748387452,33760755298,12367846
33600000000,33900000000,33760755298,33760763504,8206
33600000000,33900000000,33760763504,33760767772,4268
33600000000,33900000000,33760767772,33762345260,1577488
33600000000,33900000000,33762345260,33762345261,1
33600000000,33900000000,33762345261,33762345296,35
33600000000,33900000000,33762345296,33773199085,10853789
33600000000,33900000000,33773199085,33773201843,2758
33600000000,33900000000,33773201843,33773204385,2542
33600000000,33900000000,33773204385,33778458605,5254220
33600000000,33900000000,33778458605,33796118114,17659509
33600000000,33900000000,33796118114,33796954987,836873
33600000000,33900000000,33796954987,33797747485,792498
33600000000,33900000000,33797747485,33797755722,8237
33600000000,33900000000,33797755722,33810692040,12936318
33600000000,33900000000,33810692040,33810702645,10605
33600000000,33900000000,33810702645,33812123210,1420565
33600000000,33900000000,33812123210,33812123211,1
33600000000,33900000000,33812123211,33818830195,6706984
33600000000,33900000000,33818830195,33822080520,3250325
33600000000,33900000000,33822080520,33841993599,19913079
33600000000,33900000000,33841993599,33850166635,8173036
33600000000,33900000000,33850166635,33857582274,7415639
33600000000,33900000000,33857582274,33859341205,1758931
33600000000,33900000000,33859341205,33859343350,2145
33600000000,33900000000,33859343350,33859345949,2599
33600000000,33900000000,33859345949,33859348312,2363
33600000000,33900000000,33859348312,33874321714,14973402
33600000000,33900000000,33874321714,33874328123,6409
33600000000,33900000000,33874328123,33875967734,1639611
33600000000,33900000000,33875967734,33886431883,10464149
33600000000,33900000000,33886431883,33886434135,2252
33600000000,33900000000,33886434135,33891910684,5476549
33600000000,33900000000,33891910684,33898615842,6705158
33600000000,33900000000,33898615842,33898621706,5864
33600000000,33900000000,33898621706,33898623893,2187
33900000000,34200000000,33900416293,33900416294,1
33900000000,34200000000,33900416294,33900416295,1
33900000000,34200000000,33900416295,33900445964,29669
33900000000,34200000000,33900445964,33902537541,2091577
33900000000,34200000000,33902537541,33905104416,2566875
33900000000,34200000000,33905104416,33905109124,4708
33900000000,34200000000,33905109124,33908486658,3377534
33900000000,34200000000,33908486658,33911138378,2651720
33900000000,34200000000,33911138378,33911142156,3778
33900000000,34200000000,33911142156,33911144791,2635
33900000000,34200000000,33911144791,33911146854,2063
33900000000,34200000000,33911146854,33911148922,2068
33900000000,34200000000,33911148922,33911150733,1811
33900000000,34200000000,33911150733,33911155300,4567
33900000000,34200000000,33911155300,33911896160,740860
33900000000,34200000000,33911896160,33923474370,11578210
33900000000,34200000000,33923474370,33937062399,13588029
33900000000,34200000000,33937062399,33940260189,3197790
33900000000,34200000000,33940260189,33949194799,8934610
33900000000,34200000000,33949194799,33960705485,11510686
33900000000,34200000000,33960705485,33962436138,1730653
33900000000,34200000000,33962436138,33962436139,1
33900000000,34200000000,33962436139,33967640693,5204554
33900000000,34200000000,33967640693,33998094881,30454188
33900000000,34200000000,33998094881,34000088066,1993185
33900000000,34200000000,34000088066,34000940426,852360
33900000000,34200000000,34000940426,34010895150,9954724
33900000000,34200000000,34010895150,34012660987,1765837
33900000000,34200000000,34012660987,34014494172,1833185
33900000000,34200000000,34014494172,34022580261,8086089
33900000000,34200000000,34022580261,34023446443,866182
33900000000,34200000000,34023446443,34023452504,6061
33900000000,34200000000,34023452504,34024303120,850616
33900000000,34200000000,34024303120,34033088823,8785703
33900000000,34200000000,34033088823,34037410337,4321514
33900000000,34200000000,34037410337,34045908631,8498294
33900000000,34200000000,34045908631,34061692810,15784179
33900000000,34200000000,34061692810,34063299671,1606861
33900000000,34200000000,34063299671,34063299672,1
33900000000,34200000000,34063299672,34066349089,3049417
33900000000,34200000000,34066349089,34068255465,1906376
33900000000,34200000000,34068255465,34069096940,841475
33900000000,34200000000,34069096940,34069103449,6509
33900000000,34200000000,34069103449,34070844525,1741076
33900000000,34200000000,34070844525,34070858340,13815
33900000000,34200000000,34070858340,34071653397,795057
33900000000,34200000000,34071653397,34072475911,822514
33900000000,34200000000,34072475911,34072478688,2777
33900000000,34200000000,34072478688,34074313412,1834724
33900000000,34200000000,34074313412,34074319311,5899
33900000000,34200000000,34074319311,34081605809,7286498
33900000000,34200000000,34081605809,34082582222,976413
33900000000,34200000000,34082582222,34084951017,2368795
33900000000,34200000000,34084951017,34086169190,1218173
33900000000,34200000000,34086169190,34092629253,6460063
33900000000,34200000000,34092629253,34093472119,842866
33900000000,34200000000,34093472119,34094425219,953100
33900000000,34200000000,34094425219,34095245993,820774
33900000000,34200000000,34095245993,34098815022,3569029
33900000000,34200000000,34098815022,34098817152,2130
33900000000,34200000000,34098817152,34098819292,2140
33900000000,34200000000,34098819292,34111450276,12630984
33900000000,34200000000,34111450276,34111474284,24008
33900000000,34200000000,34111474284,34111477327,3043
33900000000,34200000000,34111477327,34111486080,8753
33900000000,34200000000,34111486080,34113105650,1619570
33900000000,34200000000,34113105650,34113974110,868460
33900000000,34200000000,34113974110,34113987901,13791
33900000000,34200000000,34113987901,34147400334,33412433
33900000000,34200000000,34147400334,34163344082,15943748
33900000000,34200000000,34163344082,34171261556,7917474
33900000000,34200000000,34171261556,34177202654,5941098
33900000000,34200000000,34177202654,34184549562,7346908
33900000000,34200000000,34184549562,34185932428,1382866
33900000000,34200000000,34185932428,34195077371,9144943
33900000000,34200000000,34195077371,34197796419,2719048
34200000000,34500000000,34210149987,34216306269,6156282
34200000000,34500000000,34216306269,34218167444,1861175
34200000000,34500000000,34218167444,34218177507,10063
34200000000,34500000000,34218177507,34219157867,980360
34200000000,34500000000,34219157867,34219167333,9466
34200000000,34500000000,34219167333,34222258112,3090779
34200000000,34500000000,34222258112,34222262216,4104
34200000000,34500000000,34222262216,34234005884,11743668
34200000000,34500000000,34234005884,34234021407,15523
34200000000,34500000000,34234021407,34234819925,798518
34200000000,34500000000,34234819925,34234824529,4604
34200000000,34500000000,34234824529,34237981902,3157373
34200000000,34500000000,34237981902,34245643331,7661429
34200000000,34500000000,34245643331,34262374789,16731458
34200000000,34500000000,34262374789,34262530298,155509
34200000000,34500000000,34262530298,34263982646,1452348
34200000000,34500000000,34263982646,34263982647,1
34200000000,34500000000,34263982647,34268495644,4512997
34200000000,34500000000,34268495644,34275124573,6628929
34200000000,34500000000,34275124573,34286425984,11301411
34200000000,34500000000,34286425984,34290400473,3974489
34200000000,34500000000,34290400473,34334297344,43896871
34200000000,34500000000,34334297344,34336104396,1807052
34200000000,34500000000,34336104396,34336104397,1
34200000000,34500000000,34336104397,34339986992,3882595
34200000000,34500000000,34339986992,34346801008,6814016
34200000000,34500000000,34346801008,34346812180,11172
34200000000,34500000000,34346812180,34370544901,23732721
34200000000,34500000000,34370544901,34379785242,9240341
34200000000,34500000000,34379785242,34379790725,5483
34200000000,34500000000,34379790725,34383407701,3616976
34200000000,34500000000,34383407701,34383412539,4838
34200000000,34500000000,34383412539,34383441932,29393
34200000000,34500000000,34383441932,34387474611,4032679
34200000000,34500000000,34387474611,34396338307,8863696
34200000000,34500000000,34396338307,34397080585,742278
34200000000,34500000000,34397080585,34400841660,3761075
34200000000,34500000000,34400841660,34409634224,8792564
34200000000,34500000000,34409634224,34411609201,1974977
34200000000,34500000000,34411609201,34411609202,1
34200000000,34500000000,34411609202,34412444555,835353
34200000000,34500000000,34412444555,34416114062,3669507
34200000000,34500000000,34416114062,34418070968,1956906
34200000000,34500000000,34418070968,34423575471,5504503
34200000000,34500000000,34423575471,34423581557,6086
34200000000,34500000000,34423581557,34425806238,2224681
34200000000,34500000000,34425806238,34425812377,6139
34200000000,34500000000,34425812377,34443738227,17925850
34200000000,34500000000,34443738227,34459117660,15379433
34200000000,34500000000,34459117660,34461615684,2498024
34200000000,34500000000,34461615684,34461634770,19086
34200000000,34500000000,34461634770,34464110983,2476213
34200000000,34500000000,34464110983,34473882171,9771188
34500000000,34800000000,34500465799,34501612944,1147145
34500000000,34800000000,34501612944,34502593269,980325
34500000000,34800000000,34502593269,34513064406,10471137
34500000000,34800000000,34513064406,34513070940,6534
34500000000,34800000000,34513070940,34513785478,714538
34500000000,34800000000,34513785478,34514469970,684492
34500000000,34800000000,34514469970,34517444295,2974325
34500000000,34800000000,34517444295,34526316170,8871875
34500000000,34800000000,34526316170,34526325302,9132
34500000000,34800000000,34526325302,34537760463,11435161
34500000000,34800000000,34537760463,34539390497,1630034
34500000000,34800000000,34539390497,34539390498,1
34500000000,34800000000,34539390498,34540217060,826562
34500000000,34800000000,34540217060,34547048802,6831742
34500000000,34800000000,34547048802,34548557565,1508763
34500000000,34800000000,34548557565,34549987359,1429794
34500000000,34800000000,34549987359,34551443562,1456203
34500000000,34800000000,34551443562,34552157183,713621
34500000000,34800000000,34552157183,34557900502,5743319
34500000000,34800000000,34557900502,34562272796,4372294
34500000000,34800000000,34562272796,34570205557,7932761
34500000000,34800000000,34570205557,34586468322,16262765
34500000000,34800000000,34586468322,34586471956,3634
34500000000,34800000000,34586471956,34596882238,10410282
34500000000,34800000000,34596882238,34610562774,13680536
34500000000,34800000000,34610562774,34612507101,1944327
34500000000,34800000000,34612507101,34614941606,2434505
34500000000,34800000000,34614941606,34625014143,10072537
34500000000,34800000000,34625014143,34633324592,8310449
34500000000,34800000000,34633324592,34634152868,828276
34500000000,34800000000,34634152868,34636345962,2193094
34500000000,34800000000,34636345962,34637093650,747688
34500000000,34800000000,34637093650,34637105213,11563
34500000000,34800000000,34637105213,34637110346,5133
34500000000,34800000000,34637110346,34671610869,34500523
34500000000,34800000000,34671610869,34673167477,1556608
34500000000,34800000000,34673167477,34687600022,14432545
34500000000,34800000000,34687600022,34688278467,678445
34500000000,34800000000,34688278467,34689002417,723950
34500000000,34800000000,34689002417,34689784477,782060
34500000000,34800000000,34689784477,34699394019,9609542
34500000000,34800000000,34699394019,34723574310,24180291
34500000000,34800000000,34723574310,34726978954,3404644
34500000000,34800000000,34726978954,34728900042,1921088
34500000000,34800000000,34728900042,34730066459,1166417
34500000000,34800000000,34730066459,34736891194,6824735
34500000000,34800000000,34736891194,34741422083,4530889
34500000000,34800000000,34741422083,34761052608,19630525
34500000000,34800000000,34761052608,34761083508,30900
34500000000,34800000000,34761083508,34762600730,1517222
34500000000,34800000000,34762600730,34762622455,21725
34500000000,34800000000,34762622455,34765643905,3021450
34800000000,35100000000,34808416675,34811738139,3321464
34800000000,35100000000,34811738139,34812393526,655387
34800000000,35100000000,34812393526,34812396035,2509
34800000000,35100000000,34812396035,34812399110,3075
34800000000,35100000000,34812399110,34821942058,9542948
34800000000,35100000000,34821942058,34821945903,3845
34800000000,35100000000,34821945903,34839182495,17236592
34800000000,35100000000,34839182495,34845955774,6773279
34800000000,35100000000,34845955774,34845959273,3499
34800000000,35100000000,34845959273,34845961633,2360
34800000000,35100000000,34845961633,34845963717,2084
34800000000,35100000000,34845963717,34845966010,2293
34800000000,35100000000,34845966010,34856355090,10389080
34800000000,35100000000,34856355090,34857496342,1141252
34800000000,35100000000,34857496342,34858261865,765523
34800000000,35100000000,34858261865,34858266933,5068
34800000000,35100000000,34858266933,34858270488,3555
34800000000,35100000000,34858270488,34858272717,2229
34800000000,35100000000,34858272717,34858284980,12263
34800000000,35100000000,34858284980,34858287483,2503
34800000000,35100000000,34858287483,34863054376,4766893
34800000000,35100000000,34863054376,34870220591,7166215
34800000000,35100000000,34870220591,34870226458,5867
34800000000,35100000000,34870226458,34874799786,4573328
34800000000,35100000000,34874799786,34893742281,18942495
34800000000,35100000000,34893742281,34905876327,12134046
34800000000,35100000000,34905876327,34905880840,4513
34800000000,35100000000,34905880840,34908251106,2370266
34800000000,35100000000,34908251106,34915283739,7032633
34800000000,35100000000,34915283739,34929859567,14575828
34800000000,35100000000,34929859567,34933752606,3893039
34800000000,35100000000,34933752606,34933752607,1
34800000000,35100000000,34933752607,34937927392,4174785
34800000000,35100000000,34937927392,34942002386,4074994
34800000000,35100000000,34942002386,34942029887,27501
34800000000,35100000000,34942029887,34943789160,1759273
34800000000,35100000000,34943789160,34943789161,1
34800000000,35100000000,34943789161,34948413610,4624449
34800000000,35100000000,34948413610,34954562376,6148766
34800000000,35100000000,34954562376,34954569455,7079
34800000000,35100000000,34954569455,34954571525,2070
34800000000,35100000000,34954571525,34956417971,1846446
34800000000,35100000000,34956417971,34956417972,1
34800000000,35100000000,34956417972,34962615643,6197671
34800000000,35100000000,34962615643,34963534731,919088
34800000000,35100000000,34963534731,34966907976,3373245
34800000000,35100000000,34966907976,34966960475,52499
34800000000,35100000000,34966960475,34966979030,18555
34800000000,35100000000,34966979030,34978421251,11442221
34800000000,35100000000,34978421251,34979171333,750082
34800000000,35100000000,34979171333,34979175670,4337
34800000000,35100000000,34979175670,34979181287,5617
34800000000,35100000000,34979181287,34979194518,13231
34800000000,35100000000,34979194518,34980681149,1486631
34800000000,35100000000,34980681149,34980681150,1
34800000000,35100000000,34980681150,34980681388,238
34800000000,35100000000,34980681388,34980681389,1
34800000000,35100000000,34980681389,34988141342,7459953
34800000000,35100000000,34988141342,34988156040,14698
34800000000,35100000000,34988156040,34991722740,3566700
34800000000,35100000000,34991722740,34995554977,3832237
34800000000,35100000000,34995554977,34995554978,1
34800000000,35100000000,34995554978,35000831952,5276974
34800000000,35100000000,35000831952,35004905103,4073151
34800000000,35100000000,35004905103,35016357242,11452139
34800000000,35100000000,35016357242,35016369815,12573
34800000000,35100000000,35016369815,35019674030,3304215
34800000000,35100000000,35019674030,35019674031,1
34800000000,35100000000,35019674031,35021331373,1657342
34800000000,35100000000,35021331373,35027024253,5692880
34800000000,35100000000,35027024253,35064948442,37924189
34800000000,35100000000,35064948442,35086611200,21662758
34800000000,35100000000,35086611200,35089330846,2719646
35100000000,35400000000,35102108911,35103754914,1646003
35100000000,35400000000,35103754914,35103754915,1
35100000000,35400000000,35103754915,35110894198,7139283
35100000000,35400000000,35110894198,35113286055,2391857
35100000000,35400000000,35113286055,35126450290,13164235
35100000000,35400000000,35126450290,35139179160,12728870
35100000000,35400000000,35139179160,35139182210,3050
35100000000,35400000000,35139182210,35139184316,2106
35100000000,35400000000,35139184316,35146271013,7086697
35100000000,35400000000,35146271013,35147074337,803324
35100000000,35400000000,35147074337,35164605915,17531578
35100000000,35400000000,35164605915,35166054889,1448974
35100000000,35400000000,35166054889,35168381952,2327063
35100000000,35400000000,35168381952,35168386572,4620
35100000000,35400000000,35168386572,35172007249,3620677
35100000000,35400000000,35172007249,35172740442,733193
35100000000,35400000000,35172740442,35173517006,776564
35100000000,35400000000,35173517006,35174632408,1115402
35100000000,35400000000,35174632408,35175404089,771681
35100000000,35400000000,35175404089,35200861771,25457682
35100000000,35400000000,35200861771,35212922672,12060901
35100000000,35400000000,35212922672,35214428398,1505726
35100000000,35400000000,35214428398,35215207040,778642
35100000000,35400000000,35215207040,35225178770,9971730
35100000000,35400000000,35225178770,35226729678,1550908
35100000000,35400000000,35226729678,35237790435,11060757
35100000000,35400000000,35237790435,35239710132,1919697
35100000000,35400000000,35239710132,35246127468,6417336
35100000000,35400000000,35246127468,35285518233,39390765
35100000000,35400000000,35285518233,35288437932,2919699
35100000000,35400000000,35288437932,35291415153,2977221
35100000000,35400000000,35291415153,35296191801,4776648
35100000000,35400000000,35296191801,35297760965,1569164
35100000000,35400000000,35297760965,35324383979,26623014
35100000000,35400000000,35324383979,35325920313,1536334
35100000000,35400000000,35325920313,35329247469,3327156
35100000000,35400000000,35329247469,35336562080,7314611
35100000000,35400000000,35336562080,35342995399,6433319
35100000000,35400000000,35342995399,35343719719,724320
35100000000,35400000000,35343719719,35346024409,2304690
35100000000,35400000000,35346024409,35385867477,39843068
35400000000,35700000000,35402567678,35402574000,6322
35400000000,35700000000,35402574000,35403696939,1122939
35400000000,35700000000,35403696939,35405221935,1524996
35400000000,35700000000,35405221935,35410684217,5462282
35400000000,35700000000,35410684217,35410687963,3746
35400000000,35700000000,35410687963,35410690093,2130
35400000000,35700000000,35410690093,35410692681,2588
35400000000,35700000000,35410692681,35427156573,16463892
35400000000,35700000000,35427156573,35435936506,8779933
35400000000,35700000000,35435936506,35443601030,7664524
35400000000,35700000000,35443601030,35455216727,11615697
35400000000,35700000000,35455216727,35457349882,2133155
35400000000,35700000000,35457349882,35479158494,21808612
35400000000,35700000000,35479158494,35484887248,5728754
35400000000,35700000000,35484887248,35484891596,4348
35400000000,35700000000,35484891596,35499328827,14437231
35400000000,35700000000,35499328827,35514613196,15284369
35400000000,35700000000,35514613196,35530942793,16329597
35400000000,35700000000,35530942793,35532468460,1525667
35400000000,35700000000,35532468460,35534749369,2280909
35400000000,35700000000,35534749369,35545633113,10883744
35400000000,35700000000,35545633113,35595253008,49619895
35400000000,35700000000,35595253008,35607590674,12337666
35400000000,35700000000,35607590674,35609168012,1577338
35400000000,35700000000,35609168012,35615003981,5835969
35400000000,35700000000,35615003981,35636323274,21319293
35400000000,35700000000,35636323274,35650203175,13879901
35400000000,35700000000,35650203175,35650957911,754736
35400000000,35700000000,35650957911,35650980684,22773
35400000000,35700000000,35650980684,35651711818,731134
35400000000,35700000000,35651711818,35662491852,10780034
35400000000,35700000000,35662491852,35669541689,7049837
35400000000,35700000000,35669541689,35699140218,29598529
35700000000,36000000000,35701412634,35704421348,3008714
35700000000,36000000000,35704421348,35705174588,753240
35700000000,36000000000,35705174588,35710821182,5646594
35700000000,36000000000,35710821182,35723733506,12912324
35700000000,36000000000,35723733506,35723738117,4611
35700000000,36000000000,35723738117,35723740647,2530
35700000000,36000000000,35723740647,35723742924,2277
35700000000,36000000000,35723742924,35726415719,2672795
35700000000,36000000000,35726415719,35728429472,2013753
35700000000,36000000000,35728429472,35731328618,2899146
35700000000,36000000000,35731328618,35732830616,1501998
35700000000,36000000000,35732830616,35732835535,4919
35700000000,36000000000,35732835535,35736734668,3899133
35700000000,36000000000,35736734668,35750168029,13433361
35700000000,36000000000,35750168029,35770971042,20803013
35700000000,36000000000,35770971042,35790172180,19201138
35700000000,36000000000,35790172180,35792337813,2165633
35700000000,36000000000,35792337813,35821576853,29239040
35700000000,36000000000,35821576853,35833021766,11444913
35700000000,36000000000,35833021766,35834503506,1481740
35700000000,36000000000,35834503506,35846743021,12239515
35700000000,36000000000,35846743021,35847462469,719448
35700000000,36000000000,35847462469,35849033326,1570857
35700000000,36000000000,35849033326,35850468471,1435145
35700000000,36000000000,35850468471,35853711908,3243437
35700000000,36000000000,35853711908,35859353340,5641432
35700000000,36000000000,35859353340,35859359054,5714
35700000000,36000000000,35859359054,35859367496,8442
35700000000,36000000000,35859367496,35865987007,6619511
35700000000,36000000000,35865987007,35878467095,12480088
35700000000,36000000000,35878467095,35883125330,4658235
35700000000,36000000000,35883125330,35883146508,21178
35700000000,36000000000,35883146508,35885730513,2584005
35700000000,36000000000,35885730513,35892403771,6673258
35700000000,36000000000,35892403771,35894813333,2409562
35700000000,36000000000,35894813333,35895599636,786303
35700000000,36000000000,35895599636,35908057589,12457953
35700000000,36000000000,35908057589,35945303569,37245980
35700000000,36000000000,35945303569,35955266366,9962797
35700000000,36000000000,35955266366,35972636587,17370221
35700000000,36000000000,35972636587,35991229448,18592861
35700000000,36000000000,35991229448,35992674568,1445120
35700000000,36000000000,35992674568,35992674569,1
36000000000,36300000000,36002014685,36009449106,7434421
36000000000,36300000000,36009449106,36014983104,5533998
36000000000,36300000000,36014983104,36014996428,13324
36000000000,36300000000,36014996428,36014999171,2743
36000000000,36300000000,36014999171,36015001801,2630
36000000000,36300000000,36015001801,36015003701,1900
36000000000,36300000000,36015003701,36030977567,15973866
36000000000,36300000000,36030977567,36058052535,27074968
36000000000,36300000000,36058052535,36067387105,9334570
36000000000,36300000000,36067387105,36074845621,7458516
36000000000,36300000000,36074845621,36079388522,4542901
36000000000,36300000000,36079388522,36084290041,4901519
36000000000,36300000000,36084290041,36085764496,1474455
36000000000,36300000000,36085764496,36096028068,10263572
36000000000,36300000000,36096028068,36104342300,8314232
36000000000,36300000000,36104342300,36106191448,1849148
36000000000,36300000000,36106191448,36121111741,14920293
36000000000,36300000000,36121111741,36131311990,10200249
36000000000,36300000000,36131311990,36132123676,811686
36000000000,36300000000,36132123676,36132162457,38781
36000000000,36300000000,36132162457,36132897922,735465
36000000000,36300000000,36132897922,36137854894,4956972
36000000000,36300000000,36137854894,36147600415,9745521
36000000000,36300000000,36147600415,36148349923,749508
36000000000,36300000000,36148349923,36154299502,5949579
36000000000,36300000000,36154299502,36160096921,5797419
36000000000,36300000000,36160096921,36160099665,2744
36000000000,36300000000,36160099665,36170570925,10471260
36000000000,36300000000,36170570925,36171371918,800993
36000000000,36300000000,36171371918,36171376363,4445
36000000000,36300000000,36171376363,36172109286,732923
36000000000,36300000000,36172109286,36172796033,686747
36000000000,36300000000,36172796033,36183980466,11184433
36000000000,36300000000,36183980466,36193810353,9829887
36000000000,36300000000,36193810353,36195548993,1738640
36000000000,36300000000,36195548993,36195558560,9567
36000000000,36300000000,36195558560,36196468158,909598
36000000000,36300000000,36196468158,36196500459,32301
36000000000,36300000000,36196500459,36196522582,22123
36000000000,36300000000,36196522582,36204905969,8383387
36000000000,36300000000,36204905969,36219142656,14236687
36000000000,36300000000,36219142656,36238203695,19061039
36000000000,36300000000,36238203695,36252773426,14569731
36000000000,36300000000,36252773426,36254356276,1582850
36000000000,36300000000,36254356276,36279454005,25097729
36000000000,36300000000,36279454005,36279582413,128408
36000000000,36300000000,36279582413,36280973789,1391376
36000000000,36300000000,36280973789,36280973808,19
36000000000,36300000000,36280973808,36281696350,722542
36000000000,36300000000,36281696350,36286957456,5261106
36000000000,36300000000,36286957456,36293308348,6350892
36300000000,36600000000,36304891048,36304909205,18157
36300000000,36600000000,36304909205,36308332843,3423638
36300000000,36600000000,36308332843,36308976411,643568
36300000000,36600000000,36308976411,36311680695,2704284
36300000000,36600000000,36311680695,36311682905,2210
36300000000,36600000000,36311682905,36313075978,1393073
36300000000,36600000000,36313075978,36317663485,4587507
36300000000,36600000000,36317663485,36317700371,36886
36300000000,36600000000,36317700371,36317709192,8821
36300000000,36600000000,36317709192,36317712281,3089
36300000000,36600000000,36317712281,36324894503,7182222
36300000000,36600000000,36324894503,36333638006,8743503
36300000000,36600000000,36333638006,36355828133,22190127
36300000000,36600000000,36355828133,36361566016,5737883
36300000000,36600000000,36361566016,36366883152,5317136
36300000000,36600000000,36366883152,36371356436,4473284
36300000000,36600000000,36371356436,36376519169,5162733
36300000000,36600000000,36376519169,36379785752,3266583
36300000000,36600000000,36379785752,36413350741,33564989
36300000000,36600000000,36413350741,36430060819,16710078
36300000000,36600000000,36430060819,36433678903,3618084
36300000000,36600000000,36433678903,36438062702,4383799
36300000000,36600000000,36438062702,36439204660,1141958
36300000000,36600000000,36439204660,36451196686,11992026
36300000000,36600000000,36451196686,36457679146,6482460
36300000000,36600000000,36457679146,36461707642,4028496
36300000000,36600000000,36461707642,36475844924,14137282
36300000000,36600000000,36475844924,36477376966,1532042
36300000000,36600000000,36477376966,36487987936,10610970
36300000000,36600000000,36487987936,36492293401,4305465
36300000000,36600000000,36492293401,36510288059,17994658
36300000000,36600000000,36510288059,36512422460,2134401
36300000000,36600000000,36512422460,36519694570,7272110
36300000000,36600000000,36519694570,36540886768,21192198
36300000000,36600000000,36540886768,36544856211,3969443
36300000000,36600000000,36544856211,36580107326,35251115
36600000000,36900000000,36601209323,36605583462,4374139
36600000000,36900000000,36605583462,36611758186,6174724
36600000000,36900000000,36611758186,36612935849,1177663
36600000000,36900000000,36612935849,36623650365,10714516
36600000000,36900000000,36623650365,36624875474,1225109
36600000000,36900000000,36624875474,36624878968,3494
36600000000,36900000000,36624878968,36628785533,3906565
36600000000,36900000000,36628785533,36636980776,8195243
36600000000,36900000000,36636980776,36636983670,2894
36600000000,36900000000,36636983670,36636985738,2068
36600000000,36900000000,36636985738,36636987561,1823
36600000000,36900000000,36636987561,36640801845,3814284
36600000000,36900000000,36640801845,36648307257,7505412
36600000000,36900000000,36648307257,36649021314,714057
36600000000,36900000000,36649021314,36673743025,24721711
36600000000,36900000000,36673743025,36673753604,10579
36600000000,36900000000,36673753604,36674454010,700406
36600000000,36900000000,36674454010,36675124831,670821
36600000000,36900000000,36675124831,36675890487,765656
36600000000,36900000000,36675890487,36687166811,11276324
36600000000,36900000000,36687166811,36713108460,25941649
36600000000,36900000000,36713108460,36748388394,35279934
36600000000,36900000000,36748388394,36774316549,25928155
36600000000,36900000000,36774316549,36775040921,724372
36600000000,36900000000,36775040921,36776517275,1476354
36600000000,36900000000,36776517275,36804892269,28374994
36600000000,36900000000,36804892269,36808463490,3571221
36600000000,36900000000,36808463490,36808480358,16868
36600000000,36900000000,36808480358,36808483415,3057
36600000000,36900000000,36808483415,36838733111,30249696
36600000000,36900000000,36838733111,36840796780,2063669
36600000000,36900000000,36840796780,36843400031,2603251
36600000000,36900000000,36843400031,36848084012,4683981
36600000000,36900000000,36848084012,36851211956,3127944
36600000000,36900000000,36851211956,36856289397,5077441
36600000000,36900000000,36856289397,36856294958,5561
36600000000,36900000000,36856294958,36856298225,3267
36600000000,36900000000,36856298225,36857085672,787447
36600000000,36900000000,36857085672,36857817507,731835
36600000000,36900000000,36857817507,36861824647,4007140
36600000000,36900000000,36861824647,36863673852,1849205
36600000000,36900000000,36863673852,36865959933,2286081
36600000000,36900000000,36865959933,36876588309,10628376
36600000000,36900000000,36876588309,36880221151,3632842
36600000000,36900000000,36880221151,36880243471,22320
36600000000,36900000000,36880243471,36880246108,2637
36600000000,36900000000,36880246108,36880248326,2218
36600000000,36900000000,36880248326,36883708751,3460425
36600000000,36900000000,36883708751,36892695895,8987144
36600000000,36900000000,36892695895,36895200218,2504323
36900000000,37200000000,36900973824,36906026099,5052275
36900000000,37200000000,36906026099,36915916766,9890667
36900000000,37200000000,36915916766,36916723431,806665
36900000000,37200000000,36916723431,36916726037,2606
36900000000,37200000000,36916726037,36929350071,12624034
36900000000,37200000000,36929350071,36929374635,24564
36900000000,37200000000,36929374635,36929377099,2464
36900000000,37200000000,36929377099,36929379790,2691
36900000000,37200000000,36929379790,36929384254,4464
36900000000,37200000000,36929384254,36941931828,12547574
36900000000,37200000000,36941931828,36941936783,4955
36900000000,37200000000,36941936783,36948447006,6510223
36900000000,37200000000,36948447006,36951044119,2597113
36900000000,37200000000,36951044119,36954287565,3243446
36900000000,37200000000,36954287565,36957228652,2941087
36900000000,37200000000,36957228652,36958798041,1569389
36900000000,37200000000,36958798041,36964382264,5584223
36900000000,37200000000,36964382264,36970116350,5734086
36900000000,37200000000,36970116350,36978087537,7971187
36900000000,37200000000,36978087537,36978098619,11082
36900000000,37200000000,36978098619,36979578396,1479777
36900000000,37200000000,36979578396,36979578397,1
36900000000,37200000000,36979578397,36984912464,5334067
36900000000,37200000000,36984912464,37015798735,30886271
36900000000,37200000000,37015798735,37023036760,7238025
36900000000,37200000000,37023036760,37037650449,14613689
36900000000,37200000000,37037650449,37037655188,4739
36900000000,37200000000,37037655188,37037657129,1941
36900000000,37200000000,37037657129,37037659767,2638
36900000000,37200000000,37037659767,37037663803,4036
36900000000,37200000000,37037663803,37037666095,2292
36900000000,37200000000,37037666095,37037668227,2132
36900000000,37200000000,37037668227,37040012138,2343911
36900000000,37200000000,37040012138,37046750338,6738200
36900000000,37200000000,37046750338,37050901623,4151285
36900000000,37200000000,37050901623,37052928257,2026634
36900000000,37200000000,37052928257,37052928258,1
36900000000,37200000000,37052928258,37076305477,23377219
36900000000,37200000000,37076305477,37084588244,8282767
36900000000,37200000000,37084588244,37088849916,4261672
36900000000,37200000000,37088849916,37088974786,124870
36900000000,37200000000,37088974786,37097814702,8839916
36900000000,37200000000,37097814702,37101040118,3225416
36900000000,37200000000,37101040118,37101043987,3869
36900000000,37200000000,37101043987,37101047765,3778
36900000000,37200000000,37101047765,37101050091,2326
36900000000,37200000000,37101050091,37134837729,33787638
36900000000,37200000000,37134837729,37138612699,3774970
36900000000,37200000000,37138612699,37150870525,12257826
36900000000,37200000000,37150870525,37162285977,11415452
36900000000,37200000000,37162285977,37162289800,3823
36900000000,37200000000,37162289800,37163842691,1552891
36900000000,37200000000,37163842691,37163842692,1
36900000000,37200000000,37163842692,37172308587,8465895
36900000000,37200000000,37172308587,37176256103,3947516
36900000000,37200000000,37176256103,37178168301,1912198
36900000000,37200000000,37178168301,37179683930,1515629
36900000000,37200000000,37179683930,37188816994,9133064
36900000000,37200000000,37188816994,37188821059,4065
36900000000,37200000000,37188821059,37188823045,1986
36900000000,37200000000,37188823045,37191816604,2993559
37200000000,37500000000,37200640751,37201422995,782244
37200000000,37500000000,37201422995,37202960722,1537727
37200000000,37500000000,37202960722,37202960723,1
37200000000,37500000000,37202960723,37202989266,28543
37200000000,37500000000,37202989266,37208818318,5829052
37200000000,37500000000,37208818318,37211445423,2627105
37200000000,37500000000,37211445423,37212858314,1412891
37200000000,37500000000,37212858314,37213564732,706418
37200000000,37500000000,37213564732,37213567096,2364
37200000000,37500000000,37213567096,37215688056,2120960
37200000000,37500000000,37215688056,37225747275,10059219
37200000000,37500000000,37225747275,37225763114,15839
37200000000,37500000000,37225763114,37225770441,7327
37200000000,37500000000,37225770441,37227418409,1647968
37200000000,37500000000,37227418409,37235891464,8473055
37200000000,37500000000,37235891464,37237563290,1671826
37200000000,37500000000,37237563290,37238351682,788392
37200000000,37500000000,37238351682,37239890045,1538363
37200000000,37500000000,37239890045,37250782003,10891958
37200000000,37500000000,37250782003,37251564622,782619
37200000000,37500000000,37251564622,37251567035,2413
37200000000,37500000000,37251567035,37251568812,1777
37200000000,37500000000,37251568812,37265821304,14252492
37200000000,37500000000,37265821304,37277590837,11769533
37200000000,37500000000,37277590837,37277595913,5076
37200000000,37500000000,37277595913,37277598927,3014
37200000000,37500000000,37277598927,37277602132,3205
37200000000,37500000000,37277602132,37279075099,1472967
37200000000,37500000000,37279075099,37282278138,3203039
37200000000,37500000000,37282278138,37289898151,7620013
37200000000,37500000000,37289898151,37289918995,20844
37200000000,37500000000,37289918995,37289921723,2728
37200000000,37500000000,37289921723,37305000544,15078821
37200000000,37500000000,37305000544,37309596487,4595943
37200000000,37500000000,37309596487,37315650197,6053710
37200000000,37500000000,37315650197,37317103163,1452966
37200000000,37500000000,37317103163,37319213056,2109893
37200000000,37500000000,37319213056,37320976195,1763139
37200000000,37500000000,37320976195,37321897862,921667
37200000000,37500000000,37321897862,37327697822,5799960
37200000000,37500000000,37327697822,37332748000,5050178
37200000000,37500000000,37332748000,37333489841,741841
37200000000,37500000000,37333489841,37334176678,686837
37200000000,37500000000,37334176678,37334909372,732694
37200000000,37500000000,37334909372,37340506753,5597381
37200000000,37500000000,37340506753,37340524326,17573
37200000000,37500000000,37340524326,37343946985,3422659
37200000000,37500000000,37343946985,37352751704,8804719
37200000000,37500000000,37352751704,37352756875,5171
37200000000,37500000000,37352756875,37352759421,2546
37200000000,37500000000,37352759421,37352761811,2390
37200000000,37500000000,37352761811,37378235495,25473684
37200000000,37500000000,37378235495,37389066225,10830730
37200000000,37500000000,37389066225,37390621157,1554932
37200000000,37500000000,37390621157,37390621158,1
37200000000,37500000000,37390621158,37395655484,5034326
37200000000,37500000000,37395655484,37396395924,740440
37200000000,37500000000,37396395924,37401777076,5381152
37200000000,37500000000,37401777076,37401781942,4866
37200000000,37500000000,37401781942,37427343556,25561614
37200000000,37500000000,37427343556,37436030815,8687259
37200000000,37500000000,37436030815,37439371453,3340638
37200000000,37500000000,37439371453,37440080095,708642
37200000000,37500000000,37440080095,37440080096,1
37200000000,37500000000,37440080096,37440080097,1
37200000000,37500000000,37440080097,37440080098,1
37200000000,37500000000,37440080098,37451840650,11760552
37200000000,37500000000,37451840650,37453392385,1551735
37200000000,37500000000,37453392385,37453392386,1
37200000000,37500000000,37453392386,37454809475,1417089
37200000000,37500000000,37454809475,37464973218,10163743
37200000000,37500000000,37464973218,37468239547,3266329
37200000000,37500000000,37468239547,37489709704,21470157
37500000000,37800000000,37502437533,37502550396,112863
37500000000,37800000000,37502550396,37502552828,2432
37500000000,37800000000,37502552828,37502555444,2616
37500000000,37800000000,37502555444,37504453792,1898348
37500000000,37800000000,37504453792,37504453793,1
37500000000,37800000000,37504453793,37507013393,2559600
37500000000,37800000000,37507013393,37508698313,1684920
37500000000,37800000000,37508698313,37512887221,4188908
37500000000,37800000000,37512887221,37515598423,2711202
37500000000,37800000000,37515598423,37516325179,726756
37500000000,37800000000,37516325179,37516335868,10689
37500000000,37800000000,37516335868,37516338688,2820
37500000000,37800000000,37516338688,37528467167,12128479
37500000000,37800000000,37528467167,37528523767,56600
37500000000,37800000000,37528523767,37528526805,3038
37500000000,37800000000,37528526805,37528530255,3450
37500000000,37800000000,37528530255,37528533078,2823
37500000000,37800000000,37528533078,37528551534,18456
37500000000,37800000000,37528551534,37528564689,13155
37500000000,37800000000,37528564689,37530874388,2309699
37500000000,37800000000,37530874388,37530874389,1
37500000000,37800000000,37530874389,37530875408,1019
37500000000,37800000000,37530875408,37530876029,621
37500000000,37800000000,37530876029,37530915407,39378
37500000000,37800000000,37530915407,37530924270,8863
37500000000,37800000000,37530924270,37532407283,1483013
37500000000,37800000000,37532407283,37537243683,4836400
37500000000,37800000000,37537243683,37540548667,3304984
37500000000,37800000000,37540548667,37540554179,5512
37500000000,37800000000,37540554179,37542158584,1604405
37500000000,37800000000,37542158584,37542158585,1
37500000000,37800000000,37542158585,37545419872,3261287
37500000000,37800000000,37545419872,37545428739,8867
37500000000,37800000000,37545428739,37554311309,8882570
37500000000,37800000000,37554311309,37564451273,10139964
37500000000,37800000000,37564451273,37576185370,11734097
37500000000,37800000000,37576185370,37576908205,722835
37500000000,37800000000,37576908205,37578390522,1482317
37500000000,37800000000,37578390522,37586717312,8326790
37500000000,37800000000,37586717312,37587622894,905582
37500000000,37800000000,37587622894,37589399349,1776455
37500000000,37800000000,37589399349,37601395846,11996497
37500000000,37800000000,37601395846,37601417196,21350
37500000000,37800000000,37601417196,37614180528,12763332
37500000000,37800000000,37614180528,37614185539,5011
37500000000,37800000000,37614185539,37619234661,5049122
37500000000,37800000000,37619234661,37624535764,5301103
37500000000,37800000000,37624535764,37625362227,826463
37500000000,37800000000,37625362227,37626464253,1102026
37500000000,37800000000,37626464253,37638352430,11888177
37500000000,37800000000,37638352430,37650898072,12545642
37500000000,37800000000,37650898072,37654046557,3148485
37500000000,37800000000,37654046557,37656409913,2363356
37500000000,37800000000,37656409913,37657930627,1520714
37500000000,37800000000,37657930627,37660634421,2703794
37500000000,37800000000,37660634421,37664330166,3695745
37500000000,37800000000,37664330166,37664335302,5136
37500000000,37800000000,37664335302,37666005760,1670458
37500000000,37800000000,37666005760,37666008062,2302
37500000000,37800000000,37666008062,37667591403,1583341
37500000000,37800000000,37667591403,37667594272,2869
37500000000,37800000000,37667594272,37668468547,874275
37500000000,37800000000,37668468547,37670561817,2093270
37500000000,37800000000,37670561817,37672971740,2409923
37500000000,37800000000,37672971740,37676046560,3074820
37500000000,37800000000,37676046560,37679220320,3173760
37500000000,37800000000,37679220320,37679222973,2653
37500000000,37800000000,37679222973,37682215295,2992322
37500000000,37800000000,37682215295,37689820081,7604786
37500000000,37800000000,37689820081,37689822535,2454
37500000000,37800000000,37689822535,37697338473,7515938
37500000000,37800000000,37697338473,37697345091,6618
37500000000,37800000000,37697345091,37702847255,5502164
37500000000,37800000000,37702847255,37702855000,7745
37500000000,37800000000,37702855000,37702857880,2880
37500000000,37800000000,37702857880,37702863772,5892
37500000000,37800000000,37702863772,37704580200,1716428
37500000000,37800000000,37704580200,37714906912,10326712
37500000000,37800000000,37714906912,37714912021,5109
37500000000,37800000000,37714912021,37731634092,16722071
37500000000,37800000000,37731634092,37750337015,18702923
37500000000,37800000000,37750337015,37764735469,14398454
37500000000,37800000000,37764735469,37764741398,5929
37500000000,37800000000,37764741398,37764743872,2474
37500000000,37800000000,37764743872,37764745815,1943
37500000000,37800000000,37764745815,37789306766,24560951
37800000000,38100000000,37816061465,37816072895,11430
37800000000,38100000000,37816072895,37816812678,739783
37800000000,38100000000,37816812678,37823580091,6767413
37800000000,38100000000,37823580091,37824835984,1255893
37800000000,38100000000,37824835984,37825754348,918364
37800000000,38100000000,37825754348,37826683976,929628
37800000000,38100000000,37826683976,37829097254,2413278
37800000000,38100000000,37829097254,37829101468,4214
37800000000,38100000000,37829101468,37829104254,2786
37800000000,38100000000,37829104254,37833977145,4872891
37800000000,38100000000,37833977145,37841194402,7217257
37800000000,38100000000,37841194402,37847495802,6301400
37800000000,38100000000,37847495802,37854331025,6835223
37800000000,38100000000,37854331025,37854338726,7701
37800000000,38100000000,37854338726,37855804888,1466162
37800000000,38100000000,37855804888,37855805006,118
37800000000,38100000000,37855805006,37855827011,22005
37800000000,38100000000,37855827011,37856632291,805280
37800000000,38100000000,37856632291,37861305740,4673449
37800000000,38100000000,37861305740,37862943184,1637444
37800000000,38100000000,37862943184,37903569896,40626712
37800000000,38100000000,37903569896,37909198203,5628307
37800000000,38100000000,37909198203,37913526600,4328397
37800000000,38100000000,37913526600,37913536555,9955
37800000000,38100000000,37913536555,37931750242,18213687
37800000000,38100000000,37931750242,37951495376,19745134
37800000000,38100000000,37951495376,37951504272,8896
37800000000,38100000000,37951504272,37951510042,5770
37800000000,38100000000,37951510042,37953441370,1931328
37800000000,38100000000,37953441370,37953441371,1
37800000000,38100000000,37953441371,37953441400,29
37800000000,38100000000,37953441400,37959754840,6313440
37800000000,38100000000,37959754840,37962654613,2899773
37800000000,38100000000,37962654613,37964619286,1964673
37800000000,38100000000,37964619286,37970504796,5885510
37800000000,38100000000,37970504796,37979296129,8791333
37800000000,38100000000,37979296129,37992362963,13066834
37800000000,38100000000,37992362963,38024387020,32024057
37800000000,38100000000,38024387020,38025612314,1225294
37800000000,38100000000,38025612314,38037996573,12384259
37800000000,38100000000,38037996573,38037999823,3250
37800000000,38100000000,38037999823,38038001843,2020
37800000000,38100000000,38038001843,38042870441,4868598
37800000000,38100000000,38042870441,38052825845,9955404
37800000000,38100000000,38052825845,38055156488,2330643
37800000000,38100000000,38055156488,38057739364,2582876
37800000000,38100000000,38057739364,38064895697,7156333
37800000000,38100000000,38064895697,38064901325,5628
37800000000,38100000000,38064901325,38064905689,4364
37800000000,38100000000,38064905689,38077307357,12401668
37800000000,38100000000,38077307357,38079368427,2061070
37800000000,38100000000,38079368427,38079577675,209248
38100000000,38400000000,38101179779,38104494060,3314281
38100000000,38400000000,38104494060,38112735473,8241413
38100000000,38400000000,38112735473,38112739006,3533
38100000000,38400000000,38112739006,38114106677,1367671
38100000000,38400000000,38114106677,38116458544,2351867
38100000000,38400000000,38116458544,38125889661,9431117
38100000000,38400000000,38125889661,38128440134,2550473
38100000000,38400000000,38128440134,38132007410,3567276
38100000000,38400000000,38132007410,38134261056,2253646
38100000000,38400000000,38134261056,38137679559,3418503
38100000000,38400000000,38137679559,38148924692,11245133
38100000000,38400000000,38148924692,38151024978,2100286
38100000000,38400000000,38151024978,38151748850,723872
38100000000,38400000000,38151748850,38176671026,24922176
38100000000,38400000000,38176671026,38176674698,3672
38100000000,38400000000,38176674698,38176676914,2216
38100000000,38400000000,38176676914,38189537284,12860370
38100000000,38400000000,38189537284,38190870387,1333103
38100000000,38400000000,38190870387,38204282696,13412309
38100000000,38400000000,38204282696,38205725482,1442786
38100000000,38400000000,38205725482,38205725483,1
38100000000,38400000000,38205725483,38211805781,6080298
38100000000,38400000000,38211805781,38213184660,1378879
38100000000,38400000000,38213184660,38213208327,23667
38100000000,38400000000,38213208327,38214599633,1391306
38100000000,38400000000,38214599633,38216003803,1404170
38100000000,38400000000,38216003803,38218042031,2038228
38100000000,38400000000,38218042031,38219349315,1307284
38100000000,38400000000,38219349315,38219349316,1
38100000000,38400000000,38219349316,38223995375,4646059
38100000000,38400000000,38223995375,38226078460,2083085
38100000000,38400000000,38226078460,38229658032,3579572
38100000000,38400000000,38229658032,38231409823,1751791
38100000000,38400000000,38231409823,38231412404,2581
38100000000,38400000000,38231412404,38231416046,3642
38100000000,38400000000,38231416046,38232168844,752798
38100000000,38400000000,38232168844,38234175611,2006767
38100000000,38400000000,38234175611,38253943471,19767860
38100000000,38400000000,38253943471,38256184840,2241369
38100000000,38400000000,38256184840,38256927894,743054
38100000000,38400000000,38256927894,38256948516,20622
38100000000,38400000000,38256948516,38258447408,1498892
38100000000,38400000000,38258447408,38262253344,3805936
38100000000,38400000000,38262253344,38265101129,2847785
38100000000,38400000000,38265101129,38267439892,2338763
38100000000,38400000000,38267439892,38269499686,2059794
38100000000,38400000000,38269499686,38274302823,4803137
38100000000,38400000000,38274302823,38281194148,6891325
38100000000,38400000000,38281194148,38281889697,695549
38100000000,38400000000,38281889697,38291767736,9878039
38100000000,38400000000,38291767736,38291792685,24949
38100000000,38400000000,38291792685,38292494073,701388
38100000000,38400000000,38292494073,38292515811,21738
38100000000,38400000000,38292515811,38293150229,634418
38100000000,38400000000,38293150229,38293155244,5015
38100000000,38400000000,38293155244,38293158345,3101
38100000000,38400000000,38293158345,38305994721,12836376
38100000000,38400000000,38305994721,38305999717,4996
38100000000,38400000000,38305999717,38308386178,2386461
38100000000,38400000000,38308386178,38308386179,1
38100000000,38400000000,38308386179,38318126702,9740523
38100000000,38400000000,38318126702,38351951313,33824611
38100000000,38400000000,38351951313,38353687329,1736016
38100000000,38400000000,38353687329,38353691235,3906
38100000000,38400000000,38353691235,38365754815,12063580
38100000000,38400000000,38365754815,38366137447,382632
38100000000,38400000000,38366137447,38366146594,9147
38100000000,38400000000,38366146594,38381520129,15373535
38100000000,38400000000,38381520129,38394589394,13069265
38400000000,38700000000,38413656333,38416776470,3120137
38400000000,38700000000,38416776470,38418203403,1426933
38400000000,38700000000,38418203403,38418207543,4140
38400000000,38700000000,38418207543,38418213328,5785
38400000000,38700000000,38418213328,38418218909,5581
38400000000,38700000000,38418218909,38420698790,2479881
38400000000,38700000000,38420698790,38430407497,9708707
38400000000,38700000000,38430407497,38430415546,8049
38400000000,38700000000,38430415546,38430419616,4070
38400000000,38700000000,38430419616,38432539281,2119665
38400000000,38700000000,38432539281,38437073756,4534475
38400000000,38700000000,38437073756,38443806200,6732444
38400000000,38700000000,38443806200,38443814440,8240
38400000000,38700000000,38443814440,38443819873,5433
38400000000,38700000000,38443819873,38445671332,1851459
38400000000,38700000000,38445671332,38450378129,4706797
38400000000,38700000000,38450378129,38450403166,25037
38400000000,38700000000,38450403166,38456433092,6029926
38400000000,38700000000,38456433092,38456476089,42997
38400000000,38700000000,38456476089,38492040224,35564135
38400000000,38700000000,38492040224,38492080191,39967
38400000000,38700000000,38492080191,38492083613,3422
38400000000,38700000000,38492083613,38495344881,3261268
38400000000,38700000000,38495344881,38495344882,1
38400000000,38700000000,38495344882,38495344952,70
38400000000,38700000000,38495344952,38495344953,1
38400000000,38700000000,38495344953,38495344954,1
38400000000,38700000000,38495344954,38498954709,3609755
38400000000,38700000000,38498954709,38505913060,6958351
38400000000,38700000000,38505913060,38515858633,9945573
38400000000,38700000000,38515858633,38531812231,15953598
38400000000,38700000000,38531812231,38539820518,8008287
38400000000,38700000000,38539820518,38539999612,179094
38400000000,38700000000,38539999612,38550101070,10101458
38400000000,38700000000,38550101070,38552323067,2221997
38400000000,38700000000,38552323067,38565918082,13595015
38400000000,38700000000,38565918082,38602449698,36531616
38400000000,38700000000,38602449698,38628054896,25605198
38400000000,38700000000,38628054896,38628886128,831232
38400000000,38700000000,38628886128,38628894190,8062
38400000000,38700000000,38628894190,38630533752,1639562
38400000000,38700000000,38630533752,38630533753,1
38400000000,38700000000,38630533753,38632703097,2169344
38400000000,38700000000,38632703097,38640909305,8206208
38400000000,38700000000,38640909305,38640912804,3499
38400000000,38700000000,38640912804,38643712888,2800084
38400000000,38700000000,38643712888,38664927425,21214537
38400000000,38700000000,38664927425,38678052274,13124849
38400000000,38700000000,38678052274,38678054788,2514
38400000000,38700000000,38678054788,38679794927,1740139
38400000000,38700000000,38679794927,38683576660,3781733
38400000000,38700000000,38683576660,38691180963,7604303
38400000000,38700000000,38691180963,38691183764,2801
38400000000,38700000000,38691183764,38691186185,2421
38400000000,38700000000,38691186185,38691189108,2923
38700000000,39000000000,38703731854,38715529100,11797246
38700000000,39000000000,38715529100,38717202997,1673897
38700000000,39000000000,38717202997,38717202998,1
38700000000,39000000000,38717202998,38719711439,2508441
38700000000,39000000000,38719711439,38719719445,8006
38700000000,39000000000,38719719445,38728131176,8411731
38700000000,39000000000,38728131176,38740023772,11892596
38700000000,39000000000,38740023772,38758113458,18089686
38700000000,39000000000,38758113458,38762061345,3947887
38700000000,39000000000,38762061345,38762064561,3216
38700000000,39000000000,38762064561,38762931522,866961
38700000000,39000000000,38762931522,38764093279,1161757
38700000000,39000000000,38764093279,38764871829,778550
38700000000,39000000000,38764871829,38765665780,793951
38700000000,39000000000,38765665780,38765670210,4430
38700000000,39000000000,38765670210,38767204292,1534082
38700000000,39000000000,38767204292,38768720656,1516364
38700000000,39000000000,38768720656,38769521275,800619
38700000000,39000000000,38769521275,38771688791,2167516
38700000000,39000000000,38771688791,38774635720,2946929
38700000000,39000000000,38774635720,38804471528,29835808
38700000000,39000000000,38804471528,38804537577,66049
38700000000,39000000000,38804537577,38807229587,2692010
38700000000,39000000000,38807229587,38807229588,1
38700000000,39000000000,38807229588,38807229668,80
38700000000,39000000000,38807229668,38812836608,5606940
38700000000,39000000000,38812836608,38836202597,23365989
38700000000,39000000000,38836202597,38841294291,5091694
38700000000,39000000000,38841294291,38841298713,4422
38700000000,39000000000,38841298713,38841301110,2397
38700000000,39000000000,38841301110,38853295436,11994326
38700000000,39000000000,38853295436,38854855790,1560354
38700000000,39000000000,38854855790,38870325221,15469431
38700000000,39000000000,38870325221,38891130751,20805530
38700000000,39000000000,38891130751,38891157781,27030
38700000000,39000000000,38891157781,38892697940,1540159
38700000000,39000000000,38892697940,38897002982,4305042
38700000000,39000000000,38897002982,38898645738,1642756
38700000000,39000000000,38898645738,38898667104,21366
38700000000,39000000000,38898667104,38903114386,4447282
38700000000,39000000000,38903114386,38908212769,5098383
38700000000,39000000000,38908212769,38912495474,4282705
38700000000,39000000000,38912495474,38941597194,29101720
38700000000,39000000000,38941597194,38942591529,994335
38700000000,39000000000,38942591529,38943325706,734177
38700000000,39000000000,38943325706,38943325707,1
38700000000,39000000000,38943325707,38943352449,26742
38700000000,39000000000,38943352449,38952268948,8916499
38700000000,39000000000,38952268948,38954000661,1731713
38700000000,39000000000,38954000661,38954003509,2848
38700000000,39000000000,38954003509,38954005624,2115
38700000000,39000000000,38954005624,38954007910,2286
38700000000,39000000000,38954007910,38954010029,2119
38700000000,39000000000,38954010029,38954011589,1560
38700000000,39000000000,38954011589,38954013105,1516
38700000000,39000000000,38954013105,38966590247,12577142
38700000000,39000000000,38966590247,38968561791,1971544
38700000000,39000000000,38968561791,38974993380,6431589
38700000000,39000000000,38974993380,38979635906,4642526
38700000000,39000000000,38979635906,38981182145,1546239
38700000000,39000000000,38981182145,38992347824,11165679
38700000000,39000000000,38992347824,38992354435,6611
39000000000,39300000000,39000583799,39000597366,13567
39000000000,39300000000,39000597366,39003356505,2759139
39000000000,39300000000,39003356505,39007322142,3965637
39000000000,39300000000,39007322142,39009793640,2471498
39000000000,39300000000,39009793640,39013889442,4095802
39000000000,39300000000,39013889442,39013910028,20586
39000000000,39300000000,39013910028,39014793995,883967
39000000000,39300000000,39014793995,39018105797,3311802
39000000000,39300000000,39018105797,39019755347,1649550
39000000000,39300000000,39019755347,39019760348,5001
39000000000,39300000000,39019760348,39019762709,2361
39000000000,39300000000,39019762709,39019765184,2475
39000000000,39300000000,39019765184,39023327924,3562740
39000000000,39300000000,39023327924,39044847167,21519243
39000000000,39300000000,39044847167,39052214903,7367736
39000000000,39300000000,39052214903,39056321287,4106384
39000000000,39300000000,39056321287,39057119133,797846
39000000000,39300000000,39057119133,39057897513,778380
39000000000,39300000000,39057897513,39058694749,797236
39000000000,39300000000,39058694749,39066895187,8200438
39000000000,39300000000,39066895187,39068531835,1636648
39000000000,39300000000,39068531835,39081666544,13134709
39000000000,39300000000,39081666544,39106653561,24987017
39000000000,39300000000,39106653561,39117022346,10368785
39000000000,39300000000,39117022346,39133560855,16538509
39000000000,39300000000,39133560855,39137197437,3636582
39000000000,39300000000,39137197437,39140178437,2981000
39000000000,39300000000,39140178437,39142224972,2046535
39000000000,39300000000,39142224972,39142227186,2214
39000000000,39300000000,39142227186,39144932722,2705536
39000000000,39300000000,39144932722,39146515073,1582351
39000000000,39300000000,39146515073,39179039687,32524614
39000000000,39300000000,39179039687,39179042399,2712
39000000000,39300000000,39179042399,39185038230,5995831
39000000000,39300000000,39185038230,39193439806,8401576
39000000000,39300000000,39193439806,39195078871,1639065
39000000000,39300000000,39195078871,39195995154,916283
39000000000,39300000000,39195995154,39239059821,43064667
39000000000,39300000000,39239059821,39244218622,5158801
39000000000,39300000000,39244218622,39251858250,7639628
39000000000,39300000000,39251858250,39255299465,3441215
39000000000,39300000000,39255299465,39255325100,25635
39000000000,39300000000,39255325100,39255327212,2112
39000000000,39300000000,39255327212,39255330108,2896
39000000000,39300000000,39255330108,39255332398,2290
39000000000,39300000000,39255332398,39255337627,5229
39000000000,39300000000,39255337627,39282693508,27355881
39000000000,39300000000,39282693508,39290968712,8275204
39000000000,39300000000,39290968712,39292494137,1525425
39000000000,39300000000,39292494137,39292494138,1
39300000000,39600000000,39301333599,39302999418,1665819
39300000000,39600000000,39302999418,39303001769,2351
39300000000,39600000000,39303001769,39303003512,1743
39300000000,39600000000,39303003512,39318189038,15185526
39300000000,39600000000,39318189038,39318194754,5716
39300000000,39600000000,39318194754,39318196993,2239
39300000000,39600000000,39318196993,39318199550,2557
39300000000,39600000000,39318199550,39328717740,10518190
39300000000,39600000000,39328717740,39355938096,27220356
39300000000,39600000000,39355938096,39383319677,27381581
39300000000,39600000000,39383319677,39404722955,21403278
39300000000,39600000000,39404722955,39407176343,2453388
39300000000,39600000000,39407176343,39415380638,8204295
39300000000,39600000000,39415380638,39417110452,1729814
39300000000,39600000000,39417110452,39421550518,4440066
39300000000,39600000000,39421550518,39443505263,21954745
39300000000,39600000000,39443505263,39456087125,12581862
39300000000,39600000000,39456087125,39463605013,7517888
39300000000,39600000000,39463605013,39463608680,3667
39300000000,39600000000,39463608680,39477004968,13396288
39300000000,39600000000,39477004968,39480590336,3585368
39300000000,39600000000,39480590336,39480595729,5393
39300000000,39600000000,39480595729,39480600206,4477
39300000000,39600000000,39480600206,39480605308,5102
39300000000,39600000000,39480605308,39480609767,4459
39300000000,39600000000,39480609767,39480614908,5141
39300000000,39600000000,39480614908,39490295041,9680133
39300000000,39600000000,39490295041,39494380180,4085139
39300000000,39600000000,39494380180,39496724465,2344285
39300000000,39600000000,39496724465,39513675299,16950834
39300000000,39600000000,39513675299,39518735706,5060407
39300000000,39600000000,39518735706,39519684004,948298
39300000000,39600000000,39519684004,39520659491,975487
39300000000,39600000000,39520659491,39533798815,13139324
39300000000,39600000000,39533798815,39556474594,22675779
39300000000,39600000000,39556474594,39569563715,13089121
39300000000,39600000000,39569563715,39575481442,5917727
39300000000,39600000000,39575481442,39575481443,1
39300000000,39600000000,39575481443,39583572903,8091460
39300000000,39600000000,39583572903,39585224264,1651361
39300000000,39600000000,39585224264,39596982872,11758608
39600000000,39900000000,39619133045,39620202945,1069900
39600000000,39900000000,39620202945,39620230412,27467
39600000000,39900000000,39620230412,39631712205,11481793
39600000000,39900000000,39631712205,39634278087,2565882
39600000000,39900000000,39634278087,39634284619,6532
39600000000,39900000000,39634284619,39638668268,4383649
39600000000,39900000000,39638668268,39646518420,7850152
39600000000,39900000000,39646518420,39647473163,954743
39600000000,39900000000,39647473163,39648328764,855601
39600000000,39900000000,39648328764,39648328765,1
39600000000,39900000000,39648328765,39649204685,875920
39600000000,39900000000,39649204685,39670699019,21494334
39600000000,39900000000,39670699019,39681716786,11017767
39600000000,39900000000,39681716786,39708552616,26835830
39600000000,39900000000,39708552616,39722086538,13533922
39600000000,39900000000,39722086538,39722859532,772994
39600000000,39900000000,39722859532,39722868624,9092
39600000000,39900000000,39722868624,39722874197,5573
39600000000,39900000000,39722874197,39733270087,10395890
39600000000,39900000000,39733270087,39733275475,5388
39600000000,39900000000,39733275475,39733278273,2798
39600000000,39900000000,39733278273,39738143402,4865129
39600000000,39900000000,39738143402,39746508565,8365163
39600000000,39900000000,39746508565,39781200810,34692245
39600000000,39900000000,39781200810,39802448155,21247345
39600000000,39900000000,39802448155,39843693344,41245189
39600000000,39900000000,39843693344,39846668267,2974923
39600000000,39900000000,39846668267,39853215113,6546846
39600000000,39900000000,39853215113,39863654806,10439693
39600000000,39900000000,39863654806,39878607173,14952367
39600000000,39900000000,39878607173,39880289265,1682092
39600000000,39900000000,39880289265,39881053176,763911
39600000000,39900000000,39881053176,39891259447,10206271
39900000000,40200000000,39902990315,39904566525,1576210
39900000000,40200000000,39904566525,39909088995,4522470
39900000000,40200000000,39909088995,39909096472,7477
39900000000,40200000000,39909096472,39911531126,2434654
39900000000,40200000000,39911531126,39913943726,2412600
39900000000,40200000000,39913943726,39916468316,2524590
39900000000,40200000000,39916468316,39916472429,4113
39900000000,40200000000,39916472429,39919941168,3468739
39900000000,40200000000,39919941168,39919941169,1
39900000000,40200000000,39919941169,39922226295,2285126
39900000000,40200000000,39922226295,39929211314,6985019
39900000000,40200000000,39929211314,39931439625,2228311
39900000000,40200000000,39931439625,39931439626,1
39900000000,40200000000,39931439626,39941344114,9904488
39900000000,40200000000,39941344114,39946550430,5206316
39900000000,40200000000,39946550430,39952405592,5855162
39900000000,40200000000,39952405592,39952405593,1
39900000000,40200000000,39952405593,39977921405,25515812
39900000000,40200000000,39977921405,39984493795,6572390
39900000000,40200000000,39984493795,39984493796,1
39900000000,40200000000,39984493796,39985917767,1423971
39900000000,40200000000,39985917767,39986833902,916135
39900000000,40200000000,39986833902,39992126641,5292739
39900000000,40200000000,39992126641,40015828406,23701765
39900000000,40200000000,40015828406,40026519332,10690926
39900000000,40200000000,40026519332,40039247166,12727834
39900000000,40200000000,40039247166,40039253726,6560
39900000000,40200000000,40039253726,40090232909,50979183
39900000000,40200000000,40090232909,40097482692,7249783
39900000000,40200000000,40097482692,40097488219,5527
39900000000,40200000000,40097488219,40113642187,16153968
39900000000,40200000000,40113642187,40114420150,777963
39900000000,40200000000,40114420150,40114420151,1
39900000000,40200000000,40114420151,40120782010,6361859
39900000000,40200000000,40120782010,40125176663,4394653
39900000000,40200000000,40125176663,40125994117,817454
39900000000,40200000000,40125994117,40155687734,29693617
39900000000,40200000000,40155687734,40198363786,42676052
39900000000,40200000000,40198363786,40198383716,19930
40200000000,40500000000,40200753099,40210919872,10166773
40200000000,40500000000,40210919872,40212619360,1699488
40200000000,40500000000,40212619360,40213436432,817072
40200000000,40500000000,40213436432,40216916486,3480054
40200000000,40500000000,40216916486,40221620032,4703546
40200000000,40500000000,40221620032,40222339863,719831
40200000000,40500000000,40222339863,40223829676,1489813
40200000000,40500000000,40223829676,40223831953,2277
40200000000,40500000000,40223831953,40223833701,1748
40200000000,40500000000,40223833701,40225832080,1998379
40200000000,40500000000,40225832080,40235974866,10142786
40200000000,40500000000,40235974866,40236797782,822916
40200000000,40500000000,40236797782,40236800463,2681
40200000000,40500000000,40236800463,40236803406,2943
40200000000,40500000000,40236803406,40236806144,2738
40200000000,40500000000,40236806144,40236808594,2450
40200000000,40500000000,40236808594,40246389129,9580535
40200000000,40500000000,40246389129,40253264067,6874938
40200000000,40500000000,40253264067,40260819959,7555892
40200000000,40500000000,40260819959,40273042354,12222395
40200000000,40500000000,40273042354,40275159656,2117302
40200000000,40500000000,40275159656,40285604954,10445298
40200000000,40500000000,40285604954,40285609001,4047
40200000000,40500000000,40285609001,40296148317,10539316
40200000000,40500000000,40296148317,40309656000,13507683
40200000000,40500000000,40309656000,40321380721,11724721
40200000000,40500000000,40321380721,40325538231,4157510
40200000000,40500000000,40325538231,40333978997,8440766
40200000000,40500000000,40333978997,40339993707,6014710
40200000000,40500000000,40339993707,40340787797,794090
40200000000,40500000000,40340787797,40355338899,14551102
40200000000,40500000000,40355338899,40370900078,15561179
40200000000,40500000000,40370900078,40395854350,24954272
40200000000,40500000000,40395854350,40408591382,12737032
40200000000,40500000000,40408591382,40410154409,1563027
40200000000,40500000000,40410154409,40410154410,1
40200000000,40500000000,40410154410,40451252196,41097786
40200000000,40500000000,40451252196,40452003579,751383
40200000000,40500000000,40452003579,40452010627,7048
40200000000,40500000000,40452010627,40453129609,1118982
40200000000,40500000000,40453129609,40466325092,13195483
40200000000,40500000000,40466325092,40469320587,2995495
40200000000,40500000000,40469320587,40469324247,3660
40200000000,40500000000,40469324247,40469329156,4909
40200000000,40500000000,40469329156,40469342561,13405
40200000000,40500000000,40469342561,40484866222,15523661
40500000000,40800000000,40500851062,40507928655,7077593
40500000000,40800000000,40507928655,40510312875,2384220
40500000000,40800000000,40510312875,40512795375,2482500
40500000000,40800000000,40512795375,40514470750,1675375
40500000000,40800000000,40514470750,40516184465,1713715
40500000000,40800000000,40516184465,40519718131,3533666
40500000000,40800000000,40519718131,40523582786,3864655
40500000000,40800000000,40523582786,40540033123,16450337
40500000000,40800000000,40540033123,40544416561,4383438
40500000000,40800000000,40544416561,40546804235,2387674
40500000000,40800000000,40546804235,40555645076,8840841
40500000000,40800000000,40555645076,40557052687,1407611
40500000000,40800000000,40557052687,40557058755,6068
40500000000,40800000000,40557058755,40557061234,2479
40500000000,40800000000,40557061234,40563486541,6425307
40500000000,40800000000,40563486541,40570121031,6634490
40500000000,40800000000,40570121031,40583781169,13660138
40500000000,40800000000,40583781169,40603577078,19795909
40500000000,40800000000,40603577078,40605601153,2024075
40500000000,40800000000,40605601153,40611746207,6145054
40500000000,40800000000,40611746207,40617565419,5819212
40500000000,40800000000,40617565419,40644910049,27344630
40500000000,40800000000,40644910049,40663811491,18901442
40500000000,40800000000,40663811491,40665478888,1667397
40500000000,40800000000,40665478888,40666969425,1490537
40500000000,40800000000,40666969425,40673388732,6419307
40500000000,40800000000,40673388732,40674206566,817834
40500000000,40800000000,40674206566,40675767006,1560440
40500000000,40800000000,40675767006,40679982030,4215024
40500000000,40800000000,40679982030,40680717230,735200
40500000000,40800000000,40680717230,40681469311,752081
40500000000,40800000000,40681469311,40682915779,1446468
40500000000,40800000000,40682915779,40682925294,9515
40500000000,40800000000,40682925294,40687532300,4607006
40500000000,40800000000,40687532300,40689064031,1531731
40500000000,40800000000,40689064031,40695124862,6060831
40500000000,40800000000,40695124862,40697334519,2209657
40500000000,40800000000,40697334519,40699497291,2162772
40500000000,40800000000,40699497291,40701042350,1545059
40500000000,40800000000,40701042350,40702084608,1042258
40500000000,40800000000,40702084608,40725940132,23855524
40500000000,40800000000,40725940132,40742552194,16612062
40500000000,40800000000,40742552194,40746629224,4077030
40500000000,40800000000,40746629224,40749060498,2431274
40800000000,41100000000,40801995832,40802001022,5190
40800000000,41100000000,40802001022,40802818727,817705
40800000000,41100000000,40802818727,40805216308,2397581
40800000000,41100000000,40805216308,40805970246,753938
40800000000,41100000000,40805970246,40808122843,2152597
40800000000,41100000000,40808122843,40808129794,6951
40800000000,41100000000,40808129794,40808132726,2932
40800000000,41100000000,40808132726,40821563550,13430824
40800000000,41100000000,40821563550,40823432389,1868839
40800000000,41100000000,40823432389,40833694540,10262151
40800000000,41100000000,40833694540,40837465130,3770590
40800000000,41100000000,40837465130,40852673999,15208869
40800000000,41100000000,40852673999,40883579968,30905969
40800000000,41100000000,40883579968,40893050286,9470318
40800000000,41100000000,40893050286,40895972159,2921873
40800000000,41100000000,40895972159,40895978493,6334
40800000000,41100000000,40895978493,40895986662,8169
40800000000,41100000000,40895986662,40898491538,2504876
40800000000,41100000000,40898491538,40908220358,9728820
40800000000,41100000000,40908220358,40910726382,2506024
40800000000,41100000000,40910726382,40912232741,1506359
40800000000,41100000000,40912232741,40920648532,8415791
40800000000,41100000000,40920648532,40922736626,2088094
40800000000,41100000000,40922736626,40926615109,3878483
40800000000,41100000000,40926615109,40933088745,6473636
40800000000,41100000000,40933088745,40933095543,6798
40800000000,41100000000,40933095543,40933103761,8218
40800000000,41100000000,40933103761,40933814509,710748
40800000000,41100000000,40933814509,40933825755,11246
40800000000,41100000000,40933825755,40936389274,2563519
40800000000,41100000000,40936389274,40938023555,1634281
40800000000,41100000000,40938023555,40946357379,8333824
40800000000,41100000000,40946357379,40946366939,9560
40800000000,41100000000,40946366939,40949539746,3172807
40800000000,41100000000,40949539746,40962373396,12833650
40800000000,41100000000,40962373396,40973015802,10642406
40800000000,41100000000,40973015802,40994070337,21054535
40800000000,41100000000,40994070337,40994883724,813387
40800000000,41100000000,40994883724,40995673052,789328
40800000000,41100000000,40995673052,41007575348,11902296
40800000000,41100000000,41007575348,41036589667,29014319
40800000000,41100000000,41036589667,41043547458,6957791
40800000000,41100000000,41043547458,41043558936,11478
40800000000,41100000000,41043558936,41045044787,1485851
40800000000,41100000000,41045044787,41045800664,755877
40800000000,41100000000,41045800664,41055835655,10034991
40800000000,41100000000,41055835655,41055845103,9448
40800000000,41100000000,41055845103,41069852049,14006946
40800000000,41100000000,41069852049,41070589569,737520
40800000000,41100000000,41070589569,41070593128,3559
41100000000,41400000000,41107999717,41109763672,1763955
41100000000,41400000000,41109763672,41113003100,3239428
41100000000,41400000000,41113003100,41113813261,810161
41100000000,41400000000,41113813261,41117502999,3689738
41100000000,41400000000,41117502999,41120791772,3288773
41100000000,41400000000,41120791772,41120812136,20364
41100000000,41400000000,41120812136,41120814600,2464
41100000000,41400000000,41120814600,41120816920,2320
41100000000,41400000000,41120816920,41120819346,2426
41100000000,41400000000,41120819346,41120821346,2000
41100000000,41400000000,41120821346,41133831286,13009940
41100000000,41400000000,41133831286,41138892219,5060933
41100000000,41400000000,41138892219,41145892474,7000255
41100000000,41400000000,41145892474,41164945126,19052652
41100000000,41400000000,41164945126,41181708715,16763589
41100000000,41400000000,41181708715,41181716972,8257
41100000000,41400000000,41181716972,41181720438,3466
41100000000,41400000000,41181720438,41181725821,5383
41100000000,41400000000,41181725821,41181732510,6689
41100000000,41400000000,41181732510,41181737712,5202
41100000000,41400000000,41181737712,41181740683,2971
41100000000,41400000000,41181740683,41181753215,12532
41100000000,41400000000,41181753215,41215255667,33502452
41100000000,41400000000,41215255667,41222255072,6999405
41100000000,41400000000,41222255072,41223053287,798215
41100000000,41400000000,41223053287,41223874608,821321
41100000000,41400000000,41223874608,41230876696,7002088
41100000000,41400000000,41230876696,41247545805,16669109
41100000000,41400000000,41247545805,41280262649,32716844
41100000000,41400000000,41280262649,41284013557,3750908
41100000000,41400000000,41284013557,41294371041,10357484
41100000000,41400000000,41294371041,41295346701,975660
41100000000,41400000000,41295346701,41296254635,907934
41100000000,41400000000,41296254635,41305054034,8799399
41100000000,41400000000,41305054034,41309200920,4146886
41100000000,41400000000,41309200920,41309209889,8969
41100000000,41400000000,41309209889,41310941558,1731669
41100000000,41400000000,41310941558,41310944912,3354
41100000000,41400000000,41310944912,41312699613,1754701
41100000000,41400000000,41312699613,41312702759,3146
41100000000,41400000000,41312702759,41316939939,4237180
41100000000,41400000000,41316939939,41316939940,1
41100000000,41400000000,41316939940,41324063828,7123888
41100000000,41400000000,41324063828,41324067679,3851
41100000000,41400000000,41324067679,41332353670,8285991
41100000000,41400000000,41332353670,41335119150,2765480
41100000000,41400000000,41335119150,41337608344,2489194
41100000000,41400000000,41337608344,41350217703,12609359
41100000000,41400000000,41350217703,41381691827,31474124
41100000000,41400000000,41381691827,41382543452,851625
41400000000,41700000000,41422159929,41423007472,847543
41400000000,41700000000,41423007472,41423014444,6972
41400000000,41700000000,41423014444,41423798972,784528
41400000000,41700000000,41423798972,41423823595,24623
41400000000,41700000000,41423823595,41426146861,2323266
41400000000,41700000000,41426146861,41426176559,29698
41400000000,41700000000,41426176559,41426268418,91859
41400000000,41700000000,41426268418,41426279797,11379
41400000000,41700000000,41426279797,41426285104,5307
41400000000,41700000000,41426285104,41428766369,2481265
41400000000,41700000000,41428766369,41436912955,8146586
41400000000,41700000000,41436912955,41438701195,1788240
41400000000,41700000000,41438701195,41444566658,5865463
41400000000,41700000000,41444566658,41445403648,836990
41400000000,41700000000,41445403648,41451331860,5928212
41400000000,41700000000,41451331860,41456649100,5317240
41400000000,41700000000,41456649100,41459812611,3163511
41400000000,41700000000,41459812611,41474866687,15054076
41400000000,41700000000,41474866687,41477341417,2474730
41400000000,41700000000,41477341417,41477354790,13373
41400000000,41700000000,41477354790,41515387152,38032362
41400000000,41700000000,41515387152,41519684204,4297052
41400000000,41700000000,41519684204,41522622960,2938756
41400000000,41700000000,41522622960,41536251789,13628829
41400000000,41700000000,41536251789,41546776502,10524713
41400000000,41700000000,41546776502,41551914365,5137863
41400000000,41700000000,41551914365,41574329325,22414960
41400000000,41700000000,41574329325,41602430637,28101312
41400000000,41700000000,41602430637,41641452602,39021965
41400000000,41700000000,41641452602,41645669152,4216550
41400000000,41700000000,41645669152,41645671403,2251
41400000000,41700000000,41645671403,41646536775,865372
41400000000,41700000000,41646536775,41648060441,1523666
41400000000,41700000000,41648060441,41658240993,10180552
41400000000,41700000000,41658240993,41658245924,4931
41400000000,41700000000,41658245924,41660526839,2280915
41400000000,41700000000,41660526839,41660526840,1
41400000000,41700000000,41660526840,41688600081,28073241
41400000000,41700000000,41688600081,41696138143,7538062
41700000000,42000000000,41700163001,41701143500,980499
41700000000,42000000000,41701143500,41702944433,1800933
41700000000,42000000000,41702944433,41706779204,3834771
41700000000,42000000000,41706779204,41709386702,2607498
41700000000,42000000000,41709386702,41710180102,793400
41700000000,42000000000,41710180102,41735703725,25523623
41700000000,42000000000,41735703725,41744401599,8697874
41700000000,42000000000,41744401599,41748901390,4499791
41700000000,42000000000,41748901390,41770252553,21351163
41700000000,42000000000,41770252553,41771813924,1561371
41700000000,42000000000,41771813924,41771857234,43310
41700000000,42000000000,41771857234,41772633693,776459
41700000000,42000000000,41772633693,41773528974,895281
41700000000,42000000000,41773528974,41783118881,9589907
41700000000,42000000000,41783118881,41792962187,9843306
41700000000,42000000000,41792962187,41842711601,49749414
41700000000,42000000000,41842711601,41846099615,3388014
41700000000,42000000000,41846099615,41887407341,41307726
41700000000,42000000000,41887407341,41888304057,896716
41700000000,42000000000,41888304057,41888318111,14054
41700000000,42000000000,41888318111,41889077948,759837
41700000000,42000000000,41889077948,41895730106,6652158
41700000000,42000000000,41895730106,41906545672,10815566
41700000000,42000000000,41906545672,41920496245,13950573
41700000000,42000000000,41920496245,41949282158,28785913
41700000000,42000000000,41949282158,41955091717,5809559
41700000000,42000000000,41955091717,41979276938,24185221
41700000000,42000000000,41979276938,41980835659,1558721
41700000000,42000000000,41980835659,41982390039,1554380
41700000000,42000000000,41982390039,41991610500,9220461
42000000000,42300000000,42010209311,42011298202,1088891
42000000000,42300000000,42011298202,42011300154,1952
42000000000,42300000000,42011300154,42012121269,821115
42000000000,42300000000,42012121269,42015756087,3634818
42000000000,42300000000,42015756087,42015760309,4222
42000000000,42300000000,42015760309,42015762789,2480
42000000000,42300000000,42015762789,42015765338,2549
42000000000,42300000000,42015765338,42021075779,5310441
42000000000,42300000000,42021075779,42028340814,7265035
42000000000,42300000000,42028340814,42028352114,11300
42000000000,42300000000,42028352114,42041445619,13093505
42000000000,42300000000,42041445619,42041473808,28189
42000000000,42300000000,42041473808,42041476001,2193
42000000000,42300000000,42041476001,42041478749,2748
42000000000,42300000000,42041478749,42041482033,3284
42000000000,42300000000,42041482033,42041483726,1693
42000000000,42300000000,42041483726,42041485970,2244
42000000000,42300000000,42041485970,42043614987,2129017
42000000000,42300000000,42043614987,42072679599,29064612
42000000000,42300000000,42072679599,42072687480,7881
42000000000,42300000000,42072687480,42077181663,4494183
42000000000,42300000000,42077181663,42080180973,2999310
42000000000,42300000000,42080180973,42083720236,3539263
42000000000,42300000000,42083720236,42084522666,802430
42000000000,42300000000,42084522666,42085782503,1259837
42000000000,42300000000,42085782503,42090387713,4605210
42000000000,42300000000,42090387713,42090387714,1
42000000000,42300000000,42090387714,42091268547,880833
42000000000,42300000000,42091268547,42092049520,780973
42000000000,42300000000,42092049520,42097094584,5045064
42000000000,42300000000,42097094584,42097971621,877037
42000000000,42300000000,42097971621,42101988623,4017002
42000000000,42300000000,42101988623,42101988624,1
42000000000,42300000000,42101988624,42101988625,1
42000000000,42300000000,42101988625,42102876569,887944
42000000000,42300000000,42102876569,42108822713,5946144
42000000000,42300000000,42108822713,42110515942,1693229
42000000000,42300000000,42110515942,42117649429,7133487
42000000000,42300000000,42117649429,42123208076,5558647
42000000000,42300000000,42123208076,42123240795,32719
42000000000,42300000000,42123240795,42123247943,7148
42000000000,42300000000,42123247943,42126580602,3332659
42000000000,42300000000,42126580602,42126595334,14732
42000000000,42300000000,42126595334,42130217110,3621776
42000000000,42300000000,42130217110,42134587498,4370388
42000000000,42300000000,42134587498,42135438607,851109
42000000000,42300000000,42135438607,42135441311,2704
42000000000,42300000000,42135441311,42135444925,3614
42000000000,42300000000,42135444925,42135451729,6804
42000000000,42300000000,42135451729,42135460647,8918
42000000000,42300000000,42135460647,42135466492,5845
42000000000,42300000000,42135466492,42135480231,13739
42000000000,42300000000,42135480231,42135484239,4008
42000000000,42300000000,42135484239,42136321917,837678
42000000000,42300000000,42136321917,42141167422,4845505
42000000000,42300000000,42141167422,42141167423,1
42000000000,42300000000,42141167423,42141167468,45
42000000000,42300000000,42141167468,42141167469,1
42000000000,42300000000,42141167469,42141167514,45
42000000000,42300000000,42141167514,42142301726,1134212
42000000000,42300000000,42142301726,42148068030,5766304
42000000000,42300000000,42148068030,42148090073,22043
42000000000,42300000000,42148090073,42148150232,60159
42000000000,42300000000,42148150232,42148162271,12039
42000000000,42300000000,42148162271,42148177619,15348
42000000000,42300000000,42148177619,42148190647,13028
42000000000,42300000000,42148190647,42157853331,9662684
42000000000,42300000000,42157853331,42160425992,2572661
42000000000,42300000000,42160425992,42188472468,28046476
42000000000,42300000000,42188472468,42212294291,23821823
42000000000,42300000000,42212294291,42212294375,84
42000000000,42300000000,42212294375,42212294376,1
42000000000,42300000000,42212294376,42212294445,69
42000000000,42300000000,42212294445,42212294446,1
42000000000,42300000000,42212294446,42212294447,1
42000000000,42300000000,42212294447,42212294686,239
42000000000,42300000000,42212294686,42212294687,1
42000000000,42300000000,42212294687,42212294688,1
42000000000,42300000000,42212294688,42227895666,15600978
42000000000,42300000000,42227895666,42241572798,13677132
42000000000,42300000000,42241572798,42246114381,4541583
42000000000,42300000000,42246114381,42265725181,19610800
42000000000,42300000000,42265725181,42269248005,3522824
42000000000,42300000000,42269248005,42271708414,2460409
42000000000,42300000000,42271708414,42274453521,2745107
42000000000,42300000000,42274453521,42287287826,12834305
42000000000,42300000000,42287287826,42298755813,11467987
42300000000,42600000000,42302816245,42308120341,5304096
42300000000,42600000000,42308120341,42312870472,4750131
42300000000,42600000000,42312870472,42331052771,18182299
42300000000,42600000000,42331052771,42359057495,28004724
42300000000,42600000000,42359057495,42362978654,3921159
42300000000,42600000000,42362978654,42363675903,697249
42300000000,42600000000,42363675903,42364390054,714151
42300000000,42600000000,42364390054,42365319572,929518
42300000000,42600000000,42365319572,42382738883,17419311
42300000000,42600000000,42382738883,42386645973,3907090
42300000000,42600000000,42386645973,42388291346,1645373
42300000000,42600000000,42388291346,42390686609,2395263
42300000000,42600000000,42390686609,42395959449,5272840
42300000000,42600000000,42395959449,42395963026,3577
42300000000,42600000000,42395963026,42404983712,9020686
42300000000,42600000000,42404983712,42408549661,3565949
42300000000,42600000000,42408549661,42409368487,818826
42300000000,42600000000,42409368487,42413686451,4317964
42300000000,42600000000,42413686451,42420844872,7158421
42300000000,42600000000,42420844872,42426521266,5676394
42300000000,42600000000,42426521266,42426687663,166397
42300000000,42600000000,42426687663,42430173362,3485699
42300000000,42600000000,42430173362,42430285266,111904
42300000000,42600000000,42430285266,42469231032,38945766
42300000000,42600000000,42469231032,42472579647,3348615
42300000000,42600000000,42472579647,42486336721,13757074
42300000000,42600000000,42486336721,42518000140,31663419
42300000000,42600000000,42518000140,42521778748,3778608
42300000000,42600000000,42521778748,42534350368,12571620
42300000000,42600000000,42534350368,42545322319,10971951
42300000000,42600000000,42545322319,42545332955,10636
42300000000,42600000000,42545332955,42546877652,1544697
42300000000,42600000000,42546877652,42547794322,916670
42300000000,42600000000,42547794322,42550625170,2830848
42300000000,42600000000,42550625170,42557288984,6663814
42300000000,42600000000,42557288984,42558023000,734016
42300000000,42600000000,42558023000,42573840138,15817138
42300000000,42600000000,42573840138,42580123576,6283438
42300000000,42600000000,42580123576,42587681615,7558039
42300000000,42600000000,42587681615,42597623259,9941644
42600000000,42900000000,42616111712,42626882504,10770792
42600000000,42900000000,42626882504,42632756078,5873574
42600000000,42900000000,42632756078,42633550191,794113
42600000000,42900000000,42633550191,42633556428,6237
42600000000,42900000000,42633556428,42633559551,3123
42600000000,42900000000,42633559551,42635231181,1671630
42600000000,42900000000,42635231181,42635276803,45622
42600000000,42900000000,42635276803,42638029727,2752924
42600000000,42900000000,42638029727,42640770258,2740531
42600000000,42900000000,42640770258,42642521296,1751038
42600000000,42900000000,42642521296,42643572704,1051408
42600000000,42900000000,42643572704,42643575327,2623
42600000000,42900000000,42643575327,42645298913,1723586
42600000000,42900000000,42645298913,42646117778,818865
42600000000,42900000000,42646117778,42646157710,39932
42600000000,42900000000,42646157710,42648226932,2069222
42600000000,42900000000,42648226932,42653275148,5048216
42600000000,42900000000,42653275148,42654312396,1037248
42600000000,42900000000,42654312396,42657515841,3203445
42600000000,42900000000,42657515841,42659534328,2018487
42600000000,42900000000,42659534328,42662123823,2589495
42600000000,42900000000,42662123823,42664563774,2439951
42600000000,42900000000,42664563774,42670949273,6385499
42600000000,42900000000,42670949273,42671881649,932376
42600000000,42900000000,42671881649,42673576536,1694887
42600000000,42900000000,42673576536,42677779911,4203375
42600000000,42900000000,42677779911,42683135927,5356016
42600000000,42900000000,42683135927,42685792712,2656785
42600000000,42900000000,42685792712,42685804537,11825
42600000000,42900000000,42685804537,42687468552,1664015
42600000000,42900000000,42687468552,42689185229,1716677
42600000000,42900000000,42689185229,42695240033,6054804
42600000000,42900000000,42695240033,42705996083,10756050
42600000000,42900000000,42705996083,42722587995,16591912
42600000000,42900000000,42722587995,42732162059,9574064
42600000000,42900000000,42732162059,42732169141,7082
42600000000,42900000000,42732169141,42746584540,14415399
42600000000,42900000000,42746584540,42755500687,8916147
42600000000,42900000000,42755500687,42796236471,40735784
42600000000,42900000000,42796236471,42797842327,1605856
42600000000,42900000000,42797842327,42803186457,5344130
42600000000,42900000000,42803186457,42831073783,27887326
42600000000,42900000000,42831073783,42852432545,21358762
42600000000,42900000000,42852432545,42853220539,787994
42600000000,42900000000,42853220539,42854414340,1193801
42600000000,42900000000,42854414340,42854428544,14204
42600000000,42900000000,42854428544,42871407711,16979167
42600000000,42900000000,42871407711,42899089209,27681498
42900000000,43200000000,42902135796,42910538084,8402288
42900000000,43200000000,42910538084,42910553426,15342
42900000000,43200000000,42910553426,42919098908,8545482
42900000000,43200000000,42919098908,42919997576,898668
42900000000,43200000000,42919997576,42920000508,2932
42900000000,43200000000,42920000508,42927494044,7493536
42900000000,43200000000,42927494044,42929028014,1533970
42900000000,43200000000,42929028014,42931577576,2549562
42900000000,43200000000,42931577576,42932306508,728932
42900000000,43200000000,42932306508,42932309117,2609
42900000000,43200000000,42932309117,42932311493,2376
42900000000,43200000000,42932311493,42933889141,1577648
42900000000,43200000000,42933889141,42933894752,5611
42900000000,43200000000,42933894752,42933901929,7177
42900000000,43200000000,42933901929,42939288701,5386772
42900000000,43200000000,42939288701,42947463482,8174781
42900000000,43200000000,42947463482,42956499519,9036037
42900000000,43200000000,42956499519,42966734399,10234880
42900000000,43200000000,42966734399,42977867925,11133526
42900000000,43200000000,42977867925,42979437707,1569782
42900000000,43200000000,42979437707,42980989638,1551931
42900000000,43200000000,42980989638,42983748503,2758865
42900000000,43200000000,42983748503,42983787139,38636
42900000000,43200000000,42983787139,42983789893,2754
42900000000,43200000000,42983789893,42983793141,3248
42900000000,43200000000,42983793141,42986103199,2310058
42900000000,43200000000,42986103199,42986159132,55933
42900000000,43200000000,42986159132,42987997778,1838646
42900000000,43200000000,42987997778,42989494681,1496903
42900000000,43200000000,42989494681,42990427280,932599
42900000000,43200000000,42990427280,42993160650,2733370
42900000000,43200000000,42993160650,42998992124,5831474
42900000000,43200000000,42998992124,43021274832,22282708
42900000000,43200000000,43021274832,43034430840,13156008
42900000000,43200000000,43034430840,43034434269,3429
42900000000,43200000000,43034434269,43036821673,2387404
42900000000,43200000000,43036821673,43037673847,852174
42900000000,43200000000,43037673847,43039537696,1863849
42900000000,43200000000,43039537696,43040316922,779226
42900000000,43200000000,43040316922,43042036527,1719605
42900000000,43200000000,43042036527,43042874563,838036
42900000000,43200000000,43042874563,43047512563,4638000
42900000000,43200000000,43047512563,43047520048,7485
42900000000,43200000000,43047520048,43086034583,38514535
42900000000,43200000000,43086034583,43088430561,2395978
42900000000,43200000000,43088430561,43095926963,7496402
42900000000,43200000000,43095926963,43108593840,12666877
42900000000,43200000000,43108593840,43111649212,3055372
42900000000,43200000000,43111649212,43111649213,1
42900000000,43200000000,43111649213,43116789363,5140150
42900000000,43200000000,43116789363,43120018907,3229544
42900000000,43200000000,43120018907,43138425000,18406093
42900000000,43200000000,43138425000,43139983005,1558005
42900000000,43200000000,43139983005,43141570761,1587756
42900000000,43200000000,43141570761,43143997991,2427230
42900000000,43200000000,43143997991,43146756886,2758895
42900000000,43200000000,43146756886,43160939917,14183031
42900000000,43200000000,43160939917,43163155803,2215886
42900000000,43200000000,43163155803,43165725262,2569459
42900000000,43200000000,43165725262,43183583081,17857819
42900000000,43200000000,43183583081,43190082181,6499100
43200000000,43500000000,43208446510,43209287766,841256
43200000000,43500000000,43209287766,43209292121,4355
43200000000,43500000000,43209292121,43209299408,7287
43200000000,43500000000,43209299408,43211996689,2697281
43200000000,43500000000,43211996689,43212722276,725587
43200000000,43500000000,43212722276,43212722339,63
43200000000,43500000000,43212722339,43212760630,38291
43200000000,43500000000,43212760630,43214966628,2205998
43200000000,43500000000,43214966628,43221312907,6346279
43200000000,43500000000,43221312907,43221325227,12320
43200000000,43500000000,43221325227,43221328069,2842
43200000000,43500000000,43221328069,43224951791,3623722
43200000000,43500000000,43224951791,43233839886,8888095
43200000000,43500000000,43233839886,43233844349,4463
43200000000,43500000000,43233844349,43233846971,2622
43200000000,43500000000,43233846971,43233851649,4678
43200000000,43500000000,43233851649,43236202002,2350353
43200000000,43500000000,43236202002,43236202003,1
43200000000,43500000000,43236202003,43239376665,3174662
43200000000,43500000000,43239376665,43247506374,8129709
43200000000,43500000000,43247506374,43260616281,13109907
43200000000,43500000000,43260616281,43262921403,2305122
43200000000,43500000000,43262921403,43263697146,775743
43200000000,43500000000,43263697146,43272030269,8333123
43200000000,43500000000,43272030269,43273465472,1435203
43200000000,43500000000,43273465472,43275025084,1559612
43200000000,43500000000,43275025084,43275030439,5355
43200000000,43500000000,43275030439,43291646623,16616184
43200000000,43500000000,43291646623,43291646624,1
43200000000,43500000000,43291646624,43294830194,3183570
43200000000,43500000000,43294830194,43294835559,5365
43200000000,43500000000,43294835559,43308355914,13520355
43200000000,43500000000,43308355914,43310297415,1941501
43200000000,43500000000,43310297415,43314245556,3948141
43200000000,43500000000,43314245556,43324324048,10078492
43200000000,43500000000,43324324048,43330174070,5850022
43200000000,43500000000,43330174070,43332097667,1923597
43200000000,43500000000,43332097667,43342906768,10809101
43200000000,43500000000,43342906768,43343667552,760784
43200000000,43500000000,43343667552,43343675879,8327
43200000000,43500000000,43343675879,43344923574,1247695
43200000000,43500000000,43344923574,43344928710,5136
43200000000,43500000000,43344928710,43348957597,4028887
43200000000,43500000000,43348957597,43357058578,8100981
43200000000,43500000000,43357058578,43357061603,3025
43200000000,43500000000,43357061603,43357063816,2213
43200000000,43500000000,43357063816,43357780465,716649
43200000000,43500000000,43357780465,43358520503,740038
43200000000,43500000000,43358520503,43362681469,4160966
43200000000,43500000000,43362681469,43365519843,2838374
43200000000,43500000000,43365519843,43368618966,3099123
43200000000,43500000000,43368618966,43383342805,14723839
43200000000,43500000000,43383342805,43391856906,8514101
43200000000,43500000000,43391856906,43398240521,6383615
43200000000,43500000000,43398240521,43407826249,9585728
43200000000,43500000000,43407826249,43435805881,27979632
43200000000,43500000000,43435805881,43450136426,14330545
43200000000,43500000000,43450136426,43452728775,2592349
43200000000,43500000000,43452728775,43453483682,754907
43200000000,43500000000,43453483682,43461892395,8408713
43200000000,43500000000,43461892395,43470296717,8404322
43200000000,43500000000,43470296717,43483586599,13289882
43200000000,43500000000,43483586599,43485736555,2149956
43200000000,43500000000,43485736555,43485759277,22722
43200000000,43500000000,43485759277,43492071543,6312266
43200000000,43500000000,43492071543,43498208579,6137036
43200000000,43500000000,43498208579,43499630054,1421475
43500000000,43800000000,43500349596,43504804648,4455052
43500000000,43800000000,43504804648,43504816235,11587
43500000000,43800000000,43504816235,43504828120,11885
43500000000,43800000000,43504828120,43509557524,4729404
43500000000,43800000000,43509557524,43509560308,2784
43500000000,43800000000,43509560308,43509562382,2074
43500000000,43800000000,43509562382,43511264958,1702576
43500000000,43800000000,43511264958,43512183920,918962
43500000000,43800000000,43512183920,43513130803,946883
43500000000,43800000000,43513130803,43521948734,8817931
43500000000,43800000000,43521948734,43521954343,5609
43500000000,43800000000,43521954343,43521957565,3222
43500000000,43800000000,43521957565,43521959909,2344
43500000000,43800000000,43521959909,43521962104,2195
43500000000,43800000000,43521962104,43521964109,2005
43500000000,43800000000,43521964109,43523590256,1626147
43500000000,43800000000,43523590256,43524426871,836615
43500000000,43800000000,43524426871,43535571473,11144602
43500000000,43800000000,43535571473,43537035027,1463554
43500000000,43800000000,43537035027,43541490191,4455164
43500000000,43800000000,43541490191,43543851288,2361097
43500000000,43800000000,43543851288,43544709486,858198
43500000000,43800000000,43544709486,43547910124,3200638
43500000000,43800000000,43547910124,43550634438,2724314
43500000000,43800000000,43550634438,43550634439,1
43500000000,43800000000,43550634439,43552184708,1550269
43500000000,43800000000,43552184708,43572889480,20704772
43500000000,43800000000,43572889480,43583456891,10567411
43500000000,43800000000,43583456891,43583462830,5939
43500000000,43800000000,43583462830,43603558305,20095475
43500000000,43800000000,43603558305,43618386972,14828667
43500000000,43800000000,43618386972,43620995829,2608857
43500000000,43800000000,43620995829,43633630428,12634599
43500000000,43800000000,43633630428,43634487931,857503
43500000000,43800000000,43634487931,43646541686,12053755
43500000000,43800000000,43646541686,43668796344,22254658
43500000000,43800000000,43668796344,43693606931,24810587
43500000000,43800000000,43693606931,43708650042,15043111
43500000000,43800000000,43708650042,43708653990,3948
43500000000,43800000000,43708653990,43727400219,18746229
43500000000,43800000000,43727400219,43772876631,45476412
43500000000,43800000000,43772876631,43781951754,9075123
43500000000,43800000000,43781951754,43794334901,12383147
43800000000,44100000000,43808189701,43809004999,815298
43800000000,44100000000,43809004999,43812355091,3350092
43800000000,44100000000,43812355091,43813067918,712827
43800000000,44100000000,43813067918,43813072300,4382
43800000000,44100000000,43813072300,43820972822,7900522
43800000000,44100000000,43820972822,43820981651,8829
43800000000,44100000000,43820981651,43820987492,5841
43800000000,44100000000,43820987492,43820991516,4024
43800000000,44100000000,43820991516,43820996395,4879
43800000000,44100000000,43820996395,43822760258,1763863
43800000000,44100000000,43822760258,43822760259,1
43800000000,44100000000,43822760259,43822760294,35
43800000000,44100000000,43822760294,43822760295,1
43800000000,44100000000,43822760295,43822779631,19336
43800000000,44100000000,43822779631,43824930773,2151142
43800000000,44100000000,43824930773,43833754856,8824083
43800000000,44100000000,43833754856,43833760404,5548
43800000000,44100000000,43833760404,43833762376,1972
43800000000,44100000000,43833762376,43833764612,2236
43800000000,44100000000,43833764612,43833766614,2002
43800000000,44100000000,43833766614,43833770554,3940
43800000000,44100000000,43833770554,43844281993,10511439
43800000000,44100000000,43844281993,43847273858,2991865
43800000000,44100000000,43847273858,43847278155,4297
43800000000,44100000000,43847278155,43847280861,2706
43800000000,44100000000,43847280861,43853244224,5963363
43800000000,44100000000,43853244224,43855199460,1955236
43800000000,44100000000,43855199460,43859623250,4423790
43800000000,44100000000,43859623250,43859629682,6432
43800000000,44100000000,43859629682,43861165729,1536047
43800000000,44100000000,43861165729,43862036145,870416
43800000000,44100000000,43862036145,43864240987,2204842
43800000000,44100000000,43864240987,43870804261,6563274
43800000000,44100000000,43870804261,43871593621,789360
43800000000,44100000000,43871593621,43872368973,775352
43800000000,44100000000,43872368973,43873159469,790496
43800000000,44100000000,43873159469,43876685079,3525610
43800000000,44100000000,43876685079,43880295793,3610714
43800000000,44100000000,43880295793,43884274461,3978668
43800000000,44100000000,43884274461,43884279966,5505
43800000000,44100000000,43884279966,43884284202,4236
43800000000,44100000000,43884284202,43884290736,6534
43800000000,44100000000,43884290736,43897898010,13607274
43800000000,44100000000,43897898010,43897900779,2769
43800000000,44100000000,43897900779,43897905632,4853
43800000000,44100000000,43897905632,43901304616,3398984
43800000000,44100000000,43901304616,43901304617,1
43800000000,44100000000,43901304617,43906097513,4792896
43800000000,44100000000,43906097513,43907711761,1614248
43800000000,44100000000,43907711761,43913595661,5883900
43800000000,44100000000,43913595661,43920909073,7313412
43800000000,44100000000,43920909073,43926865005,5955932
43800000000,44100000000,43926865005,43928667492,1802487
43800000000,44100000000,43928667492,43934864620,6197128
43800000000,44100000000,43934864620,43938041307,3176687
43800000000,44100000000,43938041307,43942465524,4424217
43800000000,44100000000,43942465524,43942482542,17018
43800000000,44100000000,43942482542,43954832518,12349976
43800000000,44100000000,43954832518,43956460612,1628094
43800000000,44100000000,43956460612,43958072720,1612108
43800000000,44100000000,43958072720,43958080593,7873
43800000000,44100000000,43958080593,43959630065,1549472
43800000000,44100000000,43959630065,43960382270,752205
43800000000,44100000000,43960382270,43967932123,7549853
43800000000,44100000000,43967932123,43969487860,1555737
43800000000,44100000000,43969487860,43971107595,1619735
43800000000,44100000000,43971107595,43979227413,8119818
43800000000,44100000000,43979227413,43979957844,730431
43800000000,44100000000,43979957844,43980799707,841863
43800000000,44100000000,43980799707,43981616887,817180
43800000000,44100000000,43981616887,43988462453,6845566
43800000000,44100000000,43988462453,43993281583,4819130
43800000000,44100000000,43993281583,43995714472,2432889
43800000000,44100000000,43995714472,43995718504,4032
43800000000,44100000000,43995718504,43997818772,2100268
43800000000,44100000000,43997818772,44010299856,12481084
43800000000,44100000000,44010299856,44021555180,11255324
43800000000,44100000000,44021555180,44022864158,1308978
43800000000,44100000000,44022864158,44022864159,1
43800000000,44100000000,44022864159,44031051056,8186897
43800000000,44100000000,44031051056,44045860660,14809604
43800000000,44100000000,44045860660,44053296582,7435922
43800000000,44100000000,44053296582,44053304196,7614
43800000000,44100000000,44053304196,44054036703,732507
43800000000,44100000000,44054036703,44054045464,8761
43800000000,44100000000,44054045464,44059284600,5239136
43800000000,44100000000,44059284600,44060772240,1487640
43800000000,44100000000,44060772240,44060772241,1
43800000000,44100000000,44060772241,44068018344,7246103
43800000000,44100000000,44068018344,44071831689,3813345
43800000000,44100000000,44071831689,44084334718,12503029
43800000000,44100000000,44084334718,44084338176,3458
43800000000,44100000000,44084338176,44084340613,2437
43800000000,44100000000,44084340613,44084342986,2373
43800000000,44100000000,44084342986,44084344903,1917
43800000000,44100000000,44084344903,44088025800,3680897
43800000000,44100000000,44088025800,44094323161,6297361
43800000000,44100000000,44094323161,44094328350,5189
43800000000,44100000000,44094328350,44097796215,3467865
43800000000,44100000000,44097796215,44099989966,2193751
43800000000,44100000000,44099989966,44099989967,1
43800000000,44100000000,44099989967,44099989968,1
44100000000,44400000000,44102268506,44112345491,10076985
44100000000,44400000000,44112345491,44112395010,49519
44100000000,44400000000,44112395010,44114651389,2256379
44100000000,44400000000,44114651389,44114651428,39
44100000000,44400000000,44114651428,44114651429,1
44100000000,44400000000,44114651429,44115481850,830421
44100000000,44400000000,44115481850,44115498335,16485
44100000000,44400000000,44115498335,44115502268,3933
44100000000,44400000000,44115502268,44124933223,9430955
44100000000,44400000000,44124933223,44124936806,3583
44100000000,44400000000,44124936806,44127040232,2103426
44100000000,44400000000,44127040232,44127040233,1
44100000000,44400000000,44127040233,44137194260,10154027
44100000000,44400000000,44137194260,44139174800,1980540
44100000000,44400000000,44139174800,44139208988,34188
44100000000,44400000000,44139208988,44143588518,4379530
44100000000,44400000000,44143588518,44145155862,1567344
44100000000,44400000000,44145155862,44147348548,2192686
44100000000,44400000000,44147348548,44151819117,4470569
44100000000,44400000000,44151819117,44155727332,3908215
44100000000,44400000000,44155727332,44157035801,1308469
44100000000,44400000000,44157035801,44157040188,4387
44100000000,44400000000,44157040188,44157751457,711269
44100000000,44400000000,44157751457,44161997703,4246246
44100000000,44400000000,44161997703,44164226698,2228995
44100000000,44400000000,44164226698,44165683044,1456346
44100000000,44400000000,44165683044,44165683045,1
44100000000,44400000000,44165683045,44179994466,14311421
44100000000,44400000000,44179994466,44183233595,3239129
44100000000,44400000000,44183233595,44184789097,1555502
44100000000,44400000000,44184789097,44189178484,4389387
44100000000,44400000000,44189178484,44199769248,10590764
44100000000,44400000000,44199769248,44203577648,3808400
44100000000,44400000000,44203577648,44205374399,1796751
44100000000,44400000000,44205374399,44216193949,10819550
44100000000,44400000000,44216193949,44216203332,9383
44100000000,44400000000,44216203332,44216207807,4475
44100000000,44400000000,44216207807,44216211179,3372
44100000000,44400000000,44216211179,44216213424,2245
44100000000,44400000000,44216213424,44217793615,1580191
44100000000,44400000000,44217793615,44217793617,2
44100000000,44400000000,44217793617,44220220000,2426383
44100000000,44400000000,44220220000,44240964007,20744007
44100000000,44400000000,44240964007,44240968730,4723
44100000000,44400000000,44240968730,44240970924,2194
44100000000,44400000000,44240970924,44252842180,11871256
44100000000,44400000000,44252842180,44255673575,2831395
44100000000,44400000000,44255673575,44265402022,9728447
44100000000,44400000000,44265402022,44276515599,11113577
44100000000,44400000000,44276515599,44277449259,933660
44100000000,44400000000,44277449259,44289693232,12243973
44100000000,44400000000,44289693232,44289698417,5185
44100000000,44400000000,44289698417,44289705287,6870
44100000000,44400000000,44289705287,44289710606,5319
44100000000,44400000000,44289710606,44292253229,2542623
44100000000,44400000000,44292253229,44292253298,69
44100000000,44400000000,44292253298,44296293144,4039846
44100000000,44400000000,44296293144,44297994391,1701247
44100000000,44400000000,44297994391,44301765351,3770960
44100000000,44400000000,44301765351,44301770563,5212
44100000000,44400000000,44301770563,44306535248,4764685
44100000000,44400000000,44306535248,44334319630,27784382
44100000000,44400000000,44334319630,44349513603,15193973
44100000000,44400000000,44349513603,44349519637,6034
44100000000,44400000000,44349519637,44351610182,2090545
44100000000,44400000000,44351610182,44358250601,6640419
44100000000,44400000000,44358250601,44361652241,3401640
44100000000,44400000000,44361652241,44361655034,2793
44100000000,44400000000,44361655034,44361657140,2106
44100000000,44400000000,44361657140,44361664261,7121
44100000000,44400000000,44361664261,44374848010,13183749
44100000000,44400000000,44374848010,44374852383,4373
44100000000,44400000000,44374852383,44376517777,1665394
44100000000,44400000000,44376517777,44381042196,4524419
44100000000,44400000000,44381042196,44387335936,6293740
44100000000,44400000000,44387335936,44399119045,11783109
44100000000,44400000000,44399119045,44399830788,711743
44100000000,44400000000,44399830788,44399839531,8743
44100000000,44400000000,44399839531,44399844466,4935
44400000000,44700000000,44401393771,44401393772,1
44400000000,44700000000,44401393772,44401393812,40
44400000000,44700000000,44401393812,44401393813,1
44400000000,44700000000,44401393813,44401393862,49
44400000000,44700000000,44401393862,44407051707,5657845
44400000000,44700000000,44407051707,44407895985,844278
44400000000,44700000000,44407895985,44408626244,730259
44400000000,44700000000,44408626244,44410210627,1584383
44400000000,44700000000,44410210627,44412479908,2269281
44400000000,44700000000,44412479908,44412487317,7409
44400000000,44700000000,44412487317,44413195818,708501
44400000000,44700000000,44413195818,44413204327,8509
44400000000,44700000000,44413204327,44414995328,1791001
44400000000,44700000000,44414995328,44415737174,741846
44400000000,44700000000,44415737174,44419616826,3879652
44400000000,44700000000,44419616826,44424950112,5333286
44400000000,44700000000,44424950112,44424952993,2881
44400000000,44700000000,44424952993,44424955616,2623
44400000000,44700000000,44424955616,44424958006,2390
44400000000,44700000000,44424958006,44424959915,1909
44400000000,44700000000,44424959915,44424962082,2167
44400000000,44700000000,44424962082,44424966455,4373
44400000000,44700000000,44424966455,44424972306,5851
44400000000,44700000000,44424972306,44424975658,3352
44400000000,44700000000,44424975658,44424982790,7132
44400000000,44700000000,44424982790,44427010000,2027210
44400000000,44700000000,44427010000,44429170766,2160766
44400000000,44700000000,44429170766,44429170767,1
44400000000,44700000000,44429170767,44429170932,165
44400000000,44700000000,44429170932,44429946187,775255
44400000000,44700000000,44429946187,44438534782,8588595
44400000000,44700000000,44438534782,44438547822,13040
44400000000,44700000000,44438547822,44438552784,4962
44400000000,44700000000,44438552784,44438559922,7138
44400000000,44700000000,44438559922,44443104714,4544792
44400000000,44700000000,44443104714,44443104795,81
44400000000,44700000000,44443104795,44446800385,3695590
44400000000,44700000000,44446800385,44451015940,4215555
44400000000,44700000000,44451015940,44451019431,3491
44400000000,44700000000,44451019431,44451022930,3499
44400000000,44700000000,44451022930,44451025004,2074
44400000000,44700000000,44451025004,44451774703,749699
44400000000,44700000000,44451774703,44452593567,818864
44400000000,44700000000,44452593567,44455886621,3293054
44400000000,44700000000,44455886621,44463345252,7458631
44400000000,44700000000,44463345252,44463351375,6123
44400000000,44700000000,44463351375,44464849172,1497797
44400000000,44700000000,44464849172,44466415360,1566188
44400000000,44700000000,44466415360,44466480092,64732
44400000000,44700000000,44466480092,44469859326,3379234
44400000000,44700000000,44469859326,44470660294,800968
44400000000,44700000000,44470660294,44471446486,786192
44400000000,44700000000,44471446486,44473137856,1691370
44400000000,44700000000,44473137856,44482009133,8871277
44400000000,44700000000,44482009133,44487417672,5408539
44400000000,44700000000,44487417672,44522793796,35376124
44400000000,44700000000,44522793796,44522799633,5837
44400000000,44700000000,44522799633,44523888133,1088500
44400000000,44700000000,44523888133,44523895669,7536
44400000000,44700000000,44523895669,44526263967,2368298
44400000000,44700000000,44526263967,44530086731,3822764
44400000000,44700000000,44530086731,44536980501,6893770
44400000000,44700000000,44536980501,44536984821,4320
44400000000,44700000000,44536984821,44536987094,2273
44400000000,44700000000,44536987094,44536989678,2584
44400000000,44700000000,44536989678,44536991509,1831
44400000000,44700000000,44536991509,44536993333,1824
44400000000,44700000000,44536993333,44542352471,5359138
44400000000,44700000000,44542352471,44542352472,1
44400000000,44700000000,44542352472,44568775585,26423113
44400000000,44700000000,44568775585,44577424138,8648553
44400000000,44700000000,44577424138,44608860452,31436314
44400000000,44700000000,44608860452,44608863922,3470
44400000000,44700000000,44608863922,44608866399,2477
44400000000,44700000000,44608866399,44621232771,12366372
44400000000,44700000000,44621232771,44621911371,678600
44400000000,44700000000,44621911371,44635441230,13529859
44400000000,44700000000,44635441230,44635445521,4291
44400000000,44700000000,44635445521,44640866820,5421299
44400000000,44700000000,44640866820,44641629509,762689
44400000000,44700000000,44641629509,44644898154,3268645
44400000000,44700000000,44644898154,44647063662,2165508
44400000000,44700000000,44647063662,44647824583,760921
44400000000,44700000000,44647824583,44647829149,4566
44400000000,44700000000,44647829149,44647832132,2983
44400000000,44700000000,44647832132,44650275658,2443526
44400000000,44700000000,44650275658,44655603394,5327736
44400000000,44700000000,44655603394,44659702284,4098890
44400000000,44700000000,44659702284,44671794234,12091950
44400000000,44700000000,44671794234,44671801429,7195
44400000000,44700000000,44671801429,44671804208,2779
44400000000,44700000000,44671804208,44673396943,1592735
44400000000,44700000000,44673396943,44673396944,1
44400000000,44700000000,44673396944,44675193429,1796485
44700000000,45000000000,44710122224,44714964215,4841991
44700000000,45000000000,44714964215,44722200499,7236284
44700000000,45000000000,44722200499,44722203148,2649
44700000000,45000000000,44722203148,44722206266,3118
44700000000,45000000000,44722206266,44722208094,1828
44700000000,45000000000,44722208094,44733700834,11492740
44700000000,45000000000,44733700834,44735213765,1512931
44700000000,45000000000,44735213765,44736757335,1543570
44700000000,45000000000,44736757335,44736757336,1
44700000000,45000000000,44736757336,44746714275,9956939
44700000000,45000000000,44746714275,44762104430,15390155
44700000000,45000000000,44762104430,44768651543,6547113
44700000000,45000000000,44768651543,44772454175,3802632
44700000000,45000000000,44772454175,44773232381,778206
44700000000,45000000000,44773232381,44774029609,797228
44700000000,45000000000,44774029609,44774029610,1
44700000000,45000000000,44774029610,44779466909,5437299
44700000000,45000000000,44779466909,44781780355,2313446
44700000000,45000000000,44781780355,44804368582,22588227
44700000000,45000000000,44804368582,44805160041,791459
44700000000,45000000000,44805160041,44805973528,813487
44700000000,45000000000,44805973528,44805983031,9503
44700000000,45000000000,44805983031,44806821065,838034
44700000000,45000000000,44806821065,44807861628,1040563
44700000000,45000000000,44807861628,44808620804,759176
44700000000,45000000000,44808620804,44812014567,3393763
44700000000,45000000000,44812014567,44813594985,1580418
44700000000,45000000000,44813594985,44823311054,9716069
44700000000,45000000000,44823311054,44823319284,8230
44700000000,45000000000,44823319284,44823324945,5661
44700000000,45000000000,44823324945,44824211571,886626
44700000000,45000000000,44824211571,44825086290,874719
44700000000,45000000000,44825086290,44831233489,6147199
44700000000,45000000000,44831233489,44832050634,817145
44700000000,45000000000,44832050634,44832904151,853517
44700000000,45000000000,44832904151,44835251191,2347040
44700000000,45000000000,44835251191,44848133186,12881995
44700000000,45000000000,44848133186,44849600341,1467155
44700000000,45000000000,44849600341,44849600342,1
44700000000,45000000000,44849600342,44849600343,1
44700000000,45000000000,44849600343,44857514524,7914181
44700000000,45000000000,44857514524,44857662236,147712
44700000000,45000000000,44857662236,44857665728,3492
44700000000,45000000000,44857665728,44859667591,2001863
44700000000,45000000000,44859667591,44859672184,4593
44700000000,45000000000,44859672184,44859675214,3030
44700000000,45000000000,44859675214,44862354802,2679588
44700000000,45000000000,44862354802,44862358322,3520
44700000000,45000000000,44862358322,44863666199,1307877
44700000000,45000000000,44863666199,44871692215,8026016
44700000000,45000000000,44871692215,44871696690,4475
44700000000,45000000000,44871696690,44874766885,3070195
44700000000,45000000000,44874766885,44885789400,11022515
44700000000,45000000000,44885789400,44885794400,5000
44700000000,45000000000,44885794400,44892955365,7160965
44700000000,45000000000,44892955365,44899609741,6654376
44700000000,45000000000,44899609741,44912754968,13145227
44700000000,45000000000,44912754968,44915963071,3208103
44700000000,45000000000,44915963071,44915963072,1
44700000000,45000000000,44915963072,44924360413,8397341
44700000000,45000000000,44924360413,44926759793,2399380
44700000000,45000000000,44926759793,44956632050,29872257
44700000000,45000000000,44956632050,44987637178,31005128
45000000000,45300000000,45016839694,45017635016,795322
45000000000,45300000000,45017635016,45017640959,5943
45000000000,45300000000,45017640959,45017644321,3362
45000000000,45300000000,45017644321,45017650588,6267
45000000000,45300000000,45017650588,45018496537,845949
45000000000,45300000000,45018496537,45026888945,8392408
45000000000,45300000000,45026888945,45029324410,2435465
45000000000,45300000000,45029324410,45029342946,18536
45000000000,45300000000,45029342946,45029346363,3417
45000000000,45300000000,45029346363,45029349189,2826
45000000000,45300000000,45029349189,45034120056,4770867
45000000000,45300000000,45034120056,45034993477,873421
45000000000,45300000000,45034993477,45040379975,5386498
45000000000,45300000000,45040379975,45041943445,1563470
45000000000,45300000000,45041943445,45058958146,17014701
45000000000,45300000000,45058958146,45066365283,7407137
45000000000,45300000000,45066365283,45078299065,11933782
45000000000,45300000000,45078299065,45084886771,6587706
45000000000,45300000000,45084886771,45118989638,34102867
45000000000,45300000000,45118989638,45124837384,5847746
45000000000,45300000000,45124837384,45138017257,13179873
45000000000,45300000000,45138017257,45175528447,37511190
45000000000,45300000000,45175528447,45209952330,34423883
45000000000,45300000000,45209952330,45211497308,1544978
45000000000,45300000000,45211497308,45212959822,1462514
45000000000,45300000000,45212959822,45212959823,1
45000000000,45300000000,45212959823,45241577815,28617992
45000000000,45300000000,45241577815,45247695931,6118116
45000000000,45300000000,45247695931,45287111000,39415069
45000000000,45300000000,45287111000,45287115741,4741
45300000000,45600000000,45300544172,45302827681,2283509
45300000000,45600000000,45302827681,45303571136,743455
45300000000,45600000000,45303571136,45325632569,22061433
45300000000,45600000000,45325632569,45345154843,19522274
45300000000,45600000000,45345154843,45345163387,8544
45300000000,45600000000,45345163387,45346711722,1548335
45300000000,45600000000,45346711722,45346711723,1
45300000000,45600000000,45346711723,45355781390,9069667
45300000000,45600000000,45355781390,45366868437,11087047
45300000000,45600000000,45366868437,45374278089,7409652
45300000000,45600000000,45374278089,45385606066,11327977
45300000000,45600000000,45385606066,45398379312,12773246
45300000000,45600000000,45398379312,45415991692,17612380
45300000000,45600000000,45415991692,45417572970,1581278
45300000000,45600000000,45417572970,45424364410,6791440
45300000000,45600000000,45424364410,45427085141,2720731
45300000000,45600000000,45427085141,45430164546,3079405
45300000000,45600000000,45430164546,45433308167,3143621
45300000000,45600000000,45433308167,45434122285,814118
45300000000,45600000000,45434122285,45438373906,4251621
45300000000,45600000000,45438373906,45482597167,44223261
45300000000,45600000000,45482597167,45483449267,852100
45300000000,45600000000,45483449267,45483554568,105301
45300000000,45600000000,45483554568,45484330371,775803
45300000000,45600000000,45484330371,45484334248,3877
45300000000,45600000000,45484334248,45497009112,12674864
45300000000,45600000000,45497009112,45508392216,11383104
45300000000,45600000000,45508392216,45510643684,2251468
45300000000,45600000000,45510643684,45513645867,3002183
45300000000,45600000000,45513645867,45528617124,14971257
45300000000,45600000000,45528617124,45539287942,10670818
45300000000,45600000000,45539287942,45545907620,6619678
45300000000,45600000000,45545907620,45587135637,41228017
45600000000,45900000000,45606243607,45608776152,2532545
45600000000,45900000000,45608776152,45609586511,810359
45600000000,45900000000,45609586511,45611698275,2111764
45600000000,45900000000,45611698275,45618089464,6391189
45600000000,45900000000,45618089464,45618113827,24363
45600000000,45900000000,45618113827,45618119916,6089
45600000000,45900000000,45618119916,45619607517,1487601
45600000000,45900000000,45619607517,45619607518,1
45600000000,45900000000,45619607518,45619607587,69
45600000000,45900000000,45619607587,45619607588,1
45600000000,45900000000,45619607588,45621540764,1933176
45600000000,45900000000,45621540764,45623796845,2256081
45600000000,45900000000,45623796845,45631310063,7513218
45600000000,45900000000,45631310063,45631313615,3552
45600000000,45900000000,45631313615,45631315832,2217
45600000000,45900000000,45631315832,45634798338,3482506
45600000000,45900000000,45634798338,45637061890,2263552
45600000000,45900000000,45637061890,45637812884,750994
45600000000,45900000000,45637812884,45639600351,1787467
45600000000,45900000000,45639600351,45641248601,1648250
45600000000,45900000000,45641248601,45642039425,790824
45600000000,45900000000,45642039425,45644443187,2403762
45600000000,45900000000,45644443187,45644447077,3890
45600000000,45900000000,45644447077,45666190220,21743143
45600000000,45900000000,45666190220,45668590364,2400144
45600000000,45900000000,45668590364,45671701774,3111410
45600000000,45900000000,45671701774,45727190447,55488673
45600000000,45900000000,45727190447,45728671787,1481340
45600000000,45900000000,45728671787,45732078280,3406493
45600000000,45900000000,45732078280,45738917643,6839363
45600000000,45900000000,45738917643,45739655883,738240
45600000000,45900000000,45739655883,45739671020,15137
45600000000,45900000000,45739671020,45739674031,3011
45600000000,45900000000,45739674031,45752179846,12505815
45600000000,45900000000,45752179846,45752184896,5050
45600000000,45900000000,45752184896,45752187609,2713
45600000000,45900000000,45752187609,45761495290,9307681
45600000000,45900000000,45761495290,45764310966,2815676
45600000000,45900000000,45764310966,45776584059,12273093
45600000000,45900000000,45776584059,45832080105,55496046
45600000000,45900000000,45832080105,45835057707,2977602
45600000000,45900000000,45835057707,45836562579,1504872
45600000000,45900000000,45836562579,45842374010,5811431
45600000000,45900000000,45842374010,45848547301,6173291
45600000000,45900000000,45848547301,45854223974,5676673
45600000000,45900000000,45854223974,45860379160,6155186
45600000000,45900000000,45860379160,45875457090,15077930
45600000000,45900000000,45875457090,45883808035,8350945
45600000000,45900000000,45883808035,45887678294,3870259
45600000000,45900000000,45887678294,45888486108,807814
45600000000,45900000000,45888486108,45892596041,4109933
45600000000,45900000000,45892596041,45897850650,5254609
45900000000,46200000000,45901675569,45910114795,8439226
45900000000,46200000000,45910114795,45922614470,12499675
45900000000,46200000000,45922614470,45925346148,2731678
45900000000,46200000000,45925346148,45938391700,13045552
45900000000,46200000000,45938391700,45955975575,17583875
45900000000,46200000000,45955975575,45966974503,10998928
45900000000,46200000000,45966974503,45966976860,2357
45900000000,46200000000,45966976860,45967773258,796398
45900000000,46200000000,45967773258,45967783781,10523
45900000000,46200000000,45967783781,45968561054,777273
45900000000,46200000000,45968561054,45990735584,22174530
45900000000,46200000000,45990735584,45997105181,6369597
45900000000,46200000000,45997105181,45998688586,1583405
45900000000,46200000000,45998688586,45999500898,812312
45900000000,46200000000,45999500898,46005018191,5517293
45900000000,46200000000,46005018191,46012967016,7948825
45900000000,46200000000,46012967016,46021161158,8194142
45900000000,46200000000,46021161158,46045943245,24782087
45900000000,46200000000,46045943245,46085365770,39422525
45900000000,46200000000,46085365770,46091116569,5750799
45900000000,46200000000,46091116569,46101498081,10381512
45900000000,46200000000,46101498081,46114456634,12958553
45900000000,46200000000,46114456634,46134312397,19855763
45900000000,46200000000,46134312397,46144747660,10435263
45900000000,46200000000,46144747660,46158053396,13305736
45900000000,46200000000,46158053396,46183165763,25112367
45900000000,46200000000,46183165763,46183191936,26173
45900000000,46200000000,46183191936,46184655551,1463615
45900000000,46200000000,46184655551,46184655552,1
46200000000,46500000000,46212009581,46212780141,770560
46200000000,46500000000,46212780141,46213516314,736173
46200000000,46500000000,46213516314,46220757718,7241404
46200000000,46500000000,46220757718,46220762989,5271
46200000000,46500000000,46220762989,46228760541,7997552
46200000000,46500000000,46228760541,46232938912,4178371
46200000000,46500000000,46232938912,46232943105,4193
46200000000,46500000000,46232943105,46240264952,7321847
46200000000,46500000000,46240264952,46245083184,4818232
46200000000,46500000000,46245083184,46248963294,3880110
46200000000,46500000000,46248963294,46262570436,13607142
46200000000,46500000000,46262570436,46267727935,5157499
46200000000,46500000000,46267727935,46272841514,5113579
46200000000,46500000000,46272841514,46282533257,9691743
46200000000,46500000000,46282533257,46282536297,3040
46200000000,46500000000,46282536297,46282538155,1858
46200000000,46500000000,46282538155,46282540005,1850
46200000000,46500000000,46282540005,46282542341,2336
46200000000,46500000000,46282542341,46282544408,2067
46200000000,46500000000,46282544408,46282546673,2265
46200000000,46500000000,46282546673,46282549129,2456
46200000000,46500000000,46282549129,46294643716,12094587
46200000000,46500000000,46294643716,46300436938,5793222
46200000000,46500000000,46300436938,46310514620,10077682
46200000000,46500000000,46310514620,46322714296,12199676
46200000000,46500000000,46322714296,46330310588,7596292
46200000000,46500000000,46330310588,46333319607,3009019
46200000000,46500000000,46333319607,46333329333,9726
46200000000,46500000000,46333329333,46337386678,4057345
46200000000,46500000000,46337386678,46351407286,14020608
46200000000,46500000000,46351407286,46354457544,3050258
46200000000,46500000000,46354457544,46354462090,4546
46200000000,46500000000,46354462090,46355970325,1508235
46200000000,46500000000,46355970325,46355977166,6841
46200000000,46500000000,46355977166,46356754077,776911
46200000000,46500000000,46356754077,46357708567,954490
46200000000,46500000000,46357708567,46357725956,17389
46200000000,46500000000,46357725956,46359328501,1602545
46200000000,46500000000,46359328501,46361130543,1802042
46200000000,46500000000,46361130543,46361216502,85959
46200000000,46500000000,46361216502,46364362581,3146079
46200000000,46500000000,46364362581,46366044084,1681503
46200000000,46500000000,46366044084,46444974629,78930545
46200000000,46500000000,46444974629,46444977709,3080
46200000000,46500000000,46444977709,46445010419,32710
46200000000,46500000000,46445010419,46445017077,6658
46200000000,46500000000,46445017077,46445873617,856540
46200000000,46500000000,46445873617,46447785314,1911697
46200000000,46500000000,46447785314,46459192878,11407564
46200000000,46500000000,46459192878,46460788721,1595843
46200000000,46500000000,46460788721,46460788722,1
46200000000,46500000000,46460788722,46471729818,10941096
46200000000,46500000000,46471729818,46485773567,14043749
46200000000,46500000000,46485773567,46495992421,10218854
46200000000,46500000000,46495992421,46499846937,3854516
46500000000,46800000000,46501787072,46504664567,2877495
46500000000,46800000000,46504664567,46504668700,4133
46500000000,46800000000,46504668700,46514761039,10092339
46500000000,46800000000,46514761039,46517421869,2660830
46500000000,46800000000,46517421869,46519134358,1712489
46500000000,46800000000,46519134358,46520813923,1679565
46500000000,46800000000,46520813923,46520822310,8387
46500000000,46800000000,46520822310,46520826406,4096
46500000000,46800000000,46520826406,46520829082,2676
46500000000,46800000000,46520829082,46520831350,2268
46500000000,46800000000,46520831350,46523510586,2679236
46500000000,46800000000,46523510586,46569747441,46236855
46500000000,46800000000,46569747441,46574664516,4917075
46500000000,46800000000,46574664516,46581364500,6699984
46500000000,46800000000,46581364500,46582989450,1624950
46500000000,46800000000,46582989450,46584573517,1584067
46500000000,46800000000,46584573517,46584573518,1
46500000000,46800000000,46584573518,46587032767,2459249
46500000000,46800000000,46587032767,46596201635,9168868
46500000000,46800000000,46596201635,46605940364,9738729
46500000000,46800000000,46605940364,46622077212,16136848
46500000000,46800000000,46622077212,46630059435,7982223
46500000000,46800000000,46630059435,46654829512,24770077
46500000000,46800000000,46654829512,46657424272,2594760
46500000000,46800000000,46657424272,46657424273,1
46500000000,46800000000,46657424273,46665001813,7577540
46500000000,46800000000,46665001813,46669898485,4896672
46500000000,46800000000,46669898485,46692450341,22551856
46500000000,46800000000,46692450341,46719887413,27437072
46500000000,46800000000,46719887413,46719894833,7420
46500000000,46800000000,46719894833,46729168172,9273339
46500000000,46800000000,46729168172,46736978303,7810131
46500000000,46800000000,46736978303,46750183306,13205003
46500000000,46800000000,46750183306,46754881100,4697794
46500000000,46800000000,46754881100,46779696043,24814943
46500000000,46800000000,46779696043,46785126868,5430825
46500000000,46800000000,46785126868,46792550169,7423301
46800000000,47100000000,46802041485,46802048584,7099
46800000000,47100000000,46802048584,46805530915,3482331
46800000000,47100000000,46805530915,46805539560,8645
46800000000,47100000000,46805539560,46806330262,790702
46800000000,47100000000,46806330262,46807867271,1537009
46800000000,47100000000,46807867271,46807867272,1
46800000000,47100000000,46807867272,46809537994,1670722
46800000000,47100000000,46809537994,46820862962,11324968
46800000000,47100000000,46820862962,46820868810,5848
46800000000,47100000000,46820868810,46820870856,2046
46800000000,47100000000,46820870856,46820899920,29064
46800000000,47100000000,46820899920,46820908197,8277
46800000000,47100000000,46820908197,46823263513,2355316
46800000000,47100000000,46823263513,46823263514,1
46800000000,47100000000,46823263514,46823263515,1
46800000000,47100000000,46823263515,46823265576,2061
46800000000,47100000000,46823265576,46825999572,2733996
46800000000,47100000000,46825999572,46833832994,7833422
46800000000,47100000000,46833832994,46858003398,24170404
46800000000,47100000000,46858003398,46880905780,22902382
46800000000,47100000000,46880905780,46885799726,4893946
46800000000,47100000000,46885799726,46885809979,10253
46800000000,47100000000,46885809979,46885825942,15963
46800000000,47100000000,46885825942,46885833047,7105
46800000000,47100000000,46885833047,46885894863,61816
46800000000,47100000000,46885894863,46885902802,7939
46800000000,47100000000,46885902802,46885910537,7735
46800000000,47100000000,46885910537,46922638273,36727736
46800000000,47100000000,46922638273,46923531385,893112
46800000000,47100000000,46923531385,46923543784,12399
46800000000,47100000000,46923543784,46924343133,799349
46800000000,47100000000,46924343133,46933646842,9303709
46800000000,47100000000,46933646842,46933652845,6003
46800000000,47100000000,46933652845,46942697787,9044942
46800000000,47100000000,46942697787,46959815543,17117756
46800000000,47100000000,46959815543,46969785759,9970216
46800000000,47100000000,46969785759,46993897212,24111453
46800000000,47100000000,46993897212,46997899933,4002721
46800000000,47100000000,46997899933,46999435207,1535274
46800000000,47100000000,46999435207,47000919245,1484038
46800000000,47100000000,47000919245,47001778973,859728
46800000000,47100000000,47001778973,47006204070,4425097
46800000000,47100000000,47006204070,47020824082,14620012
46800000000,47100000000,47020824082,47041252846,20428764
46800000000,47100000000,47041252846,47044595811,3342965
46800000000,47100000000,47044595811,47058470906,13875095
46800000000,47100000000,47058470906,47058476390,5484
46800000000,47100000000,47058476390,47071319699,12843309
46800000000,47100000000,47071319699,47071319700,1
46800000000,47100000000,47071319700,47076110156,4790456
46800000000,47100000000,47076110156,47084440969,8330813
46800000000,47100000000,47084440969,47086819043,2378074
46800000000,47100000000,47086819043,47088405287,1586244
46800000000,47100000000,47088405287,47097706396,9301109
47100000000,47400000000,47101007754,47102907681,1899927
47100000000,47400000000,47102907681,47105975201,3067520
47100000000,47400000000,47105975201,47112780453,6805252
47100000000,47400000000,47112780453,47127042382,14261929
47100000000,47400000000,47127042382,47134298161,7255779
47100000000,47400000000,47134298161,47173760453,39462292
47100000000,47400000000,47173760453,47178222829,4462376
47100000000,47400000000,47178222829,47183818534,5595705
47100000000,47400000000,47183818534,47194579284,10760750
47100000000,47400000000,47194579284,47210572875,15993591
47100000000,47400000000,47210572875,47229015711,18442836
47100000000,47400000000,47229015711,47244892906,15877195
47100000000,47400000000,47244892906,47244898294,5388
47100000000,47400000000,47244898294,47262086453,17188159
47100000000,47400000000,47262086453,47278476697,16390244
47100000000,47400000000,47278476697,47289112742,10636045
47100000000,47400000000,47289112742,47290077355,964613
47100000000,47400000000,47290077355,47290911935,834580
47100000000,47400000000,47290911935,47293707454,2795519
47100000000,47400000000,47293707454,47315679364,21971910
47100000000,47400000000,47315679364,47321303442,5624078
47100000000,47400000000,47321303442,47325569958,4266516
47100000000,47400000000,47325569958,47327200629,1630671
47100000000,47400000000,47327200629,47331310371,4109742
47100000000,47400000000,47331310371,47338684153,7373782
47100000000,47400000000,47338684153,47345046810,6362657
47100000000,47400000000,47345046810,47353986791,8939981
47100000000,47400000000,47353986791,47355780387,1793596
47100000000,47400000000,47355780387,47359939088,4158701
47100000000,47400000000,47359939088,47359939089,1
47100000000,47400000000,47359939089,47359939109,20
47100000000,47400000000,47359939109,47359939110,1
47100000000,47400000000,47359939110,47359939130,20
47100000000,47400000000,47359939130,47360778389,839259
47100000000,47400000000,47360778389,47368404650,7626261
47100000000,47400000000,47368404650,47368404651,1
47100000000,47400000000,47368404651,47372985529,4580878
47100000000,47400000000,47372985529,47376871808,3886279
47100000000,47400000000,47376871808,47376877853,6045
47100000000,47400000000,47376877853,47376884848,6995
47100000000,47400000000,47376884848,47390849550,13964702
47400000000,47700000000,47402306246,47403738625,1432379
47400000000,47700000000,47403738625,47403744788,6163
47400000000,47700000000,47403744788,47405723000,1978212
47400000000,47700000000,47405723000,47406692955,969955
47400000000,47700000000,47406692955,47406710834,17879
47400000000,47700000000,47406710834,47411338575,4627741
47400000000,47700000000,47411338575,47415190745,3852170
47400000000,47700000000,47415190745,47415200915,10170
47400000000,47700000000,47415200915,47415203967,3052
47400000000,47700000000,47415203967,47415205919,1952
47400000000,47700000000,47415205919,47415208108,2189
47400000000,47700000000,47415208108,47415210058,1950
47400000000,47700000000,47415210058,47415219013,8955
47400000000,47700000000,47415219013,47415221023,2010
47400000000,47700000000,47415221023,47419615514,4394491
47400000000,47700000000,47419615514,47419687566,72052
47400000000,47700000000,47419687566,47433441736,13754170
47400000000,47700000000,47433441736,47433852233,410497
47400000000,47700000000,47433852233,47433984348,132115
47400000000,47700000000,47433984348,47434250167,265819
47400000000,47700000000,47434250167,47434437817,187650
47400000000,47700000000,47434437817,47437697993,3260176
47400000000,47700000000,47437697993,47439643395,1945402
47400000000,47700000000,47439643395,47439643396,1
47400000000,47700000000,47439643396,47449816047,10172651
47400000000,47700000000,47449816047,47452687070,2871023
47400000000,47700000000,47452687070,47462245762,9558692
47400000000,47700000000,47462245762,47464102655,1856893
47400000000,47700000000,47464102655,47464102656,1
47400000000,47700000000,47464102656,47474297938,10195282
47400000000,47700000000,47474297938,47487274513,12976575
47400000000,47700000000,47487274513,47489163822,1889309
47400000000,47700000000,47489163822,47489163823,1
47400000000,47700000000,47489163823,47489163824,1
47400000000,47700000000,47489163824,47498006022,8842198
47400000000,47700000000,47498006022,47535687551,37681529
47400000000,47700000000,47535687551,47537387620,1700069
47400000000,47700000000,47537387620,47539976380,2588760
47400000000,47700000000,47539976380,47548951501,8975121
47400000000,47700000000,47548951501,47552493893,3542392
47400000000,47700000000,47552493893,47575044192,22550299
47400000000,47700000000,47575044192,47575048219,4027
47400000000,47700000000,47575048219,47579650223,4602004
47400000000,47700000000,47579650223,47587501744,7851521
47400000000,47700000000,47587501744,47587505582,3838
47400000000,47700000000,47587505582,47599639113,12133531
47400000000,47700000000,47599639113,47604913320,5274207
47400000000,47700000000,47604913320,47612013930,7100610
47400000000,47700000000,47612013930,47612019454,5524
47400000000,47700000000,47612019454,47624705286,12685832
47400000000,47700000000,47624705286,47626990018,2284732
47400000000,47700000000,47626990018,47629549896,2559878
47400000000,47700000000,47629549896,47635128533,5578637
47400000000,47700000000,47635128533,47642990409,7861876
47400000000,47700000000,47642990409,47643769027,778618
47400000000,47700000000,47643769027,47643777450,8423
47400000000,47700000000,47643777450,47644640943,863493
47400000000,47700000000,47644640943,47660850482,16209539
47400000000,47700000000,47660850482,47660853124,2642
47400000000,47700000000,47660853124,47660856014,2890
47400000000,47700000000,47660856014,47660858322,2308
47400000000,47700000000,47660858322,47660884511,26189
47400000000,47700000000,47660884511,47662504638,1620127
47400000000,47700000000,47662504638,47663434331,929693
47400000000,47700000000,47663434331,47664453864,1019533
47400000000,47700000000,47664453864,47684986833,20532969
47700000000,48000000000,47702829028,47702843410,14382
47700000000,48000000000,47702843410,47711943134,9099724
47700000000,48000000000,47711943134,47711945606,2472
47700000000,48000000000,47711945606,47711949846,4240
47700000000,48000000000,47711949846,47711951678,1832
47700000000,48000000000,47711951678,47714330082,2378404
47700000000,48000000000,47714330082,47715153454,823372
47700000000,48000000000,47715153454,47725250790,10097336
47700000000,48000000000,47725250790,47725258127,7337
47700000000,48000000000,47725258127,47725276842,18715
47700000000,48000000000,47725276842,47726306922,1030080
47700000000,48000000000,47726306922,47738249563,11942641
47700000000,48000000000,47738249563,47738258407,8844
47700000000,48000000000,47738258407,47739318686,1060279
47700000000,48000000000,47739318686,47741191418,1872732
47700000000,48000000000,47741191418,47744655638,3464220
47700000000,48000000000,47744655638,47747675007,3019369
47700000000,48000000000,47747675007,47767286373,19611366
47700000000,48000000000,47767286373,47781814649,14528276
47700000000,48000000000,47781814649,47789136667,7322018
47700000000,48000000000,47789136667,47791969505,2832838
47700000000,48000000000,47791969505,47812919300,20949795
47700000000,48000000000,47812919300,47814440346,1521046
47700000000,48000000000,47814440346,47814440347,1
47700000000,48000000000,47814440347,47822868485,8428138
47700000000,48000000000,47822868485,47825004146,2135661
47700000000,48000000000,47825004146,47825008563,4417
47700000000,48000000000,47825008563,47825010623,2060
47700000000,48000000000,47825010623,47835116827,10106204
47700000000,48000000000,47835116827,47835116828,1
47700000000,48000000000,47835116828,47843681622,8564794
47700000000,48000000000,47843681622,47849205264,5523642
47700000000,48000000000,47849205264,47850302728,1097464
47700000000,48000000000,47850302728,47850313443,10715
47700000000,48000000000,47850313443,47853907585,3594142
47700000000,48000000000,47853907585,47861402914,7495329
47700000000,48000000000,47861402914,47861402915,1
47700000000,48000000000,47861402915,47880119622,18716707
47700000000,48000000000,47880119622,47887324056,7204434
47700000000,48000000000,47887324056,47892614158,5290102
47700000000,48000000000,47892614158,47892666578,52420
47700000000,48000000000,47892666578,47892672333,5755
47700000000,48000000000,47892672333,47910726248,18053915
47700000000,48000000000,47910726248,47918421467,7695219
47700000000,48000000000,47918421467,47925176195,6754728
47700000000,48000000000,47925176195,47925176196,1
47700000000,48000000000,47925176196,47925176197,1
47700000000,48000000000,47925176197,47941810448,16634251
47700000000,48000000000,47941810448,47954898339,13087891
47700000000,48000000000,47954898339,47967237777,12339438
47700000000,48000000000,47967237777,47976082788,8845011
47700000000,48000000000,47976082788,47979654559,3571771
47700000000,48000000000,47979654559,47991763835,12109276
47700000000,48000000000,47991763835,47993439557,1675722
47700000000,48000000000,47993439557,47994374877,935320
47700000000,48000000000,47994374877,47995622324,1247447
48000000000,48300000000,48011124354,48012767054,1642700
48000000000,48300000000,48012767054,48014452210,1685156
48000000000,48300000000,48014452210,48014475490,23280
48000000000,48300000000,48014475490,48016239954,1764464
48000000000,48300000000,48016239954,48016268195,28241
48000000000,48300000000,48016268195,48016270630,2435
48000000000,48300000000,48016270630,48019608460,3337830
48000000000,48300000000,48019608460,48019608461,1
48000000000,48300000000,48019608461,48023798162,4189701
48000000000,48300000000,48023798162,48026344553,2546391
48000000000,48300000000,48026344553,48030082106,3737553
48000000000,48300000000,48030082106,48030085231,3125
48000000000,48300000000,48030085231,48030087478,2247
48000000000,48300000000,48030087478,48030089726,2248
48000000000,48300000000,48030089726,48030108258,18532
48000000000,48300000000,48030108258,48030112168,3910
48000000000,48300000000,48030112168,48032522333,2410165
48000000000,48300000000,48032522333,48043605686,11083353
48000000000,48300000000,48043605686,48043608746,3060
48000000000,48300000000,48043608746,48047771483,4162737
48000000000,48300000000,48047771483,48055766918,7995435
48000000000,48300000000,48055766918,48057311660,1544742
48000000000,48300000000,48057311660,48058818227,1506567
48000000000,48300000000,48058818227,48068008517,9190290
48000000000,48300000000,48068008517,48068012222,3705
48000000000,48300000000,48068012222,48068014300,2078
48000000000,48300000000,48068014300,48073322120,5307820
48000000000,48300000000,48073322120,48077611313,4289193
48000000000,48300000000,48077611313,48081075910,3464597
48000000000,48300000000,48081075910,48081082562,6652
48000000000,48300000000,48081082562,48087003517,5920955
48000000000,48300000000,48087003517,48090428175,3424658
48000000000,48300000000,48090428175,48095372725,4944550
48000000000,48300000000,48095372725,48103597384,8224659
48000000000,48300000000,48103597384,48125315744,21718360
48000000000,48300000000,48125315744,48126157262,841518
48000000000,48300000000,48126157262,48130121683,3964421
48000000000,48300000000,48130121683,48130980529,858846
48000000000,48300000000,48130980529,48130991576,11047
48000000000,48300000000,48130991576,48130997368,5792
48000000000,48300000000,48130997368,48141914711,10917343
48000000000,48300000000,48141914711,48141917718,3007
48000000000,48300000000,48141917718,48141920178,2460
48000000000,48300000000,48141920178,48141922043,1865
48000000000,48300000000,48141922043,48149051254,7129211
48000000000,48300000000,48149051254,48156063757,7012503
48000000000,48300000000,48156063757,48193959438,37895681
48000000000,48300000000,48193959438,48194660245,700807
48000000000,48300000000,48194660245,48195467455,807210
48000000000,48300000000,48195467455,48214262617,18795162
48000000000,48300000000,48214262617,48214268321,5704
48000000000,48300000000,48214268321,48214271123,2802
48000000000,48300000000,48214271123,48216279546,2008423
48000000000,48300000000,48216279546,48216279547,1
48000000000,48300000000,48216279547,48216279548,1
48000000000,48300000000,48216279548,48239239129,22959581
48000000000,48300000000,48239239129,48255268077,16028948
48000000000,48300000000,48255268077,48261771849,6503772
48000000000,48300000000,48261771849,48266796466,5024617
48000000000,48300000000,48266796466,48266806550,10084
48000000000,48300000000,48266806550,48290659103,23852553
48300000000,48600000000,48303443472,48303448084,4612
48300000000,48600000000,48303448084,48303451483,3399
48300000000,48600000000,48303451483,48303454312,2829
48300000000,48600000000,48303454312,48303459900,5588
48300000000,48600000000,48303459900,48305018713,1558813
48300000000,48600000000,48305018713,48310567720,5549007
48300000000,48600000000,48310567720,48312946270,2378550
48300000000,48600000000,48312946270,48312957700,11430
48300000000,48600000000,48312957700,48316384624,3426924
48300000000,48600000000,48316384624,48316391660,7036
48300000000,48600000000,48316391660,48316393541,1881
48300000000,48600000000,48316393541,48329335715,12942174
48300000000,48600000000,48329335715,48329339652,3937
48300000000,48600000000,48329339652,48329342136,2484
48300000000,48600000000,48329342136,48329347343,5207
48300000000,48600000000,48329347343,48329349692,2349
48300000000,48600000000,48329349692,48342729359,13379667
48300000000,48600000000,48342729359,48342731580,2221
48300000000,48600000000,48342731580,48344005436,1273856
48300000000,48600000000,48344005436,48344741001,735565
48300000000,48600000000,48344741001,48347452722,2711721
48300000000,48600000000,48347452722,48348220725,768003
48300000000,48600000000,48348220725,48349975130,1754405
48300000000,48600000000,48349975130,48349980300,5170
48300000000,48600000000,48349980300,48352429031,2448731
48300000000,48600000000,48352429031,48355107468,2678437
48300000000,48600000000,48355107468,48355115624,8156
48300000000,48600000000,48355115624,48355119865,4241
48300000000,48600000000,48355119865,48355122365,2500
48300000000,48600000000,48355122365,48356593868,1471503
48300000000,48600000000,48356593868,48356593869,1
48300000000,48600000000,48356593869,48359907395,3313526
48300000000,48600000000,48359907395,48359912032,4637
48300000000,48600000000,48359912032,48378352453,18440421
48300000000,48600000000,48378352453,48400821583,22469130
48300000000,48600000000,48400821583,48404309840,3488257
48300000000,48600000000,48404309840,48416548396,12238556
48300000000,48600000000,48416548396,48416556060,7664
48300000000,48600000000,48416556060,48417351151,795091
48300000000,48600000000,48417351151,48418119777,768626
48300000000,48600000000,48418119777,48418119851,74
48300000000,48600000000,48418119851,48422407172,4287321
48300000000,48600000000,48422407172,48423337472,930300
48300000000,48600000000,48423337472,48424131050,793578
48300000000,48600000000,48424131050,48440431901,16300851
48300000000,48600000000,48440431901,48441138527,706626
48300000000,48600000000,48441138527,48442571912,1433385
48300000000,48600000000,48442571912,48457803705,15231793
48300000000,48600000000,48457803705,48460158877,2355172
48300000000,48600000000,48460158877,48460167220,8343
48300000000,48600000000,48460167220,48463583761,3416541
48300000000,48600000000,48463583761,48466411815,2828054
48300000000,48600000000,48466411815,48466414758,2943
48300000000,48600000000,48466414758,48468006943,1592185
48300000000,48600000000,48468006943,48468010053,3110
48300000000,48600000000,48468010053,48469542657,1532604
48300000000,48600000000,48469542657,48469546240,3583
48300000000,48600000000,48469546240,48485614678,16068438
48300000000,48600000000,48485614678,48490588870,4974192
48300000000,48600000000,48490588870,48490591071,2201
48300000000,48600000000,48490591071,48494536393,3945322
48300000000,48600000000,48494536393,48499818068,5281675
48300000000,48600000000,48499818068,48502292450,2474382
48300000000,48600000000,48502292450,48503158855,866405
48300000000,48600000000,48503158855,48504925424,1766569
48300000000,48600000000,48504925424,48504932946,7522
48300000000,48600000000,48504932946,48504936317,3371
48300000000,48600000000,48504936317,48524754931,19818614
48300000000,48600000000,48524754931,48524758470,3539
48300000000,48600000000,48524758470,48537457057,12698587
48300000000,48600000000,48537457057,48540957834,3500777
48300000000,48600000000,48540957834,48549417759,8459925
48300000000,48600000000,48549417759,48574980851,25563092
48300000000,48600000000,48574980851,48594390955,19410104
48600000000,48900000000,48604835985,48604843491,7506
48600000000,48900000000,48604843491,48605873519,1030028
48600000000,48900000000,48605873519,48605887010,13491
48600000000,48900000000,48605887010,48605900422,13412
48600000000,48900000000,48605900422,48606922671,1022249
48600000000,48900000000,48606922671,48609370130,2447459
48600000000,48900000000,48609370130,48611276819,1906689
48600000000,48900000000,48611276819,48611289680,12861
48600000000,48900000000,48611289680,48611292158,2478
48600000000,48900000000,48611292158,48611294676,2518
48600000000,48900000000,48611294676,48611296888,2212
48600000000,48900000000,48611296888,48611298878,1990
48600000000,48900000000,48611298878,48611301141,2263
48600000000,48900000000,48611301141,48611305504,4363
48600000000,48900000000,48611305504,48611308851,3347
48600000000,48900000000,48611308851,48611311352,2501
48600000000,48900000000,48611311352,48625104812,13793460
48600000000,48900000000,48625104812,48639774287,14669475
48600000000,48900000000,48639774287,48644921549,5147262
48600000000,48900000000,48644921549,48649383497,4461948
48600000000,48900000000,48649383497,48654336055,4952558
48600000000,48900000000,48654336055,48661688430,7352375
48600000000,48900000000,48661688430,48661690833,2403
48600000000,48900000000,48661690833,48661693267,2434
48600000000,48900000000,48661693267,48661696243,2976
48600000000,48900000000,48661696243,48663746812,2050569
48600000000,48900000000,48663746812,48663746813,1
48600000000,48900000000,48663746813,48663746814,1
48600000000,48900000000,48663746814,48673535979,9789165
48600000000,48900000000,48673535979,48679086230,5550251
48600000000,48900000000,48679086230,48685996689,6910459
48600000000,48900000000,48685996689,48689005283,3008594
48600000000,48900000000,48689005283,48689005284,1
48600000000,48900000000,48689005284,48699797063,10791779
48600000000,48900000000,48699797063,48711770943,11973880
48600000000,48900000000,48711770943,48713836520,2065577
48600000000,48900000000,48713836520,48722094154,8257634
48600000000,48900000000,48722094154,48723634496,1540342
48600000000,48900000000,48723634496,48723653804,19308
48600000000,48900000000,48723653804,48725004735,1350931
48600000000,48900000000,48725004735,48747246111,22241376
48600000000,48900000000,48747246111,48747250494,4383
48600000000,48900000000,48747250494,48747254361,3867
48600000000,48900000000,48747254361,48783431381,36177020
48600000000,48900000000,48783431381,48783433684,2303
48600000000,48900000000,48783433684,48788187718,4754034
48600000000,48900000000,48788187718,48796324666,8136948
48600000000,48900000000,48796324666,48796332136,7470
48600000000,48900000000,48796332136,48796334342,2206
48600000000,48900000000,48796334342,48810450930,14116588
48600000000,48900000000,48810450930,48810453786,2856
48600000000,48900000000,48810453786,48810456346,2560
48600000000,48900000000,48810456346,48810458608,2262
48600000000,48900000000,48810458608,48822125243,11666635
48600000000,48900000000,48822125243,48825405921,3280678
48600000000,48900000000,48825405921,48825411354,5433
48600000000,48900000000,48825411354,48825414604,3250
48600000000,48900000000,48825414604,48829295076,3880472
48600000000,48900000000,48829295076,48857205906,27910830
48600000000,48900000000,48857205906,48859727910,2522004
48600000000,48900000000,48859727910,48861418395,1690485
48600000000,48900000000,48861418395,48861423705,5310
48600000000,48900000000,48861423705,48863555208,2131503
48600000000,48900000000,48863555208,48863555209,1
48600000000,48900000000,48863555209,48863555210,1
48600000000,48900000000,48863555210,48874266627,10711417
48600000000,48900000000,48874266627,48874275171,8544
48600000000,48900000000,48874275171,48887933007,13657836
48600000000,48900000000,48887933007,48887936970,3963
48600000000,48900000000,48887936970,48889606946,1669976
48600000000,48900000000,48889606946,48889606947,1
48900000000,49200000000,48901347927,48907189207,5841280
48900000000,49200000000,48907189207,48918850714,11661507
48900000000,49200000000,48918850714,48936072741,17222027
48900000000,49200000000,48936072741,48936077087,4346
48900000000,49200000000,48936077087,48936079691,2604
48900000000,49200000000,48936079691,48946743501,10663810
48900000000,49200000000,48946743501,48956587681,9844180
48900000000,49200000000,48956587681,48960468270,3880589
48900000000,49200000000,48960468270,48967322229,6853959
48900000000,49200000000,48967322229,48973407206,6084977
48900000000,49200000000,48973407206,48973409316,2110
48900000000,49200000000,48973409316,48973411487,2171
48900000000,49200000000,48973411487,48973415173,3686
48900000000,49200000000,48973415173,48976698231,3283058
48900000000,49200000000,48976698231,48977435649,737418
48900000000,49200000000,48977435649,48981033706,3598057
48900000000,49200000000,48981033706,48986334237,5300531
48900000000,49200000000,48986334237,48986405987,71750
48900000000,49200000000,48986405987,48986417338,11351
48900000000,49200000000,48986417338,48986425867,8529
48900000000,49200000000,48986425867,48993474161,7048294
48900000000,49200000000,48993474161,48998571364,5097203
48900000000,49200000000,48998571364,49012993012,14421648
48900000000,49200000000,49012993012,49013054043,61031
48900000000,49200000000,49013054043,49013065122,11079
48900000000,49200000000,49013065122,49013092887,27765
48900000000,49200000000,49013092887,49015439724,2346837
48900000000,49200000000,49015439724,49025686459,10246735
48900000000,49200000000,49025686459,49025743234,56775
48900000000,49200000000,49025743234,49028537106,2793872
48900000000,49200000000,49028537106,49037675022,9137916
48900000000,49200000000,49037675022,49037691384,16362
48900000000,49200000000,49037691384,49037695727,4343
48900000000,49200000000,49037695727,49037699790,4063
48900000000,49200000000,49037699790,49037705451,5661
48900000000,49200000000,49037705451,49037708342,2891
48900000000,49200000000,49037708342,49037710943,2601
48900000000,49200000000,49037710943,49040945425,3234482
48900000000,49200000000,49040945425,49049557880,8612455
48900000000,49200000000,49049557880,49049561276,3396
48900000000,49200000000,49049561276,49060593669,11032393
48900000000,49200000000,49060593669,49063585384,2991715
48900000000,49200000000,49063585384,49063590067,4683
48900000000,49200000000,49063590067,49063592757,2690
48900000000,49200000000,49063592757,49065233581,1640824
48900000000,49200000000,49065233581,49070987048,5753467
48900000000,49200000000,49070987048,49075749740,4762692
48900000000,49200000000,49075749740,49079377313,3627573
48900000000,49200000000,49079377313,49081635581,2258268
48900000000,49200000000,49081635581,49088182724,6547143
48900000000,49200000000,49088182724,49088188046,5322
48900000000,49200000000,49088188046,49093105890,4917844
48900000000,49200000000,49093105890,49093920960,815070
48900000000,49200000000,49093920960,49093927648,6688
48900000000,49200000000,49093927648,49094711301,783653
48900000000,49200000000,49094711301,49094715345,4044
48900000000,49200000000,49094715345,49099206475,4491130
48900000000,49200000000,49099206475,49100696527,1490052
48900000000,49200000000,49100696527,49112786246,12089719
48900000000,49200000000,49112786246,49113508697,722451
48900000000,49200000000,49113508697,49119960957,6452260
48900000000,49200000000,49119960957,49119965156,4199
48900000000,49200000000,49119965156,49119973503,8347
48900000000,49200000000,49119973503,49125116780,5143277
48900000000,49200000000,49125116780,49128536995,3420215
48900000000,49200000000,49128536995,49138058504,9521509
48900000000,49200000000,49138058504,49138066398,7894
48900000000,49200000000,49138066398,49138068824,2426
48900000000,49200000000,49138068824,49142373904,4305080
48900000000,49200000000,49142373904,49162313222,19939318
48900000000,49200000000,49162313222,49162322155,8933
48900000000,49200000000,49162322155,49163896663,1574508
48900000000,49200000000,49163896663,49163896664,1
48900000000,49200000000,49163896664,49163896665,1
48900000000,49200000000,49163896665,49186663052,22766387
48900000000,49200000000,49186663052,49188239725,1576673
48900000000,49200000000,49188239725,49189851979,1612254
48900000000,49200000000,49189851979,49189881644,29665
48900000000,49200000000,49189881644,49191703492,1821848
48900000000,49200000000,49191703492,49194351329,2647837
49200000000,49500000000,49200301308,49203613564,3312256
49200000000,49500000000,49203613564,49204846914,1233350
49200000000,49500000000,49204846914,49205649322,802408
49200000000,49500000000,49205649322,49205660493,11171
49200000000,49500000000,49205660493,49209195778,3535285
49200000000,49500000000,49209195778,49210076223,880445
49200000000,49500000000,49210076223,49210109425,33202
49200000000,49500000000,49210109425,49210111715,2290
49200000000,49500000000,49210111715,49210114163,2448
49200000000,49500000000,49210114163,49210153581,39418
49200000000,49500000000,49210153581,49212579477,2425896
49200000000,49500000000,49212579477,49212579478,1
49200000000,49500000000,49212579478,49215440510,2861032
49200000000,49500000000,49215440510,49217939734,2499224
49200000000,49500000000,49217939734,49219587456,1647722
49200000000,49500000000,49219587456,49222159197,2571741
49200000000,49500000000,49222159197,49222168139,8942
49200000000,49500000000,49222168139,49222171163,3024
49200000000,49500000000,49222171163,49222990493,819330
49200000000,49500000000,49222990493,49223728911,738418
49200000000,49500000000,49223728911,49224532915,804004
49200000000,49500000000,49224532915,49229221777,4688862
49200000000,49500000000,49229221777,49235613397,6391620
49200000000,49500000000,49235613397,49237725271,2111874
49200000000,49500000000,49237725271,49248147271,10422000
49200000000,49500000000,49248147271,49248151711,4440
49200000000,49500000000,49248151711,49248154392,2681
49200000000,49500000000,49248154392,49248156811,2419
49200000000,49500000000,49248156811,49248159200,2389
49200000000,49500000000,49248159200,49248161205,2005
49200000000,49500000000,49248161205,49248163173,1968
49200000000,49500000000,49248163173,49248165514,2341
49200000000,49500000000,49248165514,49265835547,17670033
49200000000,49500000000,49265835547,49284932334,19096787
49200000000,49500000000,49284932334,49284940160,7826
49200000000,49500000000,49284940160,49284945155,4995
49200000000,49500000000,49284945155,49286549381,1604226
49200000000,49500000000,49286549381,49286549382,1
49200000000,49500000000,49286549382,49286549383,1
49200000000,49500000000,49286549383,49286549463,80
49200000000,49500000000,49286549463,49286549464,1
49200000000,49500000000,49286549464,49286549553,89
49200000000,49500000000,49286549553,49286549554,1
49200000000,49500000000,49286549554,49297160427,10610873
49200000000,49500000000,49297160427,49297164762,4335
49200000000,49500000000,49297164762,49297170521,5759
49200000000,49500000000,49297170521,49298779556,1609035
49200000000,49500000000,49298779556,49298779557,1
49200000000,49500000000,49298779557,49298779558,1
49200000000,49500000000,49298779558,49321411171,22631613
49200000000,49500000000,49321411171,49321416387,5216
49200000000,49500000000,49321416387,49321426700,10313
49200000000,49500000000,49321426700,49321439331,12631
49200000000,49500000000,49321439331,49321442652,3321
49200000000,49500000000,49321442652,49321444661,2009
49200000000,49500000000,49321444661,49325506794,4062133
49200000000,49500000000,49325506794,49325506795,1
49200000000,49500000000,49325506795,49325506796,1
49200000000,49500000000,49325506796,49325507035,239
49200000000,49500000000,49325507035,49325507036,1
49200000000,49500000000,49325507036,49325507037,1
49200000000,49500000000,49325507037,49325507359,322
49200000000,49500000000,49325507359,49333273838,7766479
49200000000,49500000000,49333273838,49334057887,784049
49200000000,49500000000,49334057887,49334080335,22448
49200000000,49500000000,49334080335,49334083839,3504
49200000000,49500000000,49334083839,49334087486,3647
49200000000,49500000000,49334087486,49334090062,2576
49200000000,49500000000,49334090062,49334095847,5785
49200000000,49500000000,49334095847,49334099229,3382
49200000000,49500000000,49334099229,49334104803,5574
49200000000,49500000000,49334104803,49334115276,10473
49200000000,49500000000,49334115276,49334121770,6494
49200000000,49500000000,49334121770,49334127381,5611
49200000000,49500000000,49334127381,49337118344,2990963
49200000000,49500000000,49337118344,49337118345,1
49200000000,49500000000,49337118345,49337118583,238
49200000000,49500000000,49337118583,49337118584,1
49200000000,49500000000,49337118584,49339811105,2692521
49200000000,49500000000,49339811105,49341645140,1834035
49200000000,49500000000,49341645140,49343392125,1746985
49200000000,49500000000,49343392125,49348034993,4642868
49200000000,49500000000,49348034993,49369438213,21403220
49200000000,49500000000,49369438213,49384428898,14990685
49200000000,49500000000,49384428898,49397248101,12819203
49200000000,49500000000,49397248101,49412169006,14920905
49200000000,49500000000,49412169006,49443362079,31193073
49200000000,49500000000,49443362079,49445269376,1907297
49200000000,49500000000,49445269376,49450106641,4837265
49200000000,49500000000,49450106641,49450109051,2410
49200000000,49500000000,49450109051,49450111531,2480
49200000000,49500000000,49450111531,49464918705,14807174
49200000000,49500000000,49464918705,49474183981,9265276
49200000000,49500000000,49474183981,49475681357,1497376
49200000000,49500000000,49475681357,49475681358,1
49200000000,49500000000,49475681358,49475681359,1
49200000000,49500000000,49475681359,49476790623,1109264
49200000000,49500000000,49476790623,49485801460,9010837
49500000000,49800000000,49503490098,49522776561,19286463
49500000000,49800000000,49522776561,49535945416,13168855
49500000000,49800000000,49535945416,49563173068,27227652
49500000000,49800000000,49563173068,49564077270,904202
49500000000,49800000000,49564077270,49564098934,21664
49500000000,49800000000,49564098934,49564875227,776293
49500000000,49800000000,49564875227,49566486304,1611077
49500000000,49800000000,49566486304,49570622076,4135772
49500000000,49800000000,49570622076,49575734168,5112092
49500000000,49800000000,49575734168,49575834021,99853
49500000000,49800000000,49575834021,49576584434,750413
49500000000,49800000000,49576584434,49594027461,17443027
49500000000,49800000000,49594027461,49602027045,7999584
49500000000,49800000000,49602027045,49622325752,20298707
49500000000,49800000000,49622325752,49623881164,1555412
49500000000,49800000000,49623881164,49624686906,805742
49500000000,49800000000,49624686906,49680557286,55870380
49500000000,49800000000,49680557286,49697452075,16894789
49500000000,49800000000,49697452075,49697483114,31039
49500000000,49800000000,49697483114,49698362150,879036
49500000000,49800000000,49698362150,49721482103,23119953
49500000000,49800000000,49721482103,49723800473,2318370
49500000000,49800000000,49723800473,49734395522,10595049
49500000000,49800000000,49734395522,49734401826,6304
49500000000,49800000000,49734401826,49743488957,9087131
49500000000,49800000000,49743488957,49744294962,806005
49500000000,49800000000,49744294962,49746946218,2651256
49500000000,49800000000,49746946218,49746955066,8848
49500000000,49800000000,49746955066,49749268873,2313807
49500000000,49800000000,49749268873,49749268874,1
49500000000,49800000000,49749268874,49749269410,536
49500000000,49800000000,49749269410,49749269411,1
49500000000,49800000000,49749269411,49758991714,9722303
49500000000,49800000000,49758991714,49758997459,5745
49500000000,49800000000,49758997459,49763852107,4854648
49500000000,49800000000,49763852107,49763852108,1
49500000000,49800000000,49763852108,49771309773,7457665
49500000000,49800000000,49771309773,49771314029,4256
49500000000,49800000000,49771314029,49784439531,13125502
49500000000,49800000000,49784439531,49784443274,3743
49500000000,49800000000,49784443274,49785206409,763135
49500000000,49800000000,49785206409,49786003504,797095
49500000000,49800000000,49786003504,49796830034,10826530
49500000000,49800000000,49796830034,49796866507,36473
49800000000,50100000000,49800456116,49800456184,68
49800000000,50100000000,49800456184,49800456185,1
49800000000,50100000000,49800456185,49807348466,6892281
49800000000,50100000000,49807348466,49808983008,1634542
49800000000,50100000000,49808983008,49809153594,170586
49800000000,50100000000,49809153594,49820490046,11336452
49800000000,50100000000,49820490046,49821951426,1461380
49800000000,50100000000,49821951426,49832219234,10267808
49800000000,50100000000,49832219234,49832223597,4363
49800000000,50100000000,49832223597,49833418108,1194511
49800000000,50100000000,49833418108,49833442990,24882
49800000000,50100000000,49833442990,49836695496,3252506
49800000000,50100000000,49836695496,49844923970,8228474
49800000000,50100000000,49844923970,49845655825,731855
49800000000,50100000000,49845655825,49854756906,9101081
49800000000,50100000000,49854756906,49857820981,3064075
49800000000,50100000000,49857820981,49858644634,823653
49800000000,50100000000,49858644634,49858649103,4469
49800000000,50100000000,49858649103,49860316873,1667770
49800000000,50100000000,49860316873,49860316874,1
49800000000,50100000000,49860316874,49861257033,940159
49800000000,50100000000,49861257033,49883289671,22032638
49800000000,50100000000,49883289671,49884964006,1674335
49800000000,50100000000,49884964006,49920554487,35590481
49800000000,50100000000,49920554487,49931525282,10970795
49800000000,50100000000,49931525282,49933340738,1815456
49800000000,50100000000,49933340738,49933343624,2886
49800000000,50100000000,49933343624,49937815869,4472245
49800000000,50100000000,49937815869,49945701502,7885633
49800000000,50100000000,49945701502,49949067532,3366030
49800000000,50100000000,49949067532,49974295370,25227838
49800000000,50100000000,49974295370,49987928549,13633179
49800000000,50100000000,49987928549,49989645295,1716746
49800000000,50100000000,49989645295,49992363748,2718453
49800000000,50100000000,49992363748,49995081036,2717288
49800000000,50100000000,49995081036,50001548417,6467381
49800000000,50100000000,50001548417,50004715197,3166780
49800000000,50100000000,50004715197,50014284966,9569769
49800000000,50100000000,50014284966,50014287711,2745
49800000000,50100000000,50014287711,50018582879,4295168
49800000000,50100000000,50018582879,50037608170,19025291
49800000000,50100000000,50037608170,50041984345,4376175
49800000000,50100000000,50041984345,50053248512,11264167
49800000000,50100000000,50053248512,50054044861,796349
49800000000,50100000000,50054044861,50054052222,7361
49800000000,50100000000,50054052222,50054059873,7651
49800000000,50100000000,50054059873,50064498842,10438969
49800000000,50100000000,50064498842,50074168833,9669991
49800000000,50100000000,50074168833,50089023598,14854765
50100000000,50400000000,50101219240,50111688822,10469582
50100000000,50400000000,50111688822,50113317511,1628689
50100000000,50400000000,50113317511,50114156403,838892
50100000000,50400000000,50114156403,50114159610,3207
50100000000,50400000000,50114159610,50126519342,12359732
50100000000,50400000000,50126519342,50126576198,56856
50100000000,50400000000,50126576198,50126583155,6957
50100000000,50400000000,50126583155,50126588155,5000
50100000000,50400000000,50126588155,50139186315,12598160
50100000000,50400000000,50139186315,50140400129,1213814
50100000000,50400000000,50140400129,50141107644,707515
50100000000,50400000000,50141107644,50157176385,16068741
50100000000,50400000000,50157176385,50162831633,5655248
50100000000,50400000000,50162831633,50165891951,3060318
50100000000,50400000000,50165891951,50166661688,769737
50100000000,50400000000,50166661688,50167423585,761897
50100000000,50400000000,50167423585,50173396630,5973045
50100000000,50400000000,50173396630,50188816849,15420219
50100000000,50400000000,50188816849,50188848288,31439
50100000000,50400000000,50188848288,50190328005,1479717
50100000000,50400000000,50190328005,50190328006,1
50100000000,50400000000,50190328006,50190330031,2025
50100000000,50400000000,50190330031,50190365065,35034
50100000000,50400000000,50190365065,50201542153,11177088
50100000000,50400000000,50201542153,50201553964,11811
50100000000,50400000000,50201553964,50217696949,16142985
50100000000,50400000000,50217696949,50221014434,3317485
50100000000,50400000000,50221014434,50237913540,16899106
50100000000,50400000000,50237913540,50263832468,25918928
50100000000,50400000000,50263832468,50263981923,149455
50100000000,50400000000,50263981923,50265451740,1469817
50100000000,50400000000,50265451740,50265451853,113
50100000000,50400000000,50265451853,50265451854,1
50100000000,50400000000,50265451854,50268029538,2577684
50100000000,50400000000,50268029538,50300134745,32105207
50100000000,50400000000,50300134745,50300139120,4375
50100000000,50400000000,50300139120,50312630503,12491383
50100000000,50400000000,50312630503,50314722167,2091664
50100000000,50400000000,50314722167,50322262040,7539873
50100000000,50400000000,50322262040,50322883962,621922
50100000000,50400000000,50322883962,50331560879,8676917
50100000000,50400000000,50331560879,50335419218,3858339
50100000000,50400000000,50335419218,50336623398,1204180
50100000000,50400000000,50336623398,50336625654,2256
50100000000,50400000000,50336625654,50339276610,2650956
50100000000,50400000000,50339276610,50341943189,2666579
50100000000,50400000000,50341943189,50360370701,18427512
50100000000,50400000000,50360370701,50362621872,2251171
50100000000,50400000000,50362621872,50372695798,10073926
50100000000,50400000000,50372695798,50374845901,2150103
50100000000,50400000000,50374845901,50380951387,6105486
50100000000,50400000000,50380951387,50395769377,14817990
50400000000,50700000000,50403882001,50412712270,8830269
50400000000,50700000000,50412712270,50413450009,737739
50400000000,50700000000,50413450009,50416291108,2841099
50400000000,50700000000,50416291108,50417689749,1398641
50400000000,50700000000,50417689749,50417693971,4222
50400000000,50700000000,50417693971,50419096200,1402229
50400000000,50700000000,50419096200,50419100871,4671
50400000000,50700000000,50419100871,50420549006,1448135
50400000000,50700000000,50420549006,50420553170,4164
50400000000,50700000000,50420553170,50420555641,2471
50400000000,50700000000,50420555641,50430486341,9930700
50400000000,50700000000,50430486341,50431201211,714870
50400000000,50700000000,50431201211,50431226378,25167
50400000000,50700000000,50431226378,50431956509,730131
50400000000,50700000000,50431956509,50435940274,3983765
50400000000,50700000000,50435940274,50443127295,7187021
50400000000,50700000000,50443127295,50443131824,4529
50400000000,50700000000,50443131824,50444873002,1741178
50400000000,50700000000,50444873002,50457361643,12488641
50400000000,50700000000,50457361643,50468283064,10921421
50400000000,50700000000,50468283064,50469956416,1673352
50400000000,50700000000,50469956416,50469956417,1
50400000000,50700000000,50469956417,50470912050,955633
50400000000,50700000000,50470912050,50480746154,9834104
50400000000,50700000000,50480746154,50480763181,17027
50400000000,50700000000,50480763181,50482424118,1660937
50400000000,50700000000,50482424118,50482424119,1
50400000000,50700000000,50482424119,50493269683,10845564
50400000000,50700000000,50493269683,50514321573,21051890
50400000000,50700000000,50514321573,50527764186,13442613
50400000000,50700000000,50527764186,50529100770,1336584
50400000000,50700000000,50529100770,50529128709,27939
50400000000,50700000000,50529128709,50529137597,8888
50400000000,50700000000,50529137597,50531728391,2590794
50400000000,50700000000,50531728391,50545146593,13418202
50400000000,50700000000,50545146593,50546178580,1031987
50400000000,50700000000,50546178580,50563618924,17440344
50400000000,50700000000,50563618924,50569599298,5980374
50400000000,50700000000,50569599298,50607644771,38045473
50400000000,50700000000,50607644771,50611482088,3837317
50400000000,50700000000,50611482088,50620173338,8691250
50400000000,50700000000,50620173338,50632655406,12482068
50400000000,50700000000,50632655406,50636008244,3352838
50400000000,50700000000,50636008244,50639808493,3800249
50400000000,50700000000,50639808493,50642294768,2486275
50400000000,50700000000,50642294768,50645220024,2925256
50400000000,50700000000,50645220024,50646922848,1702824
50400000000,50700000000,50646922848,50646961325,38477
50400000000,50700000000,50646961325,50655629800,8668475
50400000000,50700000000,50655629800,50655634808,5008
50400000000,50700000000,50655634808,50655641426,6618
50400000000,50700000000,50655641426,50658101248,2459822
50400000000,50700000000,50658101248,50658101249,1
50400000000,50700000000,50658101249,50658101269,20
50400000000,50700000000,50658101269,50658101333,64
50400000000,50700000000,50658101333,50659674971,1573638
50400000000,50700000000,50659674971,50661488156,1813185
50400000000,50700000000,50661488156,50668130156,6642000
50400000000,50700000000,50668130156,50670936330,2806174
50400000000,50700000000,50670936330,50670957354,21024
50400000000,50700000000,50670957354,50672539264,1581910
50400000000,50700000000,50672539264,50680249932,7710668
50400000000,50700000000,50680249932,50680256193,6261
50400000000,50700000000,50680256193,50682761560,2505367
50400000000,50700000000,50682761560,50682761561,1
50400000000,50700000000,50682761561,50687630313,4868752
50400000000,50700000000,50687630313,50692409786,4779473
50400000000,50700000000,50692409786,50692412380,2594
50700000000,51000000000,50702199478,50707398862,5199384
50700000000,51000000000,50707398862,50707402338,3476
50700000000,51000000000,50707402338,50707412002,9664
50700000000,51000000000,50707412002,50710294465,2882463
50700000000,51000000000,50710294465,50712770419,2475954
50700000000,51000000000,50712770419,50717965665,5195246
50700000000,51000000000,50717965665,50719978479,2012814
50700000000,51000000000,50719978479,50719984407,5928
50700000000,51000000000,50719984407,50738759500,18775093
50700000000,51000000000,50738759500,50746177471,7417971
50700000000,51000000000,50746177471,50746181265,3794
50700000000,51000000000,50746181265,50749216311,3035046
50700000000,51000000000,50749216311,50750752117,1535806
50700000000,51000000000,50750752117,50752612266,1860149
50700000000,51000000000,50752612266,50754095479,1483213
50700000000,51000000000,50754095479,50758619856,4524377
50700000000,51000000000,50758619856,50769105745,10485889
50700000000,51000000000,50769105745,50788515298,19409553
50700000000,51000000000,50788515298,50793209576,4694278
50700000000,51000000000,50793209576,50793215023,5447
50700000000,51000000000,50793215023,50794668346,1453323
50700000000,51000000000,50794668346,50794668347,1
50700000000,51000000000,50794668347,50794686264,17917
50700000000,51000000000,50794686264,50796145033,1458769
50700000000,51000000000,50796145033,50806653210,10508177
50700000000,51000000000,50806653210,50808639401,1986191
50700000000,51000000000,50808639401,50808643234,3833
50700000000,51000000000,50808643234,50808647471,4237
50700000000,51000000000,50808647471,50810322399,1674928
50700000000,51000000000,50810322399,50810327392,4993
50700000000,51000000000,50810327392,50811801306,1473914
50700000000,51000000000,50811801306,50812619894,818588
50700000000,51000000000,50812619894,50812630447,10553
50700000000,51000000000,50812630447,50814420446,1789999
50700000000,51000000000,50814420446,50824007081,9586635
50700000000,51000000000,50824007081,50830821009,6813928
50700000000,51000000000,50830821009,50832511353,1690344
50700000000,51000000000,50832511353,50833362791,851438
50700000000,51000000000,50833362791,50845472882,12110091
50700000000,51000000000,50845472882,50848879301,3406419
50700000000,51000000000,50848879301,50850933965,2054664
50700000000,51000000000,50850933965,50869204794,18270829
50700000000,51000000000,50869204794,50870203869,999075
50700000000,51000000000,50870203869,50871073566,869697
50700000000,51000000000,50871073566,50873231464,2157898
50700000000,51000000000,50873231464,50876169935,2938471
50700000000,51000000000,50876169935,50877955912,1785977
50700000000,51000000000,50877955912,50880041445,2085533
50700000000,51000000000,50880041445,50880045277,3832
50700000000,51000000000,50880045277,50882343500,2298223
50700000000,51000000000,50882343500,50884118882,1775382
50700000000,51000000000,50884118882,50895717330,11598448
50700000000,51000000000,50895717330,50895720872,3542
50700000000,51000000000,50895720872,50915683955,19963083
50700000000,51000000000,50915683955,50920149582,4465627
50700000000,51000000000,50920149582,50920157108,7526
50700000000,51000000000,50920157108,50922480087,2322979
50700000000,51000000000,50922480087,50922480088,1
50700000000,51000000000,50922480088,50922480214,126
50700000000,51000000000,50922480214,50923235712,755498
50700000000,51000000000,50923235712,50944248058,21012346
50700000000,51000000000,50944248058,50955714326,11466268
50700000000,51000000000,50955714326,50956460198,745872
50700000000,51000000000,50956460198,50972635369,16175171
51000000000,51300000000,51003080428,51004629729,1549301
51000000000,51300000000,51004629729,51004645057,15328
51000000000,51300000000,51004645057,51004651262,6205
51000000000,51300000000,51004651262,51006132253,1480991
51000000000,51300000000,51006132253,51006145067,12814
51000000000,51300000000,51006145067,51008546963,2401896
51000000000,51300000000,51008546963,51009321404,774441
51000000000,51300000000,51009321404,51019283701,9962297
51000000000,51300000000,51019283701,51019286348,2647
51000000000,51300000000,51019286348,51019289880,3532
51000000000,51300000000,51019289880,51019293965,4085
51000000000,51300000000,51019293965,51022869588,3575623
51000000000,51300000000,51022869588,51024923873,2054285
51000000000,51300000000,51024923873,51033541620,8617747
51000000000,51300000000,51033541620,51035252060,1710440
51000000000,51300000000,51035252060,51036855071,1603011
51000000000,51300000000,51036855071,51039798604,2943533
51000000000,51300000000,51039798604,51056601332,16802728
51000000000,51300000000,51056601332,51063414903,6813571
51000000000,51300000000,51063414903,51063423786,8883
51000000000,51300000000,51063423786,51064219068,795282
51000000000,51300000000,51064219068,51065054002,834934
51000000000,51300000000,51065054002,51065935529,881527
51000000000,51300000000,51065935529,51067486207,1550678
51000000000,51300000000,51067486207,51098097581,30611374
51000000000,51300000000,51098097581,51108464498,10366917
51000000000,51300000000,51108464498,51110108511,1644013
51000000000,51300000000,51110108511,51111806126,1697615
51000000000,51300000000,51111806126,51111819650,13524
51000000000,51300000000,51111819650,51129246593,17426943
51000000000,51300000000,51129246593,51202516833,73270240
51000000000,51300000000,51202516833,51202516834,1
51000000000,51300000000,51202516834,51242272075,39755241
51000000000,51300000000,51242272075,51247651001,5378926
51000000000,51300000000,51247651001,51248529112,878111
51000000000,51300000000,51248529112,51248535011,5899
51000000000,51300000000,51248535011,51248541285,6274
51000000000,51300000000,51248541285,51249383449,842164
51000000000,51300000000,51249383449,51251066318,1682869
51000000000,51300000000,51251066318,51253625319,2559001
51000000000,51300000000,51253625319,51256324813,2699494
51000000000,51300000000,51256324813,51259596702,3271889
51000000000,51300000000,51259596702,51260405958,809256
51000000000,51300000000,51260405958,51261264027,858069
51000000000,51300000000,51261264027,51261270273,6246
51000000000,51300000000,51261270273,51261273665,3392
51000000000,51300000000,51261273665,51261276219,2554
51000000000,51300000000,51261276219,51261278166,1947
51000000000,51300000000,51261278166,51265215663,3937497
51000000000,51300000000,51265215663,51273549457,8333794
51000000000,51300000000,51273549457,51276118019,2568562
51000000000,51300000000,51276118019,51278116166,1998147
51000000000,51300000000,51278116166,51278939087,822921
51000000000,51300000000,51278939087,51291469245,12530158
51300000000,51600000000,51302102878,51302947567,844689
51300000000,51600000000,51302947567,51305374680,2427113
51300000000,51600000000,51305374680,51307034215,1659535
51300000000,51600000000,51307034215,51307891958,857743
51300000000,51600000000,51307891958,51310926323,3034365
51300000000,51600000000,51310926323,51310932973,6650
51300000000,51600000000,51310932973,51320583188,9650215
51300000000,51600000000,51320583188,51320585881,2693
51300000000,51600000000,51320585881,51320592334,6453
51300000000,51600000000,51320592334,51322615327,2022993
51300000000,51600000000,51322615327,51322615328,1
51300000000,51600000000,51322615328,51330174202,7558874
51300000000,51600000000,51330174202,51334678569,4504367
51300000000,51600000000,51334678569,51334685225,6656
51300000000,51600000000,51334685225,51337075472,2390247
51300000000,51600000000,51337075472,51341220403,4144931
51300000000,51600000000,51341220403,51344338934,3118531
51300000000,51600000000,51344338934,51350032082,5693148
51300000000,51600000000,51350032082,51350772983,740901
51300000000,51600000000,51350772983,51363431220,12658237
51300000000,51600000000,51363431220,51380513278,17082058
51300000000,51600000000,51380513278,51400985241,20471963
51300000000,51600000000,51400985241,51400992031,6790
51300000000,51600000000,51400992031,51402671753,1679722
51300000000,51600000000,51402671753,51404589204,1917451
51300000000,51600000000,51404589204,51414333049,9743845
51300000000,51600000000,51414333049,51419606782,5273733
51300000000,51600000000,51419606782,51421468263,1861481
51300000000,51600000000,51421468263,51421484867,16604
51300000000,51600000000,51421484867,51423178659,1693792
51300000000,51600000000,51423178659,51424004898,826239
51300000000,51600000000,51424004898,51425487704,1482806
51300000000,51600000000,51425487704,51425487705,1
51300000000,51600000000,51425487705,51447269541,21781836
51300000000,51600000000,51447269541,51447278741,9200
51300000000,51600000000,51447278741,51447284755,6014
51300000000,51600000000,51447284755,51477769074,30484319
51300000000,51600000000,51477769074,51489123688,11354614
51300000000,51600000000,51489123688,51495668798,6545110
51300000000,51600000000,51495668798,51495674081,5283
51300000000,51600000000,51495674081,51542880467,47206386
51300000000,51600000000,51542880467,51542889791,9324
51300000000,51600000000,51542889791,51544463139,1573348
51300000000,51600000000,51544463139,51545345329,882190
51300000000,51600000000,51545345329,51555159161,9813832
51300000000,51600000000,51555159161,51567137839,11978678
51300000000,51600000000,51567137839,51568769337,1631498
51300000000,51600000000,51568769337,51568769338,1
51300000000,51600000000,51568769338,51568769339,1
51300000000,51600000000,51568769339,51568794589,25250
51300000000,51600000000,51568794589,51581088697,12294108
51300000000,51600000000,51581088697,51581815030,726333
51300000000,51600000000,51581815030,51582475549,660519
51300000000,51600000000,51582475549,51585171341,2695792
51300000000,51600000000,51585171341,51594287490,9116149
51300000000,51600000000,51594287490,51599756353,5468863
51600000000,51900000000,51606362741,51606366200,3459
51600000000,51900000000,51606366200,51618589970,12223770
51600000000,51900000000,51618589970,51621563773,2973803
51600000000,51900000000,51621563773,51621569256,5483
51600000000,51900000000,51621569256,51623900890,2331634
51600000000,51900000000,51623900890,51626949753,3048863
51600000000,51900000000,51626949753,51630035446,3085693
51600000000,51900000000,51630035446,51630760496,725050
51600000000,51900000000,51630760496,51644349072,13588576
51600000000,51900000000,51644349072,51663127589,18778517
51600000000,51900000000,51663127589,51679981078,16853489
51600000000,51900000000,51679981078,51679986394,5316
51600000000,51900000000,51679986394,51683073381,3086987
51600000000,51900000000,51683073381,51703577411,20504030
51600000000,51900000000,51703577411,51707430402,3852991
51600000000,51900000000,51707430402,51709855827,2425425
51600000000,51900000000,51709855827,51710681833,826006
51600000000,51900000000,51710681833,51714548625,3866792
51600000000,51900000000,51714548625,51720541786,5993161
51600000000,51900000000,51720541786,51733047417,12505631
51600000000,51900000000,51733047417,51733814731,767314
51600000000,51900000000,51733814731,51734649309,834578
51600000000,51900000000,51734649309,51735914475,1265166
51600000000,51900000000,51735914475,51735919081,4606
51600000000,51900000000,51735919081,51742542285,6623204
51600000000,51900000000,51742542285,51742545310,3025
51600000000,51900000000,51742545310,51742549903,4593
51600000000,51900000000,51742549903,51742551871,1968
51600000000,51900000000,51742551871,51742554369,2498
51600000000,51900000000,51742554369,51751656086,9101717
51600000000,51900000000,51751656086,51783995893,32339807
51600000000,51900000000,51783995893,51792996895,9001002
51600000000,51900000000,51792996895,51792999564,2669
51600000000,51900000000,51792999564,51805010455,12010891
51600000000,51900000000,51805010455,51807728666,2718211
51600000000,51900000000,51807728666,51823572998,15844332
51600000000,51900000000,51823572998,51824384210,811212
51600000000,51900000000,51824384210,51842633854,18249644
51600000000,51900000000,51842633854,51842645988,12134
51600000000,51900000000,51842645988,51853616344,10970356
51600000000,51900000000,51853616344,51855743172,2126828
51600000000,51900000000,51855743172,51855743173,1
51600000000,51900000000,51855743173,51855854107,110934
51600000000,51900000000,51855854107,51868490939,12636832
51600000000,51900000000,51868490939,51882532519,14041580
51600000000,51900000000,51882532519,51895110072,12577553
51900000000,52200000000,51905032977,51913747805,8714828
51900000000,52200000000,51913747805,51914555274,807469
51900000000,52200000000,51914555274,51917126568,2571294
51900000000,52200000000,51917126568,51920487621,3361053
51900000000,52200000000,51920487621,51920493266,5645
51900000000,52200000000,51920493266,51920495927,2661
51900000000,52200000000,51920495927,51930030627,9534700
51900000000,52200000000,51930030627,51940855226,10824599
51900000000,52200000000,51940855226,51946682667,5827441
51900000000,52200000000,51946682667,51946688865,6198
51900000000,52200000000,51946688865,51956961520,10272655
51900000000,52200000000,51956961520,51956990932,29412
51900000000,52200000000,51956990932,51959459402,2468470
51900000000,52200000000,51959459402,51963869366,4409964
51900000000,52200000000,51963869366,51997688825,33819459
51900000000,52200000000,51997688825,51998673120,984295
51900000000,52200000000,51998673120,52010500666,11827546
51900000000,52200000000,52010500666,52015703915,5203249
51900000000,52200000000,52015703915,52021530044,5826129
51900000000,52200000000,52021530044,52022807869,1277825
51900000000,52200000000,52022807869,52023635517,827648
51900000000,52200000000,52023635517,52025359526,1724009
51900000000,52200000000,52025359526,52032423830,7064304
51900000000,52200000000,52032423830,52034390382,1966552
51900000000,52200000000,52034390382,52036129691,1739309
51900000000,52200000000,52036129691,52048358603,12228912
51900000000,52200000000,52048358603,52064514538,16155935
51900000000,52200000000,52064514538,52067297679,2783141
51900000000,52200000000,52067297679,52069836912,2539233
51900000000,52200000000,52069836912,52071567062,1730150
51900000000,52200000000,52071567062,52071582613,15551
51900000000,52200000000,52071582613,52073195750,1613137
51900000000,52200000000,52073195750,52074341072,1145322
51900000000,52200000000,52074341072,52077341129,3000057
51900000000,52200000000,52077341129,52077343541,2412
51900000000,52200000000,52077343541,52080749366,3405825
51900000000,52200000000,52080749366,52082584705,1835339
51900000000,52200000000,52082584705,52084081985,1497280
51900000000,52200000000,52084081985,52085738936,1656951
51900000000,52200000000,52085738936,52087404527,1665591
51900000000,52200000000,52087404527,52087410784,6257
51900000000,52200000000,52087410784,52092019251,4608467
51900000000,52200000000,52092019251,52092873967,854716
51900000000,52200000000,52092873967,52092885102,11135
51900000000,52200000000,52092885102,52094367412,1482310
51900000000,52200000000,52094367412,52095928218,1560806
51900000000,52200000000,52095928218,52099004224,3076006
51900000000,52200000000,52099004224,52101805387,2801163
51900000000,52200000000,52101805387,52175893455,74088068
51900000000,52200000000,52175893455,52175937315,43860
51900000000,52200000000,52175937315,52177797981,1860666
51900000000,52200000000,52177797981,52177797982,1
51900000000,52200000000,52177797982,52185128853,7330871
51900000000,52200000000,52185128853,52189421531,4292678
51900000000,52200000000,52189421531,52193514685,4093154
51900000000,52200000000,52193514685,52197753322,4238637
52200000000,52500000000,52211887285,52211902472,15187
52200000000,52500000000,52211902472,52212815012,912540
52200000000,52500000000,52212815012,52212826321,11309
52200000000,52500000000,52212826321,52212833549,7228
52200000000,52500000000,52212833549,52212838849,5300
52200000000,52500000000,52212838849,52212844605,5756
52200000000,52500000000,52212844605,52213747346,902741
52200000000,52500000000,52213747346,52219241811,5494465
52200000000,52500000000,52219241811,52219276182,34371
52200000000,52500000000,52219276182,52225821898,6545716
52200000000,52500000000,52225821898,52225838112,16214
52200000000,52500000000,52225838112,52225845068,6956
52200000000,52500000000,52225845068,52225851280,6212
52200000000,52500000000,52225851280,52230077836,4226556
52200000000,52500000000,52230077836,52238558128,8480292
52200000000,52500000000,52238558128,52238578377,20249
52200000000,52500000000,52238578377,52238583241,4864
52200000000,52500000000,52238583241,52238590672,7431
52200000000,52500000000,52238590672,52249956590,11365918
52200000000,52500000000,52249956590,52283178960,33222370
52200000000,52500000000,52283178960,52310237842,27058882
52200000000,52500000000,52310237842,52319055367,8817525
52200000000,52500000000,52319055367,52321237651,2182284
52200000000,52500000000,52321237651,52322176662,939011
52200000000,52500000000,52322176662,52336012944,13836282
52200000000,52500000000,52336012944,52345899766,9886822
52200000000,52500000000,52345899766,52369776022,23876256
52200000000,52500000000,52369776022,52394232900,24456878
52200000000,52500000000,52394232900,52406936204,12703304
52200000000,52500000000,52406936204,52406956541,20337
52200000000,52500000000,52406956541,52406963274,6733
52200000000,52500000000,52406963274,52431674757,24711483
52200000000,52500000000,52431674757,52431680100,5343
52200000000,52500000000,52431680100,52431682336,2236
52200000000,52500000000,52431682336,52444591331,12908995
52200000000,52500000000,52444591331,52444597141,5810
52200000000,52500000000,52444597141,52444599671,2530
52200000000,52500000000,52444599671,52444602282,2611
52200000000,52500000000,52444602282,52446190599,1588317
52200000000,52500000000,52446190599,52446190600,1
52200000000,52500000000,52446190600,52454951667,8761067
52200000000,52500000000,52454951667,52465849346,10897679
52200000000,52500000000,52465849346,52469348161,3498815
52200000000,52500000000,52469348161,52469350678,2517
52200000000,52500000000,52469350678,52478241347,8890669
52200000000,52500000000,52478241347,52481971342,3729995
52200000000,52500000000,52481971342,52481978170,6828
52200000000,52500000000,52481978170,52484466733,2488563
52200000000,52500000000,52484466733,52491574252,7107519
52500000000,52800000000,52500744514,52502551430,1806916
52500000000,52800000000,52502551430,52506259406,3707976
52500000000,52800000000,52506259406,52524923852,18664446
52500000000,52800000000,52524923852,52545371607,20447755
52500000000,52800000000,52545371607,52546209651,838044
52500000000,52800000000,52546209651,52547815043,1605392
52500000000,52800000000,52547815043,52550437462,2622419
52500000000,52800000000,52550437462,52557603936,7166474
52500000000,52800000000,52557603936,52560092386,2488450
52500000000,52800000000,52560092386,52563897575,3805189
52500000000,52800000000,52563897575,52573048765,9151190
52500000000,52800000000,52573048765,52584939272,11890507
52500000000,52800000000,52584939272,52584944032,4760
52500000000,52800000000,52584944032,52597755777,12811745
52500000000,52800000000,52597755777,52610478497,12722720
52500000000,52800000000,52610478497,52631399690,20921193
52500000000,52800000000,52631399690,52648724976,17325286
52500000000,52800000000,52648724976,52654242468,5517492
52500000000,52800000000,52654242468,52667010797,12768329
52500000000,52800000000,52667010797,52679361508,12350711
52500000000,52800000000,52679361508,52692469817,13108309
52500000000,52800000000,52692469817,52693332097,862280
52500000000,52800000000,52693332097,52693343261,11164
52500000000,52800000000,52693343261,52694188931,845670
52500000000,52800000000,52694188931,52696761207,2572276
52500000000,52800000000,52696761207,52724412051,27650844
52500000000,52800000000,52724412051,52726340935,1928884
52500000000,52800000000,52726340935,52726346815,5880
52500000000,52800000000,52726346815,52727939922,1593107
52500000000,52800000000,52727939922,52730649901,2709979
52500000000,52800000000,52730649901,52736053289,5403388
52500000000,52800000000,52736053289,52744457311,8404022
52500000000,52800000000,52744457311,52747999373,3542062
52500000000,52800000000,52747999373,52748008221,8848
52500000000,52800000000,52748008221,52748010632,2411
52500000000,52800000000,52748010632,52749667433,1656801
52500000000,52800000000,52749667433,52749667434,1
52500000000,52800000000,52749667434,52752161795,2494361
52500000000,52800000000,52752161795,52754531643,2369848
52500000000,52800000000,52754531643,52757582027,3050384
52500000000,52800000000,52757582027,52784344453,26762426
52500000000,52800000000,52784344453,52784350304,5851
52500000000,52800000000,52784350304,52785136328,786024
52500000000,52800000000,52785136328,52786822911,1686583
52500000000,52800000000,52786822911,52796726716,9903805
52500000000,52800000000,52796726716,52796733234,6518
52800000000,53100000000,52811400719,52812181740,781021
52800000000,53100000000,52812181740,52822522572,10340832
52800000000,53100000000,52822522572,52822524966,2394
52800000000,53100000000,52822524966,52822527051,2085
52800000000,53100000000,52822527051,52822529433,2382
52800000000,53100000000,52822529433,52827733396,5203963
52800000000,53100000000,52827733396,52834767363,7033967
52800000000,53100000000,52834767363,52834773316,5953
52800000000,53100000000,52834773316,52834775599,2283
52800000000,53100000000,52834775599,52839971078,5195479
52800000000,53100000000,52839971078,52844758949,4787871
52800000000,53100000000,52844758949,52847222211,2463262
52800000000,53100000000,52847222211,52848920801,1698590
52800000000,53100000000,52848920801,52882698671,33777870
52800000000,53100000000,52882698671,52883595104,896433
52800000000,53100000000,52883595104,52932200826,48605722
52800000000,53100000000,52932200826,52943214552,11013726
52800000000,53100000000,52943214552,52972139023,28924471
52800000000,53100000000,52972139023,53015361132,43222109
52800000000,53100000000,53015361132,53021991971,6630839
52800000000,53100000000,53021991971,53023588872,1596901
52800000000,53100000000,53023588872,53025193272,1604400
52800000000,53100000000,53025193272,53027683221,2489949
52800000000,53100000000,53027683221,53031562960,3879739
52800000000,53100000000,53031562960,53031580243,17283
52800000000,53100000000,53031580243,53037426099,5845856
52800000000,53100000000,53037426099,53037426100,1
52800000000,53100000000,53037426100,53037426101,1
52800000000,53100000000,53037426101,53037427120,1019
52800000000,53100000000,53037427120,53037427121,1
52800000000,53100000000,53037427121,53037427122,1
52800000000,53100000000,53037427122,53042122770,4695648
52800000000,53100000000,53042122770,53056678872,14556102
52800000000,53100000000,53056678872,53060227381,3548509
52800000000,53100000000,53060227381,53060227382,1
52800000000,53100000000,53060227382,53068844061,8616679
52800000000,53100000000,53068844061,53069831993,987932
52800000000,53100000000,53069831993,53083763640,13931647
52800000000,53100000000,53083763640,53085803451,2039811
52800000000,53100000000,53085803451,53085803452,1
53100000000,53400000000,53109239418,53116191565,6952147
53100000000,53400000000,53116191565,53120028761,3837196
53100000000,53400000000,53120028761,53136848978,16820217
53100000000,53400000000,53136848978,53164636599,27787621
53100000000,53400000000,53164636599,53167992090,3355491
53100000000,53400000000,53167992090,53168786570,794480
53100000000,53400000000,53168786570,53169506455,719885
53100000000,53400000000,53169506455,53170293073,786618
53100000000,53400000000,53170293073,53178130862,7837789
53100000000,53400000000,53178130862,53182125682,3994820
53100000000,53400000000,53182125682,53182129217,3535
53100000000,53400000000,53182129217,53189920910,7791693
53100000000,53400000000,53189920910,53199145591,9224681
53100000000,53400000000,53199145591,53207034494,7888903
53100000000,53400000000,53207034494,53217319155,10284661
53100000000,53400000000,53217319155,53218141972,822817
53100000000,53400000000,53218141972,53220845790,2703818
53100000000,53400000000,53220845790,53238401683,17555893
53100000000,53400000000,53238401683,53245824350,7422667
53100000000,53400000000,53245824350,53256497364,10673014
53100000000,53400000000,53256497364,53258188425,1691061
53100000000,53400000000,53258188425,53260603789,2415364
53100000000,53400000000,53260603789,53275183511,14579722
53100000000,53400000000,53275183511,53279322315,4138804
53100000000,53400000000,53279322315,53281607722,2285407
53100000000,53400000000,53281607722,53282564288,956566
53100000000,53400000000,53282564288,53282569465,5177
53100000000,53400000000,53282569465,53287292238,4722773
53100000000,53400000000,53287292238,53287292278,40
53100000000,53400000000,53287292278,53287292279,1
53100000000,53400000000,53287292279,53288108882,816603
53100000000,53400000000,53288108882,53291359922,3251040
53100000000,53400000000,53291359922,53300780142,9420220
53100000000,53400000000,53300780142,53307653582,6873440
53100000000,53400000000,53307653582,53307664615,11033
53100000000,53400000000,53307664615,53307672610,7995
53100000000,53400000000,53307672610,53307681150,8540
53100000000,53400000000,53307681150,53352286078,44604928
53100000000,53400000000,53352286078,53355669652,3383574
53100000000,53400000000,53355669652,53360161214,4491562
53100000000,53400000000,53360161214,53372147880,11986666
53100000000,53400000000,53372147880,53373460411,1312531
53100000000,53400000000,53373460411,53383646943,10186532
53400000000,53700000000,53407524328,53408376648,852320
53400000000,53700000000,53408376648,53408379682,3034
53400000000,53700000000,53408379682,53408382297,2615
53400000000,53700000000,53408382297,53410144352,1762055
53400000000,53700000000,53410144352,53411906270,1761918
53400000000,53700000000,53411906270,53413632295,1726025
53400000000,53700000000,53413632295,53419132531,5500236
53400000000,53700000000,53419132531,53420765860,1633329
53400000000,53700000000,53420765860,53420794379,28519
53400000000,53700000000,53420794379,53420798466,4087
53400000000,53700000000,53420798466,53420803351,4885
53400000000,53700000000,53420803351,53428706064,7902713
53400000000,53700000000,53428706064,53432902225,4196161
53400000000,53700000000,53432902225,53463339740,30437515
53400000000,53700000000,53463339740,53467747829,4408089
53400000000,53700000000,53467747829,53468603666,855837
53400000000,53700000000,53468603666,53469460245,856579
53400000000,53700000000,53469460245,53474063951,4603706
53400000000,53700000000,53474063951,53481698148,7634197
53400000000,53700000000,53481698148,53483833008,2134860
53400000000,53700000000,53483833008,53487688612,3855604
53400000000,53700000000,53487688612,53493541151,5852539
53400000000,53700000000,53493541151,53495190980,1649829
53400000000,53700000000,53495190980,53496769720,1578740
53400000000,53700000000,53496769720,53496769721,1
53400000000,53700000000,53496769721,53506794950,10025229
53400000000,53700000000,53506794950,53510093320,3298370
53400000000,53700000000,53510093320,53518487552,8394232
53400000000,53700000000,53518487552,53520259931,1772379
53400000000,53700000000,53520259931,53533339331,13079400
53400000000,53700000000,53533339331,53533345372,6041
53400000000,53700000000,53533345372,53546005407,12660035
53400000000,53700000000,53546005407,53546084316,78909
53400000000,53700000000,53546084316,53550854821,4770505
53400000000,53700000000,53550854821,53559116662,8261841
53400000000,53700000000,53559116662,53597175446,38058784
53400000000,53700000000,53597175446,53597179143,3697
53400000000,53700000000,53597179143,53597182009,2866
53400000000,53700000000,53597182009,53597184579,2570
53400000000,53700000000,53597184579,53645804371,48619792
53400000000,53700000000,53645804371,53647271242,1466871
53400000000,53700000000,53647271242,53647271243,1
53400000000,53700000000,53647271243,53651930837,4659594
53400000000,53700000000,53651930837,53651933876,3039
53400000000,53700000000,53651933876,53651940378,6502
53400000000,53700000000,53651940378,53652728699,788321
53400000000,53700000000,53652728699,53653466173,737474
53700000000,54000000000,53701636854,53705325039,3688185
53700000000,54000000000,53705325039,53707806931,2481892
53700000000,54000000000,53707806931,53709981770,2174839
53700000000,54000000000,53709981770,53713318138,3336368
53700000000,54000000000,53713318138,53714434443,1116305
53700000000,54000000000,53714434443,53715577310,1142867
53700000000,54000000000,53715577310,53720672265,5094955
53700000000,54000000000,53720672265,53720680192,7927
53700000000,54000000000,53720680192,53720687812,7620
53700000000,54000000000,53720687812,53720690511,2699
53700000000,54000000000,53720690511,53725823147,5132636
53700000000,54000000000,53725823147,53728628016,2804869
53700000000,54000000000,53728628016,53732984317,4356301
53700000000,54000000000,53732984317,53745572074,12587757
53700000000,54000000000,53745572074,53747099466,1527392
53700000000,54000000000,53747099466,53757315553,10216087
53700000000,54000000000,53757315553,53781784297,24468744
53700000000,54000000000,53781784297,53783424562,1640265
53700000000,54000000000,53783424562,53783442996,18434
53700000000,54000000000,53783442996,53786524151,3081155
53700000000,54000000000,53786524151,53786524152,1
53700000000,54000000000,53786524152,53790597847,4073695
53700000000,54000000000,53790597847,53795612106,5014259
53700000000,54000000000,53795612106,53809165888,13553782
53700000000,54000000000,53809165888,53809619265,453377
53700000000,54000000000,53809619265,53809625138,5873
53700000000,54000000000,53809625138,53816113436,6488298
53700000000,54000000000,53816113436,53822120815,6007379
53700000000,54000000000,53822120815,53823802206,1681391
53700000000,54000000000,53823802206,53836720519,12918313
53700000000,54000000000,53836720519,53884527505,47806986
53700000000,54000000000,53884527505,53884534548,7043
53700000000,54000000000,53884534548,53886307688,1773140
53700000000,54000000000,53886307688,53886307713,25
53700000000,54000000000,53886307713,53888164840,1857127
53700000000,54000000000,53888164840,53899051488,10886648
53700000000,54000000000,53899051488,53899056031,4543
53700000000,54000000000,53899056031,53899058351,2320
53700000000,54000000000,53899058351,53911292073,12233722
53700000000,54000000000,53911292073,53923600356,12308283
53700000000,54000000000,53923600356,53924573063,972707
53700000000,54000000000,53924573063,53925439730,866667
53700000000,54000000000,53925439730,53927994327,2554597
53700000000,54000000000,53927994327,53956348801,28354474
53700000000,54000000000,53956348801,53960806139,4457338
53700000000,54000000000,53960806139,53978803443,17997304
54000000000,54300000000,54000385107,54004697007,4311900
54000000000,54300000000,54004697007,54006837222,2140215
54000000000,54300000000,54006837222,54008671544,1834322
54000000000,54300000000,54008671544,54010507138,1835594
54000000000,54300000000,54010507138,54010507139,1
54000000000,54300000000,54010507139,54010507140,1
54000000000,54300000000,54010507140,54024913023,14405883
54000000000,54300000000,54024913023,54024920592,7569
54000000000,54300000000,54024920592,54024922913,2321
54000000000,54300000000,54024922913,54024924628,1715
54000000000,54300000000,54024924628,54030259183,5334555
54000000000,54300000000,54030259183,54037161447,6902264
54000000000,54300000000,54037161447,54049610628,12449181
54000000000,54300000000,54049610628,54051351178,1740550
54000000000,54300000000,54051351178,54051385328,34150
54000000000,54300000000,54051385328,54062109350,10724022
54000000000,54300000000,54062109350,54083445272,21335922
54000000000,54300000000,54083445272,54085713155,2267883
54000000000,54300000000,54085713155,54085718230,5075
54000000000,54300000000,54085718230,54085757358,39128
54000000000,54300000000,54085757358,54085760072,2714
54000000000,54300000000,54085760072,54086653613,893541
54000000000,54300000000,54086653613,54092833738,6180125
54000000000,54300000000,54092833738,54106845642,14011904
54000000000,54300000000,54106845642,54110386815,3541173
54000000000,54300000000,54110386815,54114904578,4517763
54000000000,54300000000,54114904578,54123404661,8500083
54000000000,54300000000,54123404661,54123411462,6801
54000000000,54300000000,54123411462,54124268236,856774
54000000000,54300000000,54124268236,54125051962,783726
54000000000,54300000000,54125051962,54134139546,9087584
54000000000,54300000000,54134139546,54134144512,4966
54000000000,54300000000,54134144512,54148353931,14209419
54000000000,54300000000,54148353931,54164260529,15906598
54000000000,54300000000,54164260529,54171497206,7236677
54000000000,54300000000,54171497206,54182726433,11229227
54000000000,54300000000,54182726433,54195135668,12409235
54000000000,54300000000,54195135668,54202211100,7075432
54000000000,54300000000,54202211100,54216182478,13971378
54000000000,54300000000,54216182478,54224341807,8159329
54000000000,54300000000,54224341807,54224347462,5655
54000000000,54300000000,54224347462,54226163167,1815705
54000000000,54300000000,54226163167,54227024546,861379
54000000000,54300000000,54227024546,54248691790,21667244
54000000000,54300000000,54248691790,54253164158,4472368
54000000000,54300000000,54253164158,54261275804,8111646
54000000000,54300000000,54261275804,54294327300,33051496
54300000000,54600000000,54301667046,54306570049,4903003
54300000000,54600000000,54306570049,54311859036,5288987
54300000000,54600000000,54311859036,54332944625,21085589
54300000000,54600000000,54332944625,54362141084,29196459
54300000000,54600000000,54362141084,54366019647,3878563
54300000000,54600000000,54366019647,54374838274,8818627
54300000000,54600000000,54374838274,54387303413,12465139
54300000000,54600000000,54387303413,54387327424,24011
54300000000,54600000000,54387327424,54387391819,64395
54300000000,54600000000,54387391819,54387400056,8237
54300000000,54600000000,54387400056,54387408386,8330
54300000000,54600000000,54387408386,54387411736,3350
54300000000,54600000000,54387411736,54387418218,6482
54300000000,54600000000,54387418218,54387421624,3406
54300000000,54600000000,54387421624,54389040199,1618575
54300000000,54600000000,54389040199,54389040200,1
54300000000,54600000000,54389040200,54389040252,52
54300000000,54600000000,54389040252,54389905650,865398
54300000000,54600000000,54389905650,54390702658,797008
54300000000,54600000000,54390702658,54401581695,10879037
54300000000,54600000000,54401581695,54401589440,7745
54300000000,54600000000,54401589440,54411902953,10313513
54300000000,54600000000,54411902953,54414685128,2782175
54300000000,54600000000,54414685128,54414694532,9404
54300000000,54600000000,54414694532,54416124998,1430466
54300000000,54600000000,54416124998,54427994974,11869976
54300000000,54600000000,54427994974,54428000748,5774
54300000000,54600000000,54428000748,54438698645,10697897
54300000000,54600000000,54438698645,54440477798,1779153
54300000000,54600000000,54440477798,54448615501,8137703
54300000000,54600000000,54448615501,54449465741,850240
54300000000,54600000000,54449465741,54452651911,3186170
54300000000,54600000000,54452651911,54453426695,774784
54300000000,54600000000,54453426695,54476716091,23289396
54300000000,54600000000,54476716091,54478333402,1617311
54300000000,54600000000,54478333402,54484372964,6039562
54300000000,54600000000,54484372964,54486038653,1665689
54300000000,54600000000,54486038653,54489249861,3211208
54300000000,54600000000,54489249861,54489254157,4296
54300000000,54600000000,54489254157,54500020824,10766667
54300000000,54600000000,54500020824,54513742344,13721520
54300000000,54600000000,54513742344,54525212181,11469837
54300000000,54600000000,54525212181,54530092007,4879826
54300000000,54600000000,54530092007,54537689555,7597548
54300000000,54600000000,54537689555,54537694081,4526
54300000000,54600000000,54537694081,54540940140,3246059
54300000000,54600000000,54540940140,54543391138,2450998
54300000000,54600000000,54543391138,54546394256,3003118
54300000000,54600000000,54546394256,54568736364,22342108
54300000000,54600000000,54568736364,54571400661,2664297
54300000000,54600000000,54571400661,54573968687,2568026
54300000000,54600000000,54573968687,54573971099,2412
54300000000,54600000000,54573971099,54573973004,1905
54300000000,54600000000,54573973004,54578155621,4182617
54300000000,54600000000,54578155621,54585274181,7118560
54300000000,54600000000,54585274181,54599009250,13735069
54600000000,54900000000,54603200191,54605066761,1866570
54600000000,54900000000,54605066761,54605074850,8089
54600000000,54900000000,54605074850,54605974703,899853
54600000000,54900000000,54605974703,54609734895,3760192
54600000000,54900000000,54609734895,54611583966,1849071
54600000000,54900000000,54611583966,54611591828,7862
54600000000,54900000000,54611591828,54611594524,2696
54600000000,54900000000,54611594524,54611596828,2304
54600000000,54900000000,54611596828,54613279333,1682505
54600000000,54900000000,54613279333,54613279334,1
54600000000,54900000000,54613279334,54613279335,1
54600000000,54900000000,54613279335,54614098771,819436
54600000000,54900000000,54614098771,54623562779,9464008
54600000000,54900000000,54623562779,54624951644,1388865
54600000000,54900000000,54624951644,54624957501,5857
54600000000,54900000000,54624957501,54624960077,2576
54600000000,54900000000,54624960077,54624962211,2134
54600000000,54900000000,54624962211,54626874330,1912119
54600000000,54900000000,54626874330,54627804229,929899
54600000000,54900000000,54627804229,54631821819,4017590
54600000000,54900000000,54631821819,54635274273,3452454
54600000000,54900000000,54635274273,54637861583,2587310
54600000000,54900000000,54637861583,54637869623,8040
54600000000,54900000000,54637869623,54637872265,2642
54600000000,54900000000,54637872265,54637873972,1707
54600000000,54900000000,54637873972,54637876654,2682
54600000000,54900000000,54637876654,54661578468,23701814
54600000000,54900000000,54661578468,54665594998,4016530
54600000000,54900000000,54665594998,54667561482,1966484
54600000000,54900000000,54667561482,54674420496,6859014
54600000000,54900000000,54674420496,54676198600,1778104
54600000000,54900000000,54676198600,54691510443,15311843
54600000000,54900000000,54691510443,54712638446,21128003
54600000000,54900000000,54712638446,54714252585,1614139
54600000000,54900000000,54714252585,54714252586,1
54600000000,54900000000,54714252586,54717088569,2835983
54600000000,54900000000,54717088569,54722551132,5462563
54600000000,54900000000,54722551132,54728330309,5779177
54600000000,54900000000,54728330309,54731034546,2704237
54600000000,54900000000,54731034546,54732705925,1671379
54600000000,54900000000,54732705925,54736630175,3924250
54600000000,54900000000,54736630175,54736633725,3550
54600000000,54900000000,54736633725,54736639260,5535
54600000000,54900000000,54736639260,54738366683,1727423
54600000000,54900000000,54738366683,54738366778,95
54600000000,54900000000,54738366778,54743099480,4732702
54600000000,54900000000,54743099480,54748890009,5790529
54600000000,54900000000,54748890009,54748897025,7016
54600000000,54900000000,54748897025,54751109870,2212845
54600000000,54900000000,54751109870,54761002587,9892717
54600000000,54900000000,54761002587,54761080323,77736
54600000000,54900000000,54761080323,54761083200,2877
54600000000,54900000000,54761083200,54762972001,1888801
54600000000,54900000000,54762972001,54774755186,11783185
54600000000,54900000000,54774755186,54774771818,16632
54600000000,54900000000,54774771818,54774837037,65219
54600000000,54900000000,54774837037,54774868952,31915
54600000000,54900000000,54774868952,54774884210,15258
54600000000,54900000000,54774884210,54777327948,2443738
54600000000,54900000000,54777327948,54777354348,26400
54600000000,54900000000,54777354348,54781327877,3973529
54600000000,54900000000,54781327877,54784821514,3493637
54600000000,54900000000,54784821514,54788169692,3348178
54600000000,54900000000,54788169692,54788179914,10222
54600000000,54900000000,54788179914,54790638702,2458788
54600000000,54900000000,54790638702,54791565746,927044
54600000000,54900000000,54791565746,54797723723,6157977
54600000000,54900000000,54797723723,54800076798,2353075
54600000000,54900000000,54800076798,54800813411,736613
54600000000,54900000000,54800813411,54800822557,9146
54600000000,54900000000,54800822557,54802344035,1521478
54600000000,54900000000,54802344035,54802344036,1
54600000000,54900000000,54802344036,54809214747,6870711
54600000000,54900000000,54809214747,54809218990,4243
54600000000,54900000000,54809218990,54813245021,4026031
54600000000,54900000000,54813245021,54819598602,6353581
54600000000,54900000000,54819598602,54821167083,1568481
54600000000,54900000000,54821167083,54821989726,822643
54600000000,54900000000,54821989726,54823605558,1615832
54600000000,54900000000,54823605558,54823611521,5963
54600000000,54900000000,54823611521,54826032365,2420844
54600000000,54900000000,54826032365,54828004429,1972064
54600000000,54900000000,54828004429,54836821691,8817262
54600000000,54900000000,54836821691,54838606033,1784342
54600000000,54900000000,54838606033,54839307011,700978
54600000000,54900000000,54839307011,54841641844,2334833
54600000000,54900000000,54841641844,54843460189,1818345
54600000000,54900000000,54843460189,54845159017,1698828
54600000000,54900000000,54845159017,54850170811,5011794
54600000000,54900000000,54850170811,54851412322,1241511
54600000000,54900000000,54851412322,54855446002,4033680
54600000000,54900000000,54855446002,54856419250,973248
54600000000,54900000000,54856419250,54857236258,817008
54600000000,54900000000,54857236258,54858056632,820374
54600000000,54900000000,54858056632,54867828292,9771660
54600000000,54900000000,54867828292,54869489383,1661091
54600000000,54900000000,54869489383,54873056099,3566716
54600000000,54900000000,54873056099,54873097757,41658
54600000000,54900000000,54873097757,54875688751,2590994
54600000000,54900000000,54875688751,54875715565,26814
54600000000,54900000000,54875715565,54875722959,7394
54600000000,54900000000,54875722959,54876547116,824157
54600000000,54900000000,54876547116,54885181849,8634733
54600000000,54900000000,54885181849,54885999301,817452
54600000000,54900000000,54885999301,54888342545,2343244
54600000000,54900000000,54888342545,54892639355,4296810
54900000000,55200000000,54901255919,54904084101,2828182
54900000000,55200000000,54904084101,54905799787,1715686
54900000000,55200000000,54905799787,54907497117,1697330
54900000000,55200000000,54907497117,54908320616,823499
54900000000,55200000000,54908320616,54910066961,1746345
54900000000,55200000000,54910066961,54911840883,1773922
54900000000,55200000000,54911840883,54913670969,1830086
54900000000,55200000000,54913670969,54913673596,2627
54900000000,55200000000,54913673596,54913675833,2237
54900000000,55200000000,54913675833,54913679758,3925
54900000000,55200000000,54913679758,54913685778,6020
54900000000,55200000000,54913685778,54913692198,6420
54900000000,55200000000,54913692198,54914756218,1064020
54900000000,55200000000,54914756218,54917531497,2775279
54900000000,55200000000,54917531497,54917531553,56
54900000000,55200000000,54917531553,54917531554,1
54900000000,55200000000,54917531554,54926150798,8619244
54900000000,55200000000,54926150798,54926161761,10963
54900000000,55200000000,54926161761,54926179283,17522
54900000000,55200000000,54926179283,54926186584,7301
54900000000,55200000000,54926186584,54926193577,6993
54900000000,55200000000,54926193577,54928101295,1907718
54900000000,55200000000,54928101295,54932699447,4598152
54900000000,55200000000,54932699447,54936951131,4251684
54900000000,55200000000,54936951131,54938805470,1854339
54900000000,55200000000,54938805470,54941433322,2627852
54900000000,55200000000,54941433322,54942329446,896124
54900000000,55200000000,54942329446,54950924731,8595285
54900000000,55200000000,54950924731,54963359520,12434789
54900000000,55200000000,54963359520,54965083722,1724202
54900000000,55200000000,54965083722,54966813140,1729418
54900000000,55200000000,54966813140,54966813141,1
54900000000,55200000000,54966813141,54977292213,10479072
54900000000,55200000000,54977292213,54977316449,24236
54900000000,55200000000,54977316449,54977323331,6882
54900000000,55200000000,54977323331,54978335519,1012188
54900000000,55200000000,54978335519,54979981113,1645594
54900000000,55200000000,54979981113,54979981332,219
54900000000,55200000000,54979981332,54982017049,2035717
54900000000,55200000000,54982017049,54989591848,7574799
54900000000,55200000000,54989591848,54989597289,5441
54900000000,55200000000,54989597289,54989600548,3259
54900000000,55200000000,54989600548,54989603195,2647
54900000000,55200000000,54989603195,54992248695,2645500
54900000000,55200000000,54992248695,54994656813,2408118
54900000000,55200000000,54994656813,54997259922,2603109
54900000000,55200000000,54997259922,55003575103,6315181
54900000000,55200000000,55003575103,55016376453,12801350
54900000000,55200000000,55016376453,55018036561,1660108
54900000000,55200000000,55018036561,55028794423,10757862
54900000000,55200000000,55028794423,55031470898,2676475
54900000000,55200000000,55031470898,55041233918,9763020
54900000000,55200000000,55041233918,55055349624,14115706
54900000000,55200000000,55055349624,55058256120,2906496
54900000000,55200000000,55058256120,55060702490,2446370
54900000000,55200000000,55060702490,55063364514,2662024
54900000000,55200000000,55063364514,55067656476,4291962
54900000000,55200000000,55067656476,55080693974,13037498
54900000000,55200000000,55080693974,55084277454,3583480
54900000000,55200000000,55084277454,55084277455,1
54900000000,55200000000,55084277455,55084277456,1
54900000000,55200000000,55084277456,55093256527,8979071
54900000000,55200000000,55093256527,55093258804,2277
54900000000,55200000000,55093258804,55093261123,2319
54900000000,55200000000,55093261123,55094939154,1678031
54900000000,55200000000,55094939154,55105749577,10810423
54900000000,55200000000,55105749577,55105756826,7249
54900000000,55200000000,55105756826,55107460759,1703933
54900000000,55200000000,55107460759,55108377967,917208
54900000000,55200000000,55108377967,55111992545,3614578
54900000000,55200000000,55111992545,55118031477,6038932
54900000000,55200000000,55118031477,55130134414,12102937
54900000000,55200000000,55130134414,55132226889,2092475
54900000000,55200000000,55132226889,55132226890,1
54900000000,55200000000,55132226890,55137705321,5478431
54900000000,55200000000,55137705321,55139188121,1482800
54900000000,55200000000,55139188121,55140005322,817201
54900000000,55200000000,55140005322,55142832101,2826779
54900000000,55200000000,55142832101,55143667559,835458
54900000000,55200000000,55143667559,55146638454,2970895
54900000000,55200000000,55146638454,55154433149,7794695
54900000000,55200000000,55154433149,55170117376,15684227
54900000000,55200000000,55170117376,55178375717,8258341
54900000000,55200000000,55178375717,55178377926,2209
54900000000,55200000000,55178377926,55178380404,2478
54900000000,55200000000,55178380404,55183589709,5209305
54900000000,55200000000,55183589709,55183604887,15178
54900000000,55200000000,55183604887,55191039062,7434175
54900000000,55200000000,55191039062,55192604461,1565399
54900000000,55200000000,55192604461,55192604462,1
54900000000,55200000000,55192604462,55192604463,1
55200000000,55500000000,55209479388,55211804842,2325454
55200000000,55500000000,55211804842,55211810402,5560
55200000000,55500000000,55211810402,55212586091,775689
55200000000,55500000000,55212586091,55214161442,1575351
55200000000,55500000000,55214161442,55227513290,13351848
55200000000,55500000000,55227513290,55229589573,2076283
55200000000,55500000000,55229589573,55230381045,791472
55200000000,55500000000,55230381045,55231249111,868066
55200000000,55500000000,55231249111,55234007446,2758335
55200000000,55500000000,55234007446,55238882515,4875069
55200000000,55500000000,55238882515,55255844715,16962200
55200000000,55500000000,55255844715,55266202465,10357750
55200000000,55500000000,55266202465,55322770171,56567706
55200000000,55500000000,55322770171,55324419343,1649172
55200000000,55500000000,55324419343,55325253334,833991
55200000000,55500000000,55325253334,55326038882,785548
55200000000,55500000000,55326038882,55327137220,1098338
55200000000,55500000000,55327137220,55334809116,7671896
55200000000,55500000000,55334809116,55371182883,36373767
55200000000,55500000000,55371182883,55373662967,2480084
55200000000,55500000000,55373662967,55387843571,14180604
55200000000,55500000000,55387843571,55387865687,22116
55200000000,55500000000,55387865687,55387868948,3261
55200000000,55500000000,55387868948,55387872511,3563
55200000000,55500000000,55387872511,55387890381,17870
55200000000,55500000000,55387890381,55387911299,20918
55200000000,55500000000,55387911299,55387915204,3905
55200000000,55500000000,55387915204,55387917413,2209
55200000000,55500000000,55387917413,55387920189,2776
55200000000,55500000000,55387920189,55387922929,2740
55200000000,55500000000,55387922929,55387925038,2109
55200000000,55500000000,55387925038,55387926700,1662
55200000000,55500000000,55387926700,55387930610,3910
55200000000,55500000000,55387930610,55387932487,1877
55200000000,55500000000,55387932487,55387936293,3806
55200000000,55500000000,55387936293,55387942619,6326
55200000000,55500000000,55387942619,55389537233,1594614
55200000000,55500000000,55389537233,55390353377,816144
55200000000,55500000000,55390353377,55390353378,1
55200000000,55500000000,55390353378,55390353379,1
55200000000,55500000000,55390353379,55390354404,1025
55200000000,55500000000,55390354404,55390354405,1
55200000000,55500000000,55390354405,55390354406,1
55200000000,55500000000,55390354406,55390356869,2463
55200000000,55500000000,55390356869,55390356870,1
55200000000,55500000000,55390356870,55393251501,2894631
55200000000,55500000000,55393251501,55394092707,841206
55200000000,55500000000,55394092707,55398398129,4305422
55200000000,55500000000,55398398129,55400056509,1658380
55200000000,55500000000,55400056509,55402113859,2057350
55200000000,55500000000,55402113859,55402938624,824765
55200000000,55500000000,55402938624,55402943449,4825
55200000000,55500000000,55402943449,55405673808,2730359
55200000000,55500000000,55405673808,55415476565,9802757
55200000000,55500000000,55415476565,55422541094,7064529
55200000000,55500000000,55422541094,55427766952,5225858
55200000000,55500000000,55427766952,55429594248,1827296
55200000000,55500000000,55429594248,55429594249,1
55200000000,55500000000,55429594249,55433040879,3446630
55200000000,55500000000,55433040879,55435189220,2148341
55200000000,55500000000,55435189220,55440315346,5126126
55200000000,55500000000,55440315346,55440324010,8664
55200000000,55500000000,55440324010,55441979940,1655930
55200000000,55500000000,55441979940,55441979941,1
55200000000,55500000000,55441979941,55441980070,129
55200000000,55500000000,55441980070,55441980071,1
55200000000,55500000000,55441980071,55442861054,880983
55200000000,55500000000,55442861054,55444846582,1985528
55200000000,55500000000,55444846582,55462157791,17311209
55200000000,55500000000,55462157791,55462178533,20742
55200000000,55500000000,55462178533,55464895457,2716924
55200000000,55500000000,55464895457,55477981247,13085790
55200000000,55500000000,55477981247,55479824762,1843515
55200000000,55500000000,55479824762,55479824763,1
55500000000,55800000000,55502176372,55502203898,27526
55500000000,55800000000,55502203898,55502206340,2442
55500000000,55800000000,55502206340,55502208957,2617
55500000000,55800000000,55502208957,55502210939,1982
55500000000,55800000000,55502210939,55502212985,2046
55500000000,55800000000,55502212985,55503671283,1458298
55500000000,55800000000,55503671283,55511744517,8073234
55500000000,55800000000,55511744517,55513785684,2041167
55500000000,55800000000,55513785684,55515747788,1962104
55500000000,55800000000,55515747788,55516782594,1034806
55500000000,55800000000,55516782594,55518606100,1823506
55500000000,55800000000,55518606100,55528298049,9691949
55500000000,55800000000,55528298049,55529101430,803381
55500000000,55800000000,55529101430,55529104302,2872
55500000000,55800000000,55529104302,55529107054,2752
55500000000,55800000000,55529107054,55529109176,2122
55500000000,55800000000,55529109176,55529112865,3689
55500000000,55800000000,55529112865,55529114796,1931
55500000000,55800000000,55529114796,55530939431,1824635
55500000000,55800000000,55530939431,55530939432,1
55500000000,55800000000,55530939432,55531786034,846602
55500000000,55800000000,55531786034,55532640886,854852
55500000000,55800000000,55532640886,55544260768,11619882
55500000000,55800000000,55544260768,55544264067,3299
55500000000,55800000000,55544264067,55545710070,1446003
55500000000,55800000000,55545710070,55545725101,15031
55500000000,55800000000,55545725101,55547307623,1582522
55500000000,55800000000,55547307623,55557087766,9780143
55500000000,55800000000,55557087766,55557101069,13303
55500000000,55800000000,55557101069,55557103939,2870
55500000000,55800000000,55557103939,55557106657,2718
55500000000,55800000000,55557106657,55557109147,2490
55500000000,55800000000,55557109147,55557117357,8210
55500000000,55800000000,55557117357,55557123950,6593
55500000000,55800000000,55557123950,55560762934,3638984
55500000000,55800000000,55560762934,55560762935,1
55500000000,55800000000,55560762935,55560763230,295
55500000000,55800000000,55560763230,55561549771,786541
55500000000,55800000000,55561549771,55565815089,4265318
55500000000,55800000000,55565815089,55568071364,2256275
55500000000,55800000000,55568071364,55571454085,3382721
55500000000,55800000000,55571454085,55571472528,18443
55500000000,55800000000,55571472528,55574240783,2768255
55500000000,55800000000,55574240783,55574240784,1
55500000000,55800000000,55574240784,55578606533,4365749
55500000000,55800000000,55578606533,55582621460,4014927
55500000000,55800000000,55582621460,55582621461,1
55500000000,55800000000,55582621461,55588450177,5828716
55500000000,55800000000,55588450177,55602116194,13666017
55500000000,55800000000,55602116194,55604440723,2324529
55500000000,55800000000,55604440723,55606320221,1879498
55500000000,55800000000,55606320221,55612645992,6325771
55500000000,55800000000,55612645992,55612651437,5445
55500000000,55800000000,55612651437,55615030007,2378570
55500000000,55800000000,55615030007,55616614648,1584641
55500000000,55800000000,55616614648,55620076689,3462041
55500000000,55800000000,55620076689,55621753417,1676728
55500000000,55800000000,55621753417,55621759618,6201
55500000000,55800000000,55621759618,55622671505,911887
55500000000,55800000000,55622671505,55623666087,994582
55500000000,55800000000,55623666087,55624618340,952253
55500000000,55800000000,55624618340,55625509294,890954
55500000000,55800000000,55625509294,55625514789,5495
55500000000,55800000000,55625514789,55628198355,2683566
55500000000,55800000000,55628198355,55628247489,49134
55500000000,55800000000,55628247489,55631253877,3006388
55500000000,55800000000,55631253877,55638292607,7038730
55500000000,55800000000,55638292607,55653307999,15015392
55500000000,55800000000,55653307999,55653312006,4007
55500000000,55800000000,55653312006,55653316414,4408
55500000000,55800000000,55653316414,55653324207,7793
55500000000,55800000000,55653324207,55653327815,3608
55500000000,55800000000,55653327815,55655792423,2464608
55500000000,55800000000,55655792423,55655792898,475
55500000000,55800000000,55655792898,55655792924,26
55500000000,55800000000,55655792924,55655792944,20
55500000000,55800000000,55655792944,55656791177,998233
55500000000,55800000000,55656791177,55656794574,3397
55500000000,55800000000,55656794574,55656798859,4285
55500000000,55800000000,55656798859,55658528781,1729922
55500000000,55800000000,55658528781,55660272056,1743275
55500000000,55800000000,55660272056,55661020836,748780
55500000000,55800000000,55661020836,55661848566,827730
55500000000,55800000000,55661848566,55665401220,3552654
55500000000,55800000000,55665401220,55665406399,5179
55500000000,55800000000,55665406399,55665411256,4857
55500000000,55800000000,55665411256,55668469303,3058047
55500000000,55800000000,55668469303,55668469304,1
55500000000,55800000000,55668469304,55668469403,99
55500000000,55800000000,55668469403,55668469404,1
55500000000,55800000000,55668469404,55668495429,26025
55500000000,55800000000,55668495429,55674123880,5628451
55500000000,55800000000,55674123880,55678004522,3880642
55500000000,55800000000,55678004522,55678025677,21155
55500000000,55800000000,55678025677,55691329376,13303699
55500000000,55800000000,55691329376,55693651986,2322610
55500000000,55800000000,55693651986,55694420611,768625
55500000000,55800000000,55694420611,55695565897,1145286
55500000000,55800000000,55695565897,55714674323,19108426
55500000000,55800000000,55714674323,55716166037,1491714
55500000000,55800000000,55716166037,55726781271,10615234
55500000000,55800000000,55726781271,55727798082,1016811
55500000000,55800000000,55727798082,55741282000,13483918
55500000000,55800000000,55741282000,55742023880,741880
55500000000,55800000000,55742023880,55770029010,28005130
55500000000,55800000000,55770029010,55799766526,29737516
55800000000,56100000000,55800576908,55801245102,668194
55800000000,56100000000,55801245102,55801269627,24525
55800000000,56100000000,55801269627,55801289596,19969
55800000000,56100000000,55801289596,55803269767,1980171
55800000000,56100000000,55803269767,55803269768,1
55800000000,56100000000,55803269768,55803269784,16
55800000000,56100000000,55803269784,55804835445,1565661
55800000000,56100000000,55804835445,55808964515,4129070
55800000000,56100000000,55808964515,55811569648,2605133
55800000000,56100000000,55811569648,55812392355,822707
55800000000,56100000000,55812392355,55812395618,3263
55800000000,56100000000,55812395618,55812402971,7353
55800000000,56100000000,55812402971,55812419375,16404
55800000000,56100000000,55812419375,55813130875,711500
55800000000,56100000000,55813130875,55828209579,15078704
55800000000,56100000000,55828209579,55828213885,4306
55800000000,56100000000,55828213885,55828216743,2858
55800000000,56100000000,55828216743,55828968190,751447
55800000000,56100000000,55828968190,55829716312,748122
55800000000,56100000000,55829716312,55832897070,3180758
55800000000,56100000000,55832897070,55840124361,7227291
55800000000,56100000000,55840124361,55841505654,1381293
55800000000,56100000000,55841505654,55841511874,6220
55800000000,56100000000,55841511874,55846499939,4988065
55800000000,56100000000,55846499939,55846503461,3522
55800000000,56100000000,55846503461,55858208598,11705137
55800000000,56100000000,55858208598,55860912727,2704129
55800000000,56100000000,55860912727,55866968843,6056116
55800000000,56100000000,55866968843,55877542922,10574079
55800000000,56100000000,55877542922,55883874408,6331486
55800000000,56100000000,55883874408,55885777836,1903428
55800000000,56100000000,55885777836,55887756167,1978331
55800000000,56100000000,55887756167,55905129284,17373117
55800000000,56100000000,55905129284,55910518891,5389607
55800000000,56100000000,55910518891,55924628032,14109141
55800000000,56100000000,55924628032,55934471025,9842993
55800000000,56100000000,55934471025,55942680965,8209940
55800000000,56100000000,55942680965,55943431698,750733
55800000000,56100000000,55943431698,55951777981,8346283
55800000000,56100000000,55951777981,55977803858,26025877
55800000000,56100000000,55977803858,55979260262,1456404
55800000000,56100000000,55979260262,55979260263,1
55800000000,56100000000,55979260263,55980532756,1272493
55800000000,56100000000,55980532756,55989005427,8472671
55800000000,56100000000,55989005427,55996249127,7243700
55800000000,56100000000,55996249127,56002524407,6275280
55800000000,56100000000,56002524407,56042576788,40052381
55800000000,56100000000,56042576788,56045596477,3019689
55800000000,56100000000,56045596477,56047153791,1557314
55800000000,56100000000,56047153791,56048766303,1612512
55800000000,56100000000,56048766303,56050545173,1778870
55800000000,56100000000,56050545173,56050547349,2176
55800000000,56100000000,56050547349,56051310052,762703
55800000000,56100000000,56051310052,56056224631,4914579
55800000000,56100000000,56056224631,56090639176,34414545
56100000000,56400000000,56102294820,56109747170,7452350
56100000000,56400000000,56109747170,56118109454,8362284
56100000000,56400000000,56118109454,56124924765,6815311
56100000000,56400000000,56124924765,56147505234,22580469
56100000000,56400000000,56147505234,56147522470,17236
56100000000,56400000000,56147522470,56151582226,4059756
56100000000,56400000000,56151582226,56151582227,1
56100000000,56400000000,56151582227,56152477294,895067
56100000000,56400000000,56152477294,56156520757,4043463
56100000000,56400000000,56156520757,56163121800,6601043
56100000000,56400000000,56163121800,56171802615,8680815
56100000000,56400000000,56171802615,56176678171,4875556
56100000000,56400000000,56176678171,56193705485,17027314
56100000000,56400000000,56193705485,56196272090,2566605
56100000000,56400000000,56196272090,56196279483,7393
56100000000,56400000000,56196279483,56198611899,2332416
56100000000,56400000000,56198611899,56198614017,2118
56100000000,56400000000,56198614017,56198614018,1
56100000000,56400000000,56198614018,56206785647,8171629
56100000000,56400000000,56206785647,56243936665,37151018
56100000000,56400000000,56243936665,56272512147,28575482
56100000000,56400000000,56272512147,56283113370,10601223
56100000000,56400000000,56283113370,56283886708,773338
56100000000,56400000000,56283886708,56283897383,10675
56100000000,56400000000,56283897383,56284751002,853619
56100000000,56400000000,56284751002,56292202485,7451483
56100000000,56400000000,56292202485,56342524997,50322512
56100000000,56400000000,56342524997,56342574521,49524
56100000000,56400000000,56342574521,56344460079,1885558
56100000000,56400000000,56344460079,56344460080,1
56100000000,56400000000,56344460080,56352072915,7612835
56100000000,56400000000,56352072915,56354616536,2543621
56100000000,56400000000,56354616536,56355456961,840425
56100000000,56400000000,56355456961,56355463641,6680
56100000000,56400000000,56355463641,56355469544,5903
56100000000,56400000000,56355469544,56358137256,2667712
56100000000,56400000000,56358137256,56358137307,51
56100000000,56400000000,56358137307,56360687299,2549992
56100000000,56400000000,56360687299,56368209520,7522221
56100000000,56400000000,56368209520,56368214660,5140
56100000000,56400000000,56368214660,56370110370,1895710
56100000000,56400000000,56370110370,56370988053,877683
56100000000,56400000000,56370988053,56372632846,1644793
56100000000,56400000000,56372632846,56376199486,3566640
56100000000,56400000000,56376199486,56381036437,4836951
56100000000,56400000000,56381036437,56381043388,6951
56100000000,56400000000,56381043388,56383394562,2351174
56100000000,56400000000,56383394562,56387497363,4102801
56100000000,56400000000,56387497363,56389866684,2369321
56100000000,56400000000,56389866684,56392540000,2673316
56100000000,56400000000,56392540000,56393355264,815264
56400000000,56700000000,56402545800,56416975817,14430017
56400000000,56700000000,56416975817,56417819322,843505
56400000000,56700000000,56417819322,56417825681,6359
56400000000,56700000000,56417825681,56430330327,12504646
56400000000,56700000000,56430330327,56430340292,9965
56400000000,56700000000,56430340292,56430342365,2073
56400000000,56700000000,56430342365,56432760368,2418003
56400000000,56700000000,56432760368,56437377914,4617546
56400000000,56700000000,56437377914,56437385348,7434
56400000000,56700000000,56437385348,56443608763,6223415
56400000000,56700000000,56443608763,56443613536,4773
56400000000,56700000000,56443613536,56443616152,2616
56400000000,56700000000,56443616152,56443618227,2075
56400000000,56700000000,56443618227,56443620246,2019
56400000000,56700000000,56443620246,56443623425,3179
56400000000,56700000000,56443623425,56443625770,2345
56400000000,56700000000,56443625770,56443627638,1868
56400000000,56700000000,56443627638,56443629809,2171
56400000000,56700000000,56443629809,56451698009,8068200
56400000000,56700000000,56451698009,56452583924,885915
56400000000,56700000000,56452583924,56480333183,27749259
56400000000,56700000000,56480333183,56481783008,1449825
56400000000,56700000000,56481783008,56481783009,1
56400000000,56700000000,56481783009,56481783010,1
56400000000,56700000000,56481783010,56483397046,1614036
56400000000,56700000000,56483397046,56485739470,2342424
56400000000,56700000000,56485739470,56487494847,1755377
56400000000,56700000000,56487494847,56490268072,2773225
56400000000,56700000000,56490268072,56492663992,2395920
56400000000,56700000000,56492663992,56492668858,4866
56400000000,56700000000,56492668858,56494310405,1641547
56400000000,56700000000,56494310405,56494310406,1
56400000000,56700000000,56494310406,56494310407,1
56400000000,56700000000,56494310407,56499030571,4720164
56400000000,56700000000,56499030571,56505126495,6095924
56400000000,56700000000,56505126495,56505131629,5134
56400000000,56700000000,56505131629,56505133590,1961
56400000000,56700000000,56505133590,56508334200,3200610
56400000000,56700000000,56508334200,56510182868,1848668
56400000000,56700000000,56510182868,56514356941,4174073
56400000000,56700000000,56514356941,56517631134,3274193
56400000000,56700000000,56517631134,56517633146,2012
56400000000,56700000000,56517633146,56517638914,5768
56400000000,56700000000,56517638914,56517642337,3423
56400000000,56700000000,56517642337,56517648413,6076
56400000000,56700000000,56517648413,56517651547,3134
56400000000,56700000000,56517651547,56517658514,6967
56400000000,56700000000,56517658514,56517668678,10164
56400000000,56700000000,56517668678,56517679237,10559
56400000000,56700000000,56517679237,56517685844,6607
56400000000,56700000000,56517685844,56519945589,2259745
56400000000,56700000000,56519945589,56519945590,1
56400000000,56700000000,56519945590,56519945591,1
56400000000,56700000000,56519945591,56519945830,239
56400000000,56700000000,56519945830,56519945831,1
56400000000,56700000000,56519945831,56519945832,1
56400000000,56700000000,56519945832,56519946065,233
56400000000,56700000000,56519946065,56519946066,1
56400000000,56700000000,56519946066,56522165280,2219214
56400000000,56700000000,56522165280,56530097514,7932234
56400000000,56700000000,56530097514,56530101755,4241
56400000000,56700000000,56530101755,56530111833,10078
56400000000,56700000000,56530111833,56530125037,13204
56400000000,56700000000,56530125037,56584584561,54459524
56400000000,56700000000,56584584561,56592108380,7523819
56400000000,56700000000,56592108380,56593685650,1577270
56400000000,56700000000,56593685650,56633140276,39454626
56400000000,56700000000,56633140276,56642683533,9543257
56400000000,56700000000,56642683533,56650613046,7929513
56400000000,56700000000,56650613046,56650622027,8981
56400000000,56700000000,56650622027,56651376085,754058
56400000000,56700000000,56651376085,56664180954,12804869
56400000000,56700000000,56664180954,56698351820,34170866
56700000000,57000000000,56702145772,56713572064,11426292
56700000000,57000000000,56713572064,56716380771,2808707
56700000000,57000000000,56716380771,56720368219,3987448
56700000000,57000000000,56720368219,56729539152,9170933
56700000000,57000000000,56729539152,56732693254,3154102
56700000000,57000000000,56732693254,56734840215,2146961
56700000000,57000000000,56734840215,56734848146,7931
56700000000,57000000000,56734848146,56737278278,2430132
56700000000,57000000000,56737278278,56740114627,2836349
56700000000,57000000000,56740114627,56751757896,11643269
56700000000,57000000000,56751757896,56770193909,18436013
56700000000,57000000000,56770193909,56771702505,1508596
56700000000,57000000000,56771702505,56772442832,740327
56700000000,57000000000,56772442832,56772453694,10862
56700000000,57000000000,56772453694,56773233560,779866
56700000000,57000000000,56773233560,56791680793,18447233
56700000000,57000000000,56791680793,56793943822,2263029
56700000000,57000000000,56793943822,56793943823,1
56700000000,57000000000,56793943823,56804649079,10705256
56700000000,57000000000,56804649079,56809500364,4851285
56700000000,57000000000,56809500364,56824669483,15169119
56700000000,57000000000,56824669483,56829060732,4391249
56700000000,57000000000,56829060732,56830682369,1621637
56700000000,57000000000,56830682369,56831535595,853226
56700000000,57000000000,56831535595,56836095464,4559869
56700000000,57000000000,56836095464,56878784709,42689245
56700000000,57000000000,56878784709,56878789485,4776
56700000000,57000000000,56878789485,56882599978,3810493
56700000000,57000000000,56882599978,56882603034,3056
56700000000,57000000000,56882603034,56888986026,6382992
56700000000,57000000000,56888986026,56891752529,2766503
56700000000,57000000000,56891752529,56893498017,1745488
56700000000,57000000000,56893498017,56894918254,1420237
56700000000,57000000000,56894918254,56897175878,2257624
56700000000,57000000000,56897175878,56904932222,7756344
56700000000,57000000000,56904932222,56941597784,36665562
56700000000,57000000000,56941597784,56955129052,13531268
56700000000,57000000000,56955129052,56997440429,42311377
57000000000,57300000000,57009864436,57012493595,2629159
57000000000,57300000000,57012493595,57014833260,2339665
57000000000,57300000000,57014833260,57022922143,8088883
57000000000,57300000000,57022922143,57022926833,4690
57000000000,57300000000,57022926833,57022929587,2754
57000000000,57300000000,57022929587,57029994205,7064618
57000000000,57300000000,57029994205,57033395925,3401720
57000000000,57300000000,57033395925,57035033291,1637366
57000000000,57300000000,57035033291,57035037824,4533
57000000000,57300000000,57035037824,57045003880,9966056
57000000000,57300000000,57045003880,57059317176,14313296
57000000000,57300000000,57059317176,57076673896,17356720
57000000000,57300000000,57076673896,57081943303,5269407
57000000000,57300000000,57081943303,57082720451,777148
57000000000,57300000000,57082720451,57082725591,5140
57000000000,57300000000,57082725591,57084951159,2225568
57000000000,57300000000,57084951159,57091056155,6104996
57000000000,57300000000,57091056155,57091060947,4792
57000000000,57300000000,57091060947,57091831608,770661
57000000000,57300000000,57091831608,57118874524,27042916
57000000000,57300000000,57118874524,57120329216,1454692
57000000000,57300000000,57120329216,57121033740,704524
57000000000,57300000000,57121033740,57131436004,10402264
57000000000,57300000000,57131436004,57131447137,11133
57000000000,57300000000,57131447137,57135243692,3796555
57000000000,57300000000,57135243692,57139493734,4250042
57000000000,57300000000,57139493734,57140962389,1468655
57000000000,57300000000,57140962389,57142483915,1521526
57000000000,57300000000,57142483915,57144963343,2479428
57000000000,57300000000,57144963343,57153526505,8563162
57000000000,57300000000,57153526505,57162195580,8669075
57000000000,57300000000,57162195580,57197188800,34993220
57000000000,57300000000,57197188800,57252444869,55256069
57000000000,57300000000,57252444869,57253989743,1544874
57000000000,57300000000,57253989743,57254787957,798214
57000000000,57300000000,57254787957,57257998290,3210333
57000000000,57300000000,57257998290,57258791783,793493
57000000000,57300000000,57258791783,57258798697,6914
57000000000,57300000000,57258798697,57259820661,1021964
57000000000,57300000000,57259820661,57267687626,7866965
57000000000,57300000000,57267687626,57292103799,24416173
57000000000,57300000000,57292103799,57293445574,1341775
57300000000,57600000000,57301425565,57302571910,1146345
57300000000,57600000000,57302571910,57310620555,8048645
57300000000,57600000000,57310620555,57312266474,1645919
57300000000,57600000000,57312266474,57316724829,4458355
57300000000,57600000000,57316724829,57316727282,2453
57300000000,57600000000,57316727282,57316730089,2807
57300000000,57600000000,57316730089,57316733163,3074
57300000000,57600000000,57316733163,57318299799,1566636
57300000000,57600000000,57318299799,57329320220,11020421
57300000000,57600000000,57329320220,57329322569,2349
57300000000,57600000000,57329322569,57329343818,21249
57300000000,57600000000,57329343818,57339629734,10285916
57300000000,57600000000,57339629734,57343616444,3986710
57300000000,57600000000,57343616444,57362314174,18697730
57300000000,57600000000,57362314174,57365029600,2715426
57300000000,57600000000,57365029600,57368021594,2991994
57300000000,57600000000,57368021594,57369775978,1754384
57300000000,57600000000,57369775978,57369775979,1
57300000000,57600000000,57369775979,57375775039,5999060
57300000000,57600000000,57375775039,57380932693,5157654
57300000000,57600000000,57380932693,57380943555,10862
57300000000,57600000000,57380943555,57382940713,1997158
57300000000,57600000000,57382940713,57382940714,1
57300000000,57600000000,57382940714,57408806104,25865390
57300000000,57600000000,57408806104,57411787547,2981443
57300000000,57600000000,57411787547,57414406258,2618711
57300000000,57600000000,57414406258,57422235765,7829507
57300000000,57600000000,57422235765,57422262587,26822
57300000000,57600000000,57422262587,57422266050,3463
57300000000,57600000000,57422266050,57422565277,299227
57300000000,57600000000,57422565277,57432554138,9988861
57300000000,57600000000,57432554138,57442990824,10436686
57300000000,57600000000,57442990824,57444945373,1954549
57300000000,57600000000,57444945373,57457793424,12848051
57300000000,57600000000,57457793424,57469607996,11814572
57300000000,57600000000,57469607996,57470784189,1176193
57300000000,57600000000,57470784189,57470814303,30114
57300000000,57600000000,57470814303,57481231047,10416744
57300000000,57600000000,57481231047,57483816913,2585866
57300000000,57600000000,57483816913,57495883395,12066482
57300000000,57600000000,57495883395,57497060838,1177443
57300000000,57600000000,57497060838,57523742820,26681982
57300000000,57600000000,57523742820,57532216758,8473938
57300000000,57600000000,57532216758,57542896112,10679354
57300000000,57600000000,57542896112,57545068818,2172706
57300000000,57600000000,57545068818,57553146695,8077877
57300000000,57600000000,57553146695,57555121760,1975065
57300000000,57600000000,57555121760,57574372635,19250875
57300000000,57600000000,57574372635,57581687445,7314810
57300000000,57600000000,57581687445,57583626510,1939065
57300000000,57600000000,57583626510,57585776495,2149985
57300000000,57600000000,57585776495,57594338126,8561631
57600000000,57900000000,57602248883,57603105074,856191
57600000000,57900000000,57603105074,57603973538,868464
57600000000,57900000000,57603973538,57603978660,5122
57600000000,57900000000,57603978660,57606780359,2801699
57600000000,57900000000,57606780359,57606785305,4946
57600000000,57900000000,57606785305,57606789301,3996
57600000000,57900000000,57606789301,57621515483,14726182
57600000000,57900000000,57621515483,57624920969,3405486
57600000000,57900000000,57624920969,57627352338,2431369
57600000000,57900000000,57627352338,57629662486,2310148
57600000000,57900000000,57629662486,57642018463,12355977
57600000000,57900000000,57642018463,57657755781,15737318
57600000000,57900000000,57657755781,57659627957,1872176
57600000000,57900000000,57659627957,57659627958,1
57600000000,57900000000,57659627958,57680298157,20670199
57600000000,57900000000,57680298157,57682499168,2201011
57600000000,57900000000,57682499168,57684969191,2470023
57600000000,57900000000,57684969191,57686748056,1778865
57600000000,57900000000,57686748056,57694052438,7304382
57600000000,57900000000,57694052438,57706348136,12295698
57600000000,57900000000,57706348136,57718391395,12043259
57600000000,57900000000,57718391395,57723356473,4965078
57600000000,57900000000,57723356473,57724090931,734458
57600000000,57900000000,57724090931,57724109663,18732
57600000000,57900000000,57724109663,57724882057,772394
57600000000,57900000000,57724882057,57727903945,3021888
57600000000,57900000000,57727903945,57731293159,3389214
57600000000,57900000000,57731293159,57731295633,2474
57600000000,57900000000,57731295633,57792339844,61044211
57600000000,57900000000,57792339844,57792347932,8088
57600000000,57900000000,57792347932,57793180522,832590
57600000000,57900000000,57793180522,57794037090,856568
57600000000,57900000000,57794037090,57794833109,796019
57600000000,57900000000,57794833109,57794833110,1
57600000000,57900000000,57794833110,57794833269,159
57600000000,57900000000,57794833269,57794833270,1
57600000000,57900000000,57794833270,57796102558,1269288
57600000000,57900000000,57796102558,57797013895,911337
57600000000,57900000000,57797013895,57798725134,1711239
57600000000,57900000000,57798725134,57799516253,791119
57600000000,57900000000,57799516253,57801893248,2376995
57600000000,57900000000,57801893248,57803468285,1575037
57600000000,57900000000,57803468285,57804924376,1456091
57600000000,57900000000,57804924376,57804932224,7848
57600000000,57900000000,57804932224,57804936545,4321
57600000000,57900000000,57804936545,57808710721,3774176
57600000000,57900000000,57808710721,57808710722,1
57600000000,57900000000,57808710722,57808710767,45
57600000000,57900000000,57808710767,57808710768,1
57600000000,57900000000,57808710768,57829186286,20475518
57600000000,57900000000,57829186286,57829207548,21262
57600000000,57900000000,57829207548,57835159060,5951512
57600000000,57900000000,57835159060,57836702156,1543096
57600000000,57900000000,57836702156,57845543901,8841745
57600000000,57900000000,57845543901,57864924343,19380442
57600000000,57900000000,57864924343,57865652712,728369
57600000000,57900000000,57865652712,57866490976,838264
57600000000,57900000000,57866490976,57867200992,710016
57600000000,57900000000,57867200992,57877491088,10290096
57600000000,57900000000,57877491088,57877494741,3653
57600000000,57900000000,57877494741,57888257855,10763114
57600000000,57900000000,57888257855,57889817708,1559853
57600000000,57900000000,57889817708,57889841785,24077
57600000000,57900000000,57889841785,57890594061,752276
57600000000,57900000000,57890594061,57891918807,1324746
57600000000,57900000000,57891918807,57891918808,1
57600000000,57900000000,57891918808,57893776599,1857791
57900000000,58200000000,57902997704,57906739152,3741448
57900000000,58200000000,57906739152,57908347741,1608589
57900000000,58200000000,57908347741,57908362716,14975
57900000000,58200000000,57908362716,57909274041,911325
57900000000,58200000000,57909274041,57911917584,2643543
57900000000,58200000000,57911917584,57912843423,925839
57900000000,58200000000,57912843423,57926702290,13858867
57900000000,58200000000,57926702290,57927744619,1042329
57900000000,58200000000,57927744619,57928607237,862618
57900000000,58200000000,57928607237,57929584443,977206
57900000000,58200000000,57929584443,57931567669,1983226
57900000000,58200000000,57931567669,57941054787,9487118
57900000000,58200000000,57941054787,57951292365,10237578
57900000000,58200000000,57951292365,57951294814,2449
57900000000,58200000000,57951294814,57951297812,2998
57900000000,58200000000,57951297812,57951300832,3020
57900000000,58200000000,57951300832,57958525628,7224796
57900000000,58200000000,57958525628,57961257245,2731617
57900000000,58200000000,57961257245,57965699512,4442267
57900000000,58200000000,57965699512,57965702402,2890
57900000000,58200000000,57965702402,57976524007,10821605
57900000000,58200000000,57976524007,57978393135,1869128
57900000000,58200000000,57978393135,57978398256,5121
57900000000,58200000000,57978398256,57979892567,1494311
57900000000,58200000000,57979892567,57980015283,122716
57900000000,58200000000,57980015283,57980797461,782178
57900000000,58200000000,57980797461,57984936918,4139457
57900000000,58200000000,57984936918,58015502080,30565162
57900000000,58200000000,58015502080,58028484314,12982234
57900000000,58200000000,58028484314,58035188465,6704151
57900000000,58200000000,58035188465,58037503912,2315447
57900000000,58200000000,58037503912,58039988727,2484815
57900000000,58200000000,58039988727,58040788532,799805
57900000000,58200000000,58040788532,58054123154,13334622
57900000000,58200000000,58054123154,58054126266,3112
57900000000,58200000000,58054126266,58055694542,1568276
57900000000,58200000000,58055694542,58066188417,10493875
57900000000,58200000000,58066188417,58080916447,14728030
57900000000,58200000000,58080916447,58099133515,18217068
57900000000,58200000000,58099133515,58102306520,3173005
57900000000,58200000000,58102306520,58105959571,3653051
57900000000,58200000000,58105959571,58106696065,736494
57900000000,58200000000,58106696065,58108286426,1590361
57900000000,58200000000,58108286426,58109796936,1510510
57900000000,58200000000,58109796936,58112510809,2713873
57900000000,58200000000,58112510809,58114878382,2367573
57900000000,58200000000,58114878382,58120155310,5276928
57900000000,58200000000,58120155310,58121666532,1511222
57900000000,58200000000,58121666532,58122539174,872642
57900000000,58200000000,58122539174,58127157332,4618158
57900000000,58200000000,58127157332,58134422383,7265051
57900000000,58200000000,58134422383,58136655503,2233120
57900000000,58200000000,58136655503,58138578635,1923132
57900000000,58200000000,58138578635,58138615640,37005
57900000000,58200000000,58138615640,58138617971,2331
57900000000,58200000000,58138617971,58138619864,1893
57900000000,58200000000,58138619864,58138622575,2711
57900000000,58200000000,58138622575,58138624868,2293
57900000000,58200000000,58138624868,58138626761,1893
57900000000,58200000000,58138626761,58138628952,2191
57900000000,58200000000,58138628952,58138632219,3267
57900000000,58200000000,58138632219,58138634457,2238
57900000000,58200000000,58138634457,58138636534,2077
57900000000,58200000000,58138636534,58138638517,1983
57900000000,58200000000,58138638517,58138640490,1973
57900000000,58200000000,58138640490,58138642699,2209
57900000000,58200000000,58138642699,58138645354,2655
57900000000,58200000000,58138645354,58138648535,3181
57900000000,58200000000,58138648535,58138651119,2584
57900000000,58200000000,58138651119,58138653146,2027
57900000000,58200000000,58138653146,58138657257,4111
57900000000,58200000000,58138657257,58138659755,2498
57900000000,58200000000,58138659755,58139386985,727230
57900000000,58200000000,58139386985,58144186837,4799852
57900000000,58200000000,58144186837,58148603259,4416422
57900000000,58200000000,58148603259,58153364336,4761077
57900000000,58200000000,58153364336,58156340739,2976403
57900000000,58200000000,58156340739,58159069112,2728373
57900000000,58200000000,58159069112,58168488163,9419051
57900000000,58200000000,58168488163,58171935775,3447612
57900000000,58200000000,58171935775,58174179599,2243824
57900000000,58200000000,58174179599,58176575223,2395624
57900000000,58200000000,58176575223,58178410836,1835613
57900000000,58200000000,58178410836,58178413898,3062
57900000000,58200000000,58178413898,58178416429,2531
57900000000,58200000000,58178416429,58190300663,11884234
58200000000,58500000000,58209360647,58224014112,14653465
58200000000,58500000000,58224014112,58225240141,1226029
58200000000,58500000000,58225240141,58227194119,1953978
58200000000,58500000000,58227194119,58236872629,9678510
58200000000,58500000000,58236872629,58239249163,2376534
58200000000,58500000000,58239249163,58239252300,3137
58200000000,58500000000,58239252300,58239255275,2975
58200000000,58500000000,58239255275,58240916769,1661494
58200000000,58500000000,58240916769,58242673994,1757225
58200000000,58500000000,58242673994,58242676429,2435
58200000000,58500000000,58242676429,58246505412,3828983
58200000000,58500000000,58246505412,58251577770,5072358
58200000000,58500000000,58251577770,58251580053,2283
58200000000,58500000000,58251580053,58251582882,2829
58200000000,58500000000,58251582882,58256895768,5312886
58200000000,58500000000,58256895768,58262579787,5684019
58200000000,58500000000,58262579787,58272989450,10409663
58200000000,58500000000,58272989450,58273798936,809486
58200000000,58500000000,58273798936,58274562199,763263
58200000000,58500000000,58274562199,58274566187,3988
58200000000,58500000000,58274566187,58275253972,687785
58200000000,58500000000,58275253972,58275977026,723054
58200000000,58500000000,58275977026,58291031095,15054069
58200000000,58500000000,58291031095,58301435657,10404562
58200000000,58500000000,58301435657,58304355550,2919893
58200000000,58500000000,58304355550,58304358143,2593
58200000000,58500000000,58304358143,58309355550,4997407
58200000000,58500000000,58309355550,58316517982,7162432
58200000000,58500000000,58316517982,58316520512,2530
58200000000,58500000000,58316520512,58322599305,6078793
58200000000,58500000000,58322599305,58328526183,5926878
58200000000,58500000000,58328526183,58328528435,2252
58200000000,58500000000,58328528435,58328531018,2583
58200000000,58500000000,58328531018,58328534116,3098
58200000000,58500000000,58328534116,58340925826,12391710
58200000000,58500000000,58340925826,58340928365,2539
58200000000,58500000000,58340928365,58353265881,12337516
58200000000,58500000000,58353265881,58354728873,1462992
58200000000,58500000000,58354728873,58365380713,10651840
58200000000,58500000000,58365380713,58377250160,11869447
58200000000,58500000000,58377250160,58377253095,2935
58200000000,58500000000,58377253095,58377258583,5488
58200000000,58500000000,58377258583,58378023897,765314
58200000000,58500000000,58378023897,58389490590,11466693
58200000000,58500000000,58389490590,58389493977,3387
58200000000,58500000000,58389493977,58389496319,2342
58200000000,58500000000,58389496319,58403846515,14350196
58200000000,58500000000,58403846515,58403848952,2437
58200000000,58500000000,58403848952,58410745326,6896374
58200000000,58500000000,58410745326,58413509125,2763799
58200000000,58500000000,58413509125,58416310003,2800878
58200000000,58500000000,58416310003,58416333855,23852
58200000000,58500000000,58416333855,58418843849,2509994
58200000000,58500000000,58418843849,58418843850,1
58200000000,58500000000,58418843850,58429832758,10988908
58200000000,58500000000,58429832758,58431130540,1297782
58200000000,58500000000,58431130540,58443134639,12004099
58200000000,58500000000,58443134639,58443163421,28782
58200000000,58500000000,58443163421,58444198158,1034737
58200000000,58500000000,58444198158,58444233643,35485
58200000000,58500000000,58444233643,58445063741,830098
58200000000,58500000000,58445063741,58452203252,7139511
58200000000,58500000000,58452203252,58466642873,14439621
58200000000,58500000000,58466642873,58466645611,2738
58200000000,58500000000,58466645611,58466651171,5560
58200000000,58500000000,58466651171,58466653165,1994
58200000000,58500000000,58466653165,58466655016,1851
58200000000,58500000000,58466655016,58468126084,1471068
58200000000,58500000000,58468126084,58475435937,7309853
58200000000,58500000000,58475435937,58479668564,4232627
58200000000,58500000000,58479668564,58484642260,4973696
58200000000,58500000000,58484642260,58486782504,2140244
58500000000,58800000000,58502076557,58504492539,2415982
58500000000,58800000000,58504492539,58504495424,2885
58500000000,58800000000,58504495424,58504503000,7576
58500000000,58800000000,58504503000,58506563769,2060769
58500000000,58800000000,58506563769,58506563770,1
58500000000,58800000000,58506563770,58510915877,4352107
58500000000,58800000000,58510915877,58513371114,2455237
58500000000,58800000000,58513371114,58517068418,3697304
58500000000,58800000000,58517068418,58517071332,2914
58500000000,58800000000,58517071332,58517075377,4045
58500000000,58800000000,58517075377,58524253383,7178006
58500000000,58800000000,58524253383,58531434292,7180909
58500000000,58800000000,58531434292,58538767627,7333335
58500000000,58800000000,58538767627,58546802481,8034854
58500000000,58800000000,58546802481,58547647255,844774
58500000000,58800000000,58547647255,58566604065,18956810
58500000000,58800000000,58566604065,58566624009,19944
58500000000,58800000000,58566624009,58572557460,5933451
58500000000,58800000000,58572557460,58581525311,8967851
58500000000,58800000000,58581525311,58588069664,6544353
58500000000,58800000000,58588069664,58591646096,3576432
58500000000,58800000000,58591646096,58595226484,3580388
58500000000,58800000000,58595226484,58595976294,749810
58500000000,58800000000,58595976294,58614805865,18829571
58500000000,58800000000,58614805865,58627478096,12672231
58500000000,58800000000,58627478096,58627481798,3702
58500000000,58800000000,58627481798,58627485298,3500
58500000000,58800000000,58627485298,58627497774,12476
58500000000,58800000000,58627497774,58627499940,2166
58500000000,58800000000,58627499940,58627503295,3355
58500000000,58800000000,58627503295,58631642014,4138719
58500000000,58800000000,58631642014,58633955229,2313215
58500000000,58800000000,58633955229,58636319728,2364499
58500000000,58800000000,58636319728,58639032141,2712413
58500000000,58800000000,58639032141,58639035456,3315
58500000000,58800000000,58639035456,58653700172,14664716
58500000000,58800000000,58653700172,58653702978,2806
58500000000,58800000000,58653702978,58653705334,2356
58500000000,58800000000,58653705334,58666537085,12831751
58500000000,58800000000,58666537085,58668004764,1467679
58500000000,58800000000,58668004764,58678581859,10577095
58500000000,58800000000,58678581859,58678700650,118791
58500000000,58800000000,58678700650,58691078568,12377918
58500000000,58800000000,58691078568,58697437980,6359412
58500000000,58800000000,58697437980,58703882188,6444208
58500000000,58800000000,58703882188,58703884632,2444
58500000000,58800000000,58703884632,58716539501,12654869
58500000000,58800000000,58716539501,58717942224,1402723
58500000000,58800000000,58717942224,58717942225,1
58500000000,58800000000,58717942225,58729419438,11477213
58500000000,58800000000,58729419438,58731073898,1654460
58500000000,58800000000,58731073898,58739011791,7937893
58500000000,58800000000,58739011791,58741437884,2426093
58500000000,58800000000,58741437884,58741454476,16592
58500000000,58800000000,58741454476,58749201257,7746781
58500000000,58800000000,58749201257,58751690376,2489119
58500000000,58800000000,58751690376,58754083803,2393427
58500000000,58800000000,58754083803,58754088273,4470
58500000000,58800000000,58754088273,58754097941,9668
58500000000,58800000000,58754097941,58755962756,1864815
58500000000,58800000000,58755962756,58759276286,3313530
58500000000,58800000000,58759276286,58759279802,3516
58500000000,58800000000,58759279802,58761644524,2364722
58500000000,58800000000,58761644524,58761658320,13796
58500000000,58800000000,58761658320,58762462462,804142
58500000000,58800000000,58762462462,58764102956,1640494
58500000000,58800000000,58764102956,58764106093,3137
58500000000,58800000000,58764106093,58767022203,2916110
58500000000,58800000000,58767022203,58767169528,147325
58500000000,58800000000,58767169528,58767176520,6992
58500000000,58800000000,58767176520,58767181555,5035
58500000000,58800000000,58767181555,58769568887,2387332
58500000000,58800000000,58769568887,58769568956,69
58500000000,58800000000,58769568956,58769589581,20625
58500000000,58800000000,58769589581,58769595795,6214
58500000000,58800000000,58769595795,58773622771,4026976
58500000000,58800000000,58773622771,58779593869,5971098
58500000000,58800000000,58779593869,58793424574,13830705
58500000000,58800000000,58793424574,58796114631,2690057
58500000000,58800000000,58796114631,58797771928,1657297
58500000000,58800000000,58797771928,58798876858,1104930
58500000000,58800000000,58798876858,58799788451,911593
58800000000,59100000000,58801623614,58802543473,919859
58800000000,59100000000,58802543473,58804193668,1650195
58800000000,59100000000,58804193668,58815511743,11318075
58800000000,59100000000,58815511743,58816344906,833163
58800000000,59100000000,58816344906,58816348266,3360
58800000000,59100000000,58816348266,58817155228,806962
58800000000,59100000000,58817155228,58822116353,4961125
58800000000,59100000000,58822116353,58826596433,4480080
58800000000,59100000000,58826596433,58828263693,1667260
58800000000,59100000000,58828263693,58828267267,3574
58800000000,59100000000,58828267267,58830238082,1970815
58800000000,59100000000,58830238082,58830978655,740573
58800000000,59100000000,58830978655,58833412867,2434212
58800000000,59100000000,58833412867,58836698863,3285996
58800000000,59100000000,58836698863,58842047922,5349059
58800000000,59100000000,58842047922,58842097785,49863
58800000000,59100000000,58842097785,58842101470,3685
58800000000,59100000000,58842101470,58845004578,2903108
58800000000,59100000000,58845004578,58847352122,2347544
58800000000,59100000000,58847352122,58849589174,2237052
58800000000,59100000000,58849589174,58854300187,4711013
58800000000,59100000000,58854300187,58854302832,2645
58800000000,59100000000,58854302832,58864458475,10155643
58800000000,59100000000,58864458475,58867629071,3170596
58800000000,59100000000,58867629071,58867734744,105673
58800000000,59100000000,58867734744,58870109569,2374825
58800000000,59100000000,58870109569,58872910957,2801388
58800000000,59100000000,58872910957,58881433869,8522912
58800000000,59100000000,58881433869,58890777267,9343398
58800000000,59100000000,58890777267,58890779669,2402
58800000000,59100000000,58890779669,58894406631,3626962
58800000000,59100000000,58894406631,58897435926,3029295
58800000000,59100000000,58897435926,58905175456,7739530
58800000000,59100000000,58905175456,58905190640,15184
58800000000,59100000000,58905190640,58905194131,3491
58800000000,59100000000,58905194131,58906114250,920119
58800000000,59100000000,58906114250,58919158648,13044398
58800000000,59100000000,58919158648,58920991538,1832890
58800000000,59100000000,58920991538,58920991539,1
58800000000,59100000000,58920991539,58923086853,2095314
58800000000,59100000000,58923086853,58923095652,8799
58800000000,59100000000,58923095652,58929045360,5949708
58800000000,59100000000,58929045360,58930963000,1917640
58800000000,59100000000,58930963000,58931871202,908202
58800000000,59100000000,58931871202,58931876832,5630
58800000000,59100000000,58931876832,58931887010,10178
58800000000,59100000000,58931887010,58932973924,1086914
58800000000,59100000000,58932973924,58932981148,7224
58800000000,59100000000,58932981148,58933822480,841332
58800000000,59100000000,58933822480,58933868033,45553
58800000000,59100000000,58933868033,58934709933,841900
58800000000,59100000000,58934709933,58937072107,2362174
58800000000,59100000000,58937072107,58942057726,4985619
58800000000,59100000000,58942057726,58943898864,1841138
58800000000,59100000000,58943898864,58944807252,908388
58800000000,59100000000,58944807252,58944822614,15362
58800000000,59100000000,58944822614,58944890972,68358
58800000000,59100000000,58944890972,58944893876,2904
58800000000,59100000000,58944893876,58944900198,6322
58800000000,59100000000,58944900198,58944908475,8277
58800000000,59100000000,58944908475,58957037264,12128789
58800000000,59100000000,58957037264,58979307754,22270490
58800000000,59100000000,58979307754,58995094975,15787221
58800000000,59100000000,58995094975,58995097392,2417
58800000000,59100000000,58995097392,58999740907,4643515
58800000000,59100000000,58999740907,59002647143,2906236
58800000000,59100000000,59002647143,59006671498,4024355
58800000000,59100000000,59006671498,59015210539,8539041
58800000000,59100000000,59015210539,59024374081,9163542
58800000000,59100000000,59024374081,59026302735,1928654
58800000000,59100000000,59026302735,59026307569,4834
58800000000,59100000000,59026307569,59030026575,3719006
58800000000,59100000000,59030026575,59033201924,3175349
58800000000,59100000000,59033201924,59051683847,18481923
58800000000,59100000000,59051683847,59054047395,2363548
58800000000,59100000000,59054047395,59067508359,13460964
58800000000,59100000000,59067508359,59075664770,8156411
58800000000,59100000000,59075664770,59078450003,2785233
58800000000,59100000000,59078450003,59079447756,997753
58800000000,59100000000,59079447756,59084904442,5456686
58800000000,59100000000,59084904442,59095110544,10206102
59100000000,59400000000,59106353279,59106356059,2780
59100000000,59400000000,59106356059,59107527748,1171689
59100000000,59400000000,59107527748,59108060948,533200
59100000000,59400000000,59108060948,59109196777,1135829
59100000000,59400000000,59109196777,59111211374,2014597
59100000000,59400000000,59111211374,59112066588,855214
59100000000,59400000000,59112066588,59112957403,890815
59100000000,59400000000,59112957403,59123940317,10982914
59100000000,59400000000,59123940317,59123954033,13716
59100000000,59400000000,59123954033,59129484005,5529972
59100000000,59400000000,59129484005,59129501059,17054
59100000000,59400000000,59129501059,59131060098,1559039
59100000000,59400000000,59131060098,59131718456,658358
59100000000,59400000000,59131718456,59132509298,790842
59100000000,59400000000,59132509298,59155480639,22971341
59100000000,59400000000,59155480639,59155483327,2688
59100000000,59400000000,59155483327,59158893722,3410395
59100000000,59400000000,59158893722,59169354864,10461142
59100000000,59400000000,59169354864,59172762717,3407853
59100000000,59400000000,59172762717,59172766904,4187
59100000000,59400000000,59172766904,59175018121,2251217
59100000000,59400000000,59175018121,59175020206,2085
59100000000,59400000000,59175020206,59175022360,2154
59100000000,59400000000,59175022360,59175024232,1872
59100000000,59400000000,59175024232,59175028851,4619
59100000000,59400000000,59175028851,59175030600,1749
59100000000,59400000000,59175030600,59175033087,2487
59100000000,59400000000,59175033087,59175040840,7753
59100000000,59400000000,59175040840,59175043195,2355
59100000000,59400000000,59175043195,59176863686,1820491
59100000000,59400000000,59176863686,59176863687,1
59100000000,59400000000,59176863687,59176892723,29036
59100000000,59400000000,59176892723,59177859184,966461
59100000000,59400000000,59177859184,59180932133,3072949
59100000000,59400000000,59180932133,59205874691,24942558
59100000000,59400000000,59205874691,59205877470,2779
59100000000,59400000000,59205877470,59205880944,3474
59100000000,59400000000,59205880944,59205883680,2736
59100000000,59400000000,59205883680,59212585056,6701376
59100000000,59400000000,59212585056,59218974448,6389392
59100000000,59400000000,59218974448,59222858118,3883670
59100000000,59400000000,59222858118,59224111862,1253744
59100000000,59400000000,59224111862,59224115783,3921
59100000000,59400000000,59224115783,59224915775,799992
59100000000,59400000000,59224915775,59225790663,874888
59100000000,59400000000,59225790663,59225793808,3145
59100000000,59400000000,59225793808,59225796035,2227
59100000000,59400000000,59225796035,59226632995,836960
59100000000,59400000000,59226632995,59232531179,5898184
59100000000,59400000000,59232531179,59238250929,5719750
59100000000,59400000000,59238250929,59239196846,945917
59100000000,59400000000,59239196846,59249104396,9907550
59100000000,59400000000,59249104396,59250026068,921672
59100000000,59400000000,59250026068,59250028401,2333
59100000000,59400000000,59250028401,59256957669,6929268
59100000000,59400000000,59256957669,59260466801,3509132
59100000000,59400000000,59260466801,59268478053,8011252
59100000000,59400000000,59268478053,59268481096,3043
59100000000,59400000000,59268481096,59285409523,16928427
59100000000,59400000000,59285409523,59285440976,31453
59100000000,59400000000,59285440976,59285445183,4207
59100000000,59400000000,59285445183,59287289065,1843882
59100000000,59400000000,59287289065,59287293847,4782
59100000000,59400000000,59287293847,59287298871,5024
59100000000,59400000000,59287298871,59287301394,2523
59100000000,59400000000,59287301394,59287306122,4728
59100000000,59400000000,59287306122,59289054076,1747954
59100000000,59400000000,59289054076,59289100405,46329
59100000000,59400000000,59289100405,59289103815,3410
59100000000,59400000000,59289103815,59289108180,4365
59100000000,59400000000,59289108180,59294855425,5747245
59100000000,59400000000,59294855425,59301160975,6305550
59100000000,59400000000,59301160975,59301163281,2306
59100000000,59400000000,59301163281,59301172141,8860
59100000000,59400000000,59301172141,59308085738,6913597
59100000000,59400000000,59308085738,59308090245,4507
59100000000,59400000000,59308090245,59310828448,2738203
59100000000,59400000000,59310828448,59326168740,15340292
59100000000,59400000000,59326168740,59328190521,2021781
59100000000,59400000000,59328190521,59328190522,1
59100000000,59400000000,59328190522,59336718308,8527786
59100000000,59400000000,59336718308,59349518136,12799828
59100000000,59400000000,59349518136,59357271986,7753850
59100000000,59400000000,59357271986,59360031399,2759413
59100000000,59400000000,59360031399,59366109709,6078310
59100000000,59400000000,59366109709,59369227369,3117660
59100000000,59400000000,59369227369,59369231751,4382
59100000000,59400000000,59369231751,59369234226,2475
59100000000,59400000000,59369234226,59369237414,3188
59100000000,59400000000,59369237414,59369239664,2250
59100000000,59400000000,59369239664,59371229700,1990036
59100000000,59400000000,59371229700,59375422512,4192812
59100000000,59400000000,59375422512,59376254568,832056
59100000000,59400000000,59376254568,59379803830,3549262
59100000000,59400000000,59379803830,59388613720,8809890
59100000000,59400000000,59388613720,59393995409,5381689
59100000000,59400000000,59393995409,59397669190,3673781
59100000000,59400000000,59397669190,59397673710,4520
59400000000,59700000000,59421784396,59422691169,906773
59400000000,59700000000,59422691169,59423962855,1271686
59400000000,59700000000,59423962855,59424892498,929643
59400000000,59700000000,59424892498,59427715339,2822841
59400000000,59700000000,59427715339,59428603273,887934
59400000000,59700000000,59428603273,59436114527,7511254
59400000000,59700000000,59436114527,59439688760,3574233
59400000000,59700000000,59439688760,59443578649,3889889
59400000000,59700000000,59443578649,59443582178,3529
59400000000,59700000000,59443582178,59443585836,3658
59400000000,59700000000,59443585836,59444754022,1168186
59400000000,59700000000,59444754022,59447236290,2482268
59400000000,59700000000,59447236290,59452098588,4862298
59400000000,59700000000,59452098588,59455193238,3094650
59400000000,59700000000,59455193238,59461612525,6419287
59400000000,59700000000,59461612525,59461621853,9328
59400000000,59700000000,59461621853,59480817337,19195484
59400000000,59700000000,59480817337,59485936659,5119322
59400000000,59700000000,59485936659,59487744681,1808022
59400000000,59700000000,59487744681,59492630431,4885750
59400000000,59700000000,59492630431,59498280843,5650412
59400000000,59700000000,59498280843,59500304063,2023220
59400000000,59700000000,59500304063,59501219585,915522
59400000000,59700000000,59501219585,59513848624,12629039
59400000000,59700000000,59513848624,59530724216,16875592
59400000000,59700000000,59530724216,59530727807,3591
59400000000,59700000000,59530727807,59532286128,1558321
59400000000,59700000000,59532286128,59532286129,1
59400000000,59700000000,59532286129,59542216804,9930675
59400000000,59700000000,59542216804,59549090834,6874030
59400000000,59700000000,59549090834,59557751264,8660430
59400000000,59700000000,59557751264,59561693828,3942564
59400000000,59700000000,59561693828,59561703314,9486
59400000000,59700000000,59561703314,59563310674,1607360
59400000000,59700000000,59563310674,59563310675,1
59400000000,59700000000,59563310675,59575884670,12573995
59400000000,59700000000,59575884670,59581645355,5760685
59400000000,59700000000,59581645355,59615930552,34285197
59400000000,59700000000,59615930552,59615934622,4070
59400000000,59700000000,59615934622,59617532461,1597839
59400000000,59700000000,59617532461,59617532462,1
59400000000,59700000000,59617532462,59640391143,22858681
59400000000,59700000000,59640391143,59662441345,22050202
59400000000,59700000000,59662441345,59677707282,15265937
59400000000,59700000000,59677707282,59683618701,5911419
59400000000,59700000000,59683618701,59683624547,5846
59400000000,59700000000,59683624547,59683626506,1959
59400000000,59700000000,59683626506,59683629056,2550
59400000000,59700000000,59683629056,59691250570,7621514
59400000000,59700000000,59691250570,59694349765,3099195
59400000000,59700000000,59694349765,59696756867,2407102
59700000000,60000000000,59702639722,59712027284,9387562
59700000000,60000000000,59712027284,59713582937,1555653
59700000000,60000000000,59713582937,59723365807,9782870
59700000000,60000000000,59723365807,59724202439,836632
59700000000,60000000000,59724202439,59724920792,718353
59700000000,60000000000,59724920792,59732754269,7833477
59700000000,60000000000,59732754269,59737771048,5016779
59700000000,60000000000,59737771048,59737774969,3921
59700000000,60000000000,59737774969,59742067893,4292924
59700000000,60000000000,59742067893,59745251727,3183834
59700000000,60000000000,59745251727,59746030437,778710
59700000000,60000000000,59746030437,59755066439,9036002
59700000000,60000000000,59755066439,59757483664,2417225
59700000000,60000000000,59757483664,59774691699,17208035
59700000000,60000000000,59774691699,59793831577,19139878
59700000000,60000000000,59793831577,59793835912,4335
59700000000,60000000000,59793835912,59793838596,2684
59700000000,60000000000,59793838596,59796710834,2872238
59700000000,60000000000,59796710834,59796717528,6694
59700000000,60000000000,59796717528,59807894630,11177102
59700000000,60000000000,59807894630,59814232768,6338138
59700000000,60000000000,59814232768,59816813119,2580351
59700000000,60000000000,59816813119,59819440510,2627391
59700000000,60000000000,59819440510,59821197161,1756651
59700000000,60000000000,59821197161,59846591034,25393873
59700000000,60000000000,59846591034,59879020793,32429759
59700000000,60000000000,59879020793,59887488937,8468144
59700000000,60000000000,59887488937,59887502492,13555
59700000000,60000000000,59887502492,59888274049,771557
59700000000,60000000000,59888274049,59888294165,20116
59700000000,60000000000,59888294165,59889107631,813466
59700000000,60000000000,59889107631,59890946996,1839365
59700000000,60000000000,59890946996,59890951234,4238
59700000000,60000000000,59890951234,59890954021,2787
59700000000,60000000000,59890954021,59890957305,3284
59700000000,60000000000,59890957305,59890959368,2063
59700000000,60000000000,59890959368,59891839816,880448
59700000000,60000000000,59891839816,59910436416,18596600
59700000000,60000000000,59910436416,59910442577,6161
59700000000,60000000000,59910442577,59910444917,2340
59700000000,60000000000,59910444917,59910449947,5030
59700000000,60000000000,59910449947,59910453563,3616
59700000000,60000000000,59910453563,59910453564,1
59700000000,60000000000,59910453564,59911883007,1429443
59700000000,60000000000,59911883007,59911883008,1
59700000000,60000000000,59911883008,59924003411,12120403
59700000000,60000000000,59924003411,59929463504,5460093
59700000000,60000000000,59929463504,59937677314,8213810
59700000000,60000000000,59937677314,59940113971,2436657
59700000000,60000000000,59940113971,59947367571,7253600
59700000000,60000000000,59947367571,59947376739,9168
59700000000,60000000000,59947376739,59947383388,6649
59700000000,60000000000,59947383388,59948918271,1534883
59700000000,60000000000,59948918271,59948918272,1
59700000000,60000000000,59948918272,59948918273,1
59700000000,60000000000,59948918273,59948918323,50
59700000000,60000000000,59948918323,59948918324,1
59700000000,60000000000,59948918324,59948918325,1
59700000000,60000000000,59948918325,59948918361,36
59700000000,60000000000,59948918361,59948918362,1
59700000000,60000000000,59948918362,59949007534,89172
59700000000,60000000000,59949007534,59956222823,7215289
59700000000,60000000000,59956222823,59959044061,2821238
59700000000,60000000000,59959044061,59959978231,934170
59700000000,60000000000,59959978231,59960782311,804080
59700000000,60000000000,59960782311,59962423477,1641166
59700000000,60000000000,59962423477,59968756077,6332600
59700000000,60000000000,59968756077,59987121528,18365451
59700000000,60000000000,59987121528,59989666109,2544581
59700000000,60000000000,59989666109,59990567467,901358
59700000000,60000000000,59990567467,59995678100,5110633
59700000000,60000000000,59995678100,59997308296,1630196
59700000000,60000000000,59997308296,59997328366,20070
59700000000,60000000000,59997328366,59998127076,798710
59700000000,60000000000,59998127076,59998151442,24366
59700000000,60000000000,59998151442,59998936450,785008
59700000000,60000000000,59998936450,59998936475,25
59700000000,60000000000,59998936475,59998936476,1
59700000000,60000000000,59998936476,59999772273,835797
60000000000,60300000000,60001631302,60002849950,1218648
60000000000,60300000000,60002849950,60010892741,8042791
60000000000,60300000000,60010892741,60015373264,4480523
60000000000,60300000000,60015373264,60016217464,844200
60000000000,60300000000,60016217464,60021198176,4980712
60000000000,60300000000,60021198176,60021201332,3156
60000000000,60300000000,60021201332,60027637434,6436102
60000000000,60300000000,60027637434,60027745138,107704
60000000000,60300000000,60027745138,60031592558,3847420
60000000000,60300000000,60031592558,60031595101,2543
60000000000,60300000000,60031595101,60031597709,2608
60000000000,60300000000,60031597709,60033242872,1645163
60000000000,60300000000,60033242872,60034156643,913771
60000000000,60300000000,60034156643,60034223242,66599
60000000000,60300000000,60034223242,60034225802,2560
60000000000,60300000000,60034225802,60044621154,10395352
60000000000,60300000000,60044621154,60048481812,3860658
60000000000,60300000000,60048481812,60050168151,1686339
60000000000,60300000000,60050168151,60050219243,51092
60000000000,60300000000,60050219243,60050226279,7036
60000000000,60300000000,60050226279,60050228455,2176
60000000000,60300000000,60050228455,60051014442,785987
60000000000,60300000000,60051014442,60058583695,7569253
60000000000,60300000000,60058583695,60061206091,2622396
60000000000,60300000000,60061206091,60062911853,1705762
60000000000,60300000000,60062911853,60065441189,2529336
60000000000,60300000000,60065441189,60068372622,2931433
60000000000,60300000000,60068372622,60068375352,2730
60000000000,60300000000,60068375352,60077094221,8718869
60000000000,60300000000,60077094221,60083934463,6840242
60000000000,60300000000,60083934463,60086855016,2920553
60000000000,60300000000,60086855016,60095189128,8334112
60000000000,60300000000,60095189128,60095192656,3528
60000000000,60300000000,60095192656,60103147810,7955154
60000000000,60300000000,60103147810,60110727168,7579358
60000000000,60300000000,60110727168,60112738240,2011072
60000000000,60300000000,60112738240,60112738241,1
60000000000,60300000000,60112738241,60113599423,861182
60000000000,60300000000,60113599423,60128040362,14440939
60000000000,60300000000,60128040362,60128048531,8169
60000000000,60300000000,60128048531,60128073589,25058
60000000000,60300000000,60128073589,60131286747,3213158
60000000000,60300000000,60131286747,60131286748,1
60000000000,60300000000,60131286748,60131286788,40
60000000000,60300000000,60131286788,60131286789,1
60000000000,60300000000,60131286789,60131286790,1
60000000000,60300000000,60131286790,60131286869,79
60000000000,60300000000,60131286869,60145726866,14439997
60000000000,60300000000,60145726866,60145730279,3413
60000000000,60300000000,60145730279,60145733392,3113
60000000000,60300000000,60145733392,60145737651,4259
60000000000,60300000000,60145737651,60145740265,2614
60000000000,60300000000,60145740265,60149065124,3324859
60000000000,60300000000,60149065124,60149065125,1
60000000000,60300000000,60149065125,60149065210,85
60000000000,60300000000,60149065210,60163698851,14633641
60000000000,60300000000,60163698851,60163704505,5654
60000000000,60300000000,60163704505,60165763334,2058829
60000000000,60300000000,60165763334,60165763335,1
60000000000,60300000000,60165763335,60172842739,7079404
60000000000,60300000000,60172842739,60182638314,9795575
60000000000,60300000000,60182638314,60182647723,9409
60000000000,60300000000,60182647723,60185293652,2645929
60000000000,60300000000,60185293652,60185293653,1
60000000000,60300000000,60185293653,60185293693,40
60000000000,60300000000,60185293693,60185293694,1
60000000000,60300000000,60185293694,60188212473,2918779
60000000000,60300000000,60188212473,60191761103,3548630
60000000000,60300000000,60191761103,60197724978,5963875
60000000000,60300000000,60197724978,60207890482,10165504
60000000000,60300000000,60207890482,60209548241,1657759
60000000000,60300000000,60209548241,60212150979,2602738
60000000000,60300000000,60212150979,60214720129,2569150
60000000000,60300000000,60214720129,60217300004,2579875
60000000000,60300000000,60217300004,60237605595,20305591
60000000000,60300000000,60237605595,60240038996,2433401
60000000000,60300000000,60240038996,60242769218,2730222
60000000000,60300000000,60242769218,60244417641,1648423
60000000000,60300000000,60244417641,60271490265,27072624
60000000000,60300000000,60271490265,60299965931,28475666
60000000000,60300000000,60299965931,60299973982,8051
60300000000,60600000000,60301579605,60301579606,1
60300000000,60600000000,60301579606,60301579607,1
60300000000,60600000000,60301579607,60303904701,2325094
60300000000,60600000000,60303904701,60307603058,3698357
60300000000,60600000000,60307603058,60316849540,9246482
60300000000,60600000000,60316849540,60316854012,4472
60300000000,60600000000,60316854012,60316856810,2798
60300000000,60600000000,60316856810,60318709995,1853185
60300000000,60600000000,60318709995,60319568723,858728
60300000000,60600000000,60319568723,60322791563,3222840
60300000000,60600000000,60322791563,60325859028,3067465
60300000000,60600000000,60325859028,60330321504,4462476
60300000000,60600000000,60330321504,60340764641,10443137
60300000000,60600000000,60340764641,60362584982,21820341
60300000000,60600000000,60362584982,60362589219,4237
60300000000,60600000000,60362589219,60363423431,834212
60300000000,60600000000,60363423431,60363477937,54506
60300000000,60600000000,60363477937,60364259727,781790
60300000000,60600000000,60364259727,60365058565,798838
60300000000,60600000000,60365058565,60367458300,2399735
60300000000,60600000000,60367458300,60370552548,3094248
60300000000,60600000000,60370552548,60381794769,11242221
60300000000,60600000000,60381794769,60386840415,5045646
60300000000,60600000000,60386840415,60403858776,17018361
60300000000,60600000000,60403858776,60404997349,1138573
60300000000,60600000000,60404997349,60408792549,3795200
60300000000,60600000000,60408792549,60409610574,818025
60300000000,60600000000,60409610574,60411051172,1440598
60300000000,60600000000,60411051172,60418234160,7182988
60300000000,60600000000,60418234160,60422077510,3843350
60300000000,60600000000,60422077510,60426177748,4100238
60300000000,60600000000,60426177748,60427781790,1604042
60300000000,60600000000,60427781790,60428511277,729487
60300000000,60600000000,60428511277,60430086536,1575259
60300000000,60600000000,60430086536,60434987190,4900654
60300000000,60600000000,60434987190,60447728374,12741184
60300000000,60600000000,60447728374,60486169026,38440652
60300000000,60600000000,60486169026,60506902578,20733552
60300000000,60600000000,60506902578,60509293042,2390464
60300000000,60600000000,60509293042,60523598579,14305537
60300000000,60600000000,60523598579,60523603584,5005
60300000000,60600000000,60523603584,60541327629,17724045
60300000000,60600000000,60541327629,60552977797,11650168
60300000000,60600000000,60552977797,60560870822,7893025
60300000000,60600000000,60560870822,60590935777,30064955
60600000000,60900000000,60604348737,60605163823,815086
60600000000,60900000000,60605163823,60612896413,7732590
60600000000,60900000000,60612896413,60616786474,3890061
60600000000,60900000000,60616786474,60616801502,15028
60600000000,60900000000,60616801502,60616804200,2698
60600000000,60900000000,60616804200,60619157619,2353419
60600000000,60900000000,60619157619,60634564852,15407233
60600000000,60900000000,60634564852,60634568948,4096
60600000000,60900000000,60634568948,60642485240,7916292
60600000000,60900000000,60642485240,60647857724,5372484
60600000000,60900000000,60647857724,60651875192,4017468
60600000000,60900000000,60651875192,60658772736,6897544
60600000000,60900000000,60658772736,60666988774,8216038
60600000000,60900000000,60666988774,60674345710,7356936
60600000000,60900000000,60674345710,60680227625,5881915
60600000000,60900000000,60680227625,60690929334,10701709
60600000000,60900000000,60690929334,60703586809,12657475
60600000000,60900000000,60703586809,60704447612,860803
60600000000,60900000000,60704447612,60712357723,7910111
60600000000,60900000000,60712357723,60724130577,11772854
60600000000,60900000000,60724130577,60724134676,4099
60600000000,60900000000,60724134676,60724140076,5400
60600000000,60900000000,60724140076,60724942106,802030
60600000000,60900000000,60724942106,60726396289,1454183
60600000000,60900000000,60726396289,60726430881,34592
60600000000,60900000000,60726430881,60727205502,774621
60600000000,60900000000,60727205502,60729020407,1814905
60600000000,60900000000,60729020407,60729839308,818901
60600000000,60900000000,60729839308,60730618563,779255
60600000000,60900000000,60730618563,60732876613,2258050
60600000000,60900000000,60732876613,60735342494,2465881
60600000000,60900000000,60735342494,60742142901,6800407
60600000000,60900000000,60742142901,60742147248,4347
60600000000,60900000000,60742147248,60742150189,2941
60600000000,60900000000,60742150189,60744938154,2787965
60600000000,60900000000,60744938154,60751475932,6537778
60600000000,60900000000,60751475932,60783300990,31825058
60600000000,60900000000,60783300990,60820801428,37500438
60600000000,60900000000,60820801428,60824385516,3584088
60600000000,60900000000,60824385516,60826759251,2373735
60600000000,60900000000,60826759251,60826776964,17713
60600000000,60900000000,60826776964,60829318825,2541861
60600000000,60900000000,60829318825,60829336195,17370
60600000000,60900000000,60829336195,60831390885,2054690
60600000000,60900000000,60831390885,60832237320,846435
60600000000,60900000000,60832237320,60833111424,874104
60600000000,60900000000,60833111424,60834338570,1227146
60600000000,60900000000,60834338570,60835862415,1523845
60600000000,60900000000,60835862415,60835892259,29844
60600000000,60900000000,60835892259,60849898275,14006016
60600000000,60900000000,60849898275,60850609214,710939
60600000000,60900000000,60850609214,60851693316,1084102
60600000000,60900000000,60851693316,60851698027,4711
60600000000,60900000000,60851698027,60851706204,8177
60600000000,60900000000,60851706204,60851710486,4282
60600000000,60900000000,60851710486,60851716061,5575
60600000000,60900000000,60851716061,60852476932,760871
60600000000,60900000000,60852476932,60852485040,8108
60600000000,60900000000,60852485040,60853332452,847412
60600000000,60900000000,60853332452,60854885639,1553187
60600000000,60900000000,60854885639,60854885640,1
60600000000,60900000000,60854885640,60854885698,58
60600000000,60900000000,60854885698,60854885699,1
60600000000,60900000000,60854885699,60865024431,10138732
60600000000,60900000000,60865024431,60879294121,14269690
60600000000,60900000000,60879294121,60883050571,3756450
60600000000,60900000000,60883050571,60883589535,538964
60600000000,60900000000,60883589535,60883595486,5951
60600000000,60900000000,60883595486,60883597901,2415
60600000000,60900000000,60883597901,60886846714,3248813
60600000000,60900000000,60886846714,60886846715,1
60600000000,60900000000,60886846715,60897672870,10826155
60600000000,60900000000,60897672870,60899284707,1611837
60900000000,61200000000,60900796025,60901518822,722797
60900000000,61200000000,60901518822,60902302193,783371
60900000000,61200000000,60902302193,60912050394,9748201
60900000000,61200000000,60912050394,60912053019,2625
60900000000,61200000000,60912053019,60915068040,3015021
60900000000,61200000000,60915068040,60933369795,18301755
60900000000,61200000000,60933369795,60933373986,4191
60900000000,61200000000,60933373986,60933376557,2571
60900000000,61200000000,60933376557,60933378614,2057
60900000000,61200000000,60933378614,60938446310,5067696
60900000000,61200000000,60938446310,60938450609,4299
60900000000,61200000000,60938450609,60945106283,6655674
60900000000,61200000000,60945106283,60947435269,2328986
60900000000,61200000000,60947435269,60949837653,2402384
60900000000,61200000000,60949837653,60972842134,23004481
60900000000,61200000000,60972842134,60977272251,4430117
60900000000,61200000000,60977272251,60984930464,7658213
60900000000,61200000000,60984930464,60986149208,1218744
60900000000,61200000000,60986149208,60988482173,2332965
60900000000,61200000000,60988482173,61000809997,12327824
60900000000,61200000000,61000809997,61005237676,4427679
60900000000,61200000000,61005237676,61008771851,3534175
60900000000,61200000000,61008771851,61011152231,2380380
60900000000,61200000000,61011152231,61011801586,649355
60900000000,61200000000,61011801586,61013395624,1594038
60900000000,61200000000,61013395624,61013395625,1
60900000000,61200000000,61013395625,61021680258,8284633
60900000000,61200000000,61021680258,61024182993,2502735
60900000000,61200000000,61024182993,61025722603,1539610
60900000000,61200000000,61025722603,61026515931,793328
60900000000,61200000000,61026515931,61026532412,16481
60900000000,61200000000,61026532412,61029211739,2679327
60900000000,61200000000,61029211739,61032977724,3765985
60900000000,61200000000,61032977724,61036070959,3093235
60900000000,61200000000,61036070959,61037842736,1771777
60900000000,61200000000,61037842736,61054868295,17025559
60900000000,61200000000,61054868295,61059515137,4646842
60900000000,61200000000,61059515137,61068170957,8655820
60900000000,61200000000,61068170957,61068197874,26917
60900000000,61200000000,61068197874,61068200458,2584
60900000000,61200000000,61068200458,61068204025,3567
60900000000,61200000000,61068204025,61088357289,20153264
60900000000,61200000000,61088357289,61090753489,2396200
60900000000,61200000000,61090753489,61100041639,9288150
60900000000,61200000000,61100041639,61100056499,14860
60900000000,61200000000,61100056499,61110414120,10357621
60900000000,61200000000,61110414120,61117659507,7245387
60900000000,61200000000,61117659507,61141177344,23517837
60900000000,61200000000,61141177344,61142670417,1493073
60900000000,61200000000,61142670417,61142692248,21831
60900000000,61200000000,61142692248,61143530172,837924
60900000000,61200000000,61143530172,61144311737,781565
60900000000,61200000000,61144311737,61145104107,792370
60900000000,61200000000,61145104107,61162103377,16999270
60900000000,61200000000,61162103377,61162110728,7351
60900000000,61200000000,61162110728,61163650408,1539680
60900000000,61200000000,61163650408,61163650409,1
60900000000,61200000000,61163650409,61163650430,21
60900000000,61200000000,61163650430,61163650431,1
60900000000,61200000000,61163650431,61163668720,18289
60900000000,61200000000,61163668720,61165694191,2025471
60900000000,61200000000,61165694191,61166472192,778001
60900000000,61200000000,61166472192,61180221588,13749396
61200000000,61500000000,61200426311,61202999695,2573384
61200000000,61500000000,61202999695,61203798078,798383
61200000000,61500000000,61203798078,61205430016,1631938
61200000000,61500000000,61205430016,61211878474,6448458
61200000000,61500000000,61211878474,61212613176,734702
61200000000,61500000000,61212613176,61224926722,12313546
61200000000,61500000000,61224926722,61224931739,5017
61200000000,61500000000,61224931739,61227259771,2328032
61200000000,61500000000,61227259771,61238743079,11483308
61200000000,61500000000,61238743079,61242775113,4032034
61200000000,61500000000,61242775113,61243617449,842336
61200000000,61500000000,61243617449,61245545369,1927920
61200000000,61500000000,61245545369,61245545370,1
61200000000,61500000000,61245545370,61250543490,4998120
61200000000,61500000000,61250543490,61256466440,5922950
61200000000,61500000000,61256466440,61256492632,26192
61200000000,61500000000,61256492632,61275282599,18789967
61200000000,61500000000,61275282599,61277137127,1854528
61200000000,61500000000,61277137127,61288442418,11305291
61200000000,61500000000,61288442418,61288469456,27038
61200000000,61500000000,61288469456,61289249421,779965
61200000000,61500000000,61289249421,61290983631,1734210
61200000000,61500000000,61290983631,61291779412,795781
61200000000,61500000000,61291779412,61300437065,8657653
61200000000,61500000000,61300437065,61303590053,3152988
61200000000,61500000000,61303590053,61305254722,1664669
61200000000,61500000000,61305254722,61308597807,3343085
61200000000,61500000000,61308597807,61311274023,2676216
61200000000,61500000000,61311274023,61318280232,7006209
61200000000,61500000000,61318280232,61318285199,4967
61200000000,61500000000,61318285199,61322805070,4519871
61200000000,61500000000,61322805070,61323629677,824607
61200000000,61500000000,61323629677,61324478265,848588
61200000000,61500000000,61324478265,61325290036,811771
61200000000,61500000000,61325290036,61326160712,870676
61200000000,61500000000,61326160712,61326165948,5236
61200000000,61500000000,61326165948,61326184727,18779
61200000000,61500000000,61326184727,61326964409,779682
61200000000,61500000000,61326964409,61328589552,1625143
61200000000,61500000000,61328589552,61334960202,6370650
61200000000,61500000000,61334960202,61334962853,2651
61200000000,61500000000,61334962853,61336568295,1605442
61200000000,61500000000,61336568295,61336568296,1
61200000000,61500000000,61336568296,61336568297,1
61200000000,61500000000,61336568297,61336590484,22187
61200000000,61500000000,61336590484,61349320370,12729886
61200000000,61500000000,61349320370,61354604097,5283727
61200000000,61500000000,61354604097,61355419615,815518
61200000000,61500000000,61355419615,61360627375,5207760
61200000000,61500000000,61360627375,61364504562,3877187
61200000000,61500000000,61364504562,61367081500,2576938
61200000000,61500000000,61367081500,61369545348,2463848
61200000000,61500000000,61369545348,61372042498,2497150
61200000000,61500000000,61372042498,61373948458,1905960
61200000000,61500000000,61373948458,61373948459,1
61200000000,61500000000,61373948459,61390009660,16061201
61200000000,61500000000,61390009660,61391564284,1554624
61200000000,61500000000,61391564284,61393159265,1594981
61200000000,61500000000,61393159265,61396636059,3476794
61200000000,61500000000,61396636059,61408941171,12305112
61200000000,61500000000,61408941171,61414466442,5525271
61200000000,61500000000,61414466442,61430253123,15786681
61200000000,61500000000,61430253123,61432553373,2300250
61200000000,61500000000,61432553373,61434340896,1787523
61200000000,61500000000,61434340896,61435088990,748094
61200000000,61500000000,61435088990,61435869736,780746
61200000000,61500000000,61435869736,61436674099,804363
61200000000,61500000000,61436674099,61442574354,5900255
61200000000,61500000000,61442574354,61446708435,4134081
61200000000,61500000000,61446708435,61451746146,5037711
61200000000,61500000000,61451746146,61453913215,2167069
61200000000,61500000000,61453913215,61453913216,1
61200000000,61500000000,61453913216,61458831873,4918657
61200000000,61500000000,61458831873,61460961777,2129904
61200000000,61500000000,61460961777,61471166176,10204399
61200000000,61500000000,61471166176,61471184039,17863
61200000000,61500000000,61471184039,61474266041,3082002
61200000000,61500000000,61474266041,61474266042,1
61200000000,61500000000,61474266042,61474266126,84
61200000000,61500000000,61474266126,61474266127,1
61200000000,61500000000,61474266127,61474299811,33684
61200000000,61500000000,61474299811,61482187720,7887909
61200000000,61500000000,61482187720,61489804288,7616568
61200000000,61500000000,61489804288,61489809506,5218
61200000000,61500000000,61489809506,61489813362,3856
61200000000,61500000000,61489813362,61489815497,2135
61200000000,61500000000,61489815497,61492478090,2662593
61200000000,61500000000,61492478090,61492478091,1
61200000000,61500000000,61492478091,61492478149,58
61200000000,61500000000,61492478149,61492478150,1
61200000000,61500000000,61492478150,61492478190,40
61200000000,61500000000,61492478190,61492478226,36
61500000000,61800000000,61505728339,61508284176,2555837
61500000000,61800000000,61508284176,61508318295,34119
61500000000,61800000000,61508318295,61508322711,4416
61500000000,61800000000,61508322711,61508325822,3111
61500000000,61800000000,61508325822,61510708234,2382412
61500000000,61800000000,61510708234,61510708235,1
61500000000,61800000000,61510708235,61515905198,5196963
61500000000,61800000000,61515905198,61537663377,21758179
61500000000,61800000000,61537663377,61542596282,4932905
61500000000,61800000000,61542596282,61545445212,2848930
61500000000,61800000000,61545445212,61545473121,27909
61500000000,61800000000,61545473121,61548524933,3051812
61500000000,61800000000,61548524933,61548530766,5833
61500000000,61800000000,61548530766,61550978314,2447548
61500000000,61800000000,61550978314,61568755189,17776875
61500000000,61800000000,61568755189,61574148263,5393074
61500000000,61800000000,61574148263,61602659288,28511025
61500000000,61800000000,61602659288,61605365065,2705777
61500000000,61800000000,61605365065,61625370833,20005768
61500000000,61800000000,61625370833,61629206619,3835786
61500000000,61800000000,61629206619,61638104256,8897637
61500000000,61800000000,61638104256,61654855533,16751277
61500000000,61800000000,61654855533,61657841113,2985580
61500000000,61800000000,61657841113,61657853363,12250
61500000000,61800000000,61657853363,61657883901,30538
61500000000,61800000000,61657883901,61657915198,31297
61500000000,61800000000,61657915198,61657917425,2227
61500000000,61800000000,61657917425,61661098043,3180618
61500000000,61800000000,61661098043,61661098044,1
61500000000,61800000000,61661098044,61661098045,1
61500000000,61800000000,61661098045,61676836061,15738016
61500000000,61800000000,61676836061,61680377200,3541139
61500000000,61800000000,61680377200,61682564256,2187056
61500000000,61800000000,61682564256,61685226926,2662670
61500000000,61800000000,61685226926,61688491283,3264357
61500000000,61800000000,61688491283,61691345871,2854588
61500000000,61800000000,61691345871,61693279141,1933270
61500000000,61800000000,61693279141,61695982670,2703529
61500000000,61800000000,61695982670,61704921846,8939176
61500000000,61800000000,61704921846,61704926408,4562
61500000000,61800000000,61704926408,61707553077,2626669
61500000000,61800000000,61707553077,61710291719,2738642
61500000000,61800000000,61710291719,61712765319,2473600
61500000000,61800000000,61712765319,61734539382,21774063
61500000000,61800000000,61734539382,61748550121,14010739
61500000000,61800000000,61748550121,61749431214,881093
61500000000,61800000000,61749431214,61749451905,20691
61500000000,61800000000,61749451905,61750968121,1516216
61500000000,61800000000,61750968121,61750968122,1
61500000000,61800000000,61750968122,61762282556,11314434
61500000000,61800000000,61762282556,61778193338,15910782
61500000000,61800000000,61778193338,61796240389,18047051
61500000000,61800000000,61796240389,61799030090,2789701
61800000000,62100000000,61800806878,61802565315,1758437
61800000000,62100000000,61802565315,61802569616,4301
61800000000,62100000000,61802569616,61802596876,27260
61800000000,62100000000,61802596876,61802598773,1897
61800000000,62100000000,61802598773,61803470542,871769
61800000000,62100000000,61803470542,61803489688,19146
61800000000,62100000000,61803489688,61804397350,907662
61800000000,62100000000,61804397350,61811590987,7193637
61800000000,62100000000,61811590987,61814047866,2456879
61800000000,62100000000,61814047866,61815070451,1022585
61800000000,62100000000,61815070451,61820096026,5025575
61800000000,62100000000,61820096026,61822054266,1958240
61800000000,62100000000,61822054266,61822058842,4576
61800000000,62100000000,61822058842,61822061364,2522
61800000000,62100000000,61822061364,61822063488,2124
61800000000,62100000000,61822063488,61822066086,2598
61800000000,62100000000,61822066086,61822067873,1787
61800000000,62100000000,61822067873,61822069421,1548
61800000000,62100000000,61822069421,61826638353,4568932
61800000000,62100000000,61826638353,61830830053,4191700
61800000000,62100000000,61830830053,61830842163,12110
61800000000,62100000000,61830842163,61831738060,895897
61800000000,62100000000,61831738060,61832571664,833604
61800000000,62100000000,61832571664,61834293011,1721347
61800000000,62100000000,61834293011,61835205764,912753
61800000000,62100000000,61835205764,61837918440,2712676
61800000000,62100000000,61837918440,61840832506,2914066
61800000000,62100000000,61840832506,61850278103,9445597
61800000000,62100000000,61850278103,61852413752,2135649
61800000000,62100000000,61852413752,61853143886,730134
61800000000,62100000000,61853143886,61853149670,5784
61800000000,62100000000,61853149670,61854037232,887562
61800000000,62100000000,61854037232,61855729706,1692474
61800000000,62100000000,61855729706,61855729707,1
61800000000,62100000000,61855729707,61863220389,7490682
61800000000,62100000000,61863220389,61865011948,1791559
61800000000,62100000000,61865011948,61865858080,846132
61800000000,62100000000,61865858080,61870934153,5076073
61800000000,62100000000,61870934153,61871800864,866711
61800000000,62100000000,61871800864,61873803480,2002616
61800000000,62100000000,61873803480,61873803481,1
61800000000,62100000000,61873803481,61885056204,11252723
61800000000,62100000000,61885056204,61890505972,5449768
61800000000,62100000000,61890505972,61890510464,4492
61800000000,62100000000,61890510464,61892086612,1576148
61800000000,62100000000,61892086612,61892086613,1
61800000000,62100000000,61892086613,61912488415,20401802
61800000000,62100000000,61912488415,61912495556,7141
61800000000,62100000000,61912495556,61914879093,2383537
61800000000,62100000000,61914879093,61917711566,2832473
61800000000,62100000000,61917711566,61920262039,2550473
61800000000,62100000000,61920262039,61923811602,3549563
61800000000,62100000000,61923811602,61925188355,1376753
61800000000,62100000000,61925188355,61925191017,2662
61800000000,62100000000,61925191017,61937619110,12428093
61800000000,62100000000,61937619110,61946154868,8535758
61800000000,62100000000,61946154868,61948077485,1922617
61800000000,62100000000,61948077485,61955032988,6955503
61800000000,62100000000,61955032988,61977586994,22554006
61800000000,62100000000,61977586994,61980371159,2784165
61800000000,62100000000,61980371159,61984633307,4262148
61800000000,62100000000,61984633307,61989545677,4912370
61800000000,62100000000,61989545677,61990650130,1104453
61800000000,62100000000,61990650130,61992299590,1649460
61800000000,62100000000,61992299590,61992302117,2527
61800000000,62100000000,61992302117,61993953971,1651854
61800000000,62100000000,61993953971,62004924243,10970272
61800000000,62100000000,62004924243,62006623965,1699722
61800000000,62100000000,62006623965,62009232599,2608634
61800000000,62100000000,62009232599,62012076849,2844250
61800000000,62100000000,62012076849,62012104495,27646
61800000000,62100000000,62012104495,62012116562,12067
61800000000,62100000000,62012116562,62012125438,8876
61800000000,62100000000,62012125438,62018779324,6653886
61800000000,62100000000,62018779324,62043401505,24622181
61800000000,62100000000,62043401505,62044311843,910338
61800000000,62100000000,62044311843,62044329670,17827
61800000000,62100000000,62044329670,62045290325,960655
61800000000,62100000000,62045290325,62056047788,10757463
61800000000,62100000000,62056047788,62056402123,354335
61800000000,62100000000,62056402123,62058072300,1670177
61800000000,62100000000,62058072300,62058074766,2466
61800000000,62100000000,62058074766,62058919754,844988
61800000000,62100000000,62058919754,62065713047,6793293
61800000000,62100000000,62065713047,62075227695,9514648
61800000000,62100000000,62075227695,62075231063,3368
61800000000,62100000000,62075231063,62075239946,8883
61800000000,62100000000,62075239946,62075242322,2376
61800000000,62100000000,62075242322,62076857351,1615029
61800000000,62100000000,62076857351,62079700046,2842695
61800000000,62100000000,62079700046,62082018787,2318741
61800000000,62100000000,62082018787,62093022193,11003406
61800000000,62100000000,62093022193,62098616304,5594111
61800000000,62100000000,62098616304,62098656310,40006
62100000000,62400000000,62101476427,62105951888,4475461
62100000000,62400000000,62105951888,62111537361,5585473
62100000000,62400000000,62111537361,62116079391,4542030
62100000000,62400000000,62116079391,62123378902,7299511
62100000000,62400000000,62123378902,62123399189,20287
62100000000,62400000000,62123399189,62123402355,3166
62100000000,62400000000,62123402355,62125757766,2355411
62100000000,62400000000,62125757766,62127661222,1903456
62100000000,62400000000,62127661222,62131091705,3430483
62100000000,62400000000,62131091705,62140878425,9786720
62100000000,62400000000,62140878425,62171696427,30818002
62100000000,62400000000,62171696427,62173368065,1671638
62100000000,62400000000,62173368065,62173368066,1
62100000000,62400000000,62173368066,62174866542,1498476
62100000000,62400000000,62174866542,62176790003,1923461
62100000000,62400000000,62176790003,62177520550,730547
62100000000,62400000000,62177520550,62180434527,2913977
62100000000,62400000000,62180434527,62183532757,3098230
62100000000,62400000000,62183532757,62187635363,4102606
62100000000,62400000000,62187635363,62189190632,1555269
62100000000,62400000000,62189190632,62215595275,26404643
62100000000,62400000000,62215595275,62235794546,20199271
62100000000,62400000000,62235794546,62246143928,10349382
62100000000,62400000000,62246143928,62247740936,1597008
62100000000,62400000000,62247740936,62248682391,941455
62100000000,62400000000,62248682391,62260357772,11675381
62100000000,62400000000,62260357772,62263924011,3566239
62100000000,62400000000,62263924011,62263928272,4261
62100000000,62400000000,62263928272,62263931926,3654
62100000000,62400000000,62263931926,62263936612,4686
62100000000,62400000000,62263936612,62263942723,6111
62100000000,62400000000,62263942723,62263948273,5550
62100000000,62400000000,62263948273,62266178002,2229729
62100000000,62400000000,62266178002,62267783386,1605384
62100000000,62400000000,62267783386,62267783387,1
62100000000,62400000000,62267783387,62267783446,59
62100000000,62400000000,62267783446,62267783447,1
62100000000,62400000000,62267783447,62267783585,138
62100000000,62400000000,62267783585,62267783586,1
62100000000,62400000000,62267783586,62267783643,57
62100000000,62400000000,62267783643,62268539199,755556
62100000000,62400000000,62268539199,62271709300,3170101
62100000000,62400000000,62271709300,62274369254,2659954
62100000000,62400000000,62274369254,62282142390,7773136
62100000000,62400000000,62282142390,62282155255,12865
62100000000,62400000000,62282155255,62282161824,6569
62100000000,62400000000,62282161824,62282166448,4624
62100000000,62400000000,62282166448,62282168722,2274
62100000000,62400000000,62282168722,62286171928,4003206
62100000000,62400000000,62286171928,62286171929,1
62100000000,62400000000,62286171929,62286171986,57
62100000000,62400000000,62286171986,62286171987,1
62100000000,62400000000,62286171987,62289163078,2991091
62100000000,62400000000,62289163078,62295027193,5864115
62100000000,62400000000,62295027193,62295030620,3427
62100000000,62400000000,62295030620,62313756332,18725712
62100000000,62400000000,62313756332,62336614739,22858407
62100000000,62400000000,62336614739,62343770376,7155637
62100000000,62400000000,62343770376,62354143166,10372790
62100000000,62400000000,62354143166,62354172476,29310
62100000000,62400000000,62354172476,62358112718,3940242
62100000000,62400000000,62358112718,62371910241,13797523
62100000000,62400000000,62371910241,62373704602,1794361
62100000000,62400000000,62373704602,62373704603,1
62100000000,62400000000,62373704603,62385485511,11780908
62100000000,62400000000,62385485511,62394360983,8875472
62400000000,62700000000,62403048347,62404722631,1674284
62400000000,62700000000,62404722631,62404722632,1
62400000000,62700000000,62404722632,62404722633,1
62400000000,62700000000,62404722633,62406598914,1876281
62400000000,62700000000,62406598914,62406601687,2773
62400000000,62700000000,62406601687,62407338667,736980
62400000000,62700000000,62407338667,62407361550,22883
62400000000,62700000000,62407361550,62416799007,9437457
62400000000,62700000000,62416799007,62419972819,3173812
62400000000,62700000000,62419972819,62421526325,1553506
62400000000,62700000000,62421526325,62421534231,7906
62400000000,62700000000,62421534231,62421536215,1984
62400000000,62700000000,62421536215,62423010347,1474132
62400000000,62700000000,62423010347,62423761118,750771
62400000000,62700000000,62423761118,62432032748,8271630
62400000000,62700000000,62432032748,62436060397,4027649
62400000000,62700000000,62436060397,62438174292,2113895
62400000000,62700000000,62438174292,62439785671,1611379
62400000000,62700000000,62439785671,62443612483,3826812
62400000000,62700000000,62443612483,62445956317,2343834
62400000000,62700000000,62445956317,62451006043,5049726
62400000000,62700000000,62451006043,62463335983,12329940
62400000000,62700000000,62463335983,62467264724,3928741
62400000000,62700000000,62467264724,62475626343,8361619
62400000000,62700000000,62475626343,62483280628,7654285
62400000000,62700000000,62483280628,62489659938,6379310
62400000000,62700000000,62489659938,62492304967,2645029
62400000000,62700000000,62492304967,62494671607,2366640
62400000000,62700000000,62494671607,62510434307,15762700
62400000000,62700000000,62510434307,62513624818,3190511
62400000000,62700000000,62513624818,62514429987,805169
62400000000,62700000000,62514429987,62521415880,6985893
62400000000,62700000000,62521415880,62521420679,4799
62400000000,62700000000,62521420679,62528305451,6884772
62400000000,62700000000,62528305451,62530187150,1881699
62400000000,62700000000,62530187150,62531001640,814490
62400000000,62700000000,62531001640,62531015252,13612
62400000000,62700000000,62531015252,62531740424,725172
62400000000,62700000000,62531740424,62540392244,8651820
62400000000,62700000000,62540392244,62541160185,767941
62400000000,62700000000,62541160185,62558143950,16983765
62400000000,62700000000,62558143950,62558147386,3436
62400000000,62700000000,62558147386,62558149497,2111
62400000000,62700000000,62558149497,62558152181,2684
62400000000,62700000000,62558152181,62559784247,1632066
62400000000,62700000000,62559784247,62560663307,879060
62400000000,62700000000,62560663307,62560672772,9465
62400000000,62700000000,62560672772,62563619000,2946228
62400000000,62700000000,62563619000,62575354305,11735305
62400000000,62700000000,62575354305,62594331429,18977124
62400000000,62700000000,62594331429,62595159122,827693
62400000000,62700000000,62595159122,62595975152,816030
62400000000,62700000000,62595975152,62609310148,13334996
62400000000,62700000000,62609310148,62609315408,5260
62400000000,62700000000,62609315408,62609318090,2682
62400000000,62700000000,62609318090,62648743248,39425158
62400000000,62700000000,62648743248,62668019079,19275831
62400000000,62700000000,62668019079,62668021425,2346
62400000000,62700000000,62668021425,62668027356,5931
62400000000,62700000000,62668027356,62668031169,3813
62400000000,62700000000,62668031169,62668755214,724045
62400000000,62700000000,62668755214,62671367821,2612607
62400000000,62700000000,62671367821,62671367822,1
62400000000,62700000000,62671367822,62671367964,142
62400000000,62700000000,62671367964,62671367965,1
62400000000,62700000000,62671367965,62671367966,1
62400000000,62700000000,62671367966,62672420932,1052966
62400000000,62700000000,62672420932,62675196403,2775471
62400000000,62700000000,62675196403,62686247951,11051548
62400000000,62700000000,62686247951,62691529746,5281795
62400000000,62700000000,62691529746,62694310096,2780350
62400000000,62700000000,62694310096,62696707247,2397151
62700000000,63000000000,62713039829,62715417951,2378122
62700000000,63000000000,62715417951,62716178213,760262
62700000000,63000000000,62716178213,62724847031,8668818
62700000000,63000000000,62724847031,62724860437,13406
62700000000,63000000000,62724860437,62724862629,2192
62700000000,63000000000,62724862629,62726679331,1816702
62700000000,63000000000,62726679331,62726679332,1
62700000000,63000000000,62726679332,62726679333,1
62700000000,63000000000,62726679333,62726726300,46967
62700000000,63000000000,62726726300,62729460826,2734526
62700000000,63000000000,62729460826,62738482735,9021909
62700000000,63000000000,62738482735,62741064364,2581629
62700000000,63000000000,62741064364,62742553922,1489558
62700000000,63000000000,62742553922,62742557965,4043
62700000000,63000000000,62742557965,62742560472,2507
62700000000,63000000000,62742560472,62747949340,5388868
62700000000,63000000000,62747949340,62760290349,12341009
62700000000,63000000000,62760290349,62760293909,3560
62700000000,63000000000,62760293909,62763441211,3147302
62700000000,63000000000,62763441211,62774994559,11553348
62700000000,63000000000,62774994559,62787012446,12017887
62700000000,63000000000,62787012446,62793417307,6404861
62700000000,63000000000,62793417307,62793455242,37935
62700000000,63000000000,62793455242,62794947961,1492719
62700000000,63000000000,62794947961,62794947962,1
62700000000,63000000000,62794947962,62802117436,7169474
62700000000,63000000000,62802117436,62804461396,2343960
62700000000,63000000000,62804461396,62806735169,2273773
62700000000,63000000000,62806735169,62807572290,837121
62700000000,63000000000,62807572290,62807572291,1
62700000000,63000000000,62807572291,62809422198,1849907
62700000000,63000000000,62809422198,62822192116,12769918
62700000000,63000000000,62822192116,62822919109,726993
62700000000,63000000000,62822919109,62823662734,743625
62700000000,63000000000,62823662734,62836065975,12403241
62700000000,63000000000,62836065975,62837751606,1685631
62700000000,63000000000,62837751606,62837751607,1
62700000000,63000000000,62837751607,62842663320,4911713
62700000000,63000000000,62842663320,62867935898,25272578
62700000000,63000000000,62867935898,62867940863,4965
62700000000,63000000000,62867940863,62867943456,2593
62700000000,63000000000,62867943456,62867946288,2832
62700000000,63000000000,62867946288,62869590170,1643882
62700000000,63000000000,62869590170,62869592716,2546
62700000000,63000000000,62869592716,62869596862,4146
62700000000,63000000000,62869596862,62870349699,752837
62700000000,63000000000,62870349699,62871159347,809648
62700000000,63000000000,62871159347,62871163547,4200
62700000000,63000000000,62871163547,62871167958,4411
62700000000,63000000000,62871167958,62876127947,4959989
62700000000,63000000000,62876127947,62879298092,3170145
62700000000,63000000000,62879298092,62880787222,1489130
62700000000,63000000000,62880787222,62881544810,757588
62700000000,63000000000,62881544810,62885175919,3631109
62700000000,63000000000,62885175919,62886202152,1026233
62700000000,63000000000,62886202152,62887620535,1418383
62700000000,63000000000,62887620535,62887631812,11277
62700000000,63000000000,62887631812,62887634683,2871
62700000000,63000000000,62887634683,62888505175,870492
62700000000,63000000000,62888505175,62893842836,5337661
62700000000,63000000000,62893842836,62894776240,933404
62700000000,63000000000,62894776240,62895792086,1015846
62700000000,63000000000,62895792086,62895799806,7720
62700000000,63000000000,62895799806,62898934176,3134370
62700000000,63000000000,62898934176,62900624612,1690436
62700000000,63000000000,62900624612,62907219111,6594499
62700000000,63000000000,62907219111,62907321309,102198
62700000000,63000000000,62907321309,62922548412,15227103
62700000000,63000000000,62922548412,62923977244,1428832
62700000000,63000000000,62923977244,62925207462,1230218
62700000000,63000000000,62925207462,62926195686,988224
62700000000,63000000000,62926195686,62927293718,1098032
62700000000,63000000000,62927293718,62927296646,2928
62700000000,63000000000,62927296646,62927304102,7456
62700000000,63000000000,62927304102,62928403385,1099283
62700000000,63000000000,62928403385,62929457929,1054544
62700000000,63000000000,62929457929,62930447385,989456
62700000000,63000000000,62930447385,62931411793,964408
62700000000,63000000000,62931411793,62931451301,39508
62700000000,63000000000,62931451301,62932397296,945995
62700000000,63000000000,62932397296,62933437901,1040605
62700000000,63000000000,62933437901,62933437902,1
62700000000,63000000000,62933437902,62936237038,2799136
62700000000,63000000000,62936237038,62936561294,324256
62700000000,63000000000,62936561294,62938105427,1544133
62700000000,63000000000,62938105427,62939071210,965783
62700000000,63000000000,62939071210,62939106508,35298
62700000000,63000000000,62939106508,62943132099,4025591
62700000000,63000000000,62943132099,62952886115,9754016
62700000000,63000000000,62952886115,62956276149,3390034
62700000000,63000000000,62956276149,62970082070,13805921
62700000000,63000000000,62970082070,62979725960,9643890
62700000000,63000000000,62979725960,62987500398,7774438
62700000000,63000000000,62987500398,62987500399,1
62700000000,63000000000,62987500399,62997698608,10198209
63000000000,63300000000,63013724102,63013765497,41395
63000000000,63300000000,63013765497,63015120344,1354847
63000000000,63300000000,63015120344,63016079269,958925
63000000000,63300000000,63016079269,63017157286,1078017
63000000000,63300000000,63017157286,63018268933,1111647
63000000000,63300000000,63018268933,63022364371,4095438
63000000000,63300000000,63022364371,63023635945,1271574
63000000000,63300000000,63023635945,63024881983,1246038
63000000000,63300000000,63024881983,63024892235,10252
63000000000,63300000000,63024892235,63024894300,2065
63000000000,63300000000,63024894300,63024898214,3914
63000000000,63300000000,63024898214,63025822601,924387
63000000000,63300000000,63025822601,63035036037,9213436
63000000000,63300000000,63035036037,63035202446,166409
63000000000,63300000000,63035202446,63044576267,9373821
63000000000,63300000000,63044576267,63052012870,7436603
63000000000,63300000000,63052012870,63052013200,330
63000000000,63300000000,63052013200,63057639758,5626558
63000000000,63300000000,63057639758,63057645830,6072
63000000000,63300000000,63057645830,63084915764,27269934
63000000000,63300000000,63084915764,63086548271,1632507
63000000000,63300000000,63086548271,63089037956,2489685
63000000000,63300000000,63089037956,63105663110,16625154
63000000000,63300000000,63105663110,63106599668,936558
63000000000,63300000000,63106599668,63106607425,7757
63000000000,63300000000,63106607425,63108414790,1807365
63000000000,63300000000,63108414790,63110303794,1889004
63000000000,63300000000,63110303794,63115816333,5512539
63000000000,63300000000,63115816333,63115837403,21070
63000000000,63300000000,63115837403,63119184212,3346809
63000000000,63300000000,63119184212,63119184256,44
63000000000,63300000000,63119184256,63120092628,908372
63000000000,63300000000,63120092628,63122573663,2481035
63000000000,63300000000,63122573663,63122581479,7816
63000000000,63300000000,63122581479,63125213296,2631817
63000000000,63300000000,63125213296,63126392806,1179510
63000000000,63300000000,63126392806,63127313574,920768
63000000000,63300000000,63127313574,63128316174,1002600
63000000000,63300000000,63128316174,63129222215,906041
63000000000,63300000000,63129222215,63132044416,2822201
63000000000,63300000000,63132044416,63133022999,978583
63000000000,63300000000,63133022999,63133025815,2816
63000000000,63300000000,63133025815,63136848263,3822448
63000000000,63300000000,63136848263,63138806841,1958578
63000000000,63300000000,63138806841,63138814393,7552
63000000000,63300000000,63138814393,63140626644,1812251
63000000000,63300000000,63140626644,63140631472,4828
63000000000,63300000000,63140631472,63140634417,2945
63000000000,63300000000,63140634417,63142414321,1779904
63000000000,63300000000,63142414321,63148055988,5641667
63000000000,63300000000,63148055988,63149015863,959875
63000000000,63300000000,63149015863,63149026988,11125
63000000000,63300000000,63149026988,63150878531,1851543
63000000000,63300000000,63150878531,63151825414,946883
63000000000,63300000000,63151825414,63155430034,3604620
63000000000,63300000000,63155430034,63157876519,2446485
63000000000,63300000000,63157876519,63157876520,1
63000000000,63300000000,63157876520,63157942480,65960
63000000000,63300000000,63157942480,63169728014,11785534
63000000000,63300000000,63169728014,63169731153,3139
63000000000,63300000000,63169731153,63169734574,3421
63000000000,63300000000,63169734574,63171350057,1615483
63000000000,63300000000,63171350057,63171350058,1
63000000000,63300000000,63171350058,63212468891,41118833
63000000000,63300000000,63212468891,63214146483,1677592
63000000000,63300000000,63214146483,63214146484,1
63000000000,63300000000,63214146484,63214174071,27587
63000000000,63300000000,63214174071,63242293817,28119746
63000000000,63300000000,63242293817,63244488862,2195045
63000000000,63300000000,63244488862,63244503381,14519
63000000000,63300000000,63244503381,63246147446,1644065
63000000000,63300000000,63246147446,63258659371,12511925
63000000000,63300000000,63258659371,63262425647,3766276
63000000000,63300000000,63262425647,63262433214,7567
63000000000,63300000000,63262433214,63262442513,9299
63000000000,63300000000,63262442513,63291020722,28578209
63300000000,63600000000,63302559413,63308436206,5876793
63300000000,63600000000,63308436206,63313461935,5025729
63300000000,63600000000,63313461935,63314621034,1159099
63300000000,63600000000,63314621034,63320646347,6025313
63300000000,63600000000,63320646347,63320654425,8078
63300000000,63600000000,63320654425,63326893832,6239407
63300000000,63600000000,63326893832,63330608010,3714178
63300000000,63600000000,63330608010,63332528914,1920904
63300000000,63600000000,63332528914,63336893942,4365028
63300000000,63600000000,63336893942,63340171595,3277653
63300000000,63600000000,63340171595,63340259153,87558
63300000000,63600000000,63340259153,63342050654,1791501
63300000000,63600000000,63342050654,63342050655,1
63300000000,63600000000,63342050655,63345352028,3301373
63300000000,63600000000,63345352028,63349301636,3949608
63300000000,63600000000,63349301636,63360290442,10988806
63300000000,63600000000,63360290442,63373008451,12718009
63300000000,63600000000,63373008451,63386999429,13990978
63300000000,63600000000,63386999429,63389998022,2998593
63300000000,63600000000,63389998022,63391927121,1929099
63300000000,63600000000,63391927121,63404473704,12546583
63300000000,63600000000,63404473704,63407710599,3236895
63300000000,63600000000,63407710599,63415651161,7940562
63300000000,63600000000,63415651161,63424262042,8610881
63300000000,63600000000,63424262042,63425909056,1647014
63300000000,63600000000,63425909056,63425909057,1
63300000000,63600000000,63425909057,63427548741,1639684
63300000000,63600000000,63427548741,63442230159,14681418
63300000000,63600000000,63442230159,63443019372,789213
63300000000,63600000000,63443019372,63443023906,4534
63300000000,63600000000,63443023906,63444764989,1741083
63300000000,63600000000,63444764989,63444764990,1
63300000000,63600000000,63444764990,63444914056,149066
63300000000,63600000000,63444914056,63444920094,6038
63300000000,63600000000,63444920094,63445817408,897314
63300000000,63600000000,63445817408,63445843624,26216
63300000000,63600000000,63445843624,63447587985,1744361
63300000000,63600000000,63447587985,63447598859,10874
63300000000,63600000000,63447598859,63448414131,815272
63300000000,63600000000,63448414131,63449347239,933108
63300000000,63600000000,63449347239,63450248687,901448
63300000000,63600000000,63450248687,63452183309,1934622
63300000000,63600000000,63452183309,63456197978,4014669
63300000000,63600000000,63456197978,63457095486,897508
63300000000,63600000000,63457095486,63458814434,1718948
63300000000,63600000000,63458814434,63458826364,11930
63300000000,63600000000,63458826364,63459677267,850903
63300000000,63600000000,63459677267,63460596675,919408
63300000000,63600000000,63460596675,63463847424,3250749
63300000000,63600000000,63463847424,63467680176,3832752
63300000000,63600000000,63467680176,63468552831,872655
63300000000,63600000000,63468552831,63474324093,5771262
63300000000,63600000000,63474324093,63487592518,13268425
63300000000,63600000000,63487592518,63487598090,5572
63300000000,63600000000,63487598090,63493017795,5419705
63300000000,63600000000,63493017795,63493046898,29103
63300000000,63600000000,63493046898,63493057135,10237
63300000000,63600000000,63493057135,63493998347,941212
63300000000,63600000000,63493998347,63494007009,8662
63300000000,63600000000,63494007009,63499434419,5427410
63300000000,63600000000,63499434419,63501068755,1634336
63300000000,63600000000,63501068755,63504961320,3892565
63300000000,63600000000,63504961320,63506693286,1731966
63300000000,63600000000,63506693286,63518189352,11496066
63300000000,63600000000,63518189352,63526150948,7961596
63300000000,63600000000,63526150948,63527957935,1806987
63300000000,63600000000,63527957935,63535165673,7207738
63300000000,63600000000,63535165673,63541214749,6049076
63300000000,63600000000,63541214749,63546986326,5771577
63300000000,63600000000,63546986326,63559668956,12682630
63300000000,63600000000,63559668956,63559684812,15856
63300000000,63600000000,63559684812,63571799877,12115065
63300000000,63600000000,63571799877,63584494230,12694353
63600000000,63900000000,63607243072,63620009013,12765941
63600000000,63900000000,63620009013,63631116612,11107599
63600000000,63900000000,63631116612,63632630079,1513467
63600000000,63900000000,63632630079,63637673876,5043797
63600000000,63900000000,63637673876,63638994165,1320289
63600000000,63900000000,63638994165,63639000729,6564
63600000000,63900000000,63639000729,63645197599,6196870
63600000000,63900000000,63645197599,63657301251,12103652
63600000000,63900000000,63657301251,63657309443,8192
63600000000,63900000000,63657309443,63659838784,2529341
63600000000,63900000000,63659838784,63659838785,1
63600000000,63900000000,63659838785,63659839686,901
63600000000,63900000000,63659839686,63659839687,1
63600000000,63900000000,63659839687,63666455219,6615532
63600000000,63900000000,63666455219,63674034110,7578891
63600000000,63900000000,63674034110,63677045883,3011773
63600000000,63900000000,63677045883,63677054317,8434
63600000000,63900000000,63677054317,63677057042,2725
63600000000,63900000000,63677057042,63677059374,2332
63600000000,63900000000,63677059374,63677061630,2256
63600000000,63900000000,63677061630,63679115564,2053934
63600000000,63900000000,63679115564,63681045302,1929738
63600000000,63900000000,63681045302,63690599871,9554569
63600000000,63900000000,63690599871,63690605312,5441
63600000000,63900000000,63690605312,63690607987,2675
63600000000,63900000000,63690607987,63690610158,2171
63600000000,63900000000,63690610158,63695647034,5036876
63600000000,63900000000,63695647034,63704697979,9050945
63600000000,63900000000,63704697979,63704706282,8303
63600000000,63900000000,63704706282,63704708949,2667
63600000000,63900000000,63704708949,63749624879,44915930
63600000000,63900000000,63749624879,63751354473,1729594
63600000000,63900000000,63751354473,63751354474,1
63600000000,63900000000,63751354474,63752331708,977234
63600000000,63900000000,63752331708,63755244020,2912312
63600000000,63900000000,63755244020,63758319080,3075060
63600000000,63900000000,63758319080,63758516332,197252
63600000000,63900000000,63758516332,63767989264,9472932
63600000000,63900000000,63767989264,63774406912,6417648
63600000000,63900000000,63774406912,63786255145,11848233
63600000000,63900000000,63786255145,63787894964,1639819
63600000000,63900000000,63787894964,63787894965,1
63600000000,63900000000,63787894965,63793041434,5146469
63600000000,63900000000,63793041434,63798795343,5753909
63600000000,63900000000,63798795343,63800564805,1769462
63600000000,63900000000,63800564805,63800568296,3491
63600000000,63900000000,63800568296,63810514812,9946516
63600000000,63900000000,63810514812,63830370233,19855421
63600000000,63900000000,63830370233,63831998632,1628399
63600000000,63900000000,63831998632,63832009682,11050
63600000000,63900000000,63832009682,63833676317,1666635
63600000000,63900000000,63833676317,63833676318,1
63600000000,63900000000,63833676318,63833676549,231
63600000000,63900000000,63833676549,63841177517,7500968
63600000000,63900000000,63841177517,63847577024,6399507
63600000000,63900000000,63847577024,63848515852,938828
63600000000,63900000000,63848515852,63849334955,819103
63600000000,63900000000,63849334955,63851851370,2516415
63600000000,63900000000,63851851370,63854792374,2941004
63600000000,63900000000,63854792374,63860046383,5254009
63600000000,63900000000,63860046383,63862664480,2618097
63600000000,63900000000,63862664480,63873579014,10914534
63600000000,63900000000,63873579014,63873588237,9223
63600000000,63900000000,63873588237,63874662952,1074715
63600000000,63900000000,63874662952,63875663039,1000087
63600000000,63900000000,63875663039,63875663040,1
63600000000,63900000000,63875663040,63875663041,1
63600000000,63900000000,63875663041,63875663311,270
63600000000,63900000000,63875663311,63875663312,1
63600000000,63900000000,63875663312,63875711673,48361
63600000000,63900000000,63875711673,63875899480,187807
63600000000,63900000000,63875899480,63875903419,3939
63600000000,63900000000,63875903419,63892553730,16650311
63600000000,63900000000,63892553730,63892558580,4850
63600000000,63900000000,63892558580,63892568635,10055
63600000000,63900000000,63892568635,63895291928,2723293
63600000000,63900000000,63895291928,63895291929,1
63600000000,63900000000,63895291929,63895292154,225
63600000000,63900000000,63895292154,63896507272,1215118
63600000000,63900000000,63896507272,63899528940,3021668
63900000000,64200000000,63900496765,63907804887,7308122
63900000000,64200000000,63907804887,63908970446,1165559
63900000000,64200000000,63908970446,63920087377,11116931
63900000000,64200000000,63920087377,63922719522,2632145
63900000000,64200000000,63922719522,63922744806,25284
63900000000,64200000000,63922744806,63935692742,12947936
63900000000,64200000000,63935692742,63937657703,1964961
63900000000,64200000000,63937657703,63940501737,2844034
63900000000,64200000000,63940501737,63957288181,16786444
63900000000,64200000000,63957288181,63957296343,8162
63900000000,64200000000,63957296343,63957299085,2742
63900000000,64200000000,63957299085,63963498616,6199531
63900000000,64200000000,63963498616,63967401381,3902765
63900000000,64200000000,63967401381,63973069810,5668429
63900000000,64200000000,63973069810,63973963074,893264
63900000000,64200000000,63973963074,63973973572,10498
63900000000,64200000000,63973973572,63974829094,855522
63900000000,64200000000,63974829094,63977343257,2514163
63900000000,64200000000,63977343257,63981489086,4145829
63900000000,64200000000,63981489086,63981489087,1
63900000000,64200000000,63981489087,63981489088,1
63900000000,64200000000,63981489088,63995048610,13559522
63900000000,64200000000,63995048610,63996086043,1037433
63900000000,64200000000,63996086043,63997975906,1889863
63900000000,64200000000,63997975906,64001032154,3056248
63900000000,64200000000,64001032154,64009198392,8166238
63900000000,64200000000,64009198392,64014569524,5371132
63900000000,64200000000,64014569524,64019001809,4432285
63900000000,64200000000,64019001809,64020723777,1721968
63900000000,64200000000,64020723777,64022788800,2065023
63900000000,64200000000,64022788800,64023656739,867939
63900000000,64200000000,64023656739,64025562859,1906120
63900000000,64200000000,64025562859,64026562417,999558
63900000000,64200000000,64026562417,64029320407,2757990
63900000000,64200000000,64029320407,64030955520,1635113
63900000000,64200000000,64030955520,64032974429,2018909
63900000000,64200000000,64032974429,64039495586,6521157
63900000000,64200000000,64039495586,64040336890,841304
63900000000,64200000000,64040336890,64040344342,7452
63900000000,64200000000,64040344342,64044198126,3853784
63900000000,64200000000,64044198126,64046045287,1847161
63900000000,64200000000,64046045287,64048884332,2839045
63900000000,64200000000,64048884332,64050564776,1680444
63900000000,64200000000,64050564776,64059826941,9262165
63900000000,64200000000,64059826941,64061777512,1950571
63900000000,64200000000,64061777512,64064516641,2739129
63900000000,64200000000,64064516641,64066538368,2021727
63900000000,64200000000,64066538368,64071772518,5234150
63900000000,64200000000,64071772518,64073712669,1940151
63900000000,64200000000,64073712669,64079650177,5937508
63900000000,64200000000,64079650177,64081954352,2304175
63900000000,64200000000,64081954352,64084818162,2863810
63900000000,64200000000,64084818162,64086593729,1775567
63900000000,64200000000,64086593729,64088373761,1780032
63900000000,64200000000,64088373761,64093313254,4939493
63900000000,64200000000,64093313254,64093325355,12101
63900000000,64200000000,64093325355,64104887231,11561876
63900000000,64200000000,64104887231,64104913978,26747
63900000000,64200000000,64104913978,64104917150,3172
63900000000,64200000000,64104917150,64104922794,5644
63900000000,64200000000,64104922794,64108136104,3213310
63900000000,64200000000,64108136104,64122133868,13997764
63900000000,64200000000,64122133868,64123593151,1459283
63900000000,64200000000,64123593151,64143249909,19656758
63900000000,64200000000,64143249909,64143255900,5991
63900000000,64200000000,64143255900,64143259605,3705
63900000000,64200000000,64143259605,64153882910,10623305
63900000000,64200000000,64153882910,64164939850,11056940
63900000000,64200000000,64164939850,64166801054,1861204
63900000000,64200000000,64166801054,64175408944,8607890
63900000000,64200000000,64175408944,64178304881,2895937
63900000000,64200000000,64178304881,64183593556,5288675
63900000000,64200000000,64183593556,64183600338,6782
63900000000,64200000000,64183600338,64183602695,2357
63900000000,64200000000,64183602695,64198761827,15159132
64200000000,64500000000,64208098366,64212181432,4083066
64200000000,64500000000,64212181432,64214169572,1988140
64200000000,64500000000,64214169572,64215187678,1018106
64200000000,64500000000,64215187678,64222624905,7437227
64200000000,64500000000,64222624905,64225084389,2459484
64200000000,64500000000,64225084389,64234292219,9207830
64200000000,64500000000,64234292219,64234295548,3329
64200000000,64500000000,64234295548,64234297837,2289
64200000000,64500000000,64234297837,64236346388,2048551
64200000000,64500000000,64236346388,64236360278,13890
64200000000,64500000000,64236360278,64249083612,12723334
64200000000,64500000000,64249083612,64249086925,3313
64200000000,64500000000,64249086925,64254323061,5236136
64200000000,64500000000,64254323061,64254333100,10039
64200000000,64500000000,64254333100,64254338265,5165
64200000000,64500000000,64254338265,64254350269,12004
64200000000,64500000000,64254350269,64270777501,16427232
64200000000,64500000000,64270777501,64276281663,5504162
64200000000,64500000000,64276281663,64276285417,3754
64200000000,64500000000,64276285417,64278108434,1823017
64200000000,64500000000,64278108434,64283207856,5099422
64200000000,64500000000,64283207856,64302167416,18959560
64200000000,64500000000,64302167416,64322105633,19938217
64200000000,64500000000,64322105633,64325830692,3725059
64200000000,64500000000,64325830692,64337855879,12025187
64200000000,64500000000,64337855879,64337858791,2912
64200000000,64500000000,64337858791,64352326167,14467376
64200000000,64500000000,64352326167,64359342588,7016421
64200000000,64500000000,64359342588,64359349951,7363
64200000000,64500000000,64359349951,64361264463,1914512
64200000000,64500000000,64361264463,64361264464,1
64200000000,64500000000,64361264464,64361264465,1
64200000000,64500000000,64361264465,64361264520,55
64200000000,64500000000,64361264520,64361264521,1
64200000000,64500000000,64361264521,64380375485,19110964
64200000000,64500000000,64380375485,64381553007,1177522
64200000000,64500000000,64381553007,64381559271,6264
64200000000,64500000000,64381559271,64381561897,2626
64200000000,64500000000,64381561897,64381564204,2307
64200000000,64500000000,64381564204,64381570535,6331
64200000000,64500000000,64381570535,64383454004,1883469
64200000000,64500000000,64383454004,64383454005,1
64200000000,64500000000,64383454005,64383454131,126
64200000000,64500000000,64383454131,64383454132,1
64200000000,64500000000,64383454132,64384806928,1352796
64200000000,64500000000,64384806928,64399018104,14211176
64200000000,64500000000,64399018104,64402015193,2997089
64200000000,64500000000,64402015193,64402017355,2162
64200000000,64500000000,64402017355,64404085393,2068038
64200000000,64500000000,64404085393,64407244172,3158779
64200000000,64500000000,64407244172,64410227598,2983426
64200000000,64500000000,64410227598,64413247310,3019712
64200000000,64500000000,64413247310,64415201067,1953757
64200000000,64500000000,64415201067,64415212295,11228
64200000000,64500000000,64415212295,64418685944,3473649
64200000000,64500000000,64418685944,64425630723,6944779
64200000000,64500000000,64425630723,64432537110,6906387
64200000000,64500000000,64432537110,64434347741,1810631
64200000000,64500000000,64434347741,64435257740,909999
64200000000,64500000000,64435257740,64442238139,6980399
64200000000,64500000000,64442238139,64446878760,4640621
64200000000,64500000000,64446878760,64447788242,909482
64200000000,64500000000,64447788242,64447814705,26463
64200000000,64500000000,64447814705,64448722447,907742
64200000000,64500000000,64448722447,64474821755,26099308
64200000000,64500000000,64474821755,64476599197,1777442
64200000000,64500000000,64476599197,64489281413,12682216
64200000000,64500000000,64489281413,64495379155,6097742
64500000000,64800000000,64501218775,64504200496,2981721
64500000000,64800000000,64504200496,64504206791,6295
64500000000,64800000000,64504206791,64511489475,7282684
64500000000,64800000000,64511489475,64513340077,1850602
64500000000,64800000000,64513340077,64513365741,25664
64500000000,64800000000,64513365741,64513389371,23630
64500000000,64800000000,64513389371,64515642809,2253438
64500000000,64800000000,64515642809,64515644927,2118
64500000000,64800000000,64515644927,64518540914,2895987
64500000000,64800000000,64518540914,64520351299,1810385
64500000000,64800000000,64520351299,64521214960,863661
64500000000,64800000000,64521214960,64522143378,928418
64500000000,64800000000,64522143378,64531371989,9228611
64500000000,64800000000,64531371989,64534706193,3334204
64500000000,64800000000,64534706193,64534714417,8224
64500000000,64800000000,64534714417,64534716947,2530
64500000000,64800000000,64534716947,64534719450,2503
64500000000,64800000000,64534719450,64534727602,8152
64500000000,64800000000,64534727602,64534737575,9973
64500000000,64800000000,64534737575,64534740310,2735
64500000000,64800000000,64534740310,64536594089,1853779
64500000000,64800000000,64536594089,64536594090,1
64500000000,64800000000,64536594090,64536594091,1
64500000000,64800000000,64536594091,64551527889,14933798
64500000000,64800000000,64551527889,64572275254,20747365
64500000000,64800000000,64572275254,64580329409,8054155
64500000000,64800000000,64580329409,64593123201,12793792
64500000000,64800000000,64593123201,64596912637,3789436
64500000000,64800000000,64596912637,64602127554,5214917
64500000000,64800000000,64602127554,64604801081,2673527
64500000000,64800000000,64604801081,64604801082,1
64500000000,64800000000,64604801082,64607604889,2803807
64500000000,64800000000,64607604889,64621361796,13756907
64500000000,64800000000,64621361796,64622388027,1026231
64500000000,64800000000,64622388027,64622567783,179756
64500000000,64800000000,64622567783,64624823112,2255329
64500000000,64800000000,64624823112,64624823157,45
64500000000,64800000000,64624823157,64624823158,1
64500000000,64800000000,64624823158,64629882916,5059758
64500000000,64800000000,64629882916,64633648668,3765752
64500000000,64800000000,64633648668,64637582371,3933703
64500000000,64800000000,64637582371,64641558945,3976574
64500000000,64800000000,64641558945,64641567219,8274
64500000000,64800000000,64641567219,64641570568,3349
64500000000,64800000000,64641570568,64644973274,3402706
64500000000,64800000000,64644973274,64659670504,14697230
64500000000,64800000000,64659670504,64660657205,986701
64500000000,64800000000,64660657205,64660664673,7468
64500000000,64800000000,64660664673,64663253399,2588726
64500000000,64800000000,64663253399,64664396605,1143206
64500000000,64800000000,64664396605,64682006897,17610292
64500000000,64800000000,64682006897,64682012875,5978
64500000000,64800000000,64682012875,64682015263,2388
64500000000,64800000000,64682015263,64684536233,2520970
64500000000,64800000000,64684536233,64688266888,3730655
64500000000,64800000000,64688266888,64690800955,2534067
64500000000,64800000000,64690800955,64696575547,5774592
64500000000,64800000000,64696575547,64696622803,47256
64500000000,64800000000,64696622803,64700397936,3775133
64500000000,64800000000,64700397936,64701593929,1195993
64500000000,64800000000,64701593929,64701609862,15933
64500000000,64800000000,64701609862,64704213424,2603562
64500000000,64800000000,64704213424,64704213425,1
64500000000,64800000000,64704213425,64704213540,115
64500000000,64800000000,64704213540,64704213541,1
64500000000,64800000000,64704213541,64708902889,4689348
64500000000,64800000000,64708902889,64711545524,2642635
64500000000,64800000000,64711545524,64714635670,3090146
64500000000,64800000000,64714635670,64720101040,5465370
64500000000,64800000000,64720101040,64750233520,30132480
64500000000,64800000000,64750233520,64756762748,6529228
64500000000,64800000000,64756762748,64756767523,4775
64500000000,64800000000,64756767523,64769891717,13124194
64500000000,64800000000,64769891717,64769900525,8808
64500000000,64800000000,64769900525,64778627558,8727033
64500000000,64800000000,64778627558,64779615781,988223
64500000000,64800000000,64779615781,64782811268,3195487
64500000000,64800000000,64782811268,64783854649,1043381
64500000000,64800000000,64783854649,64786754046,2899397
64500000000,64800000000,64786754046,64786760157,6111
64500000000,64800000000,64786760157,64790947516,4187359
64500000000,64800000000,64790947516,64790956294,8778
64500000000,64800000000,64790956294,64793964767,3008473
64500000000,64800000000,64793964767,64796619971,2655204
64800000000,65100000000,64808120209,64814406117,6285908
64800000000,65100000000,64814406117,64816384783,1978666
64800000000,65100000000,64816384783,64820199057,3814274
64800000000,65100000000,64820199057,64838774282,18575225
64800000000,65100000000,64838774282,64838779559,5277
64800000000,65100000000,64838779559,64838782113,2554
64800000000,65100000000,64838782113,64842338570,3556457
64800000000,65100000000,64842338570,64851031257,8692687
64800000000,65100000000,64851031257,64857948492,6917235
64800000000,65100000000,64857948492,64862709185,4760693
64800000000,65100000000,64862709185,64864361685,1652500
64800000000,65100000000,64864361685,64866779456,2417771
64800000000,65100000000,64866779456,64866785687,6231
64800000000,65100000000,64866785687,64870729471,3943784
64800000000,65100000000,64870729471,64873540051,2810580
64800000000,65100000000,64873540051,64880883197,7343146
64800000000,65100000000,64880883197,64891447972,10564775
64800000000,65100000000,64891447972,64897040205,5592233
64800000000,65100000000,64897040205,64899516190,2475985
64800000000,65100000000,64899516190,64899516191,1
64800000000,65100000000,64899516191,64904088642,4572451
64800000000,65100000000,64904088642,64915541187,11452545
64800000000,65100000000,64915541187,64922367089,6825902
64800000000,65100000000,64922367089,64925652473,3285384
64800000000,65100000000,64925652473,64926639299,986826
64800000000,65100000000,64926639299,64926660826,21527
64800000000,65100000000,64926660826,64931897432,5236606
64800000000,65100000000,64931897432,64935589965,3692533
64800000000,65100000000,64935589965,64935595739,5774
64800000000,65100000000,64935595739,64935598209,2470
64800000000,65100000000,64935598209,64937901650,2303441
64800000000,65100000000,64937901650,64949371618,11469968
64800000000,65100000000,64949371618,64952588064,3216446
64800000000,65100000000,64952588064,64954600622,2012558
64800000000,65100000000,64954600622,64954603324,2702
64800000000,65100000000,64954603324,64954605713,2389
64800000000,65100000000,64954605713,64954607918,2205
64800000000,65100000000,64954607918,64954611873,3955
64800000000,65100000000,64954611873,64954614173,2300
64800000000,65100000000,64954614173,64954616177,2004
64800000000,65100000000,64954616177,64956369164,1752987
64800000000,65100000000,64956369164,64956398881,29717
64800000000,65100000000,64956398881,64957215963,817082
64800000000,65100000000,64957215963,64961886136,4670173
64800000000,65100000000,64961886136,64980693369,18807233
64800000000,65100000000,64980693369,64982408748,1715379
64800000000,65100000000,64982408748,64982597070,188322
64800000000,65100000000,64982597070,64984322069,1724999
64800000000,65100000000,64984322069,64989878633,5556564
64800000000,65100000000,64989878633,64992696853,2818220
64800000000,65100000000,64992696853,64997007777,4310924
64800000000,65100000000,64997007777,64999801358,2793581
64800000000,65100000000,64999801358,65001910045,2108687
64800000000,65100000000,65001910045,65001923216,13171
64800000000,65100000000,65001923216,65001926665,3449
64800000000,65100000000,65001926665,65004450289,2523624
64800000000,65100000000,65004450289,65015367869,10917580
64800000000,65100000000,65015367869,65027948981,12581112
64800000000,65100000000,65027948981,65029787945,1838964
64800000000,65100000000,65029787945,65031483323,1695378
64800000000,65100000000,65031483323,65033282551,1799228
64800000000,65100000000,65033282551,65034638815,1356264
64800000000,65100000000,65034638815,65040478810,5839995
64800000000,65100000000,65040478810,65051440162,10961352
64800000000,65100000000,65051440162,65069694194,18254032
64800000000,65100000000,65069694194,65071266462,1572268
64800000000,65100000000,65071266462,65072123607,857145
64800000000,65100000000,65072123607,65085216130,13092523
64800000000,65100000000,65085216130,65089025845,3809715
65100000000,65400000000,65113214745,65113216654,1909
65100000000,65400000000,65113216654,65115141828,1925174
65100000000,65400000000,65115141828,65120226407,5084579
65100000000,65400000000,65120226407,65120229214,2807
65100000000,65400000000,65120229214,65122915393,2686179
65100000000,65400000000,65122915393,65122915394,1
65100000000,65400000000,65122915394,65133230424,10315030
65100000000,65400000000,65133230424,65133237179,6755
65100000000,65400000000,65133237179,65133241207,4028
65100000000,65400000000,65133241207,65134999891,1758684
65100000000,65400000000,65134999891,65135867474,867583
65100000000,65400000000,65135867474,65143625550,7758076
65100000000,65400000000,65143625550,65145540307,1914757
65100000000,65400000000,65145540307,65157110324,11570017
65100000000,65400000000,65157110324,65157116926,6602
65100000000,65400000000,65157116926,65159804701,2687775
65100000000,65400000000,65159804701,65159813518,8817
65100000000,65400000000,65159813518,65162963117,3149599
65100000000,65400000000,65162963117,65164588740,1625623
65100000000,65400000000,65164588740,65168769407,4180667
65100000000,65400000000,65168769407,65184030232,15260825
65100000000,65400000000,65184030232,65184034009,3777
65100000000,65400000000,65184034009,65184042784,8775
65100000000,65400000000,65184042784,65202253706,18210922
65100000000,65400000000,65202253706,65202264116,10410
65100000000,65400000000,65202264116,65205546752,3282636
65100000000,65400000000,65205546752,65205546791,39
65100000000,65400000000,65205546791,65205546792,1
65100000000,65400000000,65205546792,65205546793,1
65100000000,65400000000,65205546793,65205569086,22293
65100000000,65400000000,65205569086,65205576711,7625
65100000000,65400000000,65205576711,65219243693,13666982
65100000000,65400000000,65219243693,65229196874,9953181
65100000000,65400000000,65229196874,65231996478,2799604
65100000000,65400000000,65231996478,65233922765,1926287
65100000000,65400000000,65233922765,65233922766,1
65100000000,65400000000,65233922766,65235594046,1671280
65100000000,65400000000,65235594046,65239578375,3984329
65100000000,65400000000,65239578375,65249324703,9746328
65100000000,65400000000,65249324703,65249328029,3326
65100000000,65400000000,65249328029,65251404393,2076364
65100000000,65400000000,65251404393,65267982533,16578140
65100000000,65400000000,65267982533,65313325326,45342793
65100000000,65400000000,65313325326,65314396973,1071647
65100000000,65400000000,65314396973,65321428913,7031940
65100000000,65400000000,65321428913,65329674155,8245242
65100000000,65400000000,65329674155,65339558662,9884507
65100000000,65400000000,65339558662,65344750310,5191648
65100000000,65400000000,65344750310,65344755142,4832
65100000000,65400000000,65344755142,65344765043,9901
65100000000,65400000000,65344765043,65344766916,1873
65100000000,65400000000,65344766916,65345674855,907939
65100000000,65400000000,65345674855,65361674079,15999224
65400000000,65700000000,65402349675,65403538909,1189234
65400000000,65700000000,65403538909,65403543484,4575
65400000000,65700000000,65403543484,65404442056,898572
65400000000,65700000000,65404442056,65404611998,169942
65400000000,65700000000,65404611998,65405553901,941903
65400000000,65700000000,65405553901,65405553902,1
65400000000,65700000000,65405553902,65405581693,27791
65400000000,65700000000,65405581693,65406444521,862828
65400000000,65700000000,65406444521,65406447918,3397
65400000000,65700000000,65406447918,65407681675,1233757
65400000000,65700000000,65407681675,65408763053,1081378
65400000000,65700000000,65408763053,65414423622,5660569
65400000000,65700000000,65414423622,65414429914,6292
65400000000,65700000000,65414429914,65414432568,2654
65400000000,65700000000,65414432568,65414434549,1981
65400000000,65700000000,65414434549,65414436734,2185
65400000000,65700000000,65414436734,65414439043,2309
65400000000,65700000000,65414439043,65414441084,2041
65400000000,65700000000,65414441084,65437742891,23301807
65400000000,65700000000,65437742891,65444545512,6802621
65400000000,65700000000,65444545512,65459019193,14473681
65400000000,65700000000,65459019193,65465132377,6113184
65400000000,65700000000,65465132377,65468746446,3614069
65400000000,65700000000,65468746446,65476715678,7969232
65400000000,65700000000,65476715678,65476720698,5020
65400000000,65700000000,65476720698,65477639085,918387
65400000000,65700000000,65477639085,65478480051,840966
65400000000,65700000000,65478480051,65479653613,1173562
65400000000,65700000000,65479653613,65479662529,8916
65400000000,65700000000,65479662529,65480517926,855397
65400000000,65700000000,65480517926,65482294268,1776342
65400000000,65700000000,65482294268,65485842831,3548563
65400000000,65700000000,65485842831,65485851097,8266
65400000000,65700000000,65485851097,65499048159,13197062
65400000000,65700000000,65499048159,65499053057,4898
65400000000,65700000000,65499053057,65499059130,6073
65400000000,65700000000,65499059130,65499061613,2483
65400000000,65700000000,65499061613,65500834228,1772615
65400000000,65700000000,65500834228,65500834267,39
65400000000,65700000000,65500834267,65500834268,1
65400000000,65700000000,65500834268,65508384386,7550118
65400000000,65700000000,65508384386,65517344920,8960534
65400000000,65700000000,65517344920,65517347608,2688
65400000000,65700000000,65517347608,65518209310,861702
65400000000,65700000000,65518209310,65533865535,15656225
65400000000,65700000000,65533865535,65535605235,1739700
65400000000,65700000000,65535605235,65535613439,8204
65400000000,65700000000,65535613439,65535618858,5419
65400000000,65700000000,65535618858,65535621052,2194
65400000000,65700000000,65535621052,65536523218,902166
65400000000,65700000000,65536523218,65538504605,1981387
65400000000,65700000000,65538504605,65538504606,1
65400000000,65700000000,65538504606,65538504657,51
65400000000,65700000000,65538504657,65538504682,25
65400000000,65700000000,65538504682,65538504683,1
65400000000,65700000000,65538504683,65538504684,1
65400000000,65700000000,65538504684,65539371546,866862
65400000000,65700000000,65539371546,65561880869,22509323
65400000000,65700000000,65561880869,65561890257,9388
65400000000,65700000000,65561890257,65561892604,2347
65400000000,65700000000,65561892604,65561895005,2401
65400000000,65700000000,65561895005,65561900154,5149
65400000000,65700000000,65561900154,65561909746,9592
65400000000,65700000000,65561909746,65564492025,2582279
65400000000,65700000000,65564492025,65566326588,1834563
65400000000,65700000000,65566326588,65566326673,85
65400000000,65700000000,65566326673,65566326719,46
65400000000,65700000000,65566326719,65566326720,1
65400000000,65700000000,65566326720,65566326721,1
65400000000,65700000000,65566326721,65566327232,511
65400000000,65700000000,65566327232,65566327233,1
65400000000,65700000000,65566327233,65577373647,11046414
65400000000,65700000000,65577373647,65577398177,24530
65400000000,65700000000,65577398177,65581636146,4237969
65400000000,65700000000,65581636146,65581643101,6955
65400000000,65700000000,65581643101,65581647012,3911
65400000000,65700000000,65581647012,65581649323,2311
65400000000,65700000000,65581649323,65581653653,4330
65400000000,65700000000,65581653653,65585047590,3393937
65400000000,65700000000,65585047590,65585047646,56
65400000000,65700000000,65585047646,65585047647,1
65400000000,65700000000,65585047647,65585080884,33237
65400000000,65700000000,65585080884,65587764450,2683566
65400000000,65700000000,65587764450,65594138384,6373934
65400000000,65700000000,65594138384,65594951460,813076
65400000000,65700000000,65594951460,65596568932,1617472
65400000000,65700000000,65596568932,65602393317,5824385
65400000000,65700000000,65602393317,65604530445,2137128
65400000000,65700000000,65604530445,65622125499,17595054
65400000000,65700000000,65622125499,65625725505,3600006
65400000000,65700000000,65625725505,65627578250,1852745
65400000000,65700000000,65627578250,65634356305,6778055
65400000000,65700000000,65634356305,65641056159,6699854
65400000000,65700000000,65641056159,65641188485,132326
65400000000,65700000000,65641188485,65643093155,1904670
65400000000,65700000000,65643093155,65645665479,2572324
65400000000,65700000000,65645665479,65655675872,10010393
65400000000,65700000000,65655675872,65656578019,902147
65400000000,65700000000,65656578019,65656587580,9561
65400000000,65700000000,65656587580,65657685183,1097603
65400000000,65700000000,65657685183,65667467328,9782145
65400000000,65700000000,65667467328,65671504534,4037206
65400000000,65700000000,65671504534,65671508436,3902
65400000000,65700000000,65671508436,65671510317,1881
65400000000,65700000000,65671510317,65671512146,1829
65400000000,65700000000,65671512146,65683635863,12123717
65400000000,65700000000,65683635863,65686326085,2690222
65400000000,65700000000,65686326085,65698050556,11724471
65400000000,65700000000,65698050556,65698866158,815602
65700000000,66000000000,65701454061,65701468023,13962
65700000000,66000000000,65701468023,65702303586,835563
65700000000,66000000000,65702303586,65703510337,1206751
65700000000,66000000000,65703510337,65704385752,875415
65700000000,66000000000,65704385752,65707163476,2777724
65700000000,66000000000,65707163476,65708144736,981260
65700000000,66000000000,65708144736,65710949014,2804278
65700000000,66000000000,65710949014,65714122753,3173739
65700000000,66000000000,65714122753,65714141441,18688
65700000000,66000000000,65714141441,65718319932,4178491
65700000000,66000000000,65718319932,65718325594,5662
65700000000,66000000000,65718325594,65718469519,143925
65700000000,66000000000,65718469519,65718474380,4861
65700000000,66000000000,65718474380,65720576857,2102477
65700000000,66000000000,65720576857,65720576935,78
65700000000,66000000000,65720576935,65725873343,5296408
65700000000,66000000000,65725873343,65726860070,986727
65700000000,66000000000,65726860070,65730481519,3621449
65700000000,66000000000,65730481519,65737638276,7156757
65700000000,66000000000,65737638276,65737640569,2293
65700000000,66000000000,65737640569,65737642798,2229
65700000000,66000000000,65737642798,65738468725,825927
65700000000,66000000000,65738468725,65739395846,927121
65700000000,66000000000,65739395846,65743552108,4156262
65700000000,66000000000,65743552108,65746835415,3283307
65700000000,66000000000,65746835415,65749935325,3099910
65700000000,66000000000,65749935325,65757303441,7368116
65700000000,66000000000,65757303441,65758998024,1694583
65700000000,66000000000,65758998024,65760736041,1738017
65700000000,66000000000,65760736041,65765280002,4543961
65700000000,66000000000,65765280002,65779455875,14175873
65700000000,66000000000,65779455875,65779468554,12679
65700000000,66000000000,65779468554,65781095225,1626671
65700000000,66000000000,65781095225,65781095250,25
65700000000,66000000000,65781095250,65781095251,1
65700000000,66000000000,65781095251,65781095252,1
65700000000,66000000000,65781095252,65782013427,918175
65700000000,66000000000,65782013427,65785911305,3897878
65700000000,66000000000,65785911305,65811763112,25851807
65700000000,66000000000,65811763112,65831143162,19380050
65700000000,66000000000,65831143162,65831988571,845409
65700000000,66000000000,65831988571,65836589976,4601405
65700000000,66000000000,65836589976,65839011304,2421328
65700000000,66000000000,65839011304,65839965760,954456
65700000000,66000000000,65839965760,65841585549,1619789
65700000000,66000000000,65841585549,65843207691,1622142
65700000000,66000000000,65843207691,65847740238,4532547
65700000000,66000000000,65847740238,65847765997,25759
65700000000,66000000000,65847765997,65847770851,4854
65700000000,66000000000,65847770851,65847774927,4076
65700000000,66000000000,65847774927,65855376346,7601419
65700000000,66000000000,65855376346,65874285794,18909448
65700000000,66000000000,65874285794,65878416274,4130480
65700000000,66000000000,65878416274,65879546316,1130042
65700000000,66000000000,65879546316,65880287850,741534
65700000000,66000000000,65880287850,65882895405,2607555
65700000000,66000000000,65882895405,65897374930,14479525
65700000000,66000000000,65897374930,65897378496,3566
65700000000,66000000000,65897378496,65899011033,1632537
65700000000,66000000000,65899011033,65916511155,17500122
65700000000,66000000000,65916511155,65916522454,11299
65700000000,66000000000,65916522454,65916524823,2369
65700000000,66000000000,65916524823,65918122736,1597913
65700000000,66000000000,65918122736,65936475727,18352991
65700000000,66000000000,65936475727,65945229494,8753767
65700000000,66000000000,65945229494,65948987045,3757551
65700000000,66000000000,65948987045,65950707811,1720766
65700000000,66000000000,65950707811,65951567253,859442
65700000000,66000000000,65951567253,65952437214,869961
65700000000,66000000000,65952437214,65955038275,2601061
65700000000,66000000000,65955038275,65964916247,9877972
65700000000,66000000000,65964916247,65966497337,1581090
65700000000,66000000000,65966497337,65970927529,4430192
65700000000,66000000000,65970927529,65972615993,1688464
66000000000,66300000000,66026743774,66029430718,2686944
66000000000,66300000000,66029430718,66032562407,3131689
66000000000,66300000000,66032562407,66032576184,13777
66000000000,66300000000,66032576184,66032579757,3573
66000000000,66300000000,66032579757,66032587317,7560
66000000000,66300000000,66032587317,66034362473,1775156
66000000000,66300000000,66034362473,66034362474,1
66000000000,66300000000,66034362474,66034362475,1
66000000000,66300000000,66034362475,66034396967,34492
66000000000,66300000000,66034396967,66044463499,10066532
66000000000,66300000000,66044463499,66045493048,1029549
66000000000,66300000000,66045493048,66046407320,914272
66000000000,66300000000,66046407320,66047229648,822328
66000000000,66300000000,66047229648,66050871336,3641688
66000000000,66300000000,66050871336,66050875991,4655
66000000000,66300000000,66050875991,66050880075,4084
66000000000,66300000000,66050880075,66050883107,3032
66000000000,66300000000,66050883107,66052473513,1590406
66000000000,66300000000,66052473513,66052473514,1
66000000000,66300000000,66052473514,66056543996,4070482
66000000000,66300000000,66056543996,66058218058,1674062
66000000000,66300000000,66058218058,66058220283,2225
66000000000,66300000000,66058220283,66059879895,1659612
66000000000,66300000000,66059879895,66059890832,10937
66000000000,66300000000,66059890832,66069125460,9234628
66000000000,66300000000,66069125460,66069260933,135473
66000000000,66300000000,66069260933,66069309251,48318
66000000000,66300000000,66069309251,66069313121,3870
66000000000,66300000000,66069313121,66071888001,2574880
66000000000,66300000000,66071888001,66074507385,2619384
66000000000,66300000000,66074507385,66086946791,12439406
66000000000,66300000000,66086946791,66086946792,1
66000000000,66300000000,66086946792,66090021987,3075195
66000000000,66300000000,66090021987,66094860042,4838055
66000000000,66300000000,66094860042,66133333556,38473514
66000000000,66300000000,66133333556,66134495292,1161736
66000000000,66300000000,66134495292,66134555575,60283
66000000000,66300000000,66134555575,66134568478,12903
66000000000,66300000000,66134568478,66136998601,2430123
66000000000,66300000000,66136998601,66138169931,1171330
66000000000,66300000000,66138169931,66152728813,14558882
66000000000,66300000000,66152728813,66154161822,1433009
66000000000,66300000000,66154161822,66157115320,2953498
66000000000,66300000000,66157115320,66161330099,4214779
66000000000,66300000000,66161330099,66166969507,5639408
66000000000,66300000000,66166969507,66168092326,1122819
66000000000,66300000000,66168092326,66168158026,65700
66000000000,66300000000,66168158026,66169423495,1265469
66000000000,66300000000,66169423495,66177390285,7966790
66000000000,66300000000,66177390285,66177392838,2553
66000000000,66300000000,66177392838,66177395289,2451
66000000000,66300000000,66177395289,66177397735,2446
66000000000,66300000000,66177397735,66177400216,2481
66000000000,66300000000,66177400216,66177403243,3027
66000000000,66300000000,66177403243,66177406269,3026
66000000000,66300000000,66177406269,66177409288,3019
66000000000,66300000000,66177409288,66182547182,5137894
66000000000,66300000000,66182547182,66182547183,1
66000000000,66300000000,66182547183,66191213377,8666194
66000000000,66300000000,66191213377,66192438943,1225566
66000000000,66300000000,66192438943,66193659275,1220332
66000000000,66300000000,66193659275,66205014261,11354986
66000000000,66300000000,66205014261,66206048452,1034191
66000000000,66300000000,66206048452,66207035877,987425
66000000000,66300000000,66207035877,66214518807,7482930
66000000000,66300000000,66214518807,66214526139,7332
66000000000,66300000000,66214526139,66217645886,3119747
66000000000,66300000000,66217645886,66227201824,9555938
66000000000,66300000000,66227201824,66244423081,17221257
66000000000,66300000000,66244423081,66248433689,4010608
66000000000,66300000000,66248433689,66249287452,853763
66000000000,66300000000,66249287452,66249294934,7482
66000000000,66300000000,66249294934,66265694718,16399784
66000000000,66300000000,66265694718,66267628622,1933904
66000000000,66300000000,66267628622,66267628624,2
66000000000,66300000000,66267628624,66267718901,90277
66000000000,66300000000,66267718901,66278245270,10526369
66000000000,66300000000,66278245270,66294348205,16102935
66000000000,66300000000,66294348205,66295216536,868331
66300000000,66600000000,66312396804,66312408941,12137
66300000000,66600000000,66312408941,66314193184,1784243
66300000000,66600000000,66314193184,66316074513,1881329
66300000000,66600000000,66316074513,66318159801,2085288
66300000000,66600000000,66318159801,66325893227,7733426
66300000000,66600000000,66325893227,66325896755,3528
66300000000,66600000000,66325896755,66325899480,2725
66300000000,66600000000,66325899480,66325901678,2198
66300000000,66600000000,66325901678,66325994332,92654
66300000000,66600000000,66325994332,66337023105,11028773
66300000000,66600000000,66337023105,66338480064,1456959
66300000000,66600000000,66338480064,66338491912,11848
66300000000,66600000000,66338491912,66339601124,1109212
66300000000,66600000000,66339601124,66342669503,3068379
66300000000,66600000000,66342669503,66351738152,9068649
66300000000,66600000000,66351738152,66352852799,1114647
66300000000,66600000000,66352852799,66355582236,2729437
66300000000,66600000000,66355582236,66358651736,3069500
66300000000,66600000000,66358651736,66359652170,1000434
66300000000,66600000000,66359652170,66359655421,3251
66300000000,66600000000,66359655421,66361564690,1909269
66300000000,66600000000,66361564690,66361600957,36267
66300000000,66600000000,66361600957,66363459844,1858887
66300000000,66600000000,66363459844,66363488185,28341
66300000000,66600000000,66363488185,66364352768,864583
66300000000,66600000000,66364352768,66377572785,13220017
66300000000,66600000000,66377572785,66379656453,2083668
66300000000,66600000000,66379656453,66380702425,1045972
66300000000,66600000000,66380702425,66380708328,5903
66300000000,66600000000,66380708328,66380713347,5019
66300000000,66600000000,66380713347,66382781926,2068579
66300000000,66600000000,66382781926,66384742266,1960340
66300000000,66600000000,66384742266,66384742332,66
66300000000,66600000000,66384742332,66394891701,10149369
66300000000,66600000000,66394891701,66397845998,2954297
66300000000,66600000000,66397845998,66399909575,2063577
66300000000,66600000000,66399909575,66399913950,4375
66300000000,66600000000,66399913950,66399920642,6692
66300000000,66600000000,66399920642,66402459069,2538427
66300000000,66600000000,66402459069,66403274616,815547
66300000000,66600000000,66403274616,66403274687,71
66300000000,66600000000,66403274687,66405426677,2151990
66300000000,66600000000,66405426677,66408288731,2862054
66300000000,66600000000,66408288731,66411812723,3523992
66300000000,66600000000,66411812723,66412776539,963816
66300000000,66600000000,66412776539,66414569504,1792965
66300000000,66600000000,66414569504,66414579498,9994
66300000000,66600000000,66414579498,66418024379,3444881
66300000000,66600000000,66418024379,66420056568,2032189
66300000000,66600000000,66420056568,66420056569,1
66300000000,66600000000,66420056569,66422602901,2546332
66300000000,66600000000,66422602901,66423492533,889632
66300000000,66600000000,66423492533,66423502420,9887
66300000000,66600000000,66423502420,66424382794,880374
66300000000,66600000000,66424382794,66436843989,12461195
66300000000,66600000000,66436843989,66459760563,22916574
66300000000,66600000000,66459760563,66463067251,3306688
66300000000,66600000000,66463067251,66463072715,5464
66300000000,66600000000,66463072715,66463075868,3153
66300000000,66600000000,66463075868,66463079317,3449
66300000000,66600000000,66463079317,66464908081,1828764
66300000000,66600000000,66464908081,66464910883,2802
66300000000,66600000000,66464910883,66464914471,3588
66300000000,66600000000,66464914471,66466988060,2073589
66300000000,66600000000,66466988060,66466991482,3422
66300000000,66600000000,66466991482,66466995506,4024
66300000000,66600000000,66466995506,66468808448,1812942
66300000000,66600000000,66468808448,66470409271,1600823
66300000000,66600000000,66470409271,66472128442,1719171
66300000000,66600000000,66472128442,66475991473,3863031
66300000000,66600000000,66475991473,66477180901,1189428
66300000000,66600000000,66477180901,66478056836,875935
66300000000,66600000000,66478056836,66478059183,2347
66300000000,66600000000,66478059183,66478927645,868462
66300000000,66600000000,66478927645,66479796528,868883
66300000000,66600000000,66479796528,66484366490,4569962
66300000000,66600000000,66484366490,66486038096,1671606
66300000000,66600000000,66486038096,66486050523,12427
66300000000,66600000000,66486050523,66488145472,2094949
66300000000,66600000000,66488145472,66488145473,1
66300000000,66600000000,66488145473,66490364723,2219250
66300000000,66600000000,66490364723,66506952380,16587657
66300000000,66600000000,66506952380,66506974477,22097
66300000000,66600000000,66506974477,66520962903,13988426
66300000000,66600000000,66520962903,66532452728,11489825
66300000000,66600000000,66532452728,66533404407,951679
66300000000,66600000000,66533404407,66535297180,1892773
66300000000,66600000000,66535297180,66535316324,19144
66300000000,66600000000,66535316324,66536190616,874292
66300000000,66600000000,66536190616,66538175717,1985101
66300000000,66600000000,66538175717,66559343892,21168175
66300000000,66600000000,66559343892,66564235830,4891938
66300000000,66600000000,66564235830,66576708224,12472394
66300000000,66600000000,66576708224,66579607064,2898840
66300000000,66600000000,66579607064,66582137612,2530548
66300000000,66600000000,66582137612,66585809082,3671470
66300000000,66600000000,66585809082,66589441842,3632760
66600000000,66900000000,66602725492,66603761700,1036208
66600000000,66900000000,66603761700,66603773241,11541
66600000000,66900000000,66603773241,66604880323,1107082
66600000000,66900000000,66604880323,66605928401,1048078
66600000000,66900000000,66605928401,66605963923,35522
66600000000,66900000000,66605963923,66605969547,5624
66600000000,66900000000,66605969547,66605981926,12379
66600000000,66900000000,66605981926,66605986870,4944
66600000000,66900000000,66605986870,66614003347,8016477
66600000000,66900000000,66614003347,66617256226,3252879
66600000000,66900000000,66617256226,66625971146,8714920
66600000000,66900000000,66625971146,66626034306,63160
66600000000,66900000000,66626034306,66626046712,12406
66600000000,66900000000,66626046712,66626053325,6613
66600000000,66900000000,66626053325,66633364095,7310770
66600000000,66900000000,66633364095,66636090452,2726357
66600000000,66900000000,66636090452,66641088095,4997643
66600000000,66900000000,66641088095,66649998229,8910134
66600000000,66900000000,66649998229,66672561324,22563095
66600000000,66900000000,66672561324,66674245443,1684119
66600000000,66900000000,66674245443,66703583045,29337602
66600000000,66900000000,66703583045,66719658791,16075746
66600000000,66900000000,66719658791,66721332291,1673500
66600000000,66900000000,66721332291,66721332292,1
66600000000,66900000000,66721332292,66731190790,9858498
66600000000,66900000000,66731190790,66732124527,933737
66600000000,66900000000,66732124527,66738148243,6023716
66600000000,66900000000,66738148243,66740301680,2153437
66600000000,66900000000,66740301680,66750162026,9860346
66600000000,66900000000,66750162026,66752508721,2346695
66600000000,66900000000,66752508721,66758368924,5860203
66600000000,66900000000,66758368924,66759416478,1047554
66600000000,66900000000,66759416478,66771333785,11917307
66600000000,66900000000,66771333785,66803900578,32566793
66600000000,66900000000,66803900578,66817302623,13402045
66600000000,66900000000,66817302623,66819035337,1732714
66600000000,66900000000,66819035337,66820009948,974611
66600000000,66900000000,66820009948,66821789299,1779351
66600000000,66900000000,66821789299,66822683966,894667
66600000000,66900000000,66822683966,66824737594,2053628
66600000000,66900000000,66824737594,66825575412,837818
66600000000,66900000000,66825575412,66830293411,4717999
66600000000,66900000000,66830293411,66831183233,889822
66600000000,66900000000,66831183233,66833004236,1821003
66600000000,66900000000,66833004236,66834278656,1274420
66600000000,66900000000,66834278656,66836095434,1816778
66600000000,66900000000,66836095434,66840019413,3923979
66600000000,66900000000,66840019413,66840026150,6737
66600000000,66900000000,66840026150,66842672354,2646204
66600000000,66900000000,66842672354,66845419051,2746697
66600000000,66900000000,66845419051,66847362109,1943058
66600000000,66900000000,66847362109,66848426828,1064719
66600000000,66900000000,66848426828,66850783591,2356763
66600000000,66900000000,66850783591,66852592228,1808637
66600000000,66900000000,66852592228,66854607872,2015644
66600000000,66900000000,66854607872,66855513516,905644
66600000000,66900000000,66855513516,66856480318,966802
66600000000,66900000000,66856480318,66858469421,1989103
66600000000,66900000000,66858469421,66858481071,11650
66600000000,66900000000,66858481071,66858484253,3182
66600000000,66900000000,66858484253,66868897131,10412878
66600000000,66900000000,66868897131,66875335029,6437898
66600000000,66900000000,66875335029,66878149964,2814935
66600000000,66900000000,66878149964,66879930682,1780718
66600000000,66900000000,66879930682,66879965644,34962
66600000000,66900000000,66879965644,66879968477,2833
66600000000,66900000000,66879968477,66880883056,914579
66600000000,66900000000,66880883056,66881685896,802840
66600000000,66900000000,66881685896,66881685897,1
66900000000,67200000000,66902093834,66905718843,3625009
66900000000,67200000000,66905718843,66908608684,2889841
66900000000,67200000000,66908608684,66913024869,4416185
66900000000,67200000000,66913024869,66917633733,4608864
66900000000,67200000000,66917633733,66922035594,4401861
66900000000,67200000000,66922035594,66945983457,23947863
66900000000,67200000000,66945983457,66951398928,5415471
66900000000,67200000000,66951398928,66952185703,786775
66900000000,67200000000,66952185703,66955806165,3620462
66900000000,67200000000,66955806165,66957558296,1752131
66900000000,67200000000,66957558296,66971236265,13677969
66900000000,67200000000,66971236265,66974350794,3114529
66900000000,67200000000,66974350794,66986545664,12194870
66900000000,67200000000,66986545664,66992662921,6117257
66900000000,67200000000,66992662921,67000272086,7609165
66900000000,67200000000,67000272086,67024245969,23973883
66900000000,67200000000,67024245969,67037999844,13753875
66900000000,67200000000,67037999844,67041337804,3337960
66900000000,67200000000,67041337804,67042160814,823010
66900000000,67200000000,67042160814,67042163373,2559
66900000000,67200000000,67042163373,67043832172,1668799
66900000000,67200000000,67043832172,67043852762,20590
66900000000,67200000000,67043852762,67046739780,2887018
66900000000,67200000000,67046739780,67061022280,14282500
66900000000,67200000000,67061022280,67082811021,21788741
66900000000,67200000000,67082811021,67083615528,804507
66900000000,67200000000,67083615528,67083642817,27289
66900000000,67200000000,67083642817,67083653021,10204
66900000000,67200000000,67083653021,67084492773,839752
66900000000,67200000000,67084492773,67091236300,6743527
66900000000,67200000000,67091236300,67100511592,9275292
66900000000,67200000000,67100511592,67109336029,8824437
66900000000,67200000000,67109336029,67110226364,890335
66900000000,67200000000,67110226364,67110232985,6621
66900000000,67200000000,67110232985,67110240313,7328
66900000000,67200000000,67110240313,67113527317,3287004
66900000000,67200000000,67113527317,67113527318,1
66900000000,67200000000,67113527318,67113527363,45
66900000000,67200000000,67113527363,67113527364,1
66900000000,67200000000,67113527364,67113527417,53
66900000000,67200000000,67113527417,67114427980,900563
66900000000,67200000000,67114427980,67118526264,4098284
66900000000,67200000000,67118526264,67127622491,9096227
66900000000,67200000000,67127622491,67130334413,2711922
66900000000,67200000000,67130334413,67130345813,11400
66900000000,67200000000,67130345813,67134128725,3782912
66900000000,67200000000,67134128725,67134128726,1
66900000000,67200000000,67134128726,67134128799,73
66900000000,67200000000,67134128799,67146145188,12016389
66900000000,67200000000,67146145188,67148198068,2052880
66900000000,67200000000,67148198068,67148201418,3350
66900000000,67200000000,67148201418,67149051657,850239
66900000000,67200000000,67149051657,67150947397,1895740
66900000000,67200000000,67150947397,67150947398,1
66900000000,67200000000,67150947398,67151838377,890979
66900000000,67200000000,67151838377,67155548583,3710206
66900000000,67200000000,67155548583,67159590624,4042041
66900000000,67200000000,67159590624,67165794650,6204026
66900000000,67200000000,67165794650,67165802215,7565
66900000000,67200000000,67165802215,67168219363,2417148
66900000000,67200000000,67168219363,67168219364,1
66900000000,67200000000,67168219364,67168286048,66684
67200000000,67500000000,67201203349,67201209696,6347
67200000000,67500000000,67201209696,67203945187,2735491
67200000000,67500000000,67203945187,67204836909,891722
67200000000,67500000000,67204836909,67204891277,54368
67200000000,67500000000,67204891277,67204895762,4485
67200000000,67500000000,67204895762,67205747717,851955
67200000000,67500000000,67205747717,67206706386,958669
67200000000,67500000000,67206706386,67207530394,824008
67200000000,67500000000,67207530394,67210916461,3386067
67200000000,67500000000,67210916461,67210957926,41465
67200000000,67500000000,67210957926,67248936780,37978854
67200000000,67500000000,67248936780,67248944543,7763
67200000000,67500000000,67248944543,67248946929,2386
67200000000,67500000000,67248946929,67248949210,2281
67200000000,67500000000,67248949210,67248951946,2736
67200000000,67500000000,67248951946,67248954508,2562
67200000000,67500000000,67248954508,67248974727,20219
67200000000,67500000000,67248974727,67250559178,1584451
67200000000,67500000000,67250559178,67276287180,25728002
67200000000,67500000000,67276287180,67280196992,3909812
67200000000,67500000000,67280196992,67280205632,8640
67200000000,67500000000,67280205632,67283981272,3775640
67200000000,67500000000,67283981272,67283981273,1
67200000000,67500000000,67283981273,67287769384,3788111
67200000000,67500000000,67287769384,67290720950,2951566
67200000000,67500000000,67290720950,67294182814,3461864
67200000000,67500000000,67294182814,67297888602,3705788
67200000000,67500000000,67297888602,67299260603,1372001
67200000000,67500000000,67299260603,67299276312,15709
67200000000,67500000000,67299276312,67302234101,2957789
67200000000,67500000000,67302234101,67302234102,1
67200000000,67500000000,67302234102,67302234103,1
67200000000,67500000000,67302234103,67336117551,33883448
67200000000,67500000000,67336117551,67336141995,24444
67200000000,67500000000,67336141995,67336147800,5805
67200000000,67500000000,67336147800,67353635996,17488196
67200000000,67500000000,67353635996,67408976521,55340525
67200000000,67500000000,67408976521,67414300490,5323969
67200000000,67500000000,67414300490,67416939734,2639244
67200000000,67500000000,67416939734,67419342499,2402765
67200000000,67500000000,67419342499,67420546545,1204046
67200000000,67500000000,67420546545,67423627569,3081024
67200000000,67500000000,67423627569,67427045450,3417881
67200000000,67500000000,67427045450,67427048047,2597
67200000000,67500000000,67427048047,67427052670,4623
67200000000,67500000000,67427052670,67428790808,1738138
67200000000,67500000000,67428790808,67428790809,1
67200000000,67500000000,67428790809,67428842232,51423
67200000000,67500000000,67428842232,67435190402,6348170
67200000000,67500000000,67435190402,67435193043,2641
67200000000,67500000000,67435193043,67439922950,4729907
67200000000,67500000000,67439922950,67448072614,8149664
67200000000,67500000000,67448072614,67459716978,11644364
67200000000,67500000000,67459716978,67483598856,23881878
67200000000,67500000000,67483598856,67490323821,6724965
67500000000,67800000000,67500960987,67505508113,4547126
67500000000,67800000000,67505508113,67515134008,9625895
67500000000,67800000000,67515134008,67533310919,18176911
67500000000,67800000000,67533310919,67558826369,25515450
67500000000,67800000000,67558826369,67567803417,8977048
67500000000,67800000000,67567803417,67568643203,839786
67500000000,67800000000,67568643203,67569410530,767327
67500000000,67800000000,67569410530,67569422076,11546
67500000000,67800000000,67569422076,67570234726,812650
67500000000,67800000000,67570234726,67571877839,1643113
67500000000,67800000000,67571877839,67573552385,1674546
67500000000,67800000000,67573552385,67577996273,4443888
67500000000,67800000000,67577996273,67584943987,6947714
67500000000,67800000000,67584943987,67610283986,25339999
67500000000,67800000000,67610283986,67612589404,2305418
67500000000,67800000000,67612589404,67613413476,824072
67500000000,67800000000,67613413476,67639005258,25591782
67500000000,67800000000,67639005258,67642896352,3891094
67500000000,67800000000,67642896352,67659998804,17102452
67500000000,67800000000,67659998804,67660843163,844359
67500000000,67800000000,67660843163,67664388618,3545455
67500000000,67800000000,67664388618,67666935229,2546611
67500000000,67800000000,67666935229,67666954672,19443
67500000000,67800000000,67666954672,67667811383,856711
67500000000,67800000000,67667811383,67669564144,1752761
67500000000,67800000000,67669564144,67683353818,13789674
67500000000,67800000000,67683353818,67709155043,25801225
67500000000,67800000000,67709155043,67726212816,17057773
67500000000,67800000000,67726212816,67741195124,14982308
67500000000,67800000000,67741195124,67780834408,39639284
67500000000,67800000000,67780834408,67782472137,1637729
67500000000,67800000000,67782472137,67795380753,12908616
67500000000,67800000000,67795380753,67798048211,2667458
67800000000,68100000000,67802590232,67803441139,850907
67800000000,68100000000,67803441139,67803443464,2325
67800000000,68100000000,67803443464,67804215743,772279
67800000000,68100000000,67804215743,67811055510,6839767
67800000000,68100000000,67811055510,67811064646,9136
67800000000,68100000000,67811064646,67811848139,783493
67800000000,68100000000,67811848139,67817916606,6068467
67800000000,68100000000,67817916606,67819641695,1725089
67800000000,68100000000,67819641695,67819644299,2604
67800000000,68100000000,67819644299,67819647539,3240
67800000000,68100000000,67819647539,67819649531,1992
67800000000,68100000000,67819649531,67820423470,773939
67800000000,68100000000,67820423470,67822946251,2522781
67800000000,68100000000,67822946251,67835212821,12266570
67800000000,68100000000,67835212821,67839725228,4512407
67800000000,68100000000,67839725228,67845140588,5415360
67800000000,68100000000,67845140588,67845948055,807467
67800000000,68100000000,67845948055,67848131365,2183310
67800000000,68100000000,67848131365,67858870672,10739307
67800000000,68100000000,67858870672,67873384862,14514190
67800000000,68100000000,67873384862,67873385278,416
67800000000,68100000000,67873385278,67874136269,750991
67800000000,68100000000,67874136269,67881803301,7667032
67800000000,68100000000,67881803301,67882549975,746674
67800000000,68100000000,67882549975,67883210009,660034
67800000000,68100000000,67883210009,67884084147,874138
67800000000,68100000000,67884084147,67885850208,1766061
67800000000,68100000000,67885850208,67888548019,2697811
67800000000,68100000000,67888548019,67895175713,6627694
67800000000,68100000000,67895175713,67902544463,7368750
67800000000,68100000000,67902544463,67904376131,1831668
67800000000,68100000000,67904376131,67905387342,1011211
67800000000,68100000000,67905387342,67907072509,1685167
67800000000,68100000000,67907072509,67907881701,809192
67800000000,68100000000,67907881701,67909467966,1586265
67800000000,68100000000,67909467966,67910344693,876727
67800000000,68100000000,67910344693,67913740055,3395362
67800000000,68100000000,67913740055,67916236639,2496584
67800000000,68100000000,67916236639,67918834979,2598340
67800000000,68100000000,67918834979,67926656999,7822020
67800000000,68100000000,67926656999,67930962951,4305952
67800000000,68100000000,67930962951,67932651172,1688221
67800000000,68100000000,67932651172,67933425927,774755
67800000000,68100000000,67933425927,67933432645,6718
67800000000,68100000000,67933432645,67935296658,1864013
67800000000,68100000000,67935296658,67953578863,18282205
67800000000,68100000000,67953578863,67968000619,14421756
67800000000,68100000000,67968000619,67969774429,1773810
67800000000,68100000000,67969774429,67971424951,1650522
67800000000,68100000000,67971424951,67972300532,875581
67800000000,68100000000,67972300532,67974274849,1974317
67800000000,68100000000,67974274849,67974281636,6787
67800000000,68100000000,67974281636,67974285548,3912
67800000000,68100000000,67974285548,67977786479,3500931
67800000000,68100000000,67977786479,67978603185,816706
67800000000,68100000000,67978603185,67980249906,1646721
67800000000,68100000000,67980249906,67983574475,3324569
67800000000,68100000000,67983574475,67985298415,1723940
67800000000,68100000000,67985298415,67987919693,2621278
67800000000,68100000000,67987919693,67989859717,1940024
67800000000,68100000000,67989859717,67991467201,1607484
67800000000,68100000000,67991467201,67993902134,2434933
67800000000,68100000000,67993902134,68020629319,26727185
67800000000,68100000000,68020629319,68025340584,4711265
67800000000,68100000000,68025340584,68026164790,824206
67800000000,68100000000,68026164790,68029311854,3147064
67800000000,68100000000,68029311854,68048311707,18999853
67800000000,68100000000,68048311707,68049126243,814536
67800000000,68100000000,68049126243,68050114730,988487
67800000000,68100000000,68050114730,68050121971,7241
67800000000,68100000000,68050121971,68051707509,1585538
67800000000,68100000000,68051707509,68066116491,14408982
67800000000,68100000000,68066116491,68069012959,2896468
67800000000,68100000000,68069012959,68082558238,13545279
67800000000,68100000000,68082558238,68083607504,1049266
68100000000,68400000000,68102183894,68106948078,4764184
68100000000,68400000000,68106948078,68112198076,5249998
68100000000,68400000000,68112198076,68113829739,1631663
68100000000,68400000000,68113829739,68128118353,14288614
68100000000,68400000000,68128118353,68132524040,4405687
68100000000,68400000000,68132524040,68132527949,3909
68100000000,68400000000,68132527949,68132530993,3044
68100000000,68400000000,68132530993,68146752425,14221432
68100000000,68400000000,68146752425,68148415417,1662992
68100000000,68400000000,68148415417,68150003349,1587932
68100000000,68400000000,68150003349,68150008658,5309
68100000000,68400000000,68150008658,68150783311,774653
68100000000,68400000000,68150783311,68151538880,755569
68100000000,68400000000,68151538880,68154933666,3394786
68100000000,68400000000,68154933666,68166416701,11483035
68100000000,68400000000,68166416701,68191738827,25322126
68100000000,68400000000,68191738827,68205255334,13516507
68100000000,68400000000,68205255334,68217072644,11817310
68100000000,68400000000,68217072644,68221534240,4461596
68100000000,68400000000,68221534240,68243767151,22232911
68100000000,68400000000,68243767151,68243771546,4395
68100000000,68400000000,68243771546,68246430950,2659404
68100000000,68400000000,68246430950,68248945537,2514587
68100000000,68400000000,68248945537,68279935403,30989866
68100000000,68400000000,68279935403,68281680613,1745210
68100000000,68400000000,68281680613,68284341337,2660724
68100000000,68400000000,68284341337,68284341338,1
68100000000,68400000000,68284341338,68311327459,26986121
68100000000,68400000000,68311327459,68333017863,21690404
68100000000,68400000000,68333017863,68334616733,1598870
68100000000,68400000000,68334616733,68337064405,2447672
68100000000,68400000000,68337064405,68339477395,2412990
68100000000,68400000000,68339477395,68341492002,2014607
68100000000,68400000000,68341492002,68343799138,2307136
68100000000,68400000000,68343799138,68353701427,9902289
68100000000,68400000000,68353701427,68357585594,3884167
68100000000,68400000000,68357585594,68371560940,13975346
68100000000,68400000000,68371560940,68379414484,7853544
68100000000,68400000000,68379414484,68384365812,4951328
68100000000,68400000000,68384365812,68391493746,7127934
68100000000,68400000000,68391493746,68395044133,3550387
68100000000,68400000000,68395044133,68395806145,762012
68100000000,68400000000,68395806145,68397492175,1686030
68100000000,68400000000,68397492175,68399480523,1988348
68100000000,68400000000,68399480523,68399493176,12653
68100000000,68400000000,68399493176,68399502289,9113
68400000000,68700000000,68401338733,68411751851,10413118
68400000000,68700000000,68411751851,68411791386,39535
68400000000,68700000000,68411791386,68412665943,874557
68400000000,68700000000,68412665943,68413478314,812371
68400000000,68700000000,68413478314,68421650606,8172292
68400000000,68700000000,68421650606,68421684030,33424
68400000000,68700000000,68421684030,68421700808,16778
68400000000,68700000000,68421700808,68448480824,26780016
68400000000,68700000000,68448480824,68448506165,25341
68400000000,68700000000,68448506165,68468966151,20459986
68400000000,68700000000,68468966151,68469829378,863227
68400000000,68700000000,68469829378,68470687005,857627
68400000000,68700000000,68470687005,68471507705,820700
68400000000,68700000000,68471507705,68472350966,843261
68400000000,68700000000,68472350966,68473184273,833307
68400000000,68700000000,68473184273,68490639834,17455561
68400000000,68700000000,68490639834,68491397017,757183
68400000000,68700000000,68491397017,68492978913,1581896
68400000000,68700000000,68492978913,68493842971,864058
68400000000,68700000000,68493842971,68495414608,1571637
68400000000,68700000000,68495414608,68496516793,1102185
68400000000,68700000000,68496516793,68507811798,11295005
68400000000,68700000000,68507811798,68507815844,4046
68400000000,68700000000,68507815844,68507823566,7722
68400000000,68700000000,68507823566,68507825965,2399
68400000000,68700000000,68507825965,68508567253,741288
68400000000,68700000000,68508567253,68509336586,769333
68400000000,68700000000,68509336586,68519761298,10424712
68400000000,68700000000,68519761298,68525628054,5866756
68400000000,68700000000,68525628054,68525632300,4246
68400000000,68700000000,68525632300,68525636725,4425
68400000000,68700000000,68525636725,68532646740,7010015
68400000000,68700000000,68532646740,68532651079,4339
68400000000,68700000000,68532651079,68532669169,18090
68400000000,68700000000,68532669169,68533472368,803199
68400000000,68700000000,68533472368,68533492689,20321
68400000000,68700000000,68533492689,68534344220,851531
68400000000,68700000000,68534344220,68535948806,1604586
68400000000,68700000000,68535948806,68537525115,1576309
68400000000,68700000000,68537525115,68543303000,5777885
68400000000,68700000000,68543303000,68543322083,19083
68400000000,68700000000,68543322083,68549912191,6590108
68400000000,68700000000,68549912191,68555332316,5420125
68400000000,68700000000,68555332316,68559236687,3904371
68400000000,68700000000,68559236687,68561838738,2602051
68400000000,68700000000,68561838738,68563587997,1749259
68400000000,68700000000,68563587997,68567460344,3872347
68400000000,68700000000,68567460344,68571585300,4124956
68400000000,68700000000,68571585300,68584338630,12753330
68400000000,68700000000,68584338630,68597426349,13087719
68400000000,68700000000,68597426349,68598980371,1554022
68400000000,68700000000,68598980371,68600620836,1640465
68400000000,68700000000,68600620836,68602144206,1523370
68400000000,68700000000,68602144206,68606521377,4377171
68400000000,68700000000,68606521377,68606530822,9445
68400000000,68700000000,68606530822,68609049776,2518954
68400000000,68700000000,68609049776,68609056036,6260
68400000000,68700000000,68609056036,68614366719,5310683
68400000000,68700000000,68614366719,68626437268,12070549
68400000000,68700000000,68626437268,68630263001,3825733
68400000000,68700000000,68630263001,68647322303,17059302
68400000000,68700000000,68647322303,68660154926,12832623
68400000000,68700000000,68660154926,68662449130,2294204
68400000000,68700000000,68662449130,68684337038,21887908
68400000000,68700000000,68684337038,68685168250,831212
68700000000,69000000000,68701893115,68703608669,1715554
68700000000,69000000000,68703608669,68703622356,13687
68700000000,69000000000,68703622356,68709545503,5923147
68700000000,69000000000,68709545503,68710691902,1146399
68700000000,69000000000,68710691902,68712243610,1551708
68700000000,69000000000,68712243610,68713011405,767795
68700000000,69000000000,68713011405,68723273550,10262145
68700000000,69000000000,68723273550,68728104278,4830728
68700000000,69000000000,68728104278,68741077166,12972888
68700000000,69000000000,68741077166,68741079362,2196
68700000000,69000000000,68741079362,68760734380,19655018
68700000000,69000000000,68760734380,68760736905,2525
68700000000,69000000000,68760736905,68760738663,1758
68700000000,69000000000,68760738663,68760743160,4497
68700000000,69000000000,68760743160,68765681746,4938586
68700000000,69000000000,68765681746,68776479299,10797553
68700000000,69000000000,68776479299,68778528297,2048998
68700000000,69000000000,68778528297,68779334865,806568
68700000000,69000000000,68779334865,68779342634,7769
68700000000,69000000000,68779342634,68780188376,845742
68700000000,69000000000,68780188376,68780931739,743363
68700000000,69000000000,68780931739,68780931740,1
68700000000,69000000000,68780931740,68780931741,1
68700000000,69000000000,68780931741,68782712486,1780745
68700000000,69000000000,68782712486,68788569210,5856724
68700000000,69000000000,68788569210,68826616642,38047432
68700000000,69000000000,68826616642,68832841386,6224744
68700000000,69000000000,68832841386,68835130279,2288893
68700000000,69000000000,68835130279,68837867590,2737311
68700000000,69000000000,68837867590,68846939065,9071475
68700000000,69000000000,68846939065,68856460253,9521188
68700000000,69000000000,68856460253,68857401845,941592
68700000000,69000000000,68857401845,68880038238,22636393
68700000000,69000000000,68880038238,68881684559,1646321
68700000000,69000000000,68881684559,68896192371,14507812
68700000000,69000000000,68896192371,68897016373,824002
68700000000,69000000000,68897016373,68898643904,1627531
68700000000,69000000000,68898643904,68910767119,12123215
68700000000,69000000000,68910767119,68913306722,2539603
68700000000,69000000000,68913306722,68915627429,2320707
68700000000,69000000000,68915627429,68917667307,2039878
68700000000,69000000000,68917667307,68925948012,8280705
68700000000,69000000000,68925948012,68925955701,7689
68700000000,69000000000,68925955701,68930828415,4872714
68700000000,69000000000,68930828415,68958918679,28090264
68700000000,69000000000,68958918679,68958929526,10847
68700000000,69000000000,68958929526,68958931771,2245
68700000000,69000000000,68958931771,68960657557,1725786
68700000000,69000000000,68960657557,68960657558,1
68700000000,69000000000,68960657558,68960675602,18044
68700000000,69000000000,68960675602,68975576852,14901250
68700000000,69000000000,68975576852,68977174681,1597829
68700000000,69000000000,68977174681,68977992693,818012
68700000000,69000000000,68977992693,68980448996,2456303
68700000000,69000000000,68980448996,68995927147,15478151
68700000000,69000000000,68995927147,68996715314,788167
68700000000,69000000000,68996715314,68997534714,819400
68700000000,69000000000,68997534714,68997534715,1
69000000000,69300000000,69004323178,69006789563,2466385
69000000000,69300000000,69006789563,69009217367,2427804
69000000000,69300000000,69009217367,69011930786,2713419
69000000000,69300000000,69011930786,69014156070,2225284
69000000000,69300000000,69014156070,69020822619,6666549
69000000000,69300000000,69020822619,69020828788,6169
69000000000,69300000000,69020828788,69028901920,8073132
69000000000,69300000000,69028901920,69028907066,5146
69000000000,69300000000,69028907066,69028909794,2728
69000000000,69300000000,69028909794,69039895251,10985457
69000000000,69300000000,69039895251,69039906862,11611
69000000000,69300000000,69039906862,69046936787,7029925
69000000000,69300000000,69046936787,69046941988,5201
69000000000,69300000000,69046941988,69046944263,2275
69000000000,69300000000,69046944263,69048002766,1058503
69000000000,69300000000,69048002766,69049586218,1583452
69000000000,69300000000,69049586218,69051801799,2215581
69000000000,69300000000,69051801799,69051823048,21249
69000000000,69300000000,69051823048,69054016148,2193100
69000000000,69300000000,69054016148,69059845644,5829496
69000000000,69300000000,69059845644,69059847998,2354
69000000000,69300000000,69059847998,69059850656,2658
69000000000,69300000000,69059850656,69064710305,4859649
69000000000,69300000000,69064710305,69068470398,3760093
69000000000,69300000000,69068470398,69071231129,2760731
69000000000,69300000000,69071231129,69080475166,9244037
69000000000,69300000000,69080475166,69080477315,2149
69000000000,69300000000,69080477315,69085232971,4755656
69000000000,69300000000,69085232971,69093373427,8140456
69000000000,69300000000,69093373427,69103630505,10257078
69000000000,69300000000,69103630505,69103639235,8730
69000000000,69300000000,69103639235,69105530374,1891139
69000000000,69300000000,69105530374,69109741010,4210636
69000000000,69300000000,69109741010,69109741011,1
69000000000,69300000000,69109741011,69109741012,1
69000000000,69300000000,69109741012,69109741042,30
69000000000,69300000000,69109741042,69112820976,3079934
69000000000,69300000000,69112820976,69116092047,3271071
69000000000,69300000000,69116092047,69125582750,9490703
69000000000,69300000000,69125582750,69136175782,10593032
69000000000,69300000000,69136175782,69137947394,1771612
69000000000,69300000000,69137947394,69138828599,881205
69000000000,69300000000,69138828599,69147426187,8597588
69000000000,69300000000,69147426187,69150360146,2933959
69000000000,69300000000,69150360146,69163764910,13404764
69000000000,69300000000,69163764910,69169239530,5474620
69000000000,69300000000,69169239530,69170771735,1532205
69000000000,69300000000,69170771735,69170771736,1
69000000000,69300000000,69170771736,69170771737,1
69000000000,69300000000,69170771737,69181870723,11098986
69000000000,69300000000,69181870723,69182736803,866080
69000000000,69300000000,69182736803,69200179630,17442827
69000000000,69300000000,69200179630,69200182296,2666
69000000000,69300000000,69200182296,69200184270,1974
69000000000,69300000000,69200184270,69230186754,30002484
69000000000,69300000000,69230186754,69232119917,1933163
69000000000,69300000000,69232119917,69232119918,1
69000000000,69300000000,69232119918,69232139210,19292
69000000000,69300000000,69232139210,69242748487,10609277
69000000000,69300000000,69242748487,69242763604,15117
69000000000,69300000000,69242763604,69249807971,7044367
69000000000,69300000000,69249807971,69249814133,6162
69000000000,69300000000,69249814133,69250684259,870126
69000000000,69300000000,69250684259,69251465088,780829
69000000000,69300000000,69251465088,69252247044,781956
69000000000,69300000000,69252247044,69270537443,18290399
69000000000,69300000000,69270537443,69273410015,2872572
69000000000,69300000000,69273410015,69274204425,794410
69000000000,69300000000,69274204425,69274206940,2515
69000000000,69300000000,69274206940,69274209214,2274
69000000000,69300000000,69274209214,69274211009,1795
69000000000,69300000000,69274211009,69274212927,1918
69000000000,69300000000,69274212927,69291523608,17310681
69000000000,69300000000,69291523608,69292303146,779538
69000000000,69300000000,69292303146,69292307155,4009
69000000000,69300000000,69292307155,69295095032,2787877
69300000000,69600000000,69302004510,69307995910,5991400
69300000000,69600000000,69307995910,69307995911,1
69300000000,69600000000,69307995911,69312139053,4143142
69300000000,69600000000,69312139053,69321549396,9410343
69300000000,69600000000,69321549396,69321552819,3423
69300000000,69600000000,69321552819,69321557302,4483
69300000000,69600000000,69321557302,69321559574,2272
69300000000,69600000000,69321559574,69322959588,1400014
69300000000,69600000000,69322959588,69324658540,1698952
69300000000,69600000000,69324658540,69340520019,15861479
69300000000,69600000000,69340520019,69340556690,36671
69300000000,69600000000,69340556690,69344490102,3933412
69300000000,69600000000,69344490102,69366976917,22486815
69300000000,69600000000,69366976917,69368422023,1445106
69300000000,69600000000,69368422023,69369322569,900546
69300000000,69600000000,69369322569,69370183718,861149
69300000000,69600000000,69370183718,69370985394,801676
69300000000,69600000000,69370985394,69372154875,1169481
69300000000,69600000000,69372154875,69372471551,316676
69300000000,69600000000,69372471551,69373564314,1092763
69300000000,69600000000,69373564314,69376212661,2648347
69300000000,69600000000,69376212661,69398029501,21816840
69300000000,69600000000,69398029501,69398033874,4373
69300000000,69600000000,69398033874,69399456087,1422213
69300000000,69600000000,69399456087,69399456088,1
69300000000,69600000000,69399456088,69406227644,6771556
69300000000,69600000000,69406227644,69410118352,3890708
69300000000,69600000000,69410118352,69411765426,1647074
69300000000,69600000000,69411765426,69426983756,15218330
69300000000,69600000000,69426983756,69426987937,4181
69300000000,69600000000,69426987937,69444906013,17918076
69300000000,69600000000,69444906013,69444913308,7295
69300000000,69600000000,69444913308,69447180190,2266882
69300000000,69600000000,69447180190,69447180191,1
69300000000,69600000000,69447180191,69447181016,825
69300000000,69600000000,69447181016,69447181017,1
69300000000,69600000000,69447181017,69447181018,1
69300000000,69600000000,69447181018,69448006053,825035
69300000000,69600000000,69448006053,69456722911,8716858
69300000000,69600000000,69456722911,69460451933,3729022
69300000000,69600000000,69460451933,69478571355,18119422
69300000000,69600000000,69478571355,69478574162,2807
69300000000,69600000000,69478574162,69478576442,2280
69300000000,69600000000,69478576442,69479372553,796111
69300000000,69600000000,69479372553,69482036244,2663691
69300000000,69600000000,69482036244,69485209763,3173519
69300000000,69600000000,69485209763,69487992721,2782958
69300000000,69600000000,69487992721,69490659192,2666471
69300000000,69600000000,69490659192,69496686494,6027302
69300000000,69600000000,69496686494,69496703384,16890
69300000000,69600000000,69496703384,69506825567,10122183
69300000000,69600000000,69506825567,69509611364,2785797
69300000000,69600000000,69509611364,69513100989,3489625
69300000000,69600000000,69513100989,69541666580,28565591
69300000000,69600000000,69541666580,69541672862,6282
69300000000,69600000000,69541672862,69543463706,1790844
69300000000,69600000000,69543463706,69543463707,1
69300000000,69600000000,69543463707,69543486838,23131
69300000000,69600000000,69543486838,69543541352,54514
69300000000,69600000000,69543541352,69545443538,1902186
69300000000,69600000000,69545443538,69546430639,987101
69300000000,69600000000,69546430639,69548486838,2056199
69300000000,69600000000,69548486838,69549546174,1059336
69300000000,69600000000,69549546174,69552617474,3071300
69300000000,69600000000,69552617474,69558655973,6038499
69300000000,69600000000,69558655973,69558665100,9127
69300000000,69600000000,69558665100,69558667001,1901
69300000000,69600000000,69558667001,69558669419,2418
69300000000,69600000000,69558669419,69561456256,2786837
69300000000,69600000000,69561456256,69562388423,932167
69300000000,69600000000,69562388423,69565643485,3255062
69300000000,69600000000,69565643485,69572981322,7337837
69300000000,69600000000,69572981322,69574985203,2003881
69300000000,69600000000,69574985203,69574991475,6272
69300000000,69600000000,69574991475,69577679694,2688219
69300000000,69600000000,69577679694,69581560391,3880697
69300000000,69600000000,69581560391,69584727601,3167210
69300000000,69600000000,69584727601,69598103025,13375424
69600000000,69900000000,69602796682,69602800763,4081
69600000000,69900000000,69602800763,69604396316,1595553
69600000000,69900000000,69604396316,69604396317,1
69600000000,69900000000,69604396317,69606118193,1721876
69600000000,69900000000,69606118193,69612913628,6795435
69600000000,69900000000,69612913628,69612915494,1866
69600000000,69900000000,69612915494,69620231557,7316063
69600000000,69900000000,69620231557,69620248386,16829
69600000000,69900000000,69620248386,69620251093,2707
69600000000,69900000000,69620251093,69620253563,2470
69600000000,69900000000,69620253563,69624096942,3843379
69600000000,69900000000,69624096942,69637813337,13716395
69600000000,69900000000,69637813337,69637817794,4457
69600000000,69900000000,69637817794,69637820325,2531
69600000000,69900000000,69637820325,69639803896,1983571
69600000000,69900000000,69639803896,69653065406,13261510
69600000000,69900000000,69653065406,69656742095,3676689
69600000000,69900000000,69656742095,69663223910,6481815
69600000000,69900000000,69663223910,69665697672,2473762
69600000000,69900000000,69665697672,69668241386,2543714
69600000000,69900000000,69668241386,69672368463,4127077
69600000000,69900000000,69672368463,69674179658,1811195
69600000000,69900000000,69674179658,69674958610,778952
69600000000,69900000000,69674958610,69677540668,2582058
69600000000,69900000000,69677540668,69686791561,9250893
69600000000,69900000000,69686791561,69689203406,2411845
69600000000,69900000000,69689203406,69691841886,2638480
69600000000,69900000000,69691841886,69693780688,1938802
69600000000,69900000000,69693780688,69693780689,1
69600000000,69900000000,69693780689,69693780690,1
69600000000,69900000000,69693780690,69696389641,2608951
69600000000,69900000000,69696389641,69711954494,15564853
69600000000,69900000000,69711954494,69713580007,1625513
69600000000,69900000000,69713580007,69713580008,1
69600000000,69900000000,69713580008,69724162732,10582724
69600000000,69900000000,69724162732,69732761800,8599068
69600000000,69900000000,69732761800,69732774358,12558
69600000000,69900000000,69732774358,69732782337,7979
69600000000,69900000000,69732782337,69732789434,7097
69600000000,69900000000,69732789434,69733577901,788467
69600000000,69900000000,69733577901,69738278210,4700309
69600000000,69900000000,69738278210,69741878103,3599893
69600000000,69900000000,69741878103,69741880492,2389
69600000000,69900000000,69741880492,69741883395,2903
69600000000,69900000000,69741883395,69741885411,2016
69600000000,69900000000,69741885411,69741887287,1876
69600000000,69900000000,69741887287,69741891617,4330
69600000000,69900000000,69741891617,69741893708,2091
69600000000,69900000000,69741893708,69743596866,1703158
69600000000,69900000000,69743596866,69743596867,1
69600000000,69900000000,69743596867,69745591754,1994887
69600000000,69900000000,69745591754,69748373441,2781687
69600000000,69900000000,69748373441,69760697836,12324395
69600000000,69900000000,69760697836,69760704778,6942
69600000000,69900000000,69760704778,69763122351,2417573
69600000000,69900000000,69763122351,69763122390,39
69600000000,69900000000,69763122390,69763122391,1
69600000000,69900000000,69763122391,69764427774,1305383
69600000000,69900000000,69764427774,69774315151,9887377
69600000000,69900000000,69774315151,69775177641,862490
69600000000,69900000000,69775177641,69784216257,9038616
69600000000,69900000000,69784216257,69792965891,8749634
69600000000,69900000000,69792965891,69794671782,1705891
69600000000,69900000000,69794671782,69795555012,883230
69600000000,69900000000,69795555012,69801635367,6080355
69600000000,69900000000,69801635367,69804841760,3206393
69600000000,69900000000,69804841760,69804845181,3421
69600000000,69900000000,69804845181,69804847296,2115
69600000000,69900000000,69804847296,69810655076,5807780
69600000000,69900000000,69810655076,69818020669,7365593
69600000000,69900000000,69818020669,69830758196,12737527
69600000000,69900000000,69830758196,69830761583,3387
69600000000,69900000000,69830761583,69847889100,17127517
69600000000,69900000000,69847889100,69847895244,6144
69600000000,69900000000,69847895244,69847898207,2963
69600000000,69900000000,69847898207,69847900869,2662
69600000000,69900000000,69847900869,69857824778,9923909
69600000000,69900000000,69857824778,69864887498,7062720
69600000000,69900000000,69864887498,69880252724,15365226
69600000000,69900000000,69880252724,69881919180,1666456
69600000000,69900000000,69881919180,69883575008,1655828
69600000000,69900000000,69883575008,69885198808,1623800
69600000000,69900000000,69885198808,69886033578,834770
69600000000,69900000000,69886033578,69887686179,1652601
69900000000,70200000000,69900433289,69902274491,1841202
69900000000,70200000000,69902274491,69903035180,760689
69900000000,70200000000,69903035180,69906132699,3097519
69900000000,70200000000,69906132699,69906148695,15996
69900000000,70200000000,69906148695,69907859787,1711092
69900000000,70200000000,69907859787,69907871859,12072
69900000000,70200000000,69907871859,69907883366,11507
69900000000,70200000000,69907883366,69907888242,4876
69900000000,70200000000,69907888242,69907891052,2810
69900000000,70200000000,69907891052,69907893465,2413
69900000000,70200000000,69907893465,69907896317,2852
69900000000,70200000000,69907896317,69907898897,2580
69900000000,70200000000,69907898897,69907901978,3081
69900000000,70200000000,69907901978,69907910855,8877
69900000000,70200000000,69907910855,69907916045,5190
69900000000,70200000000,69907916045,69913045172,5129127
69900000000,70200000000,69913045172,69913045173,1
69900000000,70200000000,69913045173,69913045215,42
69900000000,70200000000,69913045215,69913045216,1
69900000000,70200000000,69913045216,69913045217,1
69900000000,70200000000,69913045217,69916055567,3010350
69900000000,70200000000,69916055567,69917786479,1730912
69900000000,70200000000,69917786479,69919705116,1918637
69900000000,70200000000,69919705116,69920579770,874654
69900000000,70200000000,69920579770,69924954871,4375101
69900000000,70200000000,69924954871,69928978248,4023377
69900000000,70200000000,69928978248,69928982085,3837
69900000000,70200000000,69928982085,69928984472,2387
69900000000,70200000000,69928984472,69928986585,2113
69900000000,70200000000,69928986585,69928988527,1942
69900000000,70200000000,69928988527,69939823701,10835174
69900000000,70200000000,69939823701,69944868777,5045076
69900000000,70200000000,69944868777,69948841540,3972763
69900000000,70200000000,69948841540,69948844444,2904
69900000000,70200000000,69948844444,69948846820,2376
69900000000,70200000000,69948846820,69948853679,6859
69900000000,70200000000,69948853679,69964249210,15395531
69900000000,70200000000,69964249210,69968418168,4168958
69900000000,70200000000,69968418168,69974592885,6174717
69900000000,70200000000,69974592885,69994678171,20085286
69900000000,70200000000,69994678171,69999216685,4538514
69900000000,70200000000,69999216685,70012303035,13086350
69900000000,70200000000,70012303035,70012316355,13320
69900000000,70200000000,70012316355,70012381743,65388
69900000000,70200000000,70012381743,70012398861,17118
69900000000,70200000000,70012398861,70012401567,2706
69900000000,70200000000,70012401567,70025043174,12641607
69900000000,70200000000,70025043174,70025079079,35905
69900000000,70200000000,70025079079,70025873024,793945
69900000000,70200000000,70025873024,70026651374,778350
69900000000,70200000000,70026651374,70046499990,19848616
69900000000,70200000000,70046499990,70058687955,12187965
69900000000,70200000000,70058687955,70070090573,11402618
69900000000,70200000000,70070090573,70070094917,4344
69900000000,70200000000,70070094917,70070100039,5122
69900000000,70200000000,70070100039,70070101930,1891
69900000000,70200000000,70070101930,70073668978,3567048
69900000000,70200000000,70073668978,70073669021,43
69900000000,70200000000,70073669021,70073669085,64
69900000000,70200000000,70073669085,70073669086,1
69900000000,70200000000,70073669086,70074322021,652935
69900000000,70200000000,70074322021,70074327366,5345
69900000000,70200000000,70074327366,70075081740,754374
69900000000,70200000000,70075081740,70076814269,1732529
69900000000,70200000000,70076814269,70076814289,20
69900000000,70200000000,70076814289,70076840860,26571
69900000000,70200000000,70076840860,70077797402,956542
69900000000,70200000000,70077797402,70078570028,772626
69900000000,70200000000,70078570028,70078580992,10964
69900000000,70200000000,70078580992,70087846165,9265173
69900000000,70200000000,70087846165,70087849781,3616
69900000000,70200000000,70087849781,70087854305,4524
69900000000,70200000000,70087854305,70090081191,2226886
69900000000,70200000000,70090081191,70090090365,9174
69900000000,70200000000,70090090365,70090882945,792580
69900000000,70200000000,70090882945,70091658270,775325
69900000000,70200000000,70091658270,70094300689,2642419
69900000000,70200000000,70094300689,70108672986,14372297
69900000000,70200000000,70108672986,70108677218,4232
69900000000,70200000000,70108677218,70110296855,1619637
69900000000,70200000000,70110296855,70126470789,16173934
69900000000,70200000000,70126470789,70126501394,30605
69900000000,70200000000,70126501394,70126503937,2543
69900000000,70200000000,70126503937,70126515177,11240
69900000000,70200000000,70126515177,70126526052,10875
69900000000,70200000000,70126526052,70128500880,1974828
69900000000,70200000000,70128500880,70128500881,1
69900000000,70200000000,70128500881,70128500882,1
69900000000,70200000000,70128500882,70128501101,219
69900000000,70200000000,70128501101,70128501102,1
69900000000,70200000000,70128501102,70138529606,10028504
69900000000,70200000000,70138529606,70141165714,2636108
69900000000,70200000000,70141165714,70143651841,2486127
69900000000,70200000000,70143651841,70143655523,3682
69900000000,70200000000,70143655523,70151759023,8103500
69900000000,70200000000,70151759023,70162785343,11026320
69900000000,70200000000,70162785343,70164388124,1602781
69900000000,70200000000,70164388124,70164388125,1
69900000000,70200000000,70164388125,70164388126,1
69900000000,70200000000,70164388126,70164919673,531547
69900000000,70200000000,70164919673,70165733791,814118
69900000000,70200000000,70165733791,70173805733,8071942
69900000000,70200000000,70173805733,70179713976,5908243
69900000000,70200000000,70179713976,70180835902,1121926
69900000000,70200000000,70180835902,70180848396,12494
69900000000,70200000000,70180848396,70180857539,9143
69900000000,70200000000,70180857539,70183215583,2358044
69900000000,70200000000,70183215583,70183216160,577
69900000000,70200000000,70183216160,70183216161,1
69900000000,70200000000,70183216161,70183216162,1
69900000000,70200000000,70183216162,70183216198,36
69900000000,70200000000,70183216198,70183216199,1
69900000000,70200000000,70183216199,70183216200,1
69900000000,70200000000,70183216200,70183584201,368001
69900000000,70200000000,70183584201,70184355680,771479
69900000000,70200000000,70184355680,70184360161,4481
69900000000,70200000000,70184360161,70185924419,1564258
69900000000,70200000000,70185924419,70189600811,3676392
69900000000,70200000000,70189600811,70189600812,1
69900000000,70200000000,70189600812,70189704282,103470
70200000000,70500000000,70200310580,70211629977,11319397
70200000000,70500000000,70211629977,70211629978,1
70200000000,70500000000,70211629978,70237250452,25620474
70200000000,70500000000,70237250452,70238133509,883057
70200000000,70500000000,70238133509,70238144435,10926
70200000000,70500000000,70238144435,70239062332,917897
70200000000,70500000000,70239062332,70239968371,906039
70200000000,70500000000,70239968371,70239978611,10240
70200000000,70500000000,70239978611,70242583200,2604589
70200000000,70500000000,70242583200,70248610096,6026896
70200000000,70500000000,70248610096,70250277463,1667367
70200000000,70500000000,70250277463,70250297181,19718
70200000000,70500000000,70250297181,70252785118,2487937
70200000000,70500000000,70252785118,70252785119,1
70200000000,70500000000,70252785119,70258197217,5412098
70200000000,70500000000,70258197217,70260487217,2290000
70200000000,70500000000,70260487217,70265371341,4884124
70200000000,70500000000,70265371341,70269022171,3650830
70200000000,70500000000,70269022171,70269027227,5056
70200000000,70500000000,70269027227,70269033241,6014
70200000000,70500000000,70269033241,70269036802,3561
70200000000,70500000000,70269036802,70269038920,2118
70200000000,70500000000,70269038920,70269042716,3796
70200000000,70500000000,70269042716,70269045077,2361
70200000000,70500000000,70269045077,70269049154,4077
70200000000,70500000000,70269049154,70273827919,4778765
70200000000,70500000000,70273827919,70273827961,42
70200000000,70500000000,70273827961,70273828010,49
70200000000,70500000000,70273828010,70278321681,4493671
70200000000,70500000000,70278321681,70286963280,8641599
70200000000,70500000000,70286963280,70293222861,6259581
70200000000,70500000000,70293222861,70308119374,14896513
70200000000,70500000000,70308119374,70310705091,2585717
70200000000,70500000000,70310705091,70310707087,1996
70200000000,70500000000,70310707087,70310709600,2513
70200000000,70500000000,70310709600,70312588384,1878784
70200000000,70500000000,70312588384,70320565859,7977475
70200000000,70500000000,70320565859,70327121288,6555429
70200000000,70500000000,70327121288,70328972144,1850856
70200000000,70500000000,70328972144,70328982000,9856
70200000000,70500000000,70328982000,70328986203,4203
70200000000,70500000000,70328986203,70330624814,1638611
70200000000,70500000000,70330624814,70331474362,849548
70200000000,70500000000,70331474362,70331474405,43
70200000000,70500000000,70331474405,70331474444,39
70200000000,70500000000,70331474444,70331474445,1
70200000000,70500000000,70331474445,70331474446,1
70200000000,70500000000,70331474446,70333159901,1685455
70200000000,70500000000,70333159901,70341313821,8153920
70200000000,70500000000,70341313821,70341319382,5561
70200000000,70500000000,70341319382,70343009537,1690155
70200000000,70500000000,70343009537,70347330611,4321074
70200000000,70500000000,70347330611,70360780203,13449592
70200000000,70500000000,70360780203,70377490400,16710197
70200000000,70500000000,70377490400,70379219155,1728755
70200000000,70500000000,70379219155,70390943529,11724374
70200000000,70500000000,70390943529,70390947945,4416
70200000000,70500000000,70390947945,70398689430,7741485
70200000000,70500000000,70398689430,70398737975,48545
70200000000,70500000000,70398737975,70408941706,10203731
70200000000,70500000000,70408941706,70438034321,29092615
70200000000,70500000000,70438034321,70447100902,9066581
70200000000,70500000000,70447100902,70452931562,5830660
70200000000,70500000000,70452931562,70466781051,13849489
70200000000,70500000000,70466781051,70466873483,92432
70200000000,70500000000,70466873483,70468348923,1475440
70200000000,70500000000,70468348923,70469202849,853926
70200000000,70500000000,70469202849,70483647268,14444419
70200000000,70500000000,70483647268,70483651365,4097
70200000000,70500000000,70483651365,70485194743,1543378
70200000000,70500000000,70485194743,70485194744,1
70200000000,70500000000,70485194744,70486735744,1541000
70500000000,70800000000,70501948666,70512562098,10613432
70500000000,70800000000,70512562098,70512568966,6868
70500000000,70800000000,70512568966,70527355548,14786582
70500000000,70800000000,70527355548,70528802332,1446784
70500000000,70800000000,70528802332,70532333488,3531156
70500000000,70800000000,70532333488,70545237186,12903698
70500000000,70800000000,70545237186,70545248319,11133
70500000000,70800000000,70545248319,70545252001,3682
70500000000,70800000000,70545252001,70547526132,2274131
70500000000,70800000000,70547526132,70547526704,572
70500000000,70800000000,70547526704,70547526705,1
70500000000,70800000000,70547526705,70553045701,5518996
70500000000,70800000000,70553045701,70556522657,3476956
70500000000,70800000000,70556522657,70562865627,6342970
70500000000,70800000000,70562865627,70562872127,6500
70500000000,70800000000,70562872127,70562877285,5158
70500000000,70800000000,70562877285,70562882595,5310
70500000000,70800000000,70562882595,70567298448,4415853
70500000000,70800000000,70567298448,70567298473,25
70500000000,70800000000,70567298473,70567298512,39
70500000000,70800000000,70567298512,70569019691,1721179
70500000000,70800000000,70569019691,70578083636,9063945
70500000000,70800000000,70578083636,70579081475,997839
70500000000,70800000000,70579081475,70580879066,1797591
70500000000,70800000000,70580879066,70580885477,6411
70500000000,70800000000,70580885477,70580888070,2593
70500000000,70800000000,70580888070,70590478099,9590029
70500000000,70800000000,70590478099,70599350144,8872045
70500000000,70800000000,70599350144,70599354644,4500
70500000000,70800000000,70599354644,70601057265,1702621
70500000000,70800000000,70601057265,70601057266,1
70500000000,70800000000,70601057266,70611787234,10729968
70500000000,70800000000,70611787234,70611789152,1918
70500000000,70800000000,70611789152,70611792711,3559
70500000000,70800000000,70611792711,70623895472,12102761
70500000000,70800000000,70623895472,70624701153,805681
70500000000,70800000000,70624701153,70624706529,5376
70500000000,70800000000,70624706529,70626347738,1641209
70500000000,70800000000,70626347738,70636880737,10532999
70500000000,70800000000,70636880737,70638450583,1569846
70500000000,70800000000,70638450583,70655925194,17474611
70500000000,70800000000,70655925194,70655941837,16643
70500000000,70800000000,70655941837,70671015396,15073559
70500000000,70800000000,70671015396,70671766903,751507
70500000000,70800000000,70671766903,70676720178,4953275
70500000000,70800000000,70676720178,70679187258,2467080
70500000000,70800000000,70679187258,70679904910,717652
70500000000,70800000000,70679904910,70679907037,2127
70500000000,70800000000,70679907037,70682364706,2457669
70500000000,70800000000,70682364706,70697320152,14955446
70500000000,70800000000,70697320152,70697325408,5256
70500000000,70800000000,70697325408,70697328307,2899
70500000000,70800000000,70697328307,70697330846,2539
70500000000,70800000000,70697330846,70699719257,2388411
70500000000,70800000000,70699719257,70700527894,808637
70500000000,70800000000,70700527894,70702232944,1705050
70500000000,70800000000,70702232944,70703008032,775088
70500000000,70800000000,70703008032,70703077479,69447
70500000000,70800000000,70703077479,70703086356,8877
70500000000,70800000000,70703086356,70703910444,824088
70500000000,70800000000,70703910444,70706119409,2208965
70500000000,70800000000,70706119409,70718152388,12032979
70500000000,70800000000,70718152388,70718154820,2432
70500000000,70800000000,70718154820,70718157491,2671
70500000000,70800000000,70718157491,70718162549,5058
70500000000,70800000000,70718162549,70718183555,21006
70500000000,70800000000,70718183555,70718197434,13879
70500000000,70800000000,70718197434,70718202426,4992
70500000000,70800000000,70718202426,70720813295,2610869
70500000000,70800000000,70720813295,70724278176,3464881
70500000000,70800000000,70724278176,70724278709,533
70500000000,70800000000,70724278709,70732155887,7877178
70500000000,70800000000,70732155887,70732155888,1
70500000000,70800000000,70732155888,70732155994,106
70500000000,70800000000,70732155994,70732155995,1
70500000000,70800000000,70732155995,70738546483,6390488
70500000000,70800000000,70738546483,70738549357,2874
70500000000,70800000000,70738549357,70741436357,2887000
70500000000,70800000000,70741436357,70746401829,4965472
70500000000,70800000000,70746401829,70750778927,4377098
70500000000,70800000000,70750778927,70752587057,1808130
70500000000,70800000000,70752587057,70754898419,2311362
70500000000,70800000000,70754898419,70774374541,19476122
70500000000,70800000000,70774374541,70774377825,3284
70500000000,70800000000,70774377825,70793130017,18752192
70500000000,70800000000,70793130017,70793140436,10419
70500000000,70800000000,70793140436,70794339249,1198813
70500000000,70800000000,70794339249,70796341133,2001884
70500000000,70800000000,70796341133,70796341262,129
70500000000,70800000000,70796341262,70796341263,1
70500000000,70800000000,70796341263,70798190398,1849135
70800000000,71100000000,70800257250,70803193735,2936485
70800000000,71100000000,70803193735,70805120819,1927084
70800000000,71100000000,70805120819,70806077979,957160
70800000000,71100000000,70806077979,70806083253,5274
70800000000,71100000000,70806083253,70808972310,2889057
70800000000,71100000000,70808972310,70818445561,9473251
70800000000,71100000000,70818445561,70819320117,874556
70800000000,71100000000,70819320117,70822039727,2719610
70800000000,71100000000,70822039727,70823810939,1771212
70800000000,71100000000,70823810939,70824908492,1097553
70800000000,71100000000,70824908492,70826560296,1651804
70800000000,71100000000,70826560296,70833252668,6692372
70800000000,71100000000,70833252668,70842967743,9715075
70800000000,71100000000,70842967743,70842971368,3625
70800000000,71100000000,70842971368,70842977366,5998
70800000000,71100000000,70842977366,70842980465,3099
70800000000,71100000000,70842980465,70842982880,2415
70800000000,71100000000,70842982880,70844821435,1838555
70800000000,71100000000,70844821435,70845779042,957607
70800000000,71100000000,70845779042,70851430826,5651784
70800000000,71100000000,70851430826,70853111021,1680195
70800000000,71100000000,70853111021,70854302296,1191275
70800000000,71100000000,70854302296,70855076315,774019
70800000000,71100000000,70855076315,70855971750,895435
70800000000,71100000000,70855971750,70857007978,1036228
70800000000,71100000000,70857007978,70860005212,2997234
70800000000,71100000000,70860005212,70861222764,1217552
70800000000,71100000000,70861222764,70861225099,2335
70800000000,71100000000,70861225099,70861233007,7908
70800000000,71100000000,70861233007,70861236169,3162
70800000000,71100000000,70861236169,70862056458,820289
70800000000,71100000000,70862056458,70863680889,1624431
70800000000,71100000000,70863680889,70863680890,1
70800000000,71100000000,70863680890,70863681019,129
70800000000,71100000000,70863681019,70863681195,176
70800000000,71100000000,70863681195,70864606083,924888
70800000000,71100000000,70864606083,70866518180,1912097
70800000000,71100000000,70866518180,70874094207,7576027
70800000000,71100000000,70874094207,70876805380,2711173
70800000000,71100000000,70876805380,70876828954,23574
70800000000,71100000000,70876828954,70877989024,1160070
70800000000,71100000000,70877989024,70877997248,8224
70800000000,71100000000,70877997248,70880932500,2935252
70800000000,71100000000,70880932500,70880935134,2634
70800000000,71100000000,70880935134,70880938148,3014
70800000000,71100000000,70880938148,70887789309,6851161
70800000000,71100000000,70887789309,70889538352,1749043
70800000000,71100000000,70889538352,70903807591,14269239
70800000000,71100000000,70903807591,70903835596,28005
70800000000,71100000000,70903835596,70903914020,78424
70800000000,71100000000,70903914020,70903931902,17882
70800000000,71100000000,70903931902,70903939160,7258
70800000000,71100000000,70903939160,70903943688,4528
70800000000,71100000000,70903943688,70903946780,3092
70800000000,71100000000,70903946780,70903949436,2656
70800000000,71100000000,70903949436,70903953844,4408
70800000000,71100000000,70903953844,70903956861,3017
70800000000,71100000000,70903956861,70903960736,3875
70800000000,71100000000,70903960736,70907564581,3603845
70800000000,71100000000,70907564581,70907564606,25
70800000000,71100000000,70907564606,70907564607,1
70800000000,71100000000,70907564607,70907564608,1
70800000000,71100000000,70907564608,70907564682,74
70800000000,71100000000,70907564682,70907564683,1
70800000000,71100000000,70907564683,70907564684,1
70800000000,71100000000,70907564684,70907564972,288
70800000000,71100000000,70907564972,70907564973,1
70800000000,71100000000,70907564973,70907564974,1
70800000000,71100000000,70907564974,70918538830,10973856
70800000000,71100000000,70918538830,70921332129,2793299
70800000000,71100000000,70921332129,70924130561,2798432
70800000000,71100000000,70924130561,70924135114,4553
70800000000,71100000000,70924135114,70927159713,3024599
70800000000,71100000000,70927159713,70943367849,16208136
70800000000,71100000000,70943367849,70943370043,2194
70800000000,71100000000,70943370043,70943382434,12391
70800000000,71100000000,70943382434,70949496591,6114157
70800000000,71100000000,70949496591,70952870757,3374166
70800000000,71100000000,70952870757,70975315396,22444639
70800000000,71100000000,70975315396,70998359056,23043660
70800000000,71100000000,70998359056,71000074751,1715695
70800000000,71100000000,71000074751,71000078937,4186
70800000000,71100000000,71000078937,71000081748,2811
70800000000,71100000000,71000081748,71000086353,4605
70800000000,71100000000,71000086353,71000088730,2377
70800000000,71100000000,71000088730,71000093268,4538
70800000000,71100000000,71000093268,71000097458,4190
70800000000,71100000000,71000097458,71000113656,16198
70800000000,71100000000,71000113656,71000129844,16188
70800000000,71100000000,71000129844,71000137230,7386
70800000000,71100000000,71000137230,71000154278,17048
70800000000,71100000000,71000154278,71004502427,4348149
70800000000,71100000000,71004502427,71004502516,89
70800000000,71100000000,71004502516,71004502631,115
70800000000,71100000000,71004502631,71004503225,594
70800000000,71100000000,71004503225,71004503226,1
70800000000,71100000000,71004503226,71004504260,1034
70800000000,71100000000,71004504260,71004504261,1
70800000000,71100000000,71004504261,71012733569,8229308
70800000000,71100000000,71012733569,71025443544,12709975
70800000000,71100000000,71025443544,71030099808,4656264
70800000000,71100000000,71030099808,71030102278,2470
70800000000,71100000000,71030102278,71030105150,2872
70800000000,71100000000,71030105150,71030107542,2392
70800000000,71100000000,71030107542,71030112671,5129
70800000000,71100000000,71030112671,71030117611,4940
70800000000,71100000000,71030117611,71030121213,3602
70800000000,71100000000,71030121213,71032975206,2853993
70800000000,71100000000,71032975206,71033888674,913468
70800000000,71100000000,71033888674,71033888675,1
70800000000,71100000000,71033888675,71033888738,63
70800000000,71100000000,71033888738,71033888791,53
70800000000,71100000000,71033888791,71033990738,101947
70800000000,71100000000,71033990738,71043439719,9448981
70800000000,71100000000,71043439719,71047829754,4390035
70800000000,71100000000,71047829754,71050968688,3138934
70800000000,71100000000,71050968688,71053535644,2566956
70800000000,71100000000,71053535644,71053539316,3672
70800000000,71100000000,71053539316,71053548480,9164
70800000000,71100000000,71053548480,71053552149,3669
70800000000,71100000000,71053552149,71053557776,5627
70800000000,71100000000,71053557776,71053567218,9442
70800000000,71100000000,71053567218,71053576799,9581
70800000000,71100000000,71053576799,71053587155,10356
70800000000,71100000000,71053587155,71053597920,10765
70800000000,71100000000,71053597920,71059974744,6376824
70800000000,71100000000,71059974744,71059974745,1
70800000000,71100000000,71059974745,71059974746,1
70800000000,71100000000,71059974746,71059974985,239
70800000000,71100000000,71059974985,71059975031,46
70800000000,71100000000,71059975031,71059975032,1
70800000000,71100000000,71059975032,71059975033,1
70800000000,71100000000,71059975033,71059975274,241
70800000000,71100000000,71059975274,71059975275,1
70800000000,71100000000,71059975275,71068270282,8295007
70800000000,71100000000,71068270282,71069407010,1136728
70800000000,71100000000,71069407010,71072637227,3230217
70800000000,71100000000,71072637227,71072641043,3816
70800000000,71100000000,71072641043,71075002877,2361834
70800000000,71100000000,71075002877,71075015071,12194
70800000000,71100000000,71075015071,71075016951,1880
70800000000,71100000000,71075016951,71075022918,5967
70800000000,71100000000,71075022918,71075031129,8211
70800000000,71100000000,71075031129,71075211795,180666
70800000000,71100000000,71075211795,71075221491,9696
70800000000,71100000000,71075221491,71075226986,5495
70800000000,71100000000,71075226986,71075229374,2388
70800000000,71100000000,71075229374,71079823493,4594119
70800000000,71100000000,71079823493,71079823599,106
70800000000,71100000000,71079823599,71079823600,1
70800000000,71100000000,71079823600,71079823601,1
70800000000,71100000000,71079823601,71079823854,253
70800000000,71100000000,71079823854,71079823918,64
70800000000,71100000000,71079823918,71085038886,5214968
70800000000,71100000000,71085038886,71091917512,6878626
70800000000,71100000000,71091917512,71097524473,5606961
70800000000,71100000000,71097524473,71097535977,11504
71100000000,71400000000,71100997185,71100997186,1
71100000000,71400000000,71100997186,71100997187,1
71100000000,71400000000,71100997187,71109051045,8053858
71100000000,71400000000,71109051045,71110169856,1118811
71100000000,71400000000,71110169856,71113311994,3142138
71100000000,71400000000,71113311994,71127331578,14019584
71100000000,71400000000,71127331578,71131187513,3855935
71100000000,71400000000,71131187513,71131234514,47001
71100000000,71400000000,71131234514,71132304214,1069700
71100000000,71400000000,71132304214,71134237389,1933175
71100000000,71400000000,71134237389,71134239918,2529
71100000000,71400000000,71134239918,71136451417,2211499
71100000000,71400000000,71136451417,71139352114,2900697
71100000000,71400000000,71139352114,71143603711,4251597
71100000000,71400000000,71143603711,71147807251,4203540
71100000000,71400000000,71147807251,71151091785,3284534
71100000000,71400000000,71151091785,71152991949,1900164
71100000000,71400000000,71152991949,71155334751,2342802
71100000000,71400000000,71155334751,71172251628,16916877
71100000000,71400000000,71172251628,71181431260,9179632
71100000000,71400000000,71181431260,71181457646,26386
71100000000,71400000000,71181457646,71182657726,1200080
71100000000,71400000000,71182657726,71183650610,992884
71100000000,71400000000,71183650610,71183689853,39243
71100000000,71400000000,71183689853,71183713960,24107
71100000000,71400000000,71183713960,71184732463,1018503
71100000000,71400000000,71184732463,71184927495,195032
71100000000,71400000000,71184927495,71187310736,2383241
71100000000,71400000000,71187310736,71190693521,3382785
71100000000,71400000000,71190693521,71194169989,3476468
71100000000,71400000000,71194169989,71196385717,2215728
71100000000,71400000000,71196385717,71197489136,1103419
71100000000,71400000000,71197489136,71203598395,6109259
71100000000,71400000000,71203598395,71215061080,11462685
71100000000,71400000000,71215061080,71215073739,12659
71100000000,71400000000,71215073739,71215092061,18322
71100000000,71400000000,71215092061,71217890778,2798717
71100000000,71400000000,71217890778,71234708221,16817443
71100000000,71400000000,71234708221,71245944689,11236468
71100000000,71400000000,71245944689,71248875329,2930640
71100000000,71400000000,71248875329,71248883964,8635
71100000000,71400000000,71248883964,71250681940,1797976
71100000000,71400000000,71250681940,71251596754,914814
71100000000,71400000000,71251596754,71252607441,1010687
71100000000,71400000000,71252607441,71262451743,9844302
71100000000,71400000000,71262451743,71268624636,6172893
71100000000,71400000000,71268624636,71268647405,22769
71100000000,71400000000,71268647405,71280062698,11415293
71100000000,71400000000,71280062698,71282589690,2526992
71100000000,71400000000,71282589690,71290707543,8117853
71100000000,71400000000,71290707543,71290725845,18302
71100000000,71400000000,71290725845,71295197739,4471894
71100000000,71400000000,71295197739,71302006441,6808702
71100000000,71400000000,71302006441,71323622390,21615949
71100000000,71400000000,71323622390,71324655478,1033088
71100000000,71400000000,71324655478,71324663987,8509
71100000000,71400000000,71324663987,71326786843,2122856
71100000000,71400000000,71326786843,71326786844,1
71100000000,71400000000,71326786844,71329873945,3087101
71100000000,71400000000,71329873945,71330973910,1099965
71100000000,71400000000,71330973910,71345828412,14854502
71100000000,71400000000,71345828412,71347685028,1856616
71100000000,71400000000,71347685028,71349697681,2012653
71100000000,71400000000,71349697681,71349697682,1
71100000000,71400000000,71349697682,71349697683,1
71100000000,71400000000,71349697683,71361420098,11722415
71100000000,71400000000,71361420098,71364949151,3529053
71100000000,71400000000,71364949151,71367589088,2639937
71100000000,71400000000,71367589088,71367604095,15007
71100000000,71400000000,71367604095,71368608844,1004749
71100000000,71400000000,71368608844,71370725722,2116878
71100000000,71400000000,71370725722,71370725723,1
71100000000,71400000000,71370725723,71375618372,4892649
71100000000,71400000000,71375618372,71394332014,18713642
71400000000,71700000000,71405334079,71411610649,6276570
71400000000,71700000000,71411610649,71412582545,971896
71400000000,71700000000,71412582545,71415081755,2499210
71400000000,71700000000,71415081755,71435448137,20366382
71400000000,71700000000,71435448137,71436440833,992696
71400000000,71700000000,71436440833,71447183125,10742292
71400000000,71700000000,71447183125,71447185688,2563
71400000000,71700000000,71447185688,71447188305,2617
71400000000,71700000000,71447188305,71447193144,4839
71400000000,71700000000,71447193144,71448229871,1036727
71400000000,71700000000,71448229871,71451367822,3137951
71400000000,71700000000,71451367822,71454345901,2978079
71400000000,71700000000,71454345901,71462917554,8571653
71400000000,71700000000,71462917554,71467144553,4226999
71400000000,71700000000,71467144553,71467996642,852089
71400000000,71700000000,71467996642,71469848107,1851465
71400000000,71700000000,71469848107,71469848108,1
71400000000,71700000000,71469848108,71472478597,2630489
71400000000,71700000000,71472478597,71477732722,5254125
71400000000,71700000000,71477732722,71487587283,9854561
71400000000,71700000000,71487587283,71510352379,22765096
71400000000,71700000000,71510352379,71514975428,4623049
71400000000,71700000000,71514975428,71514988243,12815
71400000000,71700000000,71514988243,71525941603,10953360
71400000000,71700000000,71525941603,71525944403,2800
71400000000,71700000000,71525944403,71535536387,9591984
71400000000,71700000000,71535536387,71537743468,2207081
71400000000,71700000000,71537743468,71539790283,2046815
71400000000,71700000000,71539790283,71544884314,5094031
71400000000,71700000000,71544884314,71544893820,9506
71400000000,71700000000,71544893820,71549665017,4771197
71400000000,71700000000,71549665017,71550483917,818900
71400000000,71700000000,71550483917,71551930478,1446561
71400000000,71700000000,71551930478,71562501185,10570707
71400000000,71700000000,71562501185,71563592170,1090985
71400000000,71700000000,71563592170,71563601832,9662
71400000000,71700000000,71563601832,71563612873,11041
71400000000,71700000000,71563612873,71563640190,27317
71400000000,71700000000,71563640190,71563646838,6648
71400000000,71700000000,71563646838,71563651618,4780
71400000000,71700000000,71563651618,71564786021,1134403
71400000000,71700000000,71564786021,71583903179,19117158
71400000000,71700000000,71583903179,71583909319,6140
71400000000,71700000000,71583909319,71587785561,3876242
71400000000,71700000000,71587785561,71593548717,5763156
71400000000,71700000000,71593548717,71596514602,2965885
71400000000,71700000000,71596514602,71605279888,8765286
71400000000,71700000000,71605279888,71605310447,30559
71400000000,71700000000,71605310447,71612433281,7122834
71400000000,71700000000,71612433281,71616170729,3737448
71400000000,71700000000,71616170729,71618052106,1881377
71400000000,71700000000,71618052106,71619066084,1013978
71400000000,71700000000,71619066084,71622336866,3270782
71400000000,71700000000,71622336866,71622431729,94863
71400000000,71700000000,71622431729,71626022032,3590303
71400000000,71700000000,71626022032,71630759613,4737581
71400000000,71700000000,71630759613,71642602173,11842560
71400000000,71700000000,71642602173,71643694843,1092670
71400000000,71700000000,71643694843,71643767026,72183
71400000000,71700000000,71643767026,71644962775,1195749
71400000000,71700000000,71644962775,71655747217,10784442
71400000000,71700000000,71655747217,71655775807,28590
71400000000,71700000000,71655775807,71660203272,4427465
71400000000,71700000000,71660203272,71662431693,2228421
71400000000,71700000000,71662431693,71665974251,3542558
71400000000,71700000000,71665974251,71683691519,17717268
71400000000,71700000000,71683691519,71687686488,3994969
71400000000,71700000000,71687686488,71689520015,1833527
71400000000,71700000000,71689520015,71689520016,1
71700000000,72000000000,71700614823,71701484263,869440
71700000000,72000000000,71701484263,71703766045,2281782
71700000000,72000000000,71703766045,71703799216,33171
71700000000,72000000000,71703799216,71704941951,1142735
71700000000,72000000000,71704941951,71706812622,1870671
71700000000,72000000000,71706812622,71706825207,12585
71700000000,72000000000,71706825207,71706883244,58037
71700000000,72000000000,71706883244,71709957309,3074065
71700000000,72000000000,71709957309,71709957310,1
71700000000,72000000000,71709957310,71709957311,1
71700000000,72000000000,71709957311,71728241436,18284125
71700000000,72000000000,71728241436,71728244670,3234
71700000000,72000000000,71728244670,71728247049,2379
71700000000,72000000000,71728247049,71728250171,3122
71700000000,72000000000,71728250171,71728252229,2058
71700000000,72000000000,71728252229,71728254494,2265
71700000000,72000000000,71728254494,71749133345,20878851
71700000000,72000000000,71749133345,71751881779,2748434
71700000000,72000000000,71751881779,71752880618,998839
71700000000,72000000000,71752880618,71752883477,2859
71700000000,72000000000,71752883477,71755784580,2901103
71700000000,72000000000,71755784580,71756750018,965438
71700000000,72000000000,71756750018,71756750019,1
71700000000,72000000000,71756750019,71763572566,6822547
71700000000,72000000000,71763572566,71772693245,9120679
71700000000,72000000000,71772693245,71774673772,1980527
71700000000,72000000000,71774673772,71787035530,12361758
71700000000,72000000000,71787035530,71787176041,140511
71700000000,72000000000,71787176041,71792235729,5059688
71700000000,72000000000,71792235729,71806517944,14282215
71700000000,72000000000,71806517944,71806526532,8588
71700000000,72000000000,71806526532,71806530163,3631
71700000000,72000000000,71806530163,71806551331,21168
71700000000,72000000000,71806551331,71812177236,5625905
71700000000,72000000000,71812177236,71812177237,1
71700000000,72000000000,71812177237,71821226628,9049391
71700000000,72000000000,71821226628,71823250171,2023543
71700000000,72000000000,71823250171,71826299096,3048925
71700000000,72000000000,71826299096,71827599659,1300563
71700000000,72000000000,71827599659,71827610031,10372
71700000000,72000000000,71827610031,71827612800,2769
71700000000,72000000000,71827612800,71828629438,1016638
71700000000,72000000000,71828629438,71829555625,926187
71700000000,72000000000,71829555625,71830598911,1043286
71700000000,72000000000,71830598911,71830598912,1
71700000000,72000000000,71830598912,71830598984,72
71700000000,72000000000,71830598984,71832555875,1956891
71700000000,72000000000,71832555875,71832595314,39439
71700000000,72000000000,71832595314,71834547774,1952460
71700000000,72000000000,71834547774,71835644986,1097212
71700000000,72000000000,71835644986,71836706694,1061708
71700000000,72000000000,71836706694,71844611285,7904591
71700000000,72000000000,71844611285,71844894865,283580
71700000000,72000000000,71844894865,71848069262,3174397
71700000000,72000000000,71848069262,71850684326,2615064
71700000000,72000000000,71850684326,71851727856,1043530
71700000000,72000000000,71851727856,71851744031,16175
71700000000,72000000000,71851744031,71851748360,4329
71700000000,72000000000,71851748360,71851753705,5345
71700000000,72000000000,71851753705,71852871992,1118287
71700000000,72000000000,71852871992,71856970804,4098812
71700000000,72000000000,71856970804,71856970805,1
71700000000,72000000000,71856970805,71870663964,13693159
71700000000,72000000000,71870663964,71873007634,2343670
71700000000,72000000000,71873007634,71873067831,60197
71700000000,72000000000,71873067831,71882423683,9355852
71700000000,72000000000,71882423683,71890017532,7593849
71700000000,72000000000,71890017532,71890101976,84444
71700000000,72000000000,71890101976,71895307640,5205664
71700000000,72000000000,71895307640,71898331705,3024065
71700000000,72000000000,71898331705,71914989550,16657845
71700000000,72000000000,71914989550,71917128110,2138560
71700000000,72000000000,71917128110,71917128111,1
71700000000,72000000000,71917128111,71932823240,15695129
71700000000,72000000000,71932823240,71932830131,6891
71700000000,72000000000,71932830131,71936064138,3234007
71700000000,72000000000,71936064138,71936064139,1
71700000000,72000000000,71936064139,71963461812,27397673
71700000000,72000000000,71963461812,71963468512,6700
71700000000,72000000000,71963468512,71965748632,2280120
71700000000,72000000000,71965748632,71968794320,3045688
71700000000,72000000000,71968794320,71993205598,24411278
71700000000,72000000000,71993205598,71999427597,6221999
71700000000,72000000000,71999427597,71999432748,5151
72000000000,72300000000,72001252048,72003215569,1963521
72000000000,72300000000,72003215569,72004080420,864851
72000000000,72300000000,72004080420,72014789281,10708861
72000000000,72300000000,72014789281,72028088204,13298923
72000000000,72300000000,72028088204,72028135874,47670
72000000000,72300000000,72028135874,72045582393,17446519
72000000000,72300000000,72045582393,72045588942,6549
72000000000,72300000000,72045588942,72045591617,2675
72000000000,72300000000,72045591617,72045593682,2065
72000000000,72300000000,72045593682,72054695446,9101764
72000000000,72300000000,72054695446,72055571016,875570
72000000000,72300000000,72055571016,72060429061,4858045
72000000000,72300000000,72060429061,72064912855,4483794
72000000000,72300000000,72064912855,72066648582,1735727
72000000000,72300000000,72066648582,72070091499,3442917
72000000000,72300000000,72070091499,72073622351,3530852
72000000000,72300000000,72073622351,72077238609,3616258
72000000000,72300000000,72077238609,72079301686,2063077
72000000000,72300000000,72079301686,72100485305,21183619
72000000000,72300000000,72100485305,72110482329,9997024
72000000000,72300000000,72110482329,72113940643,3458314
72000000000,72300000000,72113940643,72117120517,3179874
72000000000,72300000000,72117120517,72118921428,1800911
72000000000,72300000000,72118921428,72121518965,2597537
72000000000,72300000000,72121518965,72125687759,4168794
72000000000,72300000000,72125687759,72125699028,11269
72000000000,72300000000,72125699028,72126730797,1031769
72000000000,72300000000,72126730797,72126753856,23059
72000000000,72300000000,72126753856,72127708351,954495
72000000000,72300000000,72127708351,72127944954,236603
72000000000,72300000000,72127944954,72133152928,5207974
72000000000,72300000000,72133152928,72135746737,2593809
72000000000,72300000000,72135746737,72135749238,2501
72000000000,72300000000,72135749238,72153962039,18212801
72000000000,72300000000,72153962039,72153965118,3079
72000000000,72300000000,72153965118,72158130981,4165863
72000000000,72300000000,72158130981,72158130982,1
72000000000,72300000000,72158130982,72175390002,17259020
72000000000,72300000000,72175390002,72178223750,2833748
72000000000,72300000000,72178223750,72181336189,3112439
72000000000,72300000000,72181336189,72186894734,5558545
72000000000,72300000000,72186894734,72191016505,4121771
72000000000,72300000000,72191016505,72202281895,11265390
72000000000,72300000000,72202281895,72227896584,25614689
72000000000,72300000000,72227896584,72227896585,1
72000000000,72300000000,72227896585,72242300807,14404222
72000000000,72300000000,72242300807,72243488029,1187222
72000000000,72300000000,72243488029,72244362698,874669
72000000000,72300000000,72244362698,72252851333,8488635
72000000000,72300000000,72252851333,72252857066,5733
72000000000,72300000000,72252857066,72271583485,18726419
72000000000,72300000000,72271583485,72274414160,2830675
72000000000,72300000000,72274414160,72277321075,2906915
72000000000,72300000000,72277321075,72282266414,4945339
72000000000,72300000000,72282266414,72286764040,4497626
72000000000,72300000000,72286764040,72286774532,10492
72000000000,72300000000,72286774532,72289384017,2609485
72000000000,72300000000,72289384017,72289384058,41
72000000000,72300000000,72289384058,72289384059,1
72000000000,72300000000,72289384059,72291258827,1874768
72300000000,72600000000,72305754135,72307934999,2180864
72300000000,72600000000,72307934999,72317428179,9493180
72300000000,72600000000,72317428179,72331499690,14071511
72300000000,72600000000,72331499690,72331505509,5819
72300000000,72600000000,72331505509,72331507594,2085
72300000000,72600000000,72331507594,72335167341,3659747
72300000000,72600000000,72335167341,72346126482,10959141
72300000000,72600000000,72346126482,72351708949,5582467
72300000000,72600000000,72351708949,72351729464,20515
72300000000,72600000000,72351729464,72351736653,7189
72300000000,72600000000,72351736653,72351746221,9568
72300000000,72600000000,72351746221,72356885475,5139254
72300000000,72600000000,72356885475,72356920644,35169
72300000000,72600000000,72356920644,72356920645,1
72300000000,72600000000,72356920645,72358685705,1765060
72300000000,72600000000,72358685705,72361339472,2653767
72300000000,72600000000,72361339472,72362460443,1120971
72300000000,72600000000,72362460443,72371072018,8611575
72300000000,72600000000,72371072018,72373236838,2164820
72300000000,72600000000,72373236838,72373236839,1
72300000000,72600000000,72373236839,72390396845,17160006
72300000000,72600000000,72390396845,72392531601,2134756
72300000000,72600000000,72392531601,72392535378,3777
72300000000,72600000000,72392535378,72392559951,24573
72300000000,72600000000,72392559951,72395929172,3369221
72300000000,72600000000,72395929172,72401802057,5872885
72300000000,72600000000,72401802057,72414645184,12843127
72300000000,72600000000,72414645184,72433082994,18437810
72300000000,72600000000,72433082994,72433100342,17348
72300000000,72600000000,72433100342,72433112789,12447
72300000000,72600000000,72433112789,72435950261,2837472
72300000000,72600000000,72435950261,72437004756,1054495
72300000000,72600000000,72437004756,72443849816,6845060
72300000000,72600000000,72443849816,72477689283,33839467
72300000000,72600000000,72477689283,72477711499,22216
72300000000,72600000000,72477711499,72481443210,3731711
72300000000,72600000000,72481443210,72481470371,27161
72300000000,72600000000,72481470371,72484722972,3252601
72300000000,72600000000,72484722972,72486982597,2259625
72300000000,72600000000,72486982597,72498982528,11999931
72300000000,72600000000,72498982528,72501536865,2554337
72300000000,72600000000,72501536865,72501536866,1
72300000000,72600000000,72501536866,72517962342,16425476
72300000000,72600000000,72517962342,72517988283,25941
72300000000,72600000000,72517988283,72517993518,5235
72300000000,72600000000,72517993518,72525196035,7202517
72300000000,72600000000,72525196035,72525196036,1
72300000000,72600000000,72525196036,72528812513,3616477
72300000000,72600000000,72528812513,72541760895,12948382
72300000000,72600000000,72541760895,72541796127,35232
72300000000,72600000000,72541796127,72541806259,10132
72300000000,72600000000,72541806259,72541852394,46135
72300000000,72600000000,72541852394,72545281109,3428715
72300000000,72600000000,72545281109,72545281110,1
72300000000,72600000000,72545281110,72545281246,136
72300000000,72600000000,72545281246,72545281247,1
72300000000,72600000000,72545281247,72549052981,3771734
72300000000,72600000000,72549052981,72551250449,2197468
72300000000,72600000000,72551250449,72552135731,885282
72300000000,72600000000,72552135731,72559327179,7191448
72300000000,72600000000,72559327179,72561125584,1798405
72300000000,72600000000,72561125584,72561125585,1
72300000000,72600000000,72561125585,72571379741,10254156
72300000000,72600000000,72571379741,72572233375,853634
72300000000,72600000000,72572233375,72574263816,2030441
72300000000,72600000000,72574263816,72589692672,15428856
72600000000,72900000000,72600791944,72607841076,7049132
72600000000,72900000000,72607841076,72617981779,10140703
72600000000,72900000000,72617981779,72629302140,11320361
72600000000,72900000000,72629302140,72630722422,1420282
72600000000,72900000000,72630722422,72631440865,718443
72600000000,72900000000,72631440865,72634069263,2628398
72600000000,72900000000,72634069263,72637257983,3188720
72600000000,72900000000,72637257983,72637283592,25609
72600000000,72900000000,72637283592,72641089031,3805439
72600000000,72900000000,72641089031,72648668325,7579294
72600000000,72900000000,72648668325,72648673891,5566
72600000000,72900000000,72648673891,72648679267,5376
72600000000,72900000000,72648679267,72648681985,2718
72600000000,72900000000,72648681985,72648684386,2401
72600000000,72900000000,72648684386,72648719179,34793
72600000000,72900000000,72648719179,72651500321,2781142
72600000000,72900000000,72651500321,72651500322,1
72600000000,72900000000,72651500322,72651500411,89
72600000000,72900000000,72651500411,72653257273,1756862
72600000000,72900000000,72653257273,72654318066,1060793
72600000000,72900000000,72654318066,72655058005,739939
72600000000,72900000000,72655058005,72667962328,12904323
72600000000,72900000000,72667962328,72669085092,1122764
72600000000,72900000000,72669085092,72670204364,1119272
72600000000,72900000000,72670204364,72671107569,903205
72600000000,72900000000,72671107569,72672036809,929240
72600000000,72900000000,72672036809,72672062514,25705
72600000000,72900000000,72672062514,72672069079,6565
72600000000,72900000000,72672069079,72675060737,2991658
72600000000,72900000000,72675060737,72675060738,1
72600000000,72900000000,72675060738,72675060739,1
72600000000,72900000000,72675060739,72683435974,8375235
72600000000,72900000000,72683435974,72684946155,1510181
72600000000,72900000000,72684946155,72691973788,7027633
72600000000,72900000000,72691973788,72691973789,1
72600000000,72900000000,72691973789,72692015349,41560
72600000000,72900000000,72692015349,72693096282,1080933
72600000000,72900000000,72693096282,72695352865,2256583
72600000000,72900000000,72695352865,72695357617,4752
72600000000,72900000000,72695357617,72699304028,3946411
72600000000,72900000000,72699304028,72699318250,14222
72600000000,72900000000,72699318250,72703618346,4300096
72600000000,72900000000,72703618346,72703623970,5624
72600000000,72900000000,72703623970,72703632530,8560
72600000000,72900000000,72703632530,72704421763,789233
72600000000,72900000000,72704421763,72704424702,2939
72600000000,72900000000,72704424702,72705276080,851378
72600000000,72900000000,72705276080,72706143463,867383
72600000000,72900000000,72706143463,72708280996,2137533
72600000000,72900000000,72708280996,72710935257,2654261
72600000000,72900000000,72710935257,72712754523,1819266
72600000000,72900000000,72712754523,72718394731,5640208
72600000000,72900000000,72718394731,72719760471,1365740
72600000000,72900000000,72719760471,72721706789,1946318
72600000000,72900000000,72721706789,72731864361,10157572
72600000000,72900000000,72731864361,72731870279,5918
72600000000,72900000000,72731870279,72733883672,2013393
72600000000,72900000000,72733883672,72734788734,905062
72600000000,72900000000,72734788734,72738792228,4003494
72600000000,72900000000,72738792228,72739676599,884371
72600000000,72900000000,72739676599,72739679425,2826
72600000000,72900000000,72739679425,72739681814,2389
72600000000,72900000000,72739681814,72759261643,19579829
72600000000,72900000000,72759261643,72774032564,14770921
72600000000,72900000000,72774032564,72777182866,3150302
72600000000,72900000000,72777182866,72778339510,1156644
72600000000,72900000000,72778339510,72778344998,5488
72600000000,72900000000,72778344998,72780188913,1843915
72600000000,72900000000,72780188913,72785544135,5355222
72600000000,72900000000,72785544135,72788659140,3115005
72600000000,72900000000,72788659140,72788659141,1
72600000000,72900000000,72788659141,72788659213,72
72600000000,72900000000,72788659213,72788659214,1
72600000000,72900000000,72788659214,72790595482,1936268
72600000000,72900000000,72790595482,72796723605,6128123
72600000000,72900000000,72796723605,72798037075,1313470
72600000000,72900000000,72798037075,72799321301,1284226
72600000000,72900000000,72799321301,72800546624,1225323
72600000000,72900000000,72800546624,72824599724,24053100
72600000000,72900000000,72824599724,72832319299,7719575
72600000000,72900000000,72832319299,72835530715,3211416
72600000000,72900000000,72835530715,72838542739,3012024
72600000000,72900000000,72838542739,72847987538,9444799
72600000000,72900000000,72847987538,72853066504,5078966
72600000000,72900000000,72853066504,72854656364,1589860
72600000000,72900000000,72854656364,72855508603,852239
72600000000,72900000000,72855508603,72855521943,13340
72600000000,72900000000,72855521943,72856493465,971522
72600000000,72900000000,72856493465,72862152561,5659096
72600000000,72900000000,72862152561,72862163246,10685
72600000000,72900000000,72862163246,72872294116,10130870
72600000000,72900000000,72872294116,72872299773,5657
72600000000,72900000000,72872299773,72872303129,3356
72600000000,72900000000,72872303129,72872305192,2063
72600000000,72900000000,72872305192,72873267466,962274
72600000000,72900000000,72873267466,72875454278,2186812
72600000000,72900000000,72875454278,72888673032,13218754
72600000000,72900000000,72888673032,72890608406,1935374
72600000000,72900000000,72890608406,72890683570,75164
72600000000,72900000000,72890683570,72890688478,4908
72600000000,72900000000,72890688478,72892319078,1630600
72600000000,72900000000,72892319078,72896475418,4156340
72900000000,73200000000,72901444548,72906208367,4763819
72900000000,73200000000,72906208367,72917805125,11596758
72900000000,73200000000,72917805125,72919269812,1464687
72900000000,73200000000,72919269812,72920234192,964380
72900000000,73200000000,72920234192,72927218457,6984265
72900000000,73200000000,72927218457,72927221913,3456
72900000000,73200000000,72927221913,72930802709,3580796
72900000000,73200000000,72930802709,72932860228,2057519
72900000000,73200000000,72932860228,72935536492,2676264
72900000000,73200000000,72935536492,72941766993,6230501
72900000000,73200000000,72941766993,72943754799,1987806
72900000000,73200000000,72943754799,72945518495,1763696
72900000000,73200000000,72945518495,72946266467,747972
72900000000,73200000000,72946266467,72947019386,752919
72900000000,73200000000,72947019386,72947019387,1
72900000000,73200000000,72947019387,72948613740,1594353
72900000000,73200000000,72948613740,72956688836,8075096
72900000000,73200000000,72956688836,72971061590,14372754
72900000000,73200000000,72971061590,72977078692,6017102
72900000000,73200000000,72977078692,72978870364,1791672
72900000000,73200000000,72978870364,72984647275,5776911
72900000000,73200000000,72984647275,73003917513,19270238
72900000000,73200000000,73003917513,73021207398,17289885
72900000000,73200000000,73021207398,73028693106,7485708
72900000000,73200000000,73028693106,73029524497,831391
72900000000,73200000000,73029524497,73029528791,4294
72900000000,73200000000,73029528791,73034749490,5220699
72900000000,73200000000,73034749490,73036487100,1737610
72900000000,73200000000,73036487100,73040007202,3520102
72900000000,73200000000,73040007202,73044937913,4930711
72900000000,73200000000,73044937913,73060144218,15206305
72900000000,73200000000,73060144218,73062150861,2006643
72900000000,73200000000,73062150861,73063563444,1412583
72900000000,73200000000,73063563444,73063566052,2608
72900000000,73200000000,73063566052,73064381020,814968
72900000000,73200000000,73064381020,73065192172,811152
72900000000,73200000000,73065192172,73065192173,1
72900000000,73200000000,73065192173,73079024423,13832250
72900000000,73200000000,73079024423,73085477948,6453525
72900000000,73200000000,73085477948,73105982796,20504848
72900000000,73200000000,73105982796,73107808113,1825317
72900000000,73200000000,73107808113,73109539318,1731205
72900000000,73200000000,73109539318,73117830783,8291465
72900000000,73200000000,73117830783,73117834453,3670
72900000000,73200000000,73117834453,73142220374,24385921
72900000000,73200000000,73142220374,73170523612,28303238
72900000000,73200000000,73170523612,73184367375,13843763
72900000000,73200000000,73184367375,73189293674,4926299
72900000000,73200000000,73189293674,73189299870,6196
72900000000,73200000000,73189299870,73189301781,1911
72900000000,73200000000,73189301781,73191082228,1780447
72900000000,73200000000,73191082228,73191082315,87
72900000000,73200000000,73191082315,73195090988,4008673
72900000000,73200000000,73195090988,73195097800,6812
73200000000,73500000000,73207448175,73207454385,6210
73200000000,73500000000,73207454385,73207458108,3723
73200000000,73500000000,73207458108,73207461519,3411
73200000000,73500000000,73207461519,73209143960,1682441
73200000000,73500000000,73209143960,73209143961,1
73200000000,73500000000,73209143961,73215628015,6484054
73200000000,73500000000,73215628015,73215642898,14883
73200000000,73500000000,73215642898,73216506439,863541
73200000000,73500000000,73216506439,73220246143,3739704
73200000000,73500000000,73220246143,73227608031,7361888
73200000000,73500000000,73227608031,73227656903,48872
73200000000,73500000000,73227656903,73228862680,1205777
73200000000,73500000000,73228862680,73236695583,7832903
73200000000,73500000000,73236695583,73240225806,3530223
73200000000,73500000000,73240225806,73245263879,5038073
73200000000,73500000000,73245263879,73248372869,3108990
73200000000,73500000000,73248372869,73248376873,4004
73200000000,73500000000,73248376873,73248383280,6407
73200000000,73500000000,73248383280,73248386060,2780
73200000000,73500000000,73248386060,73248388597,2537
73200000000,73500000000,73248388597,73249323316,934719
73200000000,73500000000,73249323316,73251672700,2349384
73200000000,73500000000,73251672700,73251672883,183
73200000000,73500000000,73251672883,73256494406,4821523
73200000000,73500000000,73256494406,73259883658,3389252
73200000000,73500000000,73259883658,73261245892,1362234
73200000000,73500000000,73261245892,73261284042,38150
73200000000,73500000000,73261284042,73269344043,8060001
73200000000,73500000000,73269344043,73278494862,9150819
73200000000,73500000000,73278494862,73279556061,1061199
73200000000,73500000000,73279556061,73281794808,2238747
73200000000,73500000000,73281794808,73292997960,11203152
73200000000,73500000000,73292997960,73294072593,1074633
73200000000,73500000000,73294072593,73294078395,5802
73200000000,73500000000,73294078395,73295229708,1151313
73200000000,73500000000,73295229708,73297107757,1878049
73200000000,73500000000,73297107757,73315101066,17993309
73200000000,73500000000,73315101066,73315189206,88140
73200000000,73500000000,73315189206,73315212628,23422
73200000000,73500000000,73315212628,73319848389,4635761
73200000000,73500000000,73319848389,73319848441,52
73200000000,73500000000,73319848441,73319848519,78
73200000000,73500000000,73319848519,73319918019,69500
73200000000,73500000000,73319918019,73324462438,4544419
73200000000,73500000000,73324462438,73331368177,6905739
73200000000,73500000000,73331368177,73334405928,3037751
73200000000,73500000000,73334405928,73335401311,995383
73200000000,73500000000,73335401311,73335408838,7527
73200000000,73500000000,73335408838,73335413222,4384
73200000000,73500000000,73335413222,73338727102,3313880
73200000000,73500000000,73338727102,73341666121,2939019
73200000000,73500000000,73341666121,73345932624,4266503
73200000000,73500000000,73345932624,73346738388,805764
73200000000,73500000000,73346738388,73346751351,12963
73200000000,73500000000,73346751351,73346766974,15623
73200000000,73500000000,73346766974,73346773413,6439
73200000000,73500000000,73346773413,73353200705,6427292
73200000000,73500000000,73353200705,73357070830,3870125
73200000000,73500000000,73357070830,73357074144,3314
73200000000,73500000000,73357074144,73358731959,1657815
73200000000,73500000000,73358731959,73359851779,1119820
73200000000,73500000000,73359851779,73364497987,4646208
73200000000,73500000000,73364497987,73376047532,11549545
73200000000,73500000000,73376047532,73376049735,2203
73200000000,73500000000,73376049735,73376055260,5525
73200000000,73500000000,73376055260,73376057613,2353
73200000000,73500000000,73376057613,73376060111,2498
73200000000,73500000000,73376060111,73376062716,2605
73200000000,73500000000,73376062716,73381842655,5779939
73200000000,73500000000,73381842655,73395396084,13553429
73200000000,73500000000,73395396084,73397764828,2368744
73200000000,73500000000,73397764828,73399400490,1635662
73200000000,73500000000,73399400490,73401342722,1942232
73200000000,73500000000,73401342722,73406315153,4972431
73200000000,73500000000,73406315153,73407376428,1061275
73200000000,73500000000,73407376428,73407430350,53922
73200000000,73500000000,73407430350,73416386895,8956545
73200000000,73500000000,73416386895,73427304216,10917321
73200000000,73500000000,73427304216,73427309730,5514
73200000000,73500000000,73427309730,73429980373,2670643
73200000000,73500000000,73429980373,73430975411,995038
73200000000,73500000000,73430975411,73436895035,5919624
73200000000,73500000000,73436895035,73438093735,1198700
73200000000,73500000000,73438093735,73439956436,1862701
73200000000,73500000000,73439956436,73441506522,1550086
73200000000,73500000000,73441506522,73444428748,2922226
73200000000,73500000000,73444428748,73445185932,757184
73200000000,73500000000,73445185932,73445196293,10361
73200000000,73500000000,73445196293,73445209407,13114
73200000000,73500000000,73445209407,73445213883,4476
73200000000,73500000000,73445213883,73445216916,3033
73200000000,73500000000,73445216916,73445221143,4227
73200000000,73500000000,73445221143,73446883237,1662094
73200000000,73500000000,73446883237,73447781761,898524
73200000000,73500000000,73447781761,73447781762,1
73200000000,73500000000,73447781762,73456245530,8463768
73200000000,73500000000,73456245530,73460029777,3784247
73200000000,73500000000,73460029777,73462434913,2405136
73200000000,73500000000,73462434913,73473163369,10728456
73200000000,73500000000,73473163369,73483755240,10591871
73200000000,73500000000,73483755240,73492909246,9154006
73200000000,73500000000,73492909246,73495214186,2304940
73200000000,73500000000,73495214186,73496106606,892420
73500000000,73800000000,73502679524,73513353716,10674192
73500000000,73800000000,73513353716,73516692199,3338483
73500000000,73800000000,73516692199,73520025853,3333654
73500000000,73800000000,73520025853,73522703662,2677809
73500000000,73800000000,73522703662,73526079009,3375347
73500000000,73800000000,73526079009,73534758876,8679867
73500000000,73800000000,73534758876,73536591554,1832678
73500000000,73800000000,73536591554,73536596774,5220
73500000000,73800000000,73536596774,73546654671,10057897
73500000000,73800000000,73546654671,73547627532,972861
73500000000,73800000000,73547627532,73547632182,4650
73500000000,73800000000,73547632182,73547634351,2169
73500000000,73800000000,73547634351,73552234585,4600234
73500000000,73800000000,73552234585,73552238773,4188
73500000000,73800000000,73552238773,73552268709,29936
73500000000,73800000000,73552268709,73562807552,10538843
73500000000,73800000000,73562807552,73564907338,2099786
73500000000,73800000000,73564907338,73566878215,1970877
73500000000,73800000000,73566878215,73566883280,5065
73500000000,73800000000,73566883280,73566900144,16864
73500000000,73800000000,73566900144,73566921495,21351
73500000000,73800000000,73566921495,73566927264,5769
73500000000,73800000000,73566927264,73566932440,5176
73500000000,73800000000,73566932440,73566934715,2275
73500000000,73800000000,73566934715,73566936590,1875
73500000000,73800000000,73566936590,73566938447,1857
73500000000,73800000000,73566938447,73566940255,1808
73500000000,73800000000,73566940255,73569331247,2390992
73500000000,73800000000,73569331247,73572839808,3508561
73500000000,73800000000,73572839808,73572840032,224
73500000000,73800000000,73572840032,73574639331,1799299
73500000000,73800000000,73574639331,73579772202,5132871
73500000000,73800000000,73579772202,73583621430,3849228
73500000000,73800000000,73583621430,73583630244,8814
73500000000,73800000000,73583630244,73585497322,1867078
73500000000,73800000000,73585497322,73585545729,48407
73500000000,73800000000,73585545729,73585619359,73630
73500000000,73800000000,73585619359,73608979997,23360638
73500000000,73800000000,73608979997,73608981925,1928
73500000000,73800000000,73608981925,73614942549,5960624
73500000000,73800000000,73614942549,73622832430,7889881
73500000000,73800000000,73622832430,73623884717,1052287
73500000000,73800000000,73623884717,73623898837,14120
73500000000,73800000000,73623898837,73624857630,958793
73500000000,73800000000,73624857630,73631724672,6867042
73500000000,73800000000,73631724672,73641837550,10112878
73500000000,73800000000,73641837550,73645880684,4043134
73500000000,73800000000,73645880684,73650000907,4120223
73500000000,73800000000,73650000907,73654911842,4910935
73500000000,73800000000,73654911842,73657001617,2089775
73500000000,73800000000,73657001617,73657006468,4851
73500000000,73800000000,73657006468,73658065113,1058645
73500000000,73800000000,73658065113,73659017394,952281
73500000000,73800000000,73659017394,73659017395,1
73500000000,73800000000,73659017395,73660042415,1025020
73500000000,73800000000,73660042415,73668187151,8144736
73500000000,73800000000,73668187151,73671322504,3135353
73500000000,73800000000,73671322504,73672289326,966822
73500000000,73800000000,73672289326,73676405116,4115790
73500000000,73800000000,73676405116,73677398012,992896
73500000000,73800000000,73677398012,73679876676,2478664
73500000000,73800000000,73679876676,73679962706,86030
73500000000,73800000000,73679962706,73682255536,2292830
73500000000,73800000000,73682255536,73683372714,1117178
73500000000,73800000000,73683372714,73683441985,69271
73500000000,73800000000,73683441985,73692067935,8625950
73500000000,73800000000,73692067935,73694044945,1977010
73500000000,73800000000,73694044945,73695014138,969193
73500000000,73800000000,73695014138,73709091090,14076952
73500000000,73800000000,73709091090,73714213127,5122037
73500000000,73800000000,73714213127,73714221871,8744
73500000000,73800000000,73714221871,73717249377,3027506
73500000000,73800000000,73717249377,73717249378,1
73500000000,73800000000,73717249378,73717249809,431
73500000000,73800000000,73717249809,73722129299,4879490
73500000000,73800000000,73722129299,73735105544,12976245
73500000000,73800000000,73735105544,73735135345,29801
73500000000,73800000000,73735135345,73735142092,6747
73500000000,73800000000,73735142092,73735149769,7677
73500000000,73800000000,73735149769,73740651283,5501514
73500000000,73800000000,73740651283,73749421301,8770018
73500000000,73800000000,73749421301,73750414790,993489
73500000000,73800000000,73750414790,73755912143,5497353
73500000000,73800000000,73755912143,73755927108,14965
73500000000,73800000000,73755927108,73755950255,23147
73500000000,73800000000,73755950255,73755970021,19766
73500000000,73800000000,73755970021,73755973591,3570
73500000000,73800000000,73755973591,73755976412,2821
73500000000,73800000000,73755976412,73762112899,6136487
73500000000,73800000000,73762112899,73762112900,1
73500000000,73800000000,73762112900,73764921675,2808775
73500000000,73800000000,73764921675,73767982982,3061307
73500000000,73800000000,73767982982,73797590209,29607227
73500000000,73800000000,73797590209,73799755258,2165049
73800000000,74100000000,73813261321,73813275008,13687
73800000000,74100000000,73813275008,73820281402,7006394
73800000000,74100000000,73820281402,73821260525,979123
73800000000,74100000000,73821260525,73821295295,34770
73800000000,74100000000,73821295295,73822203787,908492
73800000000,74100000000,73822203787,73826028749,3824962
73800000000,74100000000,73826028749,73832107050,6078301
73800000000,74100000000,73832107050,73833762128,1655078
73800000000,74100000000,73833762128,73833766429,4301
73800000000,74100000000,73833766429,73833775163,8734
73800000000,74100000000,73833775163,73833778810,3647
73800000000,74100000000,73833778810,73833783597,4787
73800000000,74100000000,73833783597,73833788273,4676
73800000000,74100000000,73833788273,73845916906,12128633
73800000000,74100000000,73845916906,73854304913,8388007
73800000000,74100000000,73854304913,73854316206,11293
73800000000,74100000000,73854316206,73854319081,2875
73800000000,74100000000,73854319081,73873457398,19138317
73800000000,74100000000,73873457398,73883945679,10488281
73800000000,74100000000,73883945679,73889180124,5234445
73800000000,74100000000,73889180124,73894484976,5304852
73800000000,74100000000,73894484976,73894588811,103835
73800000000,74100000000,73894588811,73897510200,2921389
73800000000,74100000000,73897510200,73897510201,1
73800000000,74100000000,73897510201,73897899835,389634
73800000000,74100000000,73897899835,73908571966,10672131
73800000000,74100000000,73908571966,73910351267,1779301
73800000000,74100000000,73910351267,73910375323,24056
73800000000,74100000000,73910375323,73921557130,11181807
73800000000,74100000000,73921557130,73925592396,4035266
73800000000,74100000000,73925592396,73926459717,867321
73800000000,74100000000,73926459717,73928193681,1733964
73800000000,74100000000,73928193681,73934345049,6151368
73800000000,74100000000,73934345049,73947382443,13037394
73800000000,74100000000,73947382443,73951527299,4144856
73800000000,74100000000,73951527299,73966428582,14901283
73800000000,74100000000,73966428582,73978697298,12268716
73800000000,74100000000,73978697298,73980981528,2284230
73800000000,74100000000,73980981528,73989699200,8717672
73800000000,74100000000,73989699200,73990671541,972341
73800000000,74100000000,73990671541,73990678846,7305
73800000000,74100000000,73990678846,73990681785,2939
73800000000,74100000000,73990681785,73992738833,2057048
73800000000,74100000000,73992738833,73993603514,864681
73800000000,74100000000,73993603514,73995380695,1777181
73800000000,74100000000,73995380695,74006044484,10663789
73800000000,74100000000,74006044484,74007199454,1154970
73800000000,74100000000,74007199454,74007260063,60609
73800000000,74100000000,74007260063,74009469691,2209628
73800000000,74100000000,74009469691,74009478793,9102
73800000000,74100000000,74009478793,74011270594,1791801
73800000000,74100000000,74011270594,74011281782,11188
73800000000,74100000000,74011281782,74014328373,3046591
73800000000,74100000000,74014328373,74016052392,1724019
73800000000,74100000000,74016052392,74023285477,7233085
73800000000,74100000000,74023285477,74026418128,3132651
73800000000,74100000000,74026418128,74029109536,2691408
73800000000,74100000000,74029109536,74034397899,5288363
73800000000,74100000000,74034397899,74034402333,4434
73800000000,74100000000,74034402333,74034405534,3201
73800000000,74100000000,74034405534,74035291442,885908
73800000000,74100000000,74035291442,74050314185,15022743
73800000000,74100000000,74050314185,74052268053,1953868
73800000000,74100000000,74052268053,74052280708,12655
73800000000,74100000000,74052280708,74053138736,858028
73800000000,74100000000,74053138736,74054040192,901456
73800000000,74100000000,74054040192,74054978771,938579
73800000000,74100000000,74054978771,74054985774,7003
73800000000,74100000000,74054985774,74055012359,26585
73800000000,74100000000,74055012359,74056053583,1041224
73800000000,74100000000,74056053583,74060244374,4190791
73800000000,74100000000,74060244374,74060244375,1
73800000000,74100000000,74060244375,74062179174,1934799
73800000000,74100000000,74062179174,74064198752,2019578
73800000000,74100000000,74064198752,74069816193,5617441
73800000000,74100000000,74069816193,74075924400,6108207
73800000000,74100000000,74075924400,74077055164,1130764
73800000000,74100000000,74077055164,74095359461,18304297
73800000000,74100000000,74095359461,74097558499,2199038
73800000000,74100000000,74097558499,74097558500,1
74100000000,74400000000,74100934933,74103570077,2635144
74100000000,74400000000,74103570077,74109763750,6193673
74100000000,74400000000,74109763750,74121591752,11828002
74100000000,74400000000,74121591752,74122589795,998043
74100000000,74400000000,74122589795,74123659029,1069234
74100000000,74400000000,74123659029,74136162480,12503451
74100000000,74400000000,74136162480,74143704243,7541763
74100000000,74400000000,74143704243,74143707387,3144
74100000000,74400000000,74143707387,74143720249,12862
74100000000,74400000000,74143720249,74149502852,5782603
74100000000,74400000000,74149502852,74155332982,5830130
74100000000,74400000000,74155332982,74156473741,1140759
74100000000,74400000000,74156473741,74159999202,3525461
74100000000,74400000000,74159999202,74163644709,3645507
74100000000,74400000000,74163644709,74163647361,2652
74100000000,74400000000,74163647361,74163696085,48724
74100000000,74400000000,74163696085,74168278589,4582504
74100000000,74400000000,74168278589,74171654999,3376410
74100000000,74400000000,74171654999,74172738382,1083383
74100000000,74400000000,74172738382,74172738383,1
74100000000,74400000000,74172738383,74179735613,6997230
74100000000,74400000000,74179735613,74188397753,8662140
74100000000,74400000000,74188397753,74194616307,6218554
74100000000,74400000000,74194616307,74218151674,23535367
74100000000,74400000000,74218151674,74222017004,3865330
74100000000,74400000000,74222017004,74223123661,1106657
74100000000,74400000000,74223123661,74223147289,23628
74100000000,74400000000,74223147289,74223154992,7703
74100000000,74400000000,74223154992,74225586784,2431792
74100000000,74400000000,74225586784,74225586785,1
74100000000,74400000000,74225586785,74225638036,51251
74100000000,74400000000,74225638036,74229234048,3596012
74100000000,74400000000,74229234048,74237782586,8548538
74100000000,74400000000,74237782586,74240035922,2253336
74100000000,74400000000,74240035922,74240040335,4413
74100000000,74400000000,74240040335,74244918314,4877979
74100000000,74400000000,74244918314,74244926799,8485
74100000000,74400000000,74244926799,74252484410,7557611
74100000000,74400000000,74252484410,74254394060,1909650
74100000000,74400000000,74254394060,74257562862,3168802
74100000000,74400000000,74257562862,74261118307,3555445
74100000000,74400000000,74261118307,74261127810,9503
74100000000,74400000000,74261127810,74264603535,3475725
74100000000,74400000000,74264603535,74264618994,15459
74100000000,74400000000,74264618994,74267674353,3055359
74100000000,74400000000,74267674353,74269579366,1905013
74100000000,74400000000,74269579366,74269591093,11727
74100000000,74400000000,74269591093,74274354796,4763703
74100000000,74400000000,74274354796,74278245495,3890699
74100000000,74400000000,74278245495,74278294570,49075
74100000000,74400000000,74278294570,74278306616,12046
74100000000,74400000000,74278306616,74284087445,5780829
74100000000,74400000000,74284087445,74290182607,6095162
74100000000,74400000000,74290182607,74292630684,2448077
74100000000,74400000000,74292630684,74293513299,882615
74100000000,74400000000,74293513299,74293526333,13034
74100000000,74400000000,74293526333,74294465940,939607
74100000000,74400000000,74294465940,74298611235,4145295
74100000000,74400000000,74298611235,74309779899,11168664
74100000000,74400000000,74309779899,74315737547,5957648
74100000000,74400000000,74315737547,74319736632,3999085
74100000000,74400000000,74319736632,74335291504,15554872
74100000000,74400000000,74335291504,74343509249,8217745
74100000000,74400000000,74343509249,74343509250,1
74100000000,74400000000,74343509250,74356936493,13427243
74100000000,74400000000,74356936493,74361682965,4746472
74100000000,74400000000,74361682965,74361685893,2928
74100000000,74400000000,74361685893,74361688723,2830
74100000000,74400000000,74361688723,74365862280,4173557
74100000000,74400000000,74365862280,74375424321,9562041
74100000000,74400000000,74375424321,74379565075,4140754
74100000000,74400000000,74379565075,74379565076,1
74100000000,74400000000,74379565076,74392858112,13293036
74400000000,74700000000,74404739911,74407019750,2279839
74400000000,74700000000,74407019750,74407034526,14776
74400000000,74700000000,74407034526,74409046202,2011676
74400000000,74700000000,74409046202,74418558569,9512367
74400000000,74700000000,74418558569,74419551324,992755
74400000000,74700000000,74419551324,74430021769,10470445
74400000000,74700000000,74430021769,74436801416,6779647
74400000000,74700000000,74436801416,74436808603,7187
74400000000,74700000000,74436808603,74436819312,10709
74400000000,74700000000,74436819312,74436822396,3084
74400000000,74700000000,74436822396,74436824783,2387
74400000000,74700000000,74436824783,74436827304,2521
74400000000,74700000000,74436827304,74439462639,2635335
74400000000,74700000000,74439462639,74439462640,1
74400000000,74700000000,74439462640,74440588953,1126313
74400000000,74700000000,74440588953,74445543338,4954385
74400000000,74700000000,74445543338,74447814564,2271226
74400000000,74700000000,74447814564,74449504152,1689588
74400000000,74700000000,74449504152,74449506731,2579
74400000000,74700000000,74449506731,74460037896,10531165
74400000000,74700000000,74460037896,74461182821,1144925
74400000000,74700000000,74461182821,74461200024,17203
74400000000,74700000000,74461200024,74464154017,2953993
74400000000,74700000000,74464154017,74467281736,3127719
74400000000,74700000000,74467281736,74468437774,1156038
74400000000,74700000000,74468437774,74468446450,8676
74400000000,74700000000,74468446450,74475744759,7298309
74400000000,74700000000,74475744759,74477781692,2036933
74400000000,74700000000,74477781692,74481055920,3274228
74400000000,74700000000,74481055920,74488218007,7162087
74400000000,74700000000,74488218007,74507714541,19496534
74400000000,74700000000,74507714541,74527278244,19563703
74400000000,74700000000,74527278244,74529190104,1911860
74400000000,74700000000,74529190104,74529190105,1
74400000000,74700000000,74529190105,74546359584,17169479
74400000000,74700000000,74546359584,74546378017,18433
74400000000,74700000000,74546378017,74546457247,79230
74400000000,74700000000,74546457247,74550483938,4026691
74400000000,74700000000,74550483938,74550483939,1
74400000000,74700000000,74550483939,74550483940,1
74400000000,74700000000,74550483940,74550484007,67
74400000000,74700000000,74550484007,74550484008,1
74400000000,74700000000,74550484008,74558926050,8442042
74400000000,74700000000,74558926050,74568683064,9757014
74400000000,74700000000,74568683064,74573991263,5308199
74400000000,74700000000,74573991263,74576760153,2768890
74400000000,74700000000,74576760153,74576766041,5888
74400000000,74700000000,74576766041,74578787036,2020995
74400000000,74700000000,74578787036,74608541469,29754433
74400000000,74700000000,74608541469,74608548844,7375
74400000000,74700000000,74608548844,74618445177,9896333
74400000000,74700000000,74618445177,74648563334,30118157
74400000000,74700000000,74648563334,74658561815,9998481
74400000000,74700000000,74658561815,74658568016,6201
74400000000,74700000000,74658568016,74660305213,1737197
74400000000,74700000000,74660305213,74679091702,18786489
74400000000,74700000000,74679091702,74680812368,1720666
74400000000,74700000000,74680812368,74680832553,20185
74400000000,74700000000,74680832553,74692731096,11898543
74700000000,75000000000,74700912284,74700917220,4936
74700000000,75000000000,74700917220,74700919622,2402
74700000000,75000000000,74700919622,74702787112,1867490
74700000000,75000000000,74702787112,74703706810,919698
74700000000,75000000000,74703706810,74707288736,3581926
74700000000,75000000000,74707288736,74710112241,2823505
74700000000,75000000000,74710112241,74713136863,3024622
74700000000,75000000000,74713136863,74717344868,4208005
74700000000,75000000000,74717344868,74718513445,1168577
74700000000,75000000000,74718513445,74720586274,2072829
74700000000,75000000000,74720586274,74720600734,14460
74700000000,75000000000,74720600734,74722815765,2215031
74700000000,75000000000,74722815765,74722815766,1
74700000000,75000000000,74722815766,74742398328,19582562
74700000000,75000000000,74742398328,74776607981,34209653
74700000000,75000000000,74776607981,74777346457,738476
74700000000,75000000000,74777346457,74778155048,808591
74700000000,75000000000,74778155048,74778213923,58875
74700000000,75000000000,74778213923,74785105200,6891277
74700000000,75000000000,74785105200,74791066893,5961693
74700000000,75000000000,74791066893,74793722384,2655491
74700000000,75000000000,74793722384,74805386894,11664510
74700000000,75000000000,74805386894,74805403219,16325
74700000000,75000000000,74805403219,74808446638,3043419
74700000000,75000000000,74808446638,74810259625,1812987
74700000000,75000000000,74810259625,74819358895,9099270
74700000000,75000000000,74819358895,74820292635,933740
74700000000,75000000000,74820292635,74821259167,966532
74700000000,75000000000,74821259167,74822906338,1647171
74700000000,75000000000,74822906338,74827218712,4312374
74700000000,75000000000,74827218712,74830276532,3057820
74700000000,75000000000,74830276532,74832082412,1805880
74700000000,75000000000,74832082412,74832084579,2167
74700000000,75000000000,74832084579,74843470057,11385478
74700000000,75000000000,74843470057,74846807140,3337083
74700000000,75000000000,74846807140,74850564403,3757263
74700000000,75000000000,74850564403,74857206761,6642358
74700000000,75000000000,74857206761,74870644192,13437431
74700000000,75000000000,74870644192,74870655558,11366
74700000000,75000000000,74870655558,74872271483,1615925
74700000000,75000000000,74872271483,74872271484,1
74700000000,75000000000,74872271484,74883837078,11565594
74700000000,75000000000,74883837078,74883846658,9580
74700000000,75000000000,74883846658,74883846659,1
74700000000,75000000000,74883846659,74890268028,6421369
74700000000,75000000000,74890268028,74892916711,2648683
74700000000,75000000000,74892916711,74892923010,6299
74700000000,75000000000,74892923010,74895622585,2699575
74700000000,75000000000,74895622585,74903269307,7646722
74700000000,75000000000,74903269307,74914263718,10994411
74700000000,75000000000,74914263718,74952877506,38613788
74700000000,75000000000,74952877506,74952884854,7348
74700000000,75000000000,74952884854,74952890033,5179
74700000000,75000000000,74952890033,74952892484,2451
74700000000,75000000000,74952892484,74952894592,2108
74700000000,75000000000,74952894592,74952896470,1878
74700000000,75000000000,74952896470,74952899567,3097
74700000000,75000000000,74952899567,74963568093,10668526
74700000000,75000000000,74963568093,74963575977,7884
74700000000,75000000000,74963575977,74971206928,7630951
74700000000,75000000000,74971206928,74987387435,16180507
75000000000,75300000000,75003196148,75005278703,2082555
75000000000,75300000000,75005278703,75008645951,3367248
75000000000,75300000000,75008645951,75010702045,2056094
75000000000,75300000000,75010702045,75010704315,2270
75000000000,75300000000,75010704315,75018125894,7421579
75000000000,75300000000,75018125894,75018151308,25414
75000000000,75300000000,75018151308,75019211917,1060609
75000000000,75300000000,75019211917,75022476598,3264681
75000000000,75300000000,75022476598,75022485628,9030
75000000000,75300000000,75022485628,75041681935,19196307
75000000000,75300000000,75041681935,75041693008,11073
75000000000,75300000000,75041693008,75041696749,3741
75000000000,75300000000,75041696749,75045557416,3860667
75000000000,75300000000,75045557416,75061664635,16107219
75000000000,75300000000,75061664635,75062457293,792658
75000000000,75300000000,75062457293,75065407909,2950616
75000000000,75300000000,75065407909,75066312321,904412
75000000000,75300000000,75066312321,75066342888,30567
75000000000,75300000000,75066342888,75087008427,20665539
75000000000,75300000000,75087008427,75096794056,9785629
75000000000,75300000000,75096794056,75099643344,2849288
75000000000,75300000000,75099643344,75121377458,21734114
75000000000,75300000000,75121377458,75123194720,1817262
75000000000,75300000000,75123194720,75126334718,3139998
75000000000,75300000000,75126334718,75126341401,6683
75000000000,75300000000,75126341401,75128438607,2097206
75000000000,75300000000,75128438607,75128448528,9921
75000000000,75300000000,75128448528,75130389389,1940861
75000000000,75300000000,75130389389,75130389390,1
75000000000,75300000000,75130389390,75130389465,75
75000000000,75300000000,75130389465,75131303773,914308
75000000000,75300000000,75131303773,75133174244,1870471
75000000000,75300000000,75133174244,75146360370,13186126
75000000000,75300000000,75146360370,75146372985,12615
75000000000,75300000000,75146372985,75146382563,9578
75000000000,75300000000,75146382563,75147431006,1048443
75000000000,75300000000,75147431006,75151224954,3793948
75000000000,75300000000,75151224954,75179155881,27930927
75000000000,75300000000,75179155881,75190462102,11306221
75000000000,75300000000,75190462102,75204900942,14438840
75000000000,75300000000,75204900942,75204908073,7131
75000000000,75300000000,75204908073,75204911129,3056
75000000000,75300000000,75204911129,75206550553,1639424
75000000000,75300000000,75206550553,75206550554,1
75000000000,75300000000,75206550554,75237622785,31072231
75000000000,75300000000,75237622785,75241573875,3951090
75000000000,75300000000,75241573875,75241578960,5085
75000000000,75300000000,75241578960,75241581751,2791
75000000000,75300000000,75241581751,75254068685,12486934
75000000000,75300000000,75254068685,75254937448,868763
75000000000,75300000000,75254937448,75255097786,160338
75000000000,75300000000,75255097786,75256055406,957620
75000000000,75300000000,75256055406,75263552143,7496737
75000000000,75300000000,75263552143,75263559845,7702
75000000000,75300000000,75263559845,75266808340,3248495
75000000000,75300000000,75266808340,75266808341,1
75000000000,75300000000,75266808341,75266808342,1
75000000000,75300000000,75266808342,75280062385,13254043
75000000000,75300000000,75280062385,75283653381,3590996
75000000000,75300000000,75283653381,75283657176,3795
75000000000,75300000000,75283657176,75283660084,2908
75000000000,75300000000,75283660084,75283674781,14697
75000000000,75300000000,75283674781,75283682313,7532
75000000000,75300000000,75283682313,75287349671,3667358
75000000000,75300000000,75287349671,75287350718,1047
75000000000,75300000000,75287350718,75288175559,824841
75300000000,75600000000,75305019493,75322090734,17071241
75300000000,75600000000,75322090734,75322090735,1
75300000000,75600000000,75322090735,75331637920,9547185
75300000000,75600000000,75331637920,75332663564,1025644
75300000000,75600000000,75332663564,75347247782,14584218
75300000000,75600000000,75347247782,75347250669,2887
75300000000,75600000000,75347250669,75347253298,2629
75300000000,75600000000,75347253298,75364546697,17293399
75300000000,75600000000,75364546697,75368347765,3801068
75300000000,75600000000,75368347765,75368424798,77033
75300000000,75600000000,75368424798,75368432746,7948
75300000000,75600000000,75368432746,75368435665,2919
75300000000,75600000000,75368435665,75391109704,22674039
75300000000,75600000000,75391109704,75391939223,829519
75300000000,75600000000,75391939223,75394986792,3047569
75300000000,75600000000,75394986792,75396026979,1040187
75300000000,75600000000,75396026979,75396071454,44475
75300000000,75600000000,75396071454,75399659516,3588062
75300000000,75600000000,75399659516,75401636437,1976921
75300000000,75600000000,75401636437,75407684779,6048342
75300000000,75600000000,75407684779,75407699137,14358
75300000000,75600000000,75407699137,75420568532,12869395
75300000000,75600000000,75420568532,75420572276,3744
75300000000,75600000000,75420572276,75420574512,2236
75300000000,75600000000,75420574512,75420576602,2090
75300000000,75600000000,75420576602,75420578645,2043
75300000000,75600000000,75420578645,75420580539,1894
75300000000,75600000000,75420580539,75421529089,948550
75300000000,75600000000,75421529089,75422621576,1092487
75300000000,75600000000,75422621576,75422628090,6514
75300000000,75600000000,75422628090,75431185792,8557702
75300000000,75600000000,75431185792,75436730315,5544523
75300000000,75600000000,75436730315,75436735042,4727
75300000000,75600000000,75436735042,75436743151,8109
75300000000,75600000000,75436743151,75436745175,2024
75300000000,75600000000,75436745175,75436747304,2129
75300000000,75600000000,75436747304,75436748896,1592
75300000000,75600000000,75436748896,75436750711,1815
75300000000,75600000000,75436750711,75436752500,1789
75300000000,75600000000,75436752500,75444929876,8177376
75300000000,75600000000,75444929876,75446831566,1901690
75300000000,75600000000,75446831566,75446851466,19900
75300000000,75600000000,75446851466,75449076954,2225488
75300000000,75600000000,75449076954,75455398517,6321563
75300000000,75600000000,75455398517,75455407347,8830
75300000000,75600000000,75455407347,75460410744,5003397
75300000000,75600000000,75460410744,75462375730,1964986
75300000000,75600000000,75462375730,75495952079,33576349
75300000000,75600000000,75495952079,75497836486,1884407
75300000000,75600000000,75497836486,75499668104,1831618
75300000000,75600000000,75499668104,75513930948,14262844
75300000000,75600000000,75513930948,75513935424,4476
75300000000,75600000000,75513935424,75513941307,5883
75300000000,75600000000,75513941307,75528962527,15021220
75300000000,75600000000,75528962527,75534228185,5265658
75300000000,75600000000,75534228185,75534378913,150728
75300000000,75600000000,75534378913,75534385719,6806
75300000000,75600000000,75534385719,75534388989,3270
75300000000,75600000000,75534388989,75534391399,2410
75300000000,75600000000,75534391399,75534401949,10550
75300000000,75600000000,75534401949,75543093095,8691146
75300000000,75600000000,75543093095,75545866652,2773557
75300000000,75600000000,75545866652,75548013420,2146768
75300000000,75600000000,75548013420,75548964560,951140
75300000000,75600000000,75548964560,75548969643,5083
75300000000,75600000000,75548969643,75548974520,4877
75300000000,75600000000,75548974520,75550752359,1777839
75300000000,75600000000,75550752359,75551738279,985920
75300000000,75600000000,75551738279,75578095762,26357483
75300000000,75600000000,75578095762,75583631533,5535771
75300000000,75600000000,75583631533,75586568590,2937057
75300000000,75600000000,75586568590,75587548759,980169
75300000000,75600000000,75587548759,75587555891,7132
75300000000,75600000000,75587555891,75589242156,1686265
75300000000,75600000000,75589242156,75590021394,779238
75300000000,75600000000,75590021394,75590021395,1
75300000000,75600000000,75590021395,75590021430,35
75300000000,75600000000,75590021430,75591802526,1781096
75300000000,75600000000,75591802526,75591887212,84686
75600000000,75900000000,75601749953,75601752555,2602
75600000000,75900000000,75601752555,75606305369,4552814
75600000000,75900000000,75606305369,75606307991,2622
75600000000,75900000000,75606307991,75606309910,1919
75600000000,75900000000,75606309910,75606315195,5285
75600000000,75900000000,75606315195,75606317482,2287
75600000000,75900000000,75606317482,75606319363,1881
75600000000,75900000000,75606319363,75607944201,1624838
75600000000,75900000000,75607944201,75607973271,29070
75600000000,75900000000,75607973271,75611748218,3774947
75600000000,75900000000,75611748218,75611780322,32104
75600000000,75900000000,75611780322,75618496441,6716119
75600000000,75900000000,75618496441,75619645270,1148829
75600000000,75900000000,75619645270,75620559996,914726
75600000000,75900000000,75620559996,75626101293,5541297
75600000000,75900000000,75626101293,75626109115,7822
75600000000,75900000000,75626109115,75626124229,15114
75600000000,75900000000,75626124229,75626186350,62121
75600000000,75900000000,75626186350,75626194248,7898
75600000000,75900000000,75626194248,75626206545,12297
75600000000,75900000000,75626206545,75626210907,4362
75600000000,75900000000,75626210907,75626212971,2064
75600000000,75900000000,75626212971,75627856513,1643542
75600000000,75900000000,75627856513,75627856514,1
75600000000,75900000000,75627856514,75627856542,28
75600000000,75900000000,75627856542,75627856543,1
75600000000,75900000000,75627856543,75627896795,40252
75600000000,75900000000,75627896795,75642620242,14723447
75600000000,75900000000,75642620242,75644389058,1768816
75600000000,75900000000,75644389058,75646069555,1680497
75600000000,75900000000,75646069555,75649161918,3092363
75600000000,75900000000,75649161918,75650962517,1800599
75600000000,75900000000,75650962517,75654499132,3536615
75600000000,75900000000,75654499132,75655477567,978435
75600000000,75900000000,75655477567,75657289599,1812032
75600000000,75900000000,75657289599,75657294397,4798
75600000000,75900000000,75657294397,75659392942,2098545
75600000000,75900000000,75659392942,75660418290,1025348
75600000000,75900000000,75660418290,75661326950,908660
75600000000,75900000000,75661326950,75673106389,11779439
75600000000,75900000000,75673106389,75675129514,2023125
75600000000,75900000000,75675129514,75676075455,945941
75600000000,75900000000,75676075455,75676088234,12779
75600000000,75900000000,75676088234,75676090936,2702
75600000000,75900000000,75676090936,75676096224,5288
75600000000,75900000000,75676096224,75676098278,2054
75600000000,75900000000,75676098278,75676955252,856974
75600000000,75900000000,75676955252,75680740098,3784846
75600000000,75900000000,75680740098,75684954534,4214436
75600000000,75900000000,75684954534,75687746004,2791470
75600000000,75900000000,75687746004,75689619402,1873398
75600000000,75900000000,75689619402,75691465356,1845954
75600000000,75900000000,75691465356,75694684437,3219081
75600000000,75900000000,75694684437,75694687593,3156
75600000000,75900000000,75694687593,75694695090,7497
75600000000,75900000000,75694695090,75697179112,2484022
75600000000,75900000000,75697179112,75697179113,1
75600000000,75900000000,75697179113,75697179358,245
75600000000,75900000000,75697179358,75697221936,42578
75600000000,75900000000,75697221936,75698055437,833501
75600000000,75900000000,75698055437,75704951938,6896501
75600000000,75900000000,75704951938,75707807486,2855548
75600000000,75900000000,75707807486,75726906742,19099256
75600000000,75900000000,75726906742,75726911971,5229
75600000000,75900000000,75726911971,75733133109,6221138
75600000000,75900000000,75733133109,75733995313,862204
75600000000,75900000000,75733995313,75734020350,25037
75600000000,75900000000,75734020350,75734022406,2056
75600000000,75900000000,75734022406,75734025716,3310
75600000000,75900000000,75734025716,75734886413,860697
75600000000,75900000000,75734886413,75747199805,12313392
75600000000,75900000000,75747199805,75747213642,13837
75600000000,75900000000,75747213642,75747294726,81084
75600000000,75900000000,75747294726,75749057848,1763122
75600000000,75900000000,75749057848,75749057902,54
75600000000,75900000000,75749057902,75749057903,1
75600000000,75900000000,75749057903,75753509570,4451667
75600000000,75900000000,75753509570,75755264966,1755396
75600000000,75900000000,75755264966,75766687562,11422596
75600000000,75900000000,75766687562,75766692940,5378
75600000000,75900000000,75766692940,75766699049,6109
75600000000,75900000000,75766699049,75768774474,2075425
75600000000,75900000000,75768774474,75768774475,1
75600000000,75900000000,75768774475,75775756712,6982237
75600000000,75900000000,75775756712,75782585804,6829092
75600000000,75900000000,75782585804,75784416584,1830780
75600000000,75900000000,75784416584,75786172361,1755777
75600000000,75900000000,75786172361,75786197649,25288
75600000000,75900000000,75786197649,75787057790,860141
75600000000,75900000000,75787057790,75787060709,2919
75600000000,75900000000,75787060709,75788767135,1706426
75600000000,75900000000,75788767135,75788767136,1
75600000000,75900000000,75788767136,75788791868,24732
75600000000,75900000000,75788791868,75791885267,3093399
75600000000,75900000000,75791885267,75791890115,4848
75600000000,75900000000,75791890115,75806452479,14562364
75600000000,75900000000,75806452479,75806456504,4025
75600000000,75900000000,75806456504,75806486688,30184
75600000000,75900000000,75806486688,75809013704,2527016
75600000000,75900000000,75809013704,75819216865,10203161
75600000000,75900000000,75819216865,75819219098,2233
75600000000,75900000000,75819219098,75828509703,9290605
75600000000,75900000000,75828509703,75828523054,13351
75600000000,75900000000,75828523054,75830259500,1736446
75600000000,75900000000,75830259500,75832792893,2533393
75600000000,75900000000,75832792893,75832796369,3476
75600000000,75900000000,75832796369,75832799238,2869
75600000000,75900000000,75832799238,75832801394,2156
75600000000,75900000000,75832801394,75832803219,1825
75600000000,75900000000,75832803219,75832805265,2046
75600000000,75900000000,75832805265,75837388909,4583644
75600000000,75900000000,75837388909,75840349274,2960365
75600000000,75900000000,75840349274,75840389132,39858
75600000000,75900000000,75840389132,75843200294,2811162
75600000000,75900000000,75843200294,75848171717,4971423
75600000000,75900000000,75848171717,75851267835,3096118
75600000000,75900000000,75851267835,75851274710,6875
75600000000,75900000000,75851274710,75851281064,6354
75600000000,75900000000,75851281064,75851285270,4206
75600000000,75900000000,75851285270,75851290616,5346
75600000000,75900000000,75851290616,75851299144,8528
75600000000,75900000000,75851299144,75851302676,3532
75600000000,75900000000,75851302676,75852170503,867827
75600000000,75900000000,75852170503,75852178454,7951
75600000000,75900000000,75852178454,75854691285,2512831
75600000000,75900000000,75854691285,75854691370,85
75600000000,75900000000,75854691370,75854691395,25
75600000000,75900000000,75854691395,75854691396,1
75600000000,75900000000,75854691396,75854691397,1
75600000000,75900000000,75854691397,75855673817,982420
75600000000,75900000000,75855673817,75856901834,1228017
75600000000,75900000000,75856901834,75857715770,813936
75600000000,75900000000,75857715770,75857717909,2139
75600000000,75900000000,75857717909,75857717910,1
75600000000,75900000000,75857717910,75859741283,2023373
75600000000,75900000000,75859741283,75860888424,1147141
75600000000,75900000000,75860888424,75860909772,21348
75600000000,75900000000,75860909772,75863651515,2741743
75600000000,75900000000,75863651515,75872055857,8404342
75600000000,75900000000,75872055857,75872856877,801020
75600000000,75900000000,75872856877,75872859168,2291
75600000000,75900000000,75872859168,75872863287,4119
75600000000,75900000000,75872863287,75872866455,3168
75600000000,75900000000,75872866455,75872870722,4267
75600000000,75900000000,75872870722,75872875460,4738
75600000000,75900000000,75872875460,75872878519,3059
75600000000,75900000000,75872878519,75872880690,2171
75600000000,75900000000,75872880690,75873692308,811618
75600000000,75900000000,75873692308,75881992349,8300041
75600000000,75900000000,75881992349,75884461440,2469091
75600000000,75900000000,75884461440,75890429154,5967714
75600000000,75900000000,75890429154,75890434209,5055
75600000000,75900000000,75890434209,75890478090,43881
75600000000,75900000000,75890478090,75893456196,2978106
75600000000,75900000000,75893456196,75893456251,55
75900000000,76200000000,75906017165,75906986575,969410
75900000000,76200000000,75906986575,75921320287,14333712
75900000000,76200000000,75921320287,75921324391,4104
75900000000,76200000000,75921324391,75921328139,3748
75900000000,76200000000,75921328139,75921330593,2454
75900000000,76200000000,75921330593,75923107036,1776443
75900000000,76200000000,75923107036,75923107037,1
75900000000,76200000000,75923107037,75923107038,1
75900000000,76200000000,75923107038,75943624234,20517196
75900000000,76200000000,75943624234,75943632421,8187
75900000000,76200000000,75943632421,75944459237,826816
75900000000,76200000000,75944459237,75945627620,1168383
75900000000,76200000000,75945627620,75945627621,1
75900000000,76200000000,75945627621,75945627622,1
75900000000,76200000000,75945627622,75947226488,1598866
75900000000,76200000000,75947226488,75948927475,1700987
75900000000,76200000000,75948927475,75964687973,15760498
75900000000,76200000000,75964687973,75977564438,12876465
75900000000,76200000000,75977564438,75980956867,3392429
75900000000,76200000000,75980956867,75980960207,3340
75900000000,76200000000,75980960207,75982671716,1711509
75900000000,76200000000,75982671716,75983568860,897144
75900000000,76200000000,75983568860,75984961050,1392190
75900000000,76200000000,75984961050,75985910165,949115
75900000000,76200000000,75985910165,75988193165,2283000
75900000000,76200000000,75988193165,75990067780,1874615
75900000000,76200000000,75990067780,75990957117,889337
75900000000,76200000000,75990957117,75993961351,3004234
75900000000,76200000000,75993961351,75997223021,3261670
75900000000,76200000000,75997223021,76001221657,3998636
75900000000,76200000000,76001221657,76002154286,932629
75900000000,76200000000,76002154286,76002161006,6720
75900000000,76200000000,76002161006,76003598014,1437008
75900000000,76200000000,76003598014,76004572043,974029
75900000000,76200000000,76004572043,76007562506,2990463
75900000000,76200000000,76007562506,76011802880,4240374
75900000000,76200000000,76011802880,76022371028,10568148
75900000000,76200000000,76022371028,76024412451,2041423
75900000000,76200000000,76024412451,76027216281,2803830
75900000000,76200000000,76027216281,76041901224,14684943
75900000000,76200000000,76041901224,76041906782,5558
75900000000,76200000000,76041906782,76041911022,4240
75900000000,76200000000,76041911022,76041912667,1645
75900000000,76200000000,76041912667,76044374940,2462273
75900000000,76200000000,76044374940,76044375047,107
75900000000,76200000000,76044375047,76058501675,14126628
75900000000,76200000000,76058501675,76061265487,2763812
75900000000,76200000000,76061265487,76062252651,987164
75900000000,76200000000,76062252651,76065322229,3069578
75900000000,76200000000,76065322229,76079129495,13807266
75900000000,76200000000,76079129495,76081167873,2038378
75900000000,76200000000,76081167873,76081171289,3416
75900000000,76200000000,76081171289,76082881410,1710121
75900000000,76200000000,76082881410,76083806046,924636
75900000000,76200000000,76083806046,76087994790,4188744
75900000000,76200000000,76087994790,76095768827,7774037
75900000000,76200000000,76095768827,76099202078,3433251
75900000000,76200000000,76099202078,76099205511,3433
75900000000,76200000000,76099205511,76099207586,2075
75900000000,76200000000,76099207586,76100924306,1716720
75900000000,76200000000,76100924306,76100947534,23228
75900000000,76200000000,76100947534,76101752070,804536
75900000000,76200000000,76101752070,76116782703,15030633
75900000000,76200000000,76116782703,76120919394,4136691
75900000000,76200000000,76120919394,76120919395,1
75900000000,76200000000,76120919395,76120919396,1
75900000000,76200000000,76120919396,76132937731,12018335
75900000000,76200000000,76132937731,76135169249,2231518
75900000000,76200000000,76135169249,76135179356,10107
75900000000,76200000000,76135179356,76135182431,3075
75900000000,76200000000,76135182431,76135187193,4762
75900000000,76200000000,76135187193,76137820321,2633128
75900000000,76200000000,76137820321,76137820322,1
75900000000,76200000000,76137820322,76137848426,28104
75900000000,76200000000,76137848426,76141829165,3980739
75900000000,76200000000,76141829165,76143450728,1621563
75900000000,76200000000,76143450728,76144320360,869632
75900000000,76200000000,76144320360,76146093629,1773269
75900000000,76200000000,76146093629,76146992283,898654
75900000000,76200000000,76146992283,76149143510,2151227
75900000000,76200000000,76149143510,76150331520,1188010
75900000000,76200000000,76150331520,76150357307,25787
75900000000,76200000000,76150357307,76151214217,856910
75900000000,76200000000,76151214217,76152309010,1094793
75900000000,76200000000,76152309010,76154693476,2384466
75900000000,76200000000,76154693476,76154698312,4836
75900000000,76200000000,76154698312,76154701474,3162
75900000000,76200000000,76154701474,76157247389,2545915
75900000000,76200000000,76157247389,76158038782,791393
75900000000,76200000000,76158038782,76167704944,9666162
75900000000,76200000000,76167704944,76173433685,5728741
75900000000,76200000000,76173433685,76174322797,889112
75900000000,76200000000,76174322797,76174325729,2932
75900000000,76200000000,76174325729,76174332584,6855
75900000000,76200000000,76174332584,76175983838,1651254
75900000000,76200000000,76175983838,76176807684,823846
75900000000,76200000000,76176807684,76176807732,48
75900000000,76200000000,76176807732,76176807733,1
75900000000,76200000000,76176807733,76178539532,1731799
75900000000,76200000000,76178539532,76179416663,877131
75900000000,76200000000,76179416663,76187337816,7921153
76200000000,76500000000,76209353900,76209366725,12825
76200000000,76500000000,76209366725,76209371717,4992
76200000000,76500000000,76209371717,76211198730,1827013
76200000000,76500000000,76211198730,76211198731,1
76200000000,76500000000,76211198731,76211220812,22081
76200000000,76500000000,76211220812,76215855064,4634252
76200000000,76500000000,76215855064,76222461870,6606806
76200000000,76500000000,76222461870,76224884072,2422202
76200000000,76500000000,76224884072,76225893001,1008929
76200000000,76500000000,76225893001,76228128262,2235261
76200000000,76500000000,76228128262,76228130882,2620
76200000000,76500000000,76228130882,76228187033,56151
76200000000,76500000000,76228187033,76228194610,7577
76200000000,76500000000,76228194610,76228197103,2493
76200000000,76500000000,76228197103,76228203546,6443
76200000000,76500000000,76228203546,76229148125,944579
76200000000,76500000000,76229148125,76229988086,839961
76200000000,76500000000,76229988086,76229988119,33
76200000000,76500000000,76229988119,76230964973,976854
76200000000,76500000000,76230964973,76230964993,20
76200000000,76500000000,76230964993,76232833619,1868626
76200000000,76500000000,76232833619,76234544078,1710459
76200000000,76500000000,76234544078,76245700962,11156884
76200000000,76500000000,76245700962,76245714177,13215
76200000000,76500000000,76245714177,76250357880,4643703
76200000000,76500000000,76250357880,76250363694,5814
76200000000,76500000000,76250363694,76250418389,54695
76200000000,76500000000,76250418389,76250423046,4657
76200000000,76500000000,76250423046,76253063552,2640506
76200000000,76500000000,76253063552,76256960882,3897330
76200000000,76500000000,76256960882,76258674872,1713990
76200000000,76500000000,76258674872,76258678546,3674
76200000000,76500000000,76258678546,76264363526,5684980
76200000000,76500000000,76264363526,76264372226,8700
76200000000,76500000000,76264372226,76276012571,11640345
76200000000,76500000000,76276012571,76280322410,4309839
76200000000,76500000000,76280322410,76282349351,2026941
76200000000,76500000000,76282349351,76283292711,943360
76200000000,76500000000,76283292711,76283302701,9990
76200000000,76500000000,76283302701,76283308500,5799
76200000000,76500000000,76283308500,76286554123,3245623
76200000000,76500000000,76286554123,76286554124,1
76200000000,76500000000,76286554124,76286554212,88
76200000000,76500000000,76286554212,76290882542,4328330
76200000000,76500000000,76290882542,76294506691,3624149
76200000000,76500000000,76294506691,76296267607,1760916
76200000000,76500000000,76296267607,76297198574,930967
76200000000,76500000000,76297198574,76299846147,2647573
76200000000,76500000000,76299846147,76299851893,5746
76200000000,76500000000,76299851893,76304250074,4398181
76200000000,76500000000,76304250074,76308248022,3997948
76200000000,76500000000,76308248022,76310707320,2459298
76200000000,76500000000,76310707320,76310711347,4027
76200000000,76500000000,76310711347,76311742844,1031497
76200000000,76500000000,76311742844,76312556309,813465
76200000000,76500000000,76312556309,76316193958,3637649
76200000000,76500000000,76316193958,76321177985,4984027
76200000000,76500000000,76321177985,76329088305,7910320
76200000000,76500000000,76329088305,76337852122,8763817
76200000000,76500000000,76337852122,76338616043,763921
76200000000,76500000000,76338616043,76342579688,3963645
76200000000,76500000000,76342579688,76342583068,3380
76200000000,76500000000,76342583068,76342611917,28849
76200000000,76500000000,76342611917,76342614117,2200
76200000000,76500000000,76342614117,76344185106,1570989
76200000000,76500000000,76344185106,76344185107,1
76200000000,76500000000,76344185107,76348050331,3865224
76200000000,76500000000,76348050331,76352979304,4928973
76200000000,76500000000,76352979304,76355671670,2692366
76200000000,76500000000,76355671670,76361189273,5517603
76200000000,76500000000,76361189273,76381645461,20456188
76200000000,76500000000,76381645461,76385138330,3492869
76200000000,76500000000,76385138330,76386032945,894615
76200000000,76500000000,76386032945,76388376150,2343205
76200000000,76500000000,76388376150,76391195753,2819603
76200000000,76500000000,76391195753,76392899698,1703945
76200000000,76500000000,76392899698,76392902954,3256
76200000000,76500000000,76392902954,76401353862,8450908
76200000000,76500000000,76401353862,76402954290,1600428
76200000000,76500000000,76402954290,76404900423,1946133
76200000000,76500000000,76404900423,76415275899,10375476
76200000000,76500000000,76415275899,76425804823,10528924
76200000000,76500000000,76425804823,76436259183,10454360
76200000000,76500000000,76436259183,76444645595,8386412
76200000000,76500000000,76444645595,76450968220,6322625
76200000000,76500000000,76450968220,76463362309,12394089
76200000000,76500000000,76463362309,76464137675,775366
76200000000,76500000000,76464137675,76464145379,7704
76200000000,76500000000,76464145379,76464943103,797724
76200000000,76500000000,76464943103,76464970585,27482
76200000000,76500000000,76464970585,76473863055,8892470
76200000000,76500000000,76473863055,76475449621,1586566
76200000000,76500000000,76475449621,76475454815,5194
76200000000,76500000000,76475454815,76477132770,1677955
76200000000,76500000000,76477132770,76485978532,8845762
76200000000,76500000000,76485978532,76487490716,1512184
76200000000,76500000000,76487490716,76487495364,4648
76200000000,76500000000,76487495364,76489449835,1954471
76200000000,76500000000,76489449835,76492635522,3185687
76500000000,76800000000,76501718660,76503334130,1615470
76500000000,76800000000,76503334130,76506053432,2719302
76500000000,76800000000,76506053432,76508670673,2617241
76500000000,76800000000,76508670673,76509639336,968663
76500000000,76800000000,76509639336,76509652542,13206
76500000000,76800000000,76509652542,76511930857,2278315
76500000000,76800000000,76511930857,76522043830,10112973
76500000000,76800000000,76522043830,76522893292,849462
76500000000,76800000000,76522893292,76531975331,9082039
76500000000,76800000000,76531975331,76535381677,3406346
76500000000,76800000000,76535381677,76548091006,12709329
76500000000,76800000000,76548091006,76555148920,7057914
76500000000,76800000000,76555148920,76562893245,7744325
76500000000,76800000000,76562893245,76564851873,1958628
76500000000,76800000000,76564851873,76577240514,12388641
76500000000,76800000000,76577240514,76579534804,2294290
76500000000,76800000000,76579534804,76580944529,1409725
76500000000,76800000000,76580944529,76584229611,3285082
76500000000,76800000000,76584229611,76593313859,9084248
76500000000,76800000000,76593313859,76593318421,4562
76500000000,76800000000,76593318421,76594183826,865405
76500000000,76800000000,76594183826,76613450747,19266921
76500000000,76800000000,76613450747,76614279437,828690
76500000000,76800000000,76614279437,76615243916,964479
76500000000,76800000000,76615243916,76626636627,11392711
76500000000,76800000000,76626636627,76630020089,3383462
76500000000,76800000000,76630020089,76631998697,1978608
76500000000,76800000000,76631998697,76634550196,2551499
76500000000,76800000000,76634550196,76643062973,8512777
76500000000,76800000000,76643062973,76661160084,18097111
76500000000,76800000000,76661160084,76661164262,4178
76500000000,76800000000,76661164262,76661166572,2310
76500000000,76800000000,76661166572,76661168602,2030
76500000000,76800000000,76661168602,76661170638,2036
76500000000,76800000000,76661170638,76661178982,8344
76500000000,76800000000,76661178982,76661181433,2451
76500000000,76800000000,76661181433,76661183110,1677
76500000000,76800000000,76661183110,76661187528,4418
76500000000,76800000000,76661187528,76661191030,3502
76500000000,76800000000,76661191030,76661199683,8653
76500000000,76800000000,76661199683,76661209671,9988
76500000000,76800000000,76661209671,76661216107,6436
76500000000,76800000000,76661216107,76661220007,3900
76500000000,76800000000,76661220007,76661227915,7908
76500000000,76800000000,76661227915,76661234226,6311
76500000000,76800000000,76661234226,76661239194,4968
76500000000,76800000000,76661239194,76661246686,7492
76500000000,76800000000,76661246686,76665433274,4186588
76500000000,76800000000,76665433274,76665433275,1
76500000000,76800000000,76665433275,76665433276,1
76500000000,76800000000,76665433276,76665433550,274
76500000000,76800000000,76665433550,76665433551,1
76500000000,76800000000,76665433551,76665433936,385
76500000000,76800000000,76665433936,76665433937,1
76500000000,76800000000,76665433937,76665434007,70
76500000000,76800000000,76665434007,76665434008,1
76500000000,76800000000,76665434008,76665434060,52
76500000000,76800000000,76665434060,76665434061,1
76500000000,76800000000,76665434061,76665434118,57
76500000000,76800000000,76665434118,76665434119,1
76500000000,76800000000,76665434119,76669519784,4085665
76500000000,76800000000,76669519784,76669519785,1
76500000000,76800000000,76669519785,76669519860,75
76500000000,76800000000,76669519860,76669519861,1
76500000000,76800000000,76669519861,76669519896,35
76500000000,76800000000,76669519896,76673362745,3842849
76500000000,76800000000,76673362745,76675125624,1762879
76500000000,76800000000,76675125624,76676673602,1547978
76500000000,76800000000,76676673602,76677489647,816045
76500000000,76800000000,76677489647,76678344777,855130
76500000000,76800000000,76678344777,76688699819,10355042
76500000000,76800000000,76688699819,76690508042,1808223
76500000000,76800000000,76690508042,76690514937,6895
76500000000,76800000000,76690514937,76693685630,3170693
76500000000,76800000000,76693685630,76702873611,9187981
76500000000,76800000000,76702873611,76703716398,842787
76500000000,76800000000,76703716398,76722276608,18560210
76500000000,76800000000,76722276608,76742236850,19960242
76500000000,76800000000,76742236850,76743697199,1460349
76500000000,76800000000,76743697199,76764256915,20559716
76500000000,76800000000,76764256915,76767309758,3052843
76500000000,76800000000,76767309758,76768121598,811840
76500000000,76800000000,76768121598,76775967593,7845995
76500000000,76800000000,76775967593,76776836773,869180
76500000000,76800000000,76776836773,76776839510,2737
76500000000,76800000000,76776839510,76778535013,1695503
76500000000,76800000000,76778535013,76783253120,4718107
76500000000,76800000000,76783253120,76786343452,3090332
76500000000,76800000000,76786343452,76787322055,978603
76500000000,76800000000,76787322055,76788248062,926007
76500000000,76800000000,76788248062,76788260503,12441
76500000000,76800000000,76788260503,76789974828,1714325
76500000000,76800000000,76789974828,76790895474,920646
76500000000,76800000000,76790895474,76794437863,3542389
76500000000,76800000000,76794437863,76794457361,19498
76800000000,77100000000,76801216280,76804352972,3136692
76800000000,77100000000,76804352972,76813628337,9275365
76800000000,77100000000,76813628337,76814446059,817722
76800000000,77100000000,76814446059,76814456904,10845
76800000000,77100000000,76814456904,76818597057,4140153
76800000000,77100000000,76818597057,76830210228,11613171
76800000000,77100000000,76830210228,76832684632,2474404
76800000000,77100000000,76832684632,76832686859,2227
76800000000,77100000000,76832686859,76834399319,1712460
76800000000,77100000000,76834399319,76845217944,10818625
76800000000,77100000000,76845217944,76847164595,1946651
76800000000,77100000000,76847164595,76847169469,4874
76800000000,77100000000,76847169469,76848925305,1755836
76800000000,77100000000,76848925305,76855030698,6105393
76800000000,77100000000,76855030698,76856897837,1867139
76800000000,77100000000,76856897837,76859977140,3079303
76800000000,77100000000,76859977140,76864848750,4871610
76800000000,77100000000,76864848750,76868197791,3349041
76800000000,77100000000,76868197791,76871876255,3678464
76800000000,77100000000,76871876255,76874968003,3091748
76800000000,77100000000,76874968003,76874975849,7846
76800000000,77100000000,76874975849,76876527051,1551202
76800000000,77100000000,76876527051,76879263735,2736684
76800000000,77100000000,76879263735,76885815870,6552135
76800000000,77100000000,76885815870,76885859049,43179
76800000000,77100000000,76885859049,76890761257,4902208
76800000000,77100000000,76890761257,76901660203,10898946
76800000000,77100000000,76901660203,76901680291,20088
76800000000,77100000000,76901680291,76901688313,8022
76800000000,77100000000,76901688313,76901691020,2707
76800000000,77100000000,76901691020,76901697020,6000
76800000000,77100000000,76901697020,76901702011,4991
76800000000,77100000000,76901702011,76901704250,2239
76800000000,77100000000,76901704250,76901713090,8840
76800000000,77100000000,76901713090,76901717927,4837
76800000000,77100000000,76901717927,76901728245,10318
76800000000,77100000000,76901728245,76901730157,1912
76800000000,77100000000,76901730157,76901733617,3460
76800000000,77100000000,76901733617,76901735822,2205
76800000000,77100000000,76901735822,76901746578,10756
76800000000,77100000000,76901746578,76901749057,2479
76800000000,77100000000,76901749057,76905705627,3956570
76800000000,77100000000,76905705627,76905705628,1
76800000000,77100000000,76905705628,76905705696,68
76800000000,77100000000,76905705696,76905705789,93
76800000000,77100000000,76905705789,76905705804,15
76800000000,77100000000,76905705804,76905706107,303
76800000000,77100000000,76905706107,76905706132,25
76800000000,77100000000,76905706132,76905706133,1
76800000000,77100000000,76905706133,76905706134,1
76800000000,77100000000,76905706134,76905706170,36
76800000000,77100000000,76905706170,76905706171,1
76800000000,77100000000,76905706171,76905706172,1
76800000000,77100000000,76905706172,76908473533,2767361
76800000000,77100000000,76908473533,76908473644,111
76800000000,77100000000,76908473644,76908591431,117787
76800000000,77100000000,76908591431,76920334821,11743390
76800000000,77100000000,76920334821,76922387582,2052761
76800000000,77100000000,76922387582,76927664925,5277343
76800000000,77100000000,76927664925,76935186175,7521250
76800000000,77100000000,76935186175,76936041919,855744
76800000000,77100000000,76936041919,76936881164,839245
76800000000,77100000000,76936881164,76937694988,813824
76800000000,77100000000,76937694988,76939423006,1728018
76800000000,77100000000,76939423006,76940375076,952070
76800000000,77100000000,76940375076,76941981720,1606644
76800000000,77100000000,76941981720,76945668183,3686463
76800000000,77100000000,76945668183,76947577263,1909080
76800000000,77100000000,76947577263,76950951872,3374609
76800000000,77100000000,76950951872,76951795845,843973
76800000000,77100000000,76951795845,76952585356,789511
76800000000,77100000000,76952585356,76960507685,7922329
76800000000,77100000000,76960507685,76967538611,7030926
76800000000,77100000000,76967538611,76967543304,4693
76800000000,77100000000,76967543304,76969392521,1849217
76800000000,77100000000,76969392521,76977152306,7759785
76800000000,77100000000,76977152306,76984047886,6895580
76800000000,77100000000,76984047886,76984053098,5212
76800000000,77100000000,76984053098,76984916484,863386
76800000000,77100000000,76984916484,76985785806,869322
76800000000,77100000000,76985785806,76987717620,1931814
76800000000,77100000000,76987717620,76992743659,5026039
76800000000,77100000000,76992743659,77003169225,10425566
76800000000,77100000000,77003169225,77003173213,3988
76800000000,77100000000,77003173213,77003176466,3253
76800000000,77100000000,77003176466,77016009637,12833171
76800000000,77100000000,77016009637,77016015104,5467
76800000000,77100000000,77016015104,77017643997,1628893
76800000000,77100000000,77017643997,77018440756,796759
76800000000,77100000000,77018440756,77020427086,1986330
76800000000,77100000000,77020427086,77021142830,715744
76800000000,77100000000,77021142830,77022703168,1560338
76800000000,77100000000,77022703168,77023641597,938429
76800000000,77100000000,77023641597,77027585657,3944060
76800000000,77100000000,77027585657,77027589895,4238
76800000000,77100000000,77027589895,77028327290,737395
76800000000,77100000000,77028327290,77045561930,17234640
76800000000,77100000000,77045561930,77047114598,1552668
76800000000,77100000000,77047114598,77064951354,17836756
76800000000,77100000000,77064951354,77065703628,752274
76800000000,77100000000,77065703628,77065707989,4361
76800000000,77100000000,77065707989,77065710751,2762
76800000000,77100000000,77065710751,77066474959,764208
76800000000,77100000000,77066474959,77073413699,6938740
76800000000,77100000000,77073413699,77080435704,7022005
76800000000,77100000000,77080435704,77086448160,6012456
76800000000,77100000000,77086448160,77086465424,17264
76800000000,77100000000,77086465424,77088157986,1692562
76800000000,77100000000,77088157986,77088157987,1
76800000000,77100000000,77088157987,77088157988,1
76800000000,77100000000,77088157988,77097229939,9071951
76800000000,77100000000,77097229939,77099786172,2556233
77100000000,77400000000,77102564844,77107574496,5009652
77100000000,77400000000,77107574496,77109159386,1584890
77100000000,77400000000,77109159386,77110903184,1743798
77100000000,77400000000,77110903184,77110918177,14993
77100000000,77400000000,77110918177,77111799238,881061
77100000000,77400000000,77111799238,77112707045,907807
77100000000,77400000000,77112707045,77112729486,22441
77100000000,77400000000,77112729486,77125887905,13158419
77100000000,77400000000,77125887905,77134119641,8231736
77100000000,77400000000,77134119641,77134122128,2487
77100000000,77400000000,77134122128,77134124355,2227
77100000000,77400000000,77134124355,77134130458,6103
77100000000,77400000000,77134130458,77134135836,5378
77100000000,77400000000,77134135836,77136728123,2592287
77100000000,77400000000,77136728123,77136728124,1
77100000000,77400000000,77136728124,77136728125,1
77100000000,77400000000,77136728125,77136728190,65
77100000000,77400000000,77136728190,77136728191,1
77100000000,77400000000,77136728191,77137639651,911460
77100000000,77400000000,77137639651,77147318036,9678385
77100000000,77400000000,77147318036,77152809382,5491346
77100000000,77400000000,77152809382,77152811862,2480
77100000000,77400000000,77152811862,77152814214,2352
77100000000,77400000000,77152814214,77152817162,2948
77100000000,77400000000,77152817162,77155143095,2325933
77100000000,77400000000,77155143095,77163257392,8114297
77100000000,77400000000,77163257392,77165833912,2576520
77100000000,77400000000,77165833912,77176446647,10612735
77100000000,77400000000,77176446647,77178182144,1735497
77100000000,77400000000,77178182144,77179043560,861416
77100000000,77400000000,77179043560,77180693089,1649529
77100000000,77400000000,77180693089,77188214547,7521458
77100000000,77400000000,77188214547,77188230929,16382
77100000000,77400000000,77188230929,77192484417,4253488
77100000000,77400000000,77192484417,77194247893,1763476
77100000000,77400000000,77194247893,77207716827,13468934
77100000000,77400000000,77207716827,77209490342,1773515
77100000000,77400000000,77209490342,77211792285,2301943
77100000000,77400000000,77211792285,77214348156,2555871
77100000000,77400000000,77214348156,77217391594,3043438
77100000000,77400000000,77217391594,77218855748,1464154
77100000000,77400000000,77218855748,77220562205,1706457
77100000000,77400000000,77220562205,77221404193,841988
77100000000,77400000000,77221404193,77222300517,896324
77100000000,77400000000,77222300517,77223102919,802402
77100000000,77400000000,77223102919,77223107740,4821
77100000000,77400000000,77223107740,77234968283,11860543
77100000000,77400000000,77234968283,77250789281,15820998
77100000000,77400000000,77250789281,77250796472,7191
77100000000,77400000000,77250796472,77250798789,2317
77100000000,77400000000,77250798789,77250801133,2344
77100000000,77400000000,77250801133,77250803262,2129
77100000000,77400000000,77250803262,77251583349,780087
77100000000,77400000000,77251583349,77258659679,7076330
77100000000,77400000000,77258659679,77264541092,5881413
77100000000,77400000000,77264541092,77268339118,3798026
77100000000,77400000000,77268339118,77268347370,8252
77100000000,77400000000,77268347370,77268352327,4957
77100000000,77400000000,77268352327,77269957729,1605402
77100000000,77400000000,77269957729,77269960448,2719
77100000000,77400000000,77269960448,77269964593,4145
77100000000,77400000000,77269964593,77269982091,17498
77100000000,77400000000,77269982091,77269992101,10010
77100000000,77400000000,77269992101,77269994102,2001
77100000000,77400000000,77269994102,77269995725,1623
77100000000,77400000000,77269995725,77269997961,2236
77100000000,77400000000,77269997961,77270004095,6134
77100000000,77400000000,77270004095,77270006168,2073
77100000000,77400000000,77270006168,77270799437,793269
77100000000,77400000000,77270799437,77271739946,940509
77100000000,77400000000,77271739946,77271743093,3147
77100000000,77400000000,77271743093,77273424659,1681566
77100000000,77400000000,77273424659,77273438430,13771
77100000000,77400000000,77273438430,77274211418,772988
77100000000,77400000000,77274211418,77275148025,936607
77100000000,77400000000,77275148025,77275243515,95490
77100000000,77400000000,77275243515,77278732093,3488578
77100000000,77400000000,77278732093,77280272072,1539979
77100000000,77400000000,77280272072,77284892916,4620844
77100000000,77400000000,77284892916,77285715662,822746
77100000000,77400000000,77285715662,77285739182,23520
77100000000,77400000000,77285739182,77286609387,870205
77100000000,77400000000,77286609387,77291276309,4666922
77100000000,77400000000,77291276309,77291279310,3001
77100000000,77400000000,77291279310,77291281856,2546
77100000000,77400000000,77291281856,77291284756,2900
77100000000,77400000000,77291284756,77291287620,2864
77100000000,77400000000,77291287620,77291291052,3432
77100000000,77400000000,77291291052,77291293382,2330
77100000000,77400000000,77291293382,77291295440,2058
77100000000,77400000000,77291295440,77295631526,4336086
77100000000,77400000000,77295631526,77295631527,1
77100000000,77400000000,77295631527,77316250453,20618926
77100000000,77400000000,77316250453,77316255255,4802
77100000000,77400000000,77316255255,77316278023,22768
77100000000,77400000000,77316278023,77321720325,5442302
77100000000,77400000000,77321720325,77321720326,1
77100000000,77400000000,77321720326,77322780650,1060324
77100000000,77400000000,77322780650,77331306739,8526089
77100000000,77400000000,77331306739,77335638175,4331436
77100000000,77400000000,77335638175,77335643836,5661
77100000000,77400000000,77335643836,77335648957,5121
77100000000,77400000000,77335648957,77335654886,5929
77100000000,77400000000,77335654886,77335661300,6414
77100000000,77400000000,77335661300,77338542931,2881631
77100000000,77400000000,77338542931,77338542932,1
77100000000,77400000000,77338542932,77338543093,161
77100000000,77400000000,77338543093,77338543094,1
77100000000,77400000000,77338543094,77338543095,1
77100000000,77400000000,77338543095,77338543135,40
77100000000,77400000000,77338543135,77338543136,1
77100000000,77400000000,77338543136,77338735090,191954
77100000000,77400000000,77338735090,77341679168,2944078
77100000000,77400000000,77341679168,77344485282,2806114
77100000000,77400000000,77344485282,77353731781,9246499
77100000000,77400000000,77353731781,77355699343,1967562
77100000000,77400000000,77355699343,77359182904,3483561
77100000000,77400000000,77359182904,77360227680,1044776
77100000000,77400000000,77360227680,77360227681,1
77100000000,77400000000,77360227681,77363235947,3008266
77100000000,77400000000,77363235947,77365981756,2745809
77100000000,77400000000,77365981756,77368602681,2620925
77100000000,77400000000,77368602681,77378636077,10033396
77100000000,77400000000,77378636077,77378725935,89858
77100000000,77400000000,77378725935,77378730048,4113
77100000000,77400000000,77378730048,77380775270,2045222
77100000000,77400000000,77380775270,77380775271,1
77100000000,77400000000,77380775271,77397026215,16250944
77100000000,77400000000,77397026215,77397031610,5395
77100000000,77400000000,77397031610,77397033706,2096
77100000000,77400000000,77397033706,77397036336,2630
77100000000,77400000000,77397036336,77398749641,1713305
77400000000,77700000000,77402162439,77412944019,10781580
77400000000,77700000000,77412944019,77413954405,1010386
77400000000,77700000000,77413954405,77417225635,3271230
77400000000,77700000000,77417225635,77418125780,900145
77400000000,77700000000,77418125780,77418153723,27943
77400000000,77700000000,77418153723,77419080428,926705
77400000000,77700000000,77419080428,77419115680,35252
77400000000,77700000000,77419115680,77428926455,9810775
77400000000,77700000000,77428926455,77431019701,2093246
77400000000,77700000000,77431019701,77441605598,10585897
77400000000,77700000000,77441605598,77441608692,3094
77400000000,77700000000,77441608692,77441611009,2317
77400000000,77700000000,77441611009,77441613492,2483
77400000000,77700000000,77441613492,77441616150,2658
77400000000,77700000000,77441616150,77441620853,4703
77400000000,77700000000,77441620853,77443633995,2013142
77400000000,77700000000,77443633995,77445157686,1523691
77400000000,77700000000,77445157686,77446135414,977728
77400000000,77700000000,77446135414,77460654214,14518800
77400000000,77700000000,77460654214,77460659774,5560
77400000000,77700000000,77460659774,77460662033,2259
77400000000,77700000000,77460662033,77460667847,5814
77400000000,77700000000,77460667847,77460673332,5485
77400000000,77700000000,77460673332,77460675592,2260
77400000000,77700000000,77460675592,77460682519,6927
77400000000,77700000000,77460682519,77460686232,3713
77400000000,77700000000,77460686232,77465052663,4366431
77400000000,77700000000,77465052663,77465052664,1
77400000000,77700000000,77465052664,77465052790,126
77400000000,77700000000,77465052790,77465052853,63
77400000000,77700000000,77465052853,77466257342,1204489
77400000000,77700000000,77466257342,77471384838,5127496
77400000000,77700000000,77471384838,77473283890,1899052
77400000000,77700000000,77473283890,77481873546,8589656
77400000000,77700000000,77481873546,77481880192,6646
77400000000,77700000000,77481880192,77481883134,2942
77400000000,77700000000,77481883134,77481890689,7555
77400000000,77700000000,77481890689,77481902901,12212
77400000000,77700000000,77481902901,77481923769,20868
77400000000,77700000000,77481923769,77486647065,4723296
77400000000,77700000000,77486647065,77486647151,86
77400000000,77700000000,77486647151,77488886642,2239491
77400000000,77700000000,77488886642,77494071699,5185057
77400000000,77700000000,77494071699,77495190467,1118768
77400000000,77700000000,77495190467,77499276627,4086160
77400000000,77700000000,77499276627,77501571719,2295092
77400000000,77700000000,77501571719,77501577478,5759
77400000000,77700000000,77501577478,77501586076,8598
77400000000,77700000000,77501586076,77503594399,2008323
77400000000,77700000000,77503594399,77505242968,1648569
77400000000,77700000000,77505242968,77508216579,2973611
77400000000,77700000000,77508216579,77511776098,3559519
77400000000,77700000000,77511776098,77534481323,22705225
77400000000,77700000000,77534481323,77534484775,3452
77400000000,77700000000,77534484775,77534487883,3108
77400000000,77700000000,77534487883,77534490250,2367
77400000000,77700000000,77534490250,77534492712,2462
77400000000,77700000000,77534492712,77535419762,927050
77400000000,77700000000,77535419762,77539027925,3608163
77400000000,77700000000,77539027925,77542739606,3711681
77400000000,77700000000,77542739606,77549803643,7064037
77400000000,77700000000,77549803643,77550556963,753320
77400000000,77700000000,77550556963,77551393900,836937
77400000000,77700000000,77551393900,77553760652,2366752
77400000000,77700000000,77553760652,77554905375,1144723
77400000000,77700000000,77554905375,77554922464,17089
77400000000,77700000000,77554922464,77554924555,2091
77400000000,77700000000,77554924555,77554926195,1640
77400000000,77700000000,77554926195,77554928575,2380
77400000000,77700000000,77554928575,77554931582,3007
77400000000,77700000000,77554931582,77554933651,2069
77400000000,77700000000,77554933651,77554941632,7981
77400000000,77700000000,77554941632,77554946058,4426
77400000000,77700000000,77554946058,77554958318,12260
77400000000,77700000000,77554958318,77554964358,6040
77400000000,77700000000,77554964358,77555943500,979142
77400000000,77700000000,77555943500,77557597867,1654367
77400000000,77700000000,77557597867,77558344524,746657
77400000000,77700000000,77558344524,77561322677,2978153
77400000000,77700000000,77561322677,77561322804,127
77400000000,77700000000,77561322804,77561322805,1
77400000000,77700000000,77561322805,77561322907,102
77400000000,77700000000,77561322907,77561322908,1
77400000000,77700000000,77561322908,77565879451,4556543
77400000000,77700000000,77565879451,77566062322,182871
77400000000,77700000000,77566062322,77566100728,38406
77400000000,77700000000,77566100728,77567052420,951692
77400000000,77700000000,77567052420,77570279002,3226582
77400000000,77700000000,77570279002,77576787504,6508502
77400000000,77700000000,77576787504,77576792697,5193
77400000000,77700000000,77576792697,77577639764,847067
77400000000,77700000000,77577639764,77577643368,3604
77400000000,77700000000,77577643368,77577645988,2620
77400000000,77700000000,77577645988,77577647824,1836
77400000000,77700000000,77577647824,77577657382,9558
77400000000,77700000000,77577657382,77577659369,1987
77400000000,77700000000,77577659369,77577663845,4476
77400000000,77700000000,77577663845,77578536144,872299
77400000000,77700000000,77578536144,77580349593,1813449
77400000000,77700000000,77580349593,77581252102,902509
77400000000,77700000000,77581252102,77581252103,1
77400000000,77700000000,77581252103,77581252187,84
77400000000,77700000000,77581252187,77581254119,1932
77400000000,77700000000,77581254119,77582168633,914514
77400000000,77700000000,77582168633,77586751854,4583221
77400000000,77700000000,77586751854,77589010381,2258527
77400000000,77700000000,77589010381,77591038646,2028265
77400000000,77700000000,77591038646,77594689507,3650861
77400000000,77700000000,77594689507,77597345426,2655919
77400000000,77700000000,77597345426,77597351145,5719
77400000000,77700000000,77597351145,77612160558,14809413
77400000000,77700000000,77612160558,77613046845,886287
77400000000,77700000000,77613046845,77616086264,3039419
77400000000,77700000000,77616086264,77616112073,25809
77400000000,77700000000,77616112073,77616114948,2875
77400000000,77700000000,77616114948,77631159512,15044564
77400000000,77700000000,77631159512,77632959845,1800333
77400000000,77700000000,77632959845,77634029184,1069339
77400000000,77700000000,77634029184,77645022954,10993770
77400000000,77700000000,77645022954,77646677140,1654186
77400000000,77700000000,77646677140,77649396779,2719639
77400000000,77700000000,77649396779,77651991018,2594239
77400000000,77700000000,77651991018,77653206529,1215511
77400000000,77700000000,77653206529,77659303525,6096996
77400000000,77700000000,77659303525,77662682954,3379429
77400000000,77700000000,77662682954,77665026918,2343964
77400000000,77700000000,77665026918,77665046137,19219
77400000000,77700000000,77665046137,77665053121,6984
77400000000,77700000000,77665053121,77665063365,10244
77400000000,77700000000,77665063365,77669714459,4651094
77400000000,77700000000,77669714459,77669714460,1
77400000000,77700000000,77669714460,77690079517,20365057
77400000000,77700000000,77690079517,77696320712,6241195
77400000000,77700000000,77696320712,77696331337,10625
77400000000,77700000000,77696331337,77696335728,4391
77700000000,78000000000,77700019119,77700019202,83
77700000000,78000000000,77700019202,77700049883,30681
77700000000,78000000000,77700049883,77701355557,1305674
77700000000,78000000000,77701355557,77706349516,4993959
77700000000,78000000000,77706349516,77706349517,1
77700000000,78000000000,77706349517,77711048827,4699310
77700000000,78000000000,77711048827,77713163085,2114258
77700000000,78000000000,77713163085,77715411602,2248517
77700000000,78000000000,77715411602,77715441023,29421
77700000000,78000000000,77715441023,77716542229,1101206
77700000000,78000000000,77716542229,77731880464,15338235
77700000000,78000000000,77731880464,77734935793,3055329
77700000000,78000000000,77734935793,77734941821,6028
77700000000,78000000000,77734941821,77734946816,4995
77700000000,78000000000,77734946816,77734948650,1834
77700000000,78000000000,77734948650,77734951270,2620
77700000000,78000000000,77734951270,77737735665,2784395
77700000000,78000000000,77737735665,77737735666,1
77700000000,78000000000,77737735666,77737735667,1
77700000000,78000000000,77737735667,77737735789,122
77700000000,78000000000,77737735789,77745230080,7494291
77700000000,78000000000,77745230080,77750488941,5258861
77700000000,78000000000,77750488941,77750522321,33380
77700000000,78000000000,77750522321,77750524591,2270
77700000000,78000000000,77750524591,77754349830,3825239
77700000000,78000000000,77754349830,77770451637,16101807
77700000000,78000000000,77770451637,77770460553,8916
77700000000,78000000000,77770460553,77773127363,2666810
77700000000,78000000000,77773127363,77773127382,19
77700000000,78000000000,77773127382,77773127383,1
77700000000,78000000000,77773127383,77787010648,13883265
77700000000,78000000000,77787010648,77790595491,3584843
77700000000,78000000000,77790595491,77803167370,12571879
77700000000,78000000000,77803167370,77805018046,1850676
77700000000,78000000000,77805018046,77814475840,9457794
77700000000,78000000000,77814475840,77828962379,14486539
77700000000,78000000000,77828962379,77828974072,11693
77700000000,78000000000,77828974072,77831277871,2303799
77700000000,78000000000,77831277871,77831277872,1
77700000000,78000000000,77831277872,77831277873,1
77700000000,78000000000,77831277873,77832904286,1626413
77700000000,78000000000,77832904286,77834619381,1715095
77700000000,78000000000,77834619381,77836200750,1581369
77700000000,78000000000,77836200750,77844915819,8715069
77700000000,78000000000,77844915819,77848103968,3188149
77700000000,78000000000,77848103968,77849022884,918916
77700000000,78000000000,77849022884,77849027680,4796
77700000000,78000000000,77849027680,77849030086,2406
77700000000,78000000000,77849030086,77851046486,2016400
77700000000,78000000000,77851046486,77851046487,1
77700000000,78000000000,77851046487,77856198017,5151530
77700000000,78000000000,77856198017,77868301682,12103665
77700000000,78000000000,77868301682,77868317484,15802
77700000000,78000000000,77868317484,77868320335,2851
77700000000,78000000000,77868320335,77870857594,2537259
77700000000,78000000000,77870857594,77870857595,1
77700000000,78000000000,77870857595,77870857674,79
77700000000,78000000000,77870857674,77871732785,875111
77700000000,78000000000,77871732785,77886905518,15172733
77700000000,78000000000,77886905518,77892284843,5379325
77700000000,78000000000,77892284843,77893139475,854632
77700000000,78000000000,77893139475,77894202590,1063115
77700000000,78000000000,77894202590,77895019609,817019
77700000000,78000000000,77895019609,77898386820,3367211
77700000000,78000000000,77898386820,77907652579,9265759
77700000000,78000000000,77907652579,77909372120,1719541
77700000000,78000000000,77909372120,77925348359,15976239
77700000000,78000000000,77925348359,77927496338,2147979
77700000000,78000000000,77927496338,77929221065,1724727
77700000000,78000000000,77929221065,77931928685,2707620
77700000000,78000000000,77931928685,77934329351,2400666
77700000000,78000000000,77934329351,77934335162,5811
77700000000,78000000000,77934335162,77935952171,1617009
77700000000,78000000000,77935952171,77935952172,1
77700000000,78000000000,77935952172,77943610665,7658493
77700000000,78000000000,77943610665,77952980744,9370079
77700000000,78000000000,77952980744,77966594164,13613420
77700000000,78000000000,77966594164,77966611367,17203
77700000000,78000000000,77966611367,77966638390,27023
77700000000,78000000000,77966638390,77966649734,11344
77700000000,78000000000,77966649734,77968494227,1844493
77700000000,78000000000,77968494227,77968494228,1
77700000000,78000000000,77968494228,77968494396,168
77700000000,78000000000,77968494396,77968494397,1
77700000000,78000000000,77968494397,77968494398,1
77700000000,78000000000,77968494398,77984416393,15921995
77700000000,78000000000,77984416393,77984420624,4231
77700000000,78000000000,77984420624,77984429359,8735
77700000000,78000000000,77984429359,77984431557,2198
77700000000,78000000000,77984431557,77984433621,2064
77700000000,78000000000,77984433621,77984438565,4944
77700000000,78000000000,77984438565,77984440085,1520
77700000000,78000000000,77984440085,77984443779,3694
77700000000,78000000000,77984443779,77984445831,2052
77700000000,78000000000,77984445831,77984449753,3922
77700000000,78000000000,77984449753,77984451849,2096
77700000000,78000000000,77984451849,77984454824,2975
77700000000,78000000000,77984454824,77984456765,1941
77700000000,78000000000,77984456765,77984460454,3689
77700000000,78000000000,77984460454,77984462839,2385
77700000000,78000000000,77984462839,77984466953,4114
77700000000,78000000000,77984466953,77984469337,2384
77700000000,78000000000,77984469337,77986014517,1545180
77700000000,78000000000,77986014517,77986783922,769405
77700000000,78000000000,77986783922,77986784059,137
77700000000,78000000000,77986784059,77986784585,526
77700000000,78000000000,77986784585,77986784586,1
77700000000,78000000000,77986784586,77986784587,1
77700000000,78000000000,77986784587,77988380815,1596228
77700000000,78000000000,77988380815,77989272414,891599
77700000000,78000000000,77989272414,77989294085,21671
77700000000,78000000000,77989294085,77991693980,2399895
77700000000,78000000000,77991693980,77993786459,2092479
77700000000,78000000000,77993786459,77995468610,1682151
77700000000,78000000000,77995468610,77997896532,2427922
78000000000,78300000000,78008141026,78015768532,7627506
78000000000,78300000000,78015768532,78015771052,2520
78000000000,78300000000,78015771052,78015774070,3018
78000000000,78300000000,78015774070,78016676082,902012
78000000000,78300000000,78016676082,78026104745,9428663
78000000000,78300000000,78026104745,78033739525,7634780
78000000000,78300000000,78033739525,78034656194,916669
78000000000,78300000000,78034656194,78034660601,4407
78000000000,78300000000,78034660601,78034663610,3009
78000000000,78300000000,78034663610,78034665786,2176
78000000000,78300000000,78034665786,78034668446,2660
78000000000,78300000000,78034668446,78034670857,2411
78000000000,78300000000,78034670857,78034673174,2317
78000000000,78300000000,78034673174,78034675515,2341
78000000000,78300000000,78034675515,78034678187,2672
78000000000,78300000000,78034678187,78034682487,4300
78000000000,78300000000,78034682487,78034684533,2046
78000000000,78300000000,78034684533,78034686960,2427
78000000000,78300000000,78034686960,78036843604,2156644
78000000000,78300000000,78036843604,78040585952,3742348
78000000000,78300000000,78040585952,78045333780,4747828
78000000000,78300000000,78045333780,78049681864,4348084
78000000000,78300000000,78049681864,78054337058,4655194
78000000000,78300000000,78054337058,78054342378,5320
78000000000,78300000000,78054342378,78054347526,5148
78000000000,78300000000,78054347526,78056046455,1698929
78000000000,78300000000,78056046455,78064489117,8442662
78000000000,78300000000,78064489117,78069464148,4975031
78000000000,78300000000,78069464148,78069630023,165875
78000000000,78300000000,78069630023,78072466654,2836631
78000000000,78300000000,78072466654,78083905937,11439283
78000000000,78300000000,78083905937,78090508549,6602612
78000000000,78300000000,78090508549,78090518364,9815
78000000000,78300000000,78090518364,78090538788,20424
78000000000,78300000000,78090538788,78090551715,12927
78000000000,78300000000,78090551715,78092675859,2124144
78000000000,78300000000,78092675859,78098122889,5447030
78000000000,78300000000,78098122889,78098122890,1
78000000000,78300000000,78098122890,78098122891,1
78000000000,78300000000,78098122891,78098122954,63
78000000000,78300000000,78098122954,78116119033,17996079
78000000000,78300000000,78116119033,78116140619,21586
78000000000,78300000000,78116140619,78144999441,28858822
78000000000,78300000000,78144999441,78145013348,13907
78000000000,78300000000,78145013348,78145015678,2330
78000000000,78300000000,78145015678,78145017382,1704
78000000000,78300000000,78145017382,78149939145,4921763
78000000000,78300000000,78149939145,78149939146,1
78000000000,78300000000,78149939146,78149939147,1
78000000000,78300000000,78149939147,78149939283,136
78000000000,78300000000,78149939283,78149939318,35
78000000000,78300000000,78149939318,78164657469,14718151
78000000000,78300000000,78164657469,78164664557,7088
78000000000,78300000000,78164664557,78164667480,2923
78000000000,78300000000,78164667480,78164670183,2703
78000000000,78300000000,78164670183,78169108958,4438775
78000000000,78300000000,78169108958,78183246016,14137058
78000000000,78300000000,78183246016,78183251832,5816
78000000000,78300000000,78183251832,78183257176,5344
78000000000,78300000000,78183257176,78184249489,992313
78000000000,78300000000,78184249489,78186359486,2109997
78000000000,78300000000,78186359486,78186359554,68
78000000000,78300000000,78186359554,78194511006,8151452
78000000000,78300000000,78194511006,78198392323,3881317
78000000000,78300000000,78198392323,78201588077,3195754
78000000000,78300000000,78201588077,78201600283,12206
78000000000,78300000000,78201600283,78204299374,2699091
78000000000,78300000000,78204299374,78204299375,1
78000000000,78300000000,78204299375,78204299594,219
78000000000,78300000000,78204299594,78204322806,23212
78000000000,78300000000,78204322806,78209027119,4704313
78000000000,78300000000,78209027119,78215450715,6423596
78000000000,78300000000,78215450715,78217255195,1804480
78000000000,78300000000,78217255195,78218926619,1671424
78000000000,78300000000,78218926619,78229555374,10628755
78000000000,78300000000,78229555374,78229561973,6599
78000000000,78300000000,78229561973,78229567114,5141
78000000000,78300000000,78229567114,78229575071,7957
78000000000,78300000000,78229575071,78229578165,3094
78000000000,78300000000,78229578165,78229580277,2112
78000000000,78300000000,78229580277,78229582461,2184
78000000000,78300000000,78229582461,78229584128,1667
78000000000,78300000000,78229584128,78229591088,6960
78000000000,78300000000,78229591088,78229593657,2569
78000000000,78300000000,78229593657,78229600080,6423
78000000000,78300000000,78229600080,78229603018,2938
78000000000,78300000000,78229603018,78230435062,832044
78000000000,78300000000,78230435062,78232161742,1726680
78000000000,78300000000,78232161742,78232161797,55
78000000000,78300000000,78232161797,78232297886,136089
78000000000,78300000000,78232297886,78235237921,2940035
78000000000,78300000000,78235237921,78235243443,5522
78000000000,78300000000,78235243443,78237048925,1805482
78000000000,78300000000,78237048925,78237054263,5338
78000000000,78300000000,78237054263,78237057859,3596
78000000000,78300000000,78237057859,78247992862,10935003
78000000000,78300000000,78247992862,78249016109,1023247
78000000000,78300000000,78249016109,78249052982,36873
78000000000,78300000000,78249052982,78249060389,7407
78000000000,78300000000,78249060389,78249064971,4582
78000000000,78300000000,78249064971,78249067916,2945
78000000000,78300000000,78249067916,78249070130,2214
78000000000,78300000000,78249070130,78252187476,3117346
78000000000,78300000000,78252187476,78255442062,3254586
78000000000,78300000000,78255442062,78256343260,901198
78000000000,78300000000,78256343260,78266901621,10558361
78000000000,78300000000,78266901621,78266907161,5540
78000000000,78300000000,78266907161,78268831943,1924782
78000000000,78300000000,78268831943,78268835693,3750
78000000000,78300000000,78268835693,78268838990,3297
78000000000,78300000000,78268838990,78271256088,2417098
78000000000,78300000000,78271256088,78273132313,1876225
78000000000,78300000000,78273132313,78273137950,5637
78000000000,78300000000,78273137950,78273140402,2452
78000000000,78300000000,78273140402,78273146204,5802
78000000000,78300000000,78273146204,78273152233,6029
78000000000,78300000000,78273152233,78273184788,32555
78000000000,78300000000,78273184788,78273187549,2761
78000000000,78300000000,78273187549,78273190594,3045
78000000000,78300000000,78273190594,78273194881,4287
78000000000,78300000000,78273194881,78273208990,14109
78000000000,78300000000,78273208990,78273212106,3116
78000000000,78300000000,78273212106,78273218834,6728
78000000000,78300000000,78273218834,78273220765,1931
78000000000,78300000000,78273220765,78273224746,3981
78000000000,78300000000,78273224746,78275801033,2576287
78000000000,78300000000,78275801033,78278049790,2248757
78000000000,78300000000,78278049790,78278049791,1
78000000000,78300000000,78278049791,78278049882,91
78000000000,78300000000,78278049882,78278049883,1
78000000000,78300000000,78278049883,78278049927,44
78000000000,78300000000,78278049927,78278049928,1
78000000000,78300000000,78278049928,78278050117,189
78000000000,78300000000,78278050117,78278050118,1
78000000000,78300000000,78278050118,78278050119,1
78000000000,78300000000,78278050119,78278050358,239
78000000000,78300000000,78278050358,78278050359,1
78000000000,78300000000,78278050359,78278050360,1
78000000000,78300000000,78278050360,78278050630,270
78000000000,78300000000,78278050630,78278050711,81
78000000000,78300000000,78278050711,78278050781,70
78000000000,78300000000,78278050781,78279859254,1808473
78000000000,78300000000,78279859254,78285534783,5675529
78000000000,78300000000,78285534783,78286521900,987117
78000000000,78300000000,78286521900,78292125094,5603194
78000000000,78300000000,78292125094,78292132370,7276
78000000000,78300000000,78292132370,78292138276,5906
78000000000,78300000000,78292138276,78292141294,3018
78000000000,78300000000,78292141294,78292148023,6729
78000000000,78300000000,78292148023,78292153464,5441
78000000000,78300000000,78292153464,78296158605,4005141
78000000000,78300000000,78296158605,78296158606,1
78000000000,78300000000,78296158606,78296158668,62
78000000000,78300000000,78296158668,78296158669,1
78300000000,78600000000,78314921807,78314926947,5140
78300000000,78600000000,78314926947,78314942161,15214
78300000000,78600000000,78314942161,78314958907,16746
78300000000,78600000000,78314958907,78314984983,26076
78300000000,78600000000,78314984983,78315016336,31353
78300000000,78600000000,78315016336,78315030530,14194
78300000000,78600000000,78315030530,78320169650,5139120
78300000000,78600000000,78320169650,78320169743,93
78300000000,78600000000,78320169743,78320169776,33
78300000000,78600000000,78320169776,78320169777,1
78300000000,78600000000,78320169777,78320169778,1
78300000000,78600000000,78320169778,78320169932,154
78300000000,78600000000,78320169932,78320170078,146
78300000000,78600000000,78320170078,78332203392,12033314
78300000000,78600000000,78332203392,78339831268,7627876
78300000000,78600000000,78339831268,78339843788,12520
78300000000,78600000000,78339843788,78339860424,16636
78300000000,78600000000,78339860424,78343417219,3556795
78300000000,78600000000,78343417219,78343417252,33
78300000000,78600000000,78343417252,78348107943,4690691
78300000000,78600000000,78348107943,78350358153,2250210
78300000000,78600000000,78350358153,78353381769,3023616
78300000000,78600000000,78353381769,78361402959,8021190
78300000000,78600000000,78361402959,78361410749,7790
78300000000,78600000000,78361410749,78361415340,4591
78300000000,78600000000,78361415340,78361424158,8818
78300000000,78600000000,78361424158,78361431718,7560
78300000000,78600000000,78361431718,78361434242,2524
78300000000,78600000000,78361434242,78361439171,4929
78300000000,78600000000,78361439171,78361441464,2293
78300000000,78600000000,78361441464,78361447929,6465
78300000000,78600000000,78361447929,78361457118,9189
78300000000,78600000000,78361457118,78361467682,10564
78300000000,78600000000,78361467682,78361470075,2393
78300000000,78600000000,78361470075,78361475034,4959
78300000000,78600000000,78361475034,78365560108,4085074
78300000000,78600000000,78365560108,78366450777,890669
78300000000,78600000000,78366450777,78366450778,1
78300000000,78600000000,78366450778,78366450779,1
78300000000,78600000000,78366450779,78366450915,136
78300000000,78600000000,78366450915,78366450916,1
78300000000,78600000000,78366450916,78366450917,1
78300000000,78600000000,78366450917,78366451135,218
78300000000,78600000000,78366451135,78366451164,29
78300000000,78600000000,78366451164,78366451165,1
78300000000,78600000000,78366451165,78366451166,1
78300000000,78600000000,78366451166,78366451302,136
78300000000,78600000000,78366451302,78372722199,6270897
78300000000,78600000000,78372722199,78372726195,3996
78300000000,78600000000,78372726195,78372731786,5591
78300000000,78600000000,78372731786,78374051983,1320197
78300000000,78600000000,78374051983,78374106242,54259
78300000000,78600000000,78374106242,78383955534,9849292
78300000000,78600000000,78383955534,78385936968,1981434
78300000000,78600000000,78385936968,78385946060,9092
78300000000,78600000000,78385946060,78385951616,5556
78300000000,78600000000,78385951616,78385959984,8368
78300000000,78600000000,78385959984,78385967205,7221
78300000000,78600000000,78385967205,78385987434,20229
78300000000,78600000000,78385987434,78385999352,11918
78300000000,78600000000,78385999352,78386959686,960334
78300000000,78600000000,78386959686,78390090040,3130354
78300000000,78600000000,78390090040,78391989026,1898986
78300000000,78600000000,78391989026,78391989027,1
78300000000,78600000000,78391989027,78391989028,1
78300000000,78600000000,78391989028,78391989163,135
78300000000,78600000000,78391989163,78391989164,1
78300000000,78600000000,78391989164,78391989284,120
78300000000,78600000000,78391989284,78391989285,1
78300000000,78600000000,78391989285,78391989286,1
78300000000,78600000000,78391989286,78394028754,2039468
78300000000,78600000000,78394028754,78394066007,37253
78300000000,78600000000,78394066007,78410823886,16757879
78300000000,78600000000,78410823886,78410826727,2841
78300000000,78600000000,78410826727,78410832191,5464
78300000000,78600000000,78410832191,78415685052,4852861
78300000000,78600000000,78415685052,78415685053,1
78300000000,78600000000,78415685053,78431896278,16211225
78300000000,78600000000,78431896278,78433179226,1282948
78300000000,78600000000,78433179226,78434405210,1225984
78300000000,78600000000,78434405210,78436701043,2295833
78300000000,78600000000,78436701043,78444930147,8229104
78300000000,78600000000,78444930147,78449335910,4405763
78300000000,78600000000,78449335910,78452968823,3632913
78300000000,78600000000,78452968823,78452979214,10391
78300000000,78600000000,78452979214,78452986191,6977
78300000000,78600000000,78452986191,78453999176,1012985
78300000000,78600000000,78453999176,78454039854,40678
78300000000,78600000000,78454039854,78456247497,2207643
78300000000,78600000000,78456247497,78456247498,1
78300000000,78600000000,78456247498,78456247499,1
78300000000,78600000000,78456247499,78456247635,136
78300000000,78600000000,78456247635,78457348379,1100744
78300000000,78600000000,78457348379,78463653573,6305194
78300000000,78600000000,78463653573,78466507986,2854413
78300000000,78600000000,78466507986,78466514317,6331
78300000000,78600000000,78466514317,78468403784,1889467
78300000000,78600000000,78468403784,78469441192,1037408
78300000000,78600000000,78469441192,78482908056,13466864
78300000000,78600000000,78482908056,78485132370,2224314
78300000000,78600000000,78485132370,78486962123,1829753
78300000000,78600000000,78486962123,78486962124,1
78300000000,78600000000,78486962124,78486962125,1
78300000000,78600000000,78486962125,78489883213,2921088
78300000000,78600000000,78489883213,78493743798,3860585
78300000000,78600000000,78493743798,78508090956,14347158
78300000000,78600000000,78508090956,78508105407,14451
78300000000,78600000000,78508105407,78508210711,105304
78300000000,78600000000,78508210711,78510022902,1812191
78300000000,78600000000,78510022902,78510022903,1
78300000000,78600000000,78510022903,78510023028,125
78300000000,78600000000,78510023028,78510023063,35
78300000000,78600000000,78510023063,78510023064,1
78300000000,78600000000,78510023064,78510023065,1
78300000000,78600000000,78510023065,78514185574,4162509
78300000000,78600000000,78514185574,78528959043,14773469
78300000000,78600000000,78528959043,78528972005,12962
78300000000,78600000000,78528972005,78531929901,2957896
78300000000,78600000000,78531929901,78535277132,3347231
78300000000,78600000000,78535277132,78543756067,8478935
78300000000,78600000000,78543756067,78544690025,933958
78300000000,78600000000,78544690025,78546767684,2077659
78300000000,78600000000,78546767684,78546773941,6257
78300000000,78600000000,78546773941,78546776350,2409
78300000000,78600000000,78546776350,78552523223,5746873
78300000000,78600000000,78552523223,78569962242,17439019
78300000000,78600000000,78569962242,78572226538,2264296
78300000000,78600000000,78572226538,78572226539,1
78300000000,78600000000,78572226539,78572226540,1
78300000000,78600000000,78572226540,78590326383,18099843
78300000000,78600000000,78590326383,78590329748,3365
78300000000,78600000000,78590329748,78590337551,7803
78300000000,78600000000,78590337551,78590341098,3547
78300000000,78600000000,78590341098,78590342979,1881
78300000000,78600000000,78590342979,78590347864,4885
78300000000,78600000000,78590347864,78590357445,9581
78300000000,78600000000,78590357445,78590360001,2556
78300000000,78600000000,78590360001,78590362322,2321
78300000000,78600000000,78590362322,78590367584,5262
78300000000,78600000000,78590367584,78594382374,4014790
78300000000,78600000000,78594382374,78594382375,1
78300000000,78600000000,78594382375,78594382376,1
78300000000,78600000000,78594382376,78594382584,208
78300000000,78600000000,78594382584,78594382671,87
78600000000,78900000000,78611460788,78611464280,3492
78600000000,78900000000,78611464280,78611467478,3198
78600000000,78900000000,78611467478,78611469897,2419
78600000000,78900000000,78611469897,78611472155,2258
78600000000,78900000000,78611472155,78611474844,2689
78600000000,78900000000,78611474844,78611476966,2122
78600000000,78900000000,78611476966,78611480955,3989
78600000000,78900000000,78611480955,78611483502,2547
78600000000,78900000000,78611483502,78611485820,2318
78600000000,78900000000,78611485820,78611495162,9342
78600000000,78900000000,78611495162,78611497741,2579
78600000000,78900000000,78611497741,78611525919,28178
78600000000,78900000000,78611525919,78611528284,2365
78600000000,78900000000,78611528284,78612405909,877625
78600000000,78900000000,78612405909,78613330553,924644
78600000000,78900000000,78613330553,78616291287,2960734
78600000000,78900000000,78616291287,78619960456,3669169
78600000000,78900000000,78619960456,78619960457,1
78600000000,78900000000,78619960457,78619960458,1
78600000000,78900000000,78619960458,78625953196,5992738
78600000000,78900000000,78625953196,78634330681,8377485
78600000000,78900000000,78634330681,78634335954,5273
78600000000,78900000000,78634335954,78634339939,3985
78600000000,78900000000,78634339939,78634344089,4150
78600000000,78900000000,78634344089,78634348994,4905
78600000000,78900000000,78634348994,78634354159,5165
78600000000,78900000000,78634354159,78634358240,4081
78600000000,78900000000,78634358240,78634360576,2336
78600000000,78900000000,78634360576,78634362846,2270
78600000000,78900000000,78634362846,78634365524,2678
78600000000,78900000000,78634365524,78634367610,2086
78600000000,78900000000,78634367610,78639538458,5170848
78600000000,78900000000,78639538458,78639538459,1
78600000000,78900000000,78639538459,78639538460,1
78600000000,78900000000,78639538460,78643739894,4201434
78600000000,78900000000,78643739894,78654520114,10780220
78600000000,78900000000,78654520114,78654527781,7667
78600000000,78900000000,78654527781,78654530647,2866
78600000000,78900000000,78654530647,78654535194,4547
78600000000,78900000000,78654535194,78654540940,5746
78600000000,78900000000,78654540940,78654548436,7496
78600000000,78900000000,78654548436,78657266633,2718197
78600000000,78900000000,78657266633,78657266705,72
78600000000,78900000000,78657266705,78657266731,26
78600000000,78900000000,78657266731,78657266732,1
78600000000,78900000000,78657266732,78657266733,1
78600000000,78900000000,78657266733,78662720895,5454162
78600000000,78900000000,78662720895,78683968151,21247256
78600000000,78900000000,78683968151,78686198330,2230179
78600000000,78900000000,78686198330,78686270294,71964
78600000000,78900000000,78686270294,78688108230,1837936
78600000000,78900000000,78688108230,78688108231,1
78600000000,78900000000,78688108231,78694579924,6471693
78600000000,78900000000,78694579924,78702243992,7664068
78600000000,78900000000,78702243992,78703961544,1717552
78600000000,78900000000,78703961544,78707664762,3703218
78600000000,78900000000,78707664762,78712237237,4572475
78600000000,78900000000,78712237237,78721895928,9658691
78600000000,78900000000,78721895928,78721929430,33502
78600000000,78900000000,78721929430,78723712019,1782589
78600000000,78900000000,78723712019,78723712020,1
78600000000,78900000000,78723712020,78737993044,14281024
78600000000,78900000000,78737993044,78738974341,981297
78600000000,78900000000,78738974341,78740008531,1034190
78600000000,78900000000,78740008531,78740013909,5378
78600000000,78900000000,78740013909,78740919827,905918
78600000000,78900000000,78740919827,78740933369,13542
78600000000,78900000000,78740933369,78740943097,9728
78600000000,78900000000,78740943097,78741892925,949828
78600000000,78900000000,78741892925,78741898749,5824
78600000000,78900000000,78741898749,78742729216,830467
78600000000,78900000000,78742729216,78742729217,1
78600000000,78900000000,78742729217,78742729218,1
78600000000,78900000000,78742729218,78742751875,22657
78600000000,78900000000,78742751875,78749584324,6832449
78600000000,78900000000,78749584324,78754448375,4864051
78600000000,78900000000,78754448375,78754455924,7549
78600000000,78900000000,78754455924,78756533408,2077484
78600000000,78900000000,78756533408,78759851817,3318409
78600000000,78900000000,78759851817,78762675146,2823329
78600000000,78900000000,78762675146,78762677774,2628
78600000000,78900000000,78762677774,78762681938,4164
78600000000,78900000000,78762681938,78764569078,1887140
78600000000,78900000000,78764569078,78764569079,1
78600000000,78900000000,78764569079,78765522567,953488
78600000000,78900000000,78765522567,78783726335,18203768
78600000000,78900000000,78783726335,78784676202,949867
78600000000,78900000000,78784676202,78784681587,5385
78600000000,78900000000,78784681587,78784691756,10169
78600000000,78900000000,78784691756,78787315800,2624044
78600000000,78900000000,78787315800,78787315820,20
78600000000,78900000000,78787315820,78787315821,1
78600000000,78900000000,78787315821,78787315822,1
78600000000,78900000000,78787315822,78787315909,87
78600000000,78900000000,78787315909,78787315910,1
78600000000,78900000000,78787315910,78787315911,1
78600000000,78900000000,78787315911,78814170352,26854441
78600000000,78900000000,78814170352,78820836958,6666606
78600000000,78900000000,78820836958,78820844850,7892
78600000000,78900000000,78820844850,78823178043,2333193
78600000000,78900000000,78823178043,78839456754,16278711
78600000000,78900000000,78839456754,78839465211,8457
78600000000,78900000000,78839465211,78839470516,5305
78600000000,78900000000,78839470516,78841251781,1781265
78600000000,78900000000,78841251781,78841251782,1
78600000000,78900000000,78841251782,78841251783,1
78600000000,78900000000,78841251783,78841251814,31
78600000000,78900000000,78841251814,78841251815,1
78600000000,78900000000,78841251815,78841251847,32
78600000000,78900000000,78841251847,78843224917,1973070
78600000000,78900000000,78843224917,78844076501,851584
78600000000,78900000000,78844076501,78846196718,2120217
78600000000,78900000000,78846196718,78853884649,7687931
78600000000,78900000000,78853884649,78853895229,10580
78600000000,78900000000,78853895229,78854717812,822583
78600000000,78900000000,78854717812,78855620924,903112
78600000000,78900000000,78855620924,78857986864,2365940
78600000000,78900000000,78857986864,78858009941,23077
78600000000,78900000000,78858009941,78858015183,5242
78600000000,78900000000,78858015183,78858027565,12382
78600000000,78900000000,78858027565,78858029904,2339
78600000000,78900000000,78858029904,78858035583,5679
78600000000,78900000000,78858035583,78858888834,853251
78600000000,78900000000,78858888834,78860851475,1962641
78600000000,78900000000,78860851475,78860851624,149
78600000000,78900000000,78860851624,78860853044,1420
78600000000,78900000000,78860853044,78860853045,1
78600000000,78900000000,78860853045,78860853120,75
78600000000,78900000000,78860853120,78861735321,882201
78600000000,78900000000,78861735321,78879866039,18130718
78600000000,78900000000,78879866039,78879877877,11838
78600000000,78900000000,78879877877,78879879731,1854
78600000000,78900000000,78879879731,78882716129,2836398
78600000000,78900000000,78882716129,78882716155,26
78600000000,78900000000,78882716155,78886125345,3409190
78600000000,78900000000,78886125345,78893295756,7170411
78600000000,78900000000,78893295756,78893403321,107565
78600000000,78900000000,78893403321,78894564079,1160758
78900000000,79200000000,78902088128,78912168575,10080447
78900000000,79200000000,78912168575,78916870802,4702227
78900000000,79200000000,78916870802,78923425575,6554773
78900000000,79200000000,78923425575,78923433194,7619
78900000000,79200000000,78923433194,78923442618,9424
78900000000,79200000000,78923442618,78932501687,9059069
78900000000,79200000000,78932501687,78936509461,4007774
78900000000,79200000000,78936509461,78942422069,5912608
78900000000,79200000000,78942422069,78945189146,2767077
78900000000,79200000000,78945189146,78948216167,3027021
78900000000,79200000000,78948216167,78955374765,7158598
78900000000,79200000000,78955374765,78969697297,14322532
78900000000,79200000000,78969697297,78974278465,4581168
78900000000,79200000000,78974278465,78974287385,8920
78900000000,79200000000,78974287385,78976004218,1716833
78900000000,79200000000,78976004218,78976004219,1
78900000000,79200000000,78976004219,78976025325,21106
78900000000,79200000000,78976025325,78987527494,11502169
78900000000,79200000000,78987527494,78987602736,75242
78900000000,79200000000,78987602736,78995239753,7637017
78900000000,79200000000,78995239753,78996983331,1743578
78900000000,79200000000,78996983331,78998934585,1951254
78900000000,79200000000,78998934585,78998939989,5404
78900000000,79200000000,78998939989,79001025343,2085354
78900000000,79200000000,79001025343,79001031630,6287
78900000000,79200000000,79001031630,79004950356,3918726
78900000000,79200000000,79004950356,79017792968,12842612
78900000000,79200000000,79017792968,79021343737,3550769
78900000000,79200000000,79021343737,79026991511,5647774
78900000000,79200000000,79026991511,79030991407,3999896
78900000000,79200000000,79030991407,79033043698,2052291
78900000000,79200000000,79033043698,79041866618,8822920
78900000000,79200000000,79041866618,79044911880,3045262
78900000000,79200000000,79044911880,79048600174,3688294
78900000000,79200000000,79048600174,79048607560,7386
78900000000,79200000000,79048607560,79051278112,2670552
78900000000,79200000000,79051278112,79051278113,1
78900000000,79200000000,79051278113,79051278484,371
78900000000,79200000000,79051278484,79053122586,1844102
78900000000,79200000000,79053122586,79068006344,14883758
78900000000,79200000000,79068006344,79068008616,2272
78900000000,79200000000,79068008616,79068011863,3247
78900000000,79200000000,79068011863,79070636970,2625107
78900000000,79200000000,79070636970,79070636971,1
78900000000,79200000000,79070636971,79070637040,69
78900000000,79200000000,79070637040,79070637041,1
78900000000,79200000000,79070637041,79070663874,26833
78900000000,79200000000,79070663874,79073249071,2585197
78900000000,79200000000,79073249071,79080642858,7393787
78900000000,79200000000,79080642858,79095439278,14796420
78900000000,79200000000,79095439278,79098387640,2948362
78900000000,79200000000,79098387640,79098422266,34626
78900000000,79200000000,79098422266,79099439763,1017497
78900000000,79200000000,79099439763,79099443564,3801
78900000000,79200000000,79099443564,79099445842,2278
78900000000,79200000000,79099445842,79099448744,2902
78900000000,79200000000,79099448744,79110321343,10872599
78900000000,79200000000,79110321343,79119934084,9612741
78900000000,79200000000,79119934084,79125653818,5719734
78900000000,79200000000,79125653818,79130509899,4856081
78900000000,79200000000,79130509899,79134360671,3850772
78900000000,79200000000,79134360671,79134366333,5662
78900000000,79200000000,79134366333,79144506851,10140518
78900000000,79200000000,79144506851,79146400439,1893588
78900000000,79200000000,79146400439,79148102488,1702049
78900000000,79200000000,79148102488,79154756817,6654329
78900000000,79200000000,79154756817,79154768844,12027
78900000000,79200000000,79154768844,79157435209,2666365
78900000000,79200000000,79157435209,79157435210,1
78900000000,79200000000,79157435210,79160142999,2707789
78900000000,79200000000,79160142999,79172255811,12112812
78900000000,79200000000,79172255811,79174030426,1774615
78900000000,79200000000,79174030426,79176069901,2039475
78900000000,79200000000,79176069901,79176075747,5846
78900000000,79200000000,79176075747,79176079550,3803
78900000000,79200000000,79176079550,79177931662,1852112
78900000000,79200000000,79177931662,79180580977,2649315
78900000000,79200000000,79180580977,79183605948,3024971
78900000000,79200000000,79183605948,79185370594,1764646
78900000000,79200000000,79185370594,79186600840,1230246
78900000000,79200000000,79186600840,79198803198,12202358
79200000000,79500000000,79200588871,79210363880,9775009
79200000000,79500000000,79210363880,79211229907,866027
79200000000,79500000000,79211229907,79224878147,13648240
79200000000,79500000000,79224878147,79224883398,5251
79200000000,79500000000,79224883398,79231164324,6280926
79200000000,79500000000,79231164324,79232053966,889642
79200000000,79500000000,79232053966,79234460180,2406214
79200000000,79500000000,79234460180,79240326912,5866732
79200000000,79500000000,79240326912,79244502265,4175353
79200000000,79500000000,79244502265,79244505589,3324
79200000000,79500000000,79244505589,79244510485,4896
79200000000,79500000000,79244510485,79244514748,4263
79200000000,79500000000,79244514748,79246177018,1662270
79200000000,79500000000,79246177018,79246177019,1
79200000000,79500000000,79246177019,79257981909,11804890
79200000000,79500000000,79257981909,79257986207,4298
79200000000,79500000000,79257986207,79260700018,2713811
79200000000,79500000000,79260700018,79276686232,15986214
79200000000,79500000000,79276686232,79279244177,2557945
79200000000,79500000000,79279244177,79279267147,22970
79200000000,79500000000,79279267147,79289575648,10308501
79200000000,79500000000,79289575648,79294367063,4791415
79200000000,79500000000,79294367063,79295982542,1615479
79200000000,79500000000,79295982542,79295982543,1
79200000000,79500000000,79295982543,79295982544,1
79200000000,79500000000,79295982544,79296011445,28901
79200000000,79500000000,79296011445,79312587039,16575594
79200000000,79500000000,79312587039,79312591157,4118
79200000000,79500000000,79312591157,79312593994,2837
79200000000,79500000000,79312593994,79325236529,12642535
79200000000,79500000000,79325236529,79326518205,1281676
79200000000,79500000000,79326518205,79326534182,15977
79200000000,79500000000,79326534182,79327514510,980328
79200000000,79500000000,79327514510,79333306682,5792172
79200000000,79500000000,79333306682,79335168398,1861716
79200000000,79500000000,79335168398,79339802216,4633818
79200000000,79500000000,79339802216,79341490263,1688047
79200000000,79500000000,79341490263,79342355612,865349
79200000000,79500000000,79342355612,79346470309,4114697
79200000000,79500000000,79346470309,79350670985,4200676
79200000000,79500000000,79350670985,79350675924,4939
79200000000,79500000000,79350675924,79350678616,2692
79200000000,79500000000,79350678616,79350685200,6584
79200000000,79500000000,79350685200,79350689740,4540
79200000000,79500000000,79350689740,79352473815,1784075
79200000000,79500000000,79352473815,79352473855,40
79200000000,79500000000,79352473855,79352473856,1
79200000000,79500000000,79352473856,79368193834,15719978
79200000000,79500000000,79368193834,79370279030,2085196
79200000000,79500000000,79370279030,79387199968,16920938
79200000000,79500000000,79387199968,79404953855,17753887
79200000000,79500000000,79404953855,79404959304,5449
79200000000,79500000000,79404959304,79404966327,7023
79200000000,79500000000,79404966327,79406571392,1605065
79200000000,79500000000,79406571392,79406571393,1
79200000000,79500000000,79406571393,79406571732,339
79200000000,79500000000,79406571732,79406571758,26
79200000000,79500000000,79406571758,79406571759,1
79200000000,79500000000,79406571759,79408601657,2029898
79200000000,79500000000,79408601657,79410357726,1756069
79200000000,79500000000,79410357726,79410360432,2706
79200000000,79500000000,79410360432,79415603983,5243551
79200000000,79500000000,79415603983,79423575389,7971406
79200000000,79500000000,79423575389,79423578325,2936
79200000000,79500000000,79423578325,79423582779,4454
79200000000,79500000000,79423582779,79424486903,904124
79200000000,79500000000,79424486903,79426606381,2119478
79200000000,79500000000,79426606381,79428428873,1822492
79200000000,79500000000,79428428873,79449525010,21096137
79200000000,79500000000,79449525010,79451225918,1700908
79200000000,79500000000,79451225918,79452103534,877616
79200000000,79500000000,79452103534,79460513323,8409789
79200000000,79500000000,79460513323,79468504785,7991462
79200000000,79500000000,79468504785,79472477779,3972994
79200000000,79500000000,79472477779,79480081364,7603585
79200000000,79500000000,79480081364,79480091102,9738
79200000000,79500000000,79480091102,79481637938,1546836
79200000000,79500000000,79481637938,79481637939,1
79200000000,79500000000,79481637939,79481637940,1
79200000000,79500000000,79481637940,79496142319,14504379
79200000000,79500000000,79496142319,79497027511,885192
79200000000,79500000000,79497027511,79497887867,860356
79200000000,79500000000,79497887867,79497898091,10224
79200000000,79500000000,79497898091,79499627017,1728926
79200000000,79500000000,79499627017,79499627042,25
79200000000,79500000000,79499627042,79499627043,1
79200000000,79500000000,79499627043,79499627044,1
79500000000,79800000000,79500425503,79501741252,1315749
79500000000,79800000000,79501741252,79502565381,824129
79500000000,79800000000,79502565381,79504221274,1655893
79500000000,79800000000,79504221274,79512198730,7977456
79500000000,79800000000,79512198730,79513004300,805570
79500000000,79800000000,79513004300,79523691326,10687026
79500000000,79800000000,79523691326,79523698398,7072
79500000000,79800000000,79523698398,79525759055,2060657
79500000000,79800000000,79525759055,79525759074,19
79500000000,79800000000,79525759074,79527019427,1260353
79500000000,79800000000,79527019427,79527802293,782866
79500000000,79800000000,79527802293,79528526323,724030
79500000000,79800000000,79528526323,79529663451,1137128
79500000000,79800000000,79529663451,79530469213,805762
79500000000,79800000000,79530469213,79531316871,847658
79500000000,79800000000,79531316871,79531319892,3021
79500000000,79800000000,79531319892,79531322396,2504
79500000000,79800000000,79531322396,79531324793,2397
79500000000,79800000000,79531324793,79532241950,917157
79500000000,79800000000,79532241950,79535256041,3014091
79500000000,79800000000,79535256041,79550551762,15295721
79500000000,79800000000,79550551762,79552850896,2299134
79500000000,79800000000,79552850896,79552850897,1
79500000000,79800000000,79552850897,79553667881,816984
79500000000,79800000000,79553667881,79555574867,1906986
79500000000,79800000000,79555574867,79557143121,1568254
79500000000,79800000000,79557143121,79557978681,835560
79500000000,79800000000,79557978681,79564841537,6862856
79500000000,79800000000,79564841537,79566804977,1963440
79500000000,79800000000,79566804977,79571687639,4882662
79500000000,79800000000,79571687639,79574186359,2498720
79500000000,79800000000,79574186359,79580861174,6674815
79500000000,79800000000,79580861174,79582538125,1676951
79500000000,79800000000,79582538125,79582538126,1
79500000000,79800000000,79582538126,79582538127,1
79500000000,79800000000,79582538127,79605279056,22740929
79500000000,79800000000,79605279056,79606973230,1694174
79500000000,79800000000,79606973230,79607819398,846168
79500000000,79800000000,79607819398,79613575391,5755993
79500000000,79800000000,79613575391,79616224597,2649206
79500000000,79800000000,79616224597,79618023361,1798764
79500000000,79800000000,79618023361,79618075395,52034
79500000000,79800000000,79618075395,79618941149,865754
79500000000,79800000000,79618941149,79622059755,3118606
79500000000,79800000000,79622059755,79624745446,2685691
79500000000,79800000000,79624745446,79638015337,13269891
79500000000,79800000000,79638015337,79638023726,8389
79500000000,79800000000,79638023726,79638027009,3283
79500000000,79800000000,79638027009,79638029163,2154
79500000000,79800000000,79638029163,79639643615,1614452
79500000000,79800000000,79639643615,79639643616,1
79500000000,79800000000,79639643616,79655395722,15752106
79500000000,79800000000,79655395722,79656308631,912909
79500000000,79800000000,79656308631,79658168228,1859597
79500000000,79800000000,79658168228,79659157552,989324
79500000000,79800000000,79659157552,79659157553,1
79500000000,79800000000,79659157553,79679764271,20606718
79500000000,79800000000,79679764271,79687603971,7839700
79500000000,79800000000,79687603971,79687611739,7768
79500000000,79800000000,79687611739,79689306793,1695054
79500000000,79800000000,79689306793,79689306794,1
79500000000,79800000000,79689306794,79701121014,11814220
79500000000,79800000000,79701121014,79703530744,2409730
79500000000,79800000000,79703530744,79705021939,1491195
79500000000,79800000000,79705021939,79707238486,2216547
79500000000,79800000000,79707238486,79707252317,13831
79500000000,79800000000,79707252317,79707258067,5750
79500000000,79800000000,79707258067,79708110484,852417
79500000000,79800000000,79708110484,79710779622,2669138
79500000000,79800000000,79710779622,79711717261,937639
79500000000,79800000000,79711717261,79722060197,10342936
79500000000,79800000000,79722060197,79727286631,5226434
79500000000,79800000000,79727286631,79730686249,3399618
79500000000,79800000000,79730686249,79736869217,6182968
79500000000,79800000000,79736869217,79737669204,799987
79500000000,79800000000,79737669204,79738780960,1111756
79500000000,79800000000,79738780960,79742868295,4087335
79500000000,79800000000,79742868295,79743635339,767044
79500000000,79800000000,79743635339,79744624657,989318
79500000000,79800000000,79744624657,79746611738,1987081
79500000000,79800000000,79746611738,79746611739,1
79500000000,79800000000,79746611739,79750081470,3469731
79500000000,79800000000,79750081470,79752183402,2101932
79500000000,79800000000,79752183402,79753920114,1736712
79500000000,79800000000,79753920114,79760826003,6905889
79500000000,79800000000,79760826003,79764650163,3824160
79500000000,79800000000,79764650163,79764656047,5884
79500000000,79800000000,79764656047,79764659867,3820
79500000000,79800000000,79764659867,79768229456,3569589
79500000000,79800000000,79768229456,79770129819,1900363
79500000000,79800000000,79770129819,79772602881,2473062
79500000000,79800000000,79772602881,79775340979,2738098
79500000000,79800000000,79775340979,79792110213,16769234
79800000000,80100000000,79804436531,79804442404,5873
79800000000,80100000000,79804442404,79806244605,1802201
79800000000,80100000000,79806244605,79809885171,3640566
79800000000,80100000000,79809885171,79814943495,5058324
79800000000,80100000000,79814943495,79814949372,5877
79800000000,80100000000,79814949372,79814952427,3055
79800000000,80100000000,79814952427,79814954835,2408
79800000000,80100000000,79814954835,79814956717,1882
79800000000,80100000000,79814956717,79829759617,14802900
79800000000,80100000000,79829759617,79833123773,3364156
79800000000,80100000000,79833123773,79833130259,6486
79800000000,80100000000,79833130259,79839113427,5983168
79800000000,80100000000,79839113427,79843627089,4513662
79800000000,80100000000,79843627089,79851875060,8247971
79800000000,80100000000,79851875060,79853427106,1552046
79800000000,80100000000,79853427106,79853427107,1
79800000000,80100000000,79853427107,79853427108,1
79800000000,80100000000,79853427108,79863702981,10275873
79800000000,80100000000,79863702981,79864628079,925098
79800000000,80100000000,79864628079,79865550031,921952
79800000000,80100000000,79865550031,79865558784,8753
79800000000,80100000000,79865558784,79866466037,907253
79800000000,80100000000,79866466037,79870747307,4281270
79800000000,80100000000,79870747307,79873591629,2844322
79800000000,80100000000,79873591629,79875269882,1678253
79800000000,80100000000,79875269882,79875272902,3020
79800000000,80100000000,79875272902,79877049806,1776904
79800000000,80100000000,79877049806,79877053369,3563
79800000000,80100000000,79877053369,79878037248,983879
79800000000,80100000000,79878037248,79879167600,1130352
79800000000,80100000000,79879167600,79879174613,7013
79800000000,80100000000,79879174613,79885741347,6566734
79800000000,80100000000,79885741347,79885746800,5453
79800000000,80100000000,79885746800,79886592778,845978
79800000000,80100000000,79886592778,79886657951,65173
79800000000,80100000000,79886657951,79888310200,1652249
79800000000,80100000000,79888310200,79888310201,1
79800000000,80100000000,79888310201,79888338921,28720
79800000000,80100000000,79888338921,79908560132,20221211
79800000000,80100000000,79908560132,79912928609,4368477
79800000000,80100000000,79912928609,79920460073,7531464
79800000000,80100000000,79920460073,79952292217,31832144
79800000000,80100000000,79952292217,79953935607,1643390
79800000000,80100000000,79953935607,79959769682,5834075
79800000000,80100000000,79959769682,79963602113,3832431
79800000000,80100000000,79963602113,79970229384,6627271
79800000000,80100000000,79970229384,79971998981,1769597
79800000000,80100000000,79971998981,79972008999,10018
79800000000,80100000000,79972008999,79972011047,2048
79800000000,80100000000,79972011047,79972012963,1916
79800000000,80100000000,79972012963,79972934655,921692
79800000000,80100000000,79972934655,79976078197,3143542
79800000000,80100000000,79976078197,79976085793,7596
79800000000,80100000000,79976085793,79981382062,5296269
79800000000,80100000000,79981382062,79982962645,1580583
79800000000,80100000000,79982962645,79985433364,2470719
79800000000,80100000000,79985433364,79987904682,2471318
79800000000,80100000000,79987904682,79996657725,8753043
79800000000,80100000000,79996657725,80004920123,8262398
79800000000,80100000000,80004920123,80004922288,2165
79800000000,80100000000,80004922288,80004927155,4867
79800000000,80100000000,80004927155,80005968457,1041302
79800000000,80100000000,80005968457,80005973327,4870
79800000000,80100000000,80005973327,80008991300,3017973
79800000000,80100000000,80008991300,80008991408,108
79800000000,80100000000,80008991408,80008991409,1
79800000000,80100000000,80008991409,80011225432,2234023
79800000000,80100000000,80011225432,80012496546,1271114
79800000000,80100000000,80012496546,80015022351,2525805
79800000000,80100000000,80015022351,80015039859,17508
79800000000,80100000000,80015039859,80020646964,5607105
79800000000,80100000000,80020646964,80029100515,8453551
79800000000,80100000000,80029100515,80041194785,12094270
79800000000,80100000000,80041194785,80041207224,12439
79800000000,80100000000,80041207224,80041209907,2683
79800000000,80100000000,80041209907,80041212601,2694
79800000000,80100000000,80041212601,80041214669,2068
79800000000,80100000000,80041214669,80041216516,1847
79800000000,80100000000,80041216516,80041221804,5288
79800000000,80100000000,80041221804,80044685410,3463606
79800000000,80100000000,80044685410,80049094004,4408594
79800000000,80100000000,80049094004,80052316009,3222005
79800000000,80100000000,80052316009,80053156118,840109
79800000000,80100000000,80053156118,80053166720,10602
79800000000,80100000000,80053166720,80053175832,9112
79800000000,80100000000,80053175832,80054092622,916790
79800000000,80100000000,80054092622,80054117242,24620
79800000000,80100000000,80054117242,80058261229,4143987
79800000000,80100000000,80058261229,80062108547,3847318
79800000000,80100000000,80062108547,80064939422,2830875
79800000000,80100000000,80064939422,80064950166,10744
79800000000,80100000000,80064950166,80064953367,3201
79800000000,80100000000,80064953367,80076811198,11857831
79800000000,80100000000,80076811198,80078803491,1992293
79800000000,80100000000,80078803491,80085536284,6732793
79800000000,80100000000,80085536284,80085541986,5702
79800000000,80100000000,80085541986,80085545052,3066
79800000000,80100000000,80085545052,80085547544,2492
79800000000,80100000000,80085547544,80085550267,2723
79800000000,80100000000,80085550267,80091018152,5467885
80100000000,80400000000,80101831552,80112897728,11066176
80100000000,80400000000,80112897728,80122129914,9232186
80100000000,80400000000,80122129914,80123770857,1640943
80100000000,80400000000,80123770857,80134255637,10484780
80100000000,80400000000,80134255637,80139758930,5503293
80100000000,80400000000,80139758930,80140536277,777347
80100000000,80400000000,80140536277,80141308712,772435
80100000000,80400000000,80141308712,80142171039,862327
80100000000,80400000000,80142171039,80142176313,5274
80100000000,80400000000,80142176313,80142181338,5025
80100000000,80400000000,80142181338,80142186633,5295
80100000000,80400000000,80142186633,80144783864,2597231
80100000000,80400000000,80144783864,80144783948,84
80100000000,80400000000,80144783948,80161761831,16977883
80100000000,80400000000,80161761831,80175862113,14100282
80100000000,80400000000,80175862113,80176886959,1024846
80100000000,80400000000,80176886959,80176894695,7736
80100000000,80400000000,80176894695,80176897402,2707
80100000000,80400000000,80176897402,80180485395,3587993
80100000000,80400000000,80180485395,80196316550,15831155
80100000000,80400000000,80196316550,80196321748,5198
80100000000,80400000000,80196321748,80197905217,1583469
80100000000,80400000000,80197905217,80197905218,1
80100000000,80400000000,80197905218,80201528999,3623781
80100000000,80400000000,80201528999,80219675071,18146072
80100000000,80400000000,80219675071,80220857727,1182656
80100000000,80400000000,80220857727,80221662125,804398
80100000000,80400000000,80221662125,80226804445,5142320
80100000000,80400000000,80226804445,80237883364,11078919
80100000000,80400000000,80237883364,80237886896,3532
80100000000,80400000000,80237886896,80237889552,2656
80100000000,80400000000,80237889552,80251825992,13936440
80100000000,80400000000,80251825992,80251838285,12293
80100000000,80400000000,80251838285,80251840480,2195
80100000000,80400000000,80251840480,80251842572,2092
80100000000,80400000000,80251842572,80265678587,13836015
80100000000,80400000000,80265678587,80271502245,5823658
80100000000,80400000000,80271502245,80271528835,26590
80100000000,80400000000,80271528835,80271533953,5118
80100000000,80400000000,80271533953,80273973052,2439099
80100000000,80400000000,80273973052,80282578057,8605005
80100000000,80400000000,80282578057,80290609628,8031571
80100000000,80400000000,80290609628,80290618689,9061
80100000000,80400000000,80290618689,80291437609,818920
80100000000,80400000000,80291437609,80295643274,4205665
80100000000,80400000000,80295643274,80295643275,1
80100000000,80400000000,80295643275,80295643276,1
80100000000,80400000000,80295643276,80301014754,5371478
80100000000,80400000000,80301014754,80309273041,8258287
80100000000,80400000000,80309273041,80309275854,2813
80100000000,80400000000,80309275854,80309278343,2489
80100000000,80400000000,80309278343,80309280890,2547
80100000000,80400000000,80309280890,80309282813,1923
80100000000,80400000000,80309282813,80309293004,10191
80100000000,80400000000,80309293004,80309301247,8243
80100000000,80400000000,80309301247,80311060310,1759063
80100000000,80400000000,80311060310,80332085225,21024915
80100000000,80400000000,80332085225,80335203355,3118130
80100000000,80400000000,80335203355,80342834713,7631358
80100000000,80400000000,80342834713,80349009525,6174812
80100000000,80400000000,80349009525,80363775405,14765880
80100000000,80400000000,80363775405,80363778343,2938
80100000000,80400000000,80363778343,80368665734,4887391
80100000000,80400000000,80368665734,80375987591,7321857
80100000000,80400000000,80375987591,80384712494,8724903
80100000000,80400000000,80384712494,80384722122,9628
80100000000,80400000000,80384722122,80384724496,2374
80100000000,80400000000,80384724496,80384727436,2940
80100000000,80400000000,80384727436,80386645593,1918157
80100000000,80400000000,80386645593,80388402555,1756962
80400000000,80700000000,80402715194,80403475545,760351
80400000000,80700000000,80403475545,80405998314,2522769
80400000000,80700000000,80405998314,80430888722,24890408
80400000000,80700000000,80430888722,80430891060,2338
80400000000,80700000000,80430891060,80436835824,5944764
80400000000,80700000000,80436835824,80440525488,3689664
80400000000,80700000000,80440525488,80443595502,3070014
80400000000,80700000000,80443595502,80447541287,3945785
80400000000,80700000000,80447541287,80447862808,321521
80400000000,80700000000,80447862808,80447885723,22915
80400000000,80700000000,80447885723,80450134080,2248357
80400000000,80700000000,80450134080,80451822945,1688865
80400000000,80700000000,80451822945,80452660949,838004
80400000000,80700000000,80452660949,80455128788,2467839
80400000000,80700000000,80455128788,80455128789,1
80400000000,80700000000,80455128789,80455128790,1
80400000000,80700000000,80455128790,80470990102,15861312
80400000000,80700000000,80470990102,80471854681,864579
80400000000,80700000000,80471854681,80471864809,10128
80400000000,80700000000,80471864809,80471868077,3268
80400000000,80700000000,80471868077,80471870755,2678
80400000000,80700000000,80471870755,80471873021,2266
80400000000,80700000000,80471873021,80471874994,1973
80400000000,80700000000,80471874994,80471878596,3602
80400000000,80700000000,80471878596,80474722564,2843968
80400000000,80700000000,80474722564,80474723892,1328
80400000000,80700000000,80474723892,80474723893,1
80400000000,80700000000,80474723893,80476473665,1749772
80400000000,80700000000,80476473665,80483531882,7058217
80400000000,80700000000,80483531882,80491689081,8157199
80400000000,80700000000,80491689081,80491692582,3501
80400000000,80700000000,80491692582,80497834923,6142341
80400000000,80700000000,80497834923,80502294477,4459554
80400000000,80700000000,80502294477,80503129209,834732
80400000000,80700000000,80503129209,80505636966,2507757
80400000000,80700000000,80505636966,80505779231,142265
80400000000,80700000000,80505779231,80512979938,7200707
80400000000,80700000000,80512979938,80513810618,830680
80400000000,80700000000,80513810618,80514824857,1014239
80400000000,80700000000,80514824857,80515652223,827366
80400000000,80700000000,80515652223,80515655316,3093
80400000000,80700000000,80515655316,80515658079,2763
80400000000,80700000000,80515658079,80530596443,14938364
80400000000,80700000000,80530596443,80531588442,991999
80400000000,80700000000,80531588442,80531607262,18820
80400000000,80700000000,80531607262,80532550211,942949
80400000000,80700000000,80532550211,80535480230,2930019
80400000000,80700000000,80535480230,80537321766,1841536
80400000000,80700000000,80537321766,80537321767,1
80400000000,80700000000,80537321767,80537321768,1
80400000000,80700000000,80537321768,80539402015,2080247
80400000000,80700000000,80539402015,80557159118,17757103
80400000000,80700000000,80557159118,80557161537,2419
80400000000,80700000000,80557161537,80557163848,2311
80400000000,80700000000,80557163848,80557167813,3965
80400000000,80700000000,80557167813,80557170219,2406
80400000000,80700000000,80557170219,80557175998,5779
80400000000,80700000000,80557175998,80557178334,2336
80400000000,80700000000,80557178334,80557182217,3883
80400000000,80700000000,80557182217,80559619907,2437690
80400000000,80700000000,80559619907,80559619908,1
80400000000,80700000000,80559619908,80559619953,45
80400000000,80700000000,80559619953,80579809378,20189425
80400000000,80700000000,80579809378,80596852458,17043080
80400000000,80700000000,80596852458,80598605469,1753011
80400000000,80700000000,80598605469,80598605470,1
80400000000,80700000000,80598605470,80598605471,1
80400000000,80700000000,80598605471,80609784783,11179312
80400000000,80700000000,80609784783,80619737349,9952566
80400000000,80700000000,80619737349,80619739730,2381
80400000000,80700000000,80619739730,80619742994,3264
80400000000,80700000000,80619742994,80623102840,3359846
80400000000,80700000000,80623102840,80642773165,19670325
80400000000,80700000000,80642773165,80644479510,1706345
80400000000,80700000000,80644479510,80644479511,1
80400000000,80700000000,80644479511,80690328887,45849376
80400000000,80700000000,80690328887,80691552351,1223464
80400000000,80700000000,80691552351,80691557724,5373
80400000000,80700000000,80691557724,80693403434,1845710
80700000000,81000000000,80720166188,80724927779,4761591
80700000000,81000000000,80724927779,80725888180,960401
80700000000,81000000000,80725888180,80728711804,2823624
80700000000,81000000000,80728711804,80734998564,6286760
80700000000,81000000000,80734998564,80735002464,3900
80700000000,81000000000,80735002464,80735004766,2302
80700000000,81000000000,80735004766,80735006908,2142
80700000000,81000000000,80735006908,80735008986,2078
80700000000,81000000000,80735008986,80735010674,1688
80700000000,81000000000,80735010674,80735015401,4727
80700000000,81000000000,80735015401,80735022954,7553
80700000000,81000000000,80735022954,80737657366,2634412
80700000000,81000000000,80737657366,80739320657,1663291
80700000000,81000000000,80739320657,80739320658,1
80700000000,81000000000,80739320658,80743455763,4135105
80700000000,81000000000,80743455763,80749751408,6295645
80700000000,81000000000,80749751408,80750716140,964732
80700000000,81000000000,80750716140,80764306960,13590820
80700000000,81000000000,80764306960,80764311929,4969
80700000000,81000000000,80764311929,80764315878,3949
80700000000,81000000000,80764315878,80764318980,3102
80700000000,81000000000,80764318980,80764321340,2360
80700000000,81000000000,80764321340,80764331286,9946
80700000000,81000000000,80764331286,80764334415,3129
80700000000,81000000000,80764334415,80764337847,3432
80700000000,81000000000,80764337847,80764340584,2737
80700000000,81000000000,80764340584,80764343080,2496
80700000000,81000000000,80764343080,80775148298,10805218
80700000000,81000000000,80775148298,80791885471,16737173
80700000000,81000000000,80791885471,80821179823,29294352
80700000000,81000000000,80821179823,80824073093,2893270
80700000000,81000000000,80824073093,80825929225,1856132
80700000000,81000000000,80825929225,80826770568,841343
80700000000,81000000000,80826770568,80850121408,23350840
80700000000,81000000000,80850121408,80851820112,1698704
80700000000,81000000000,80851820112,80853919186,2099074
80700000000,81000000000,80853919186,80853921480,2294
80700000000,81000000000,80853921480,80853928773,7293
80700000000,81000000000,80853928773,80854682355,753582
80700000000,81000000000,80854682355,80855482309,799954
80700000000,81000000000,80855482309,80865359292,9876983
80700000000,81000000000,80865359292,80866211718,852426
80700000000,81000000000,80866211718,80866216685,4967
80700000000,81000000000,80866216685,80867075955,859270
80700000000,81000000000,80867075955,80868175225,1099270
80700000000,81000000000,80868175225,80868178312,3087
80700000000,81000000000,80868178312,80868982116,803804
80700000000,81000000000,80868982116,80869834291,852175
80700000000,81000000000,80869834291,80870675715,841424
80700000000,81000000000,80870675715,80871761504,1085789
80700000000,81000000000,80871761504,80873384734,1623230
80700000000,81000000000,80873384734,80880743858,7359124
80700000000,81000000000,80880743858,80915913173,35169315
80700000000,81000000000,80915913173,80915915938,2765
80700000000,81000000000,80915915938,80915921852,5914
80700000000,81000000000,80915921852,80915924438,2586
80700000000,81000000000,80915924438,80915926229,1791
80700000000,81000000000,80915926229,80915928385,2156
80700000000,81000000000,80915928385,80915935516,7131
80700000000,81000000000,80915935516,80915940648,5132
80700000000,81000000000,80915940648,80915947124,6476
80700000000,81000000000,80915947124,80915953311,6187
80700000000,81000000000,80915953311,80920419587,4466276
80700000000,81000000000,80920419587,80920419588,1
80700000000,81000000000,80920419588,80920419815,227
80700000000,81000000000,80920419815,80920419816,1
80700000000,81000000000,80920419816,80920419963,147
80700000000,81000000000,80920419963,80920419964,1
80700000000,81000000000,80920419964,80920420022,58
80700000000,81000000000,80920420022,80920420023,1
80700000000,81000000000,80920420023,80920420182,159
80700000000,81000000000,80920420182,80920420183,1
80700000000,81000000000,80920420183,80920420242,59
80700000000,81000000000,80920420242,80927207292,6787050
80700000000,81000000000,80927207292,80927215764,8472
80700000000,81000000000,80927215764,80930361140,3145376
80700000000,81000000000,80930361140,80934057179,3696039
80700000000,81000000000,80934057179,80935791714,1734535
80700000000,81000000000,80935791714,80943966596,8174882
80700000000,81000000000,80943966596,80944922263,955667
80700000000,81000000000,80944922263,80954039012,9116749
80700000000,81000000000,80954039012,80954044299,5287
80700000000,81000000000,80954044299,80955612497,1568198
80700000000,81000000000,80955612497,80979340205,23727708
81000000000,81300000000,81018395887,81018400831,4944
81000000000,81300000000,81018400831,81018404959,4128
81000000000,81300000000,81018404959,81018409557,4598
81000000000,81300000000,81018409557,81018415437,5880
81000000000,81300000000,81018415437,81018420996,5559
81000000000,81300000000,81018420996,81018426788,5792
81000000000,81300000000,81018426788,81018434008,7220
81000000000,81300000000,81018434008,81018446868,12860
81000000000,81300000000,81018446868,81022920112,4473244
81000000000,81300000000,81022920112,81022920113,1
81000000000,81300000000,81022920113,81022920202,89
81000000000,81300000000,81022920202,81022920367,165
81000000000,81300000000,81022920367,81022920368,1
81000000000,81300000000,81022920368,81022920457,89
81000000000,81300000000,81022920457,81025024321,2103864
81000000000,81300000000,81025024321,81025848069,823748
81000000000,81300000000,81025848069,81025959863,111794
81000000000,81300000000,81025959863,81025977630,17767
81000000000,81300000000,81025977630,81025981031,3401
81000000000,81300000000,81025981031,81026833263,852232
81000000000,81300000000,81026833263,81026833314,51
81000000000,81300000000,81026833314,81026833345,31
81000000000,81300000000,81026833345,81026833370,25
81000000000,81300000000,81026833370,81028282183,1448813
81000000000,81300000000,81028282183,81029971985,1689802
81000000000,81300000000,81029971985,81036730523,6758538
81000000000,81300000000,81036730523,81036730524,1
81000000000,81300000000,81036730524,81047705705,10975181
81000000000,81300000000,81047705705,81060361234,12655529
81000000000,81300000000,81060361234,81068351157,7989923
81000000000,81300000000,81068351157,81069297451,946294
81000000000,81300000000,81069297451,81084897008,15599557
81000000000,81300000000,81084897008,81096230955,11333947
81000000000,81300000000,81096230955,81099602375,3371420
81000000000,81300000000,81099602375,81099605463,3088
81000000000,81300000000,81099605463,81099607946,2483
81000000000,81300000000,81099607946,81106005578,6397632
81000000000,81300000000,81106005578,81106010557,4979
81000000000,81300000000,81106010557,81106027297,16740
81000000000,81300000000,81106027297,81106032967,5670
81000000000,81300000000,81106032967,81110021172,3988205
81000000000,81300000000,81110021172,81110021313,141
81000000000,81300000000,81110021313,81110021466,153
81000000000,81300000000,81110021466,81110021606,140
81000000000,81300000000,81110021606,81111785121,1763515
81000000000,81300000000,81111785121,81111796471,11350
81000000000,81300000000,81111796471,81111802682,6211
81000000000,81300000000,81111802682,81111812241,9559
81000000000,81300000000,81111812241,81111814424,2183
81000000000,81300000000,81111814424,81111817859,3435
81000000000,81300000000,81111817859,81117079297,5261438
81000000000,81300000000,81117079297,81117952241,872944
81000000000,81300000000,81117952241,81117952276,35
81000000000,81300000000,81117952276,81117952277,1
81000000000,81300000000,81117952277,81117955845,3568
81000000000,81300000000,81117955845,81117955846,1
81000000000,81300000000,81117955846,81134724219,16768373
81000000000,81300000000,81134724219,81146215875,11491656
81000000000,81300000000,81146215875,81150068821,3852946
81000000000,81300000000,81150068821,81150153391,84570
81000000000,81300000000,81150153391,81150155795,2404
81000000000,81300000000,81150155795,81150166749,10954
81000000000,81300000000,81150166749,81150173608,6859
81000000000,81300000000,81150173608,81152159741,1986133
81000000000,81300000000,81152159741,81154987704,2827963
81000000000,81300000000,81154987704,81154987705,1
81000000000,81300000000,81154987705,81154988352,647
81000000000,81300000000,81154988352,81160638713,5650361
81000000000,81300000000,81160638713,81163804778,3166065
81000000000,81300000000,81163804778,81171609042,7804264
81000000000,81300000000,81171609042,81178125969,6516927
81000000000,81300000000,81178125969,81196278429,18152460
81000000000,81300000000,81196278429,81196292618,14189
81000000000,81300000000,81196292618,81196319472,26854
81000000000,81300000000,81196319472,81196336429,16957
81000000000,81300000000,81196336429,81201358582,5022153
81000000000,81300000000,81201358582,81201358583,1
81000000000,81300000000,81201358583,81201359011,428
81000000000,81300000000,81201359011,81201359012,1
81000000000,81300000000,81201359012,81202228232,869220
81000000000,81300000000,81202228232,81202235213,6981
81000000000,81300000000,81202235213,81204946734,2711521
81000000000,81300000000,81204946734,81216536377,11589643
81000000000,81300000000,81216536377,81236291123,19754746
81000000000,81300000000,81236291123,81236293481,2358
81000000000,81300000000,81236293481,81236299917,6436
81000000000,81300000000,81236299917,81236302594,2677
81000000000,81300000000,81236302594,81239254789,2952195
81000000000,81300000000,81239254789,81239254790,1
81000000000,81300000000,81239254790,81239254791,1
81000000000,81300000000,81239254791,81239254834,43
81000000000,81300000000,81239254834,81239254835,1
81000000000,81300000000,81239254835,81240258953,1004118
81000000000,81300000000,81240258953,81268157984,27899031
81000000000,81300000000,81268157984,81277654333,9496349
81000000000,81300000000,81277654333,81277659067,4734
81000000000,81300000000,81277659067,81277667416,8349
81000000000,81300000000,81277667416,81279348582,1681166
81000000000,81300000000,81279348582,81280255958,907376
81000000000,81300000000,81280255958,81290240595,9984637
81300000000,81600000000,81301940731,81302766171,825440
81300000000,81600000000,81302766171,81302768968,2797
81300000000,81600000000,81302768968,81304655265,1886297
81300000000,81600000000,81304655265,81305550075,894810
81300000000,81600000000,81305550075,81305550076,1
81300000000,81600000000,81305550076,81307384801,1834725
81300000000,81600000000,81307384801,81308763186,1378385
81300000000,81600000000,81308763186,81319477463,10714277
81300000000,81600000000,81319477463,81322211265,2733802
81300000000,81600000000,81322211265,81325862047,3650782
81300000000,81600000000,81325862047,81325864643,2596
81300000000,81600000000,81325864643,81325869560,4917
81300000000,81600000000,81325869560,81347703911,21834351
81300000000,81600000000,81347703911,81347706821,2910
81300000000,81600000000,81347706821,81347727199,20378
81300000000,81600000000,81347727199,81352384692,4657493
81300000000,81600000000,81352384692,81352384693,1
81300000000,81600000000,81352384693,81359494582,7109889
81300000000,81600000000,81359494582,81384920596,25426014
81300000000,81600000000,81384920596,81389350842,4430246
81300000000,81600000000,81389350842,81389350843,1
81300000000,81600000000,81389350843,81389350844,1
81300000000,81600000000,81389350844,81392221719,2870875
81300000000,81600000000,81392221719,81398562896,6341177
81300000000,81600000000,81398562896,81401745811,3182915
81300000000,81600000000,81401745811,81403605146,1859335
81300000000,81600000000,81403605146,81417864332,14259186
81300000000,81600000000,81417864332,81426311995,8447663
81300000000,81600000000,81426311995,81430543505,4231510
81300000000,81600000000,81430543505,81430549663,6158
81300000000,81600000000,81430549663,81430558809,9146
81300000000,81600000000,81430558809,81433289929,2731120
81300000000,81600000000,81433289929,81434323887,1033958
81300000000,81600000000,81434323887,81476639163,42315276
81300000000,81600000000,81476639163,81490216022,13576859
81300000000,81600000000,81490216022,81492889347,2673325
81300000000,81600000000,81492889347,81493930904,1041557
81300000000,81600000000,81493930904,81494046403,115499
81300000000,81600000000,81494046403,81494065888,19485
81300000000,81600000000,81494065888,81500061972,5996084
81300000000,81600000000,81500061972,81519844593,19782621
81300000000,81600000000,81519844593,81550073172,30228579
81300000000,81600000000,81550073172,81554907800,4834628
81300000000,81600000000,81554907800,81559014990,4107190
81300000000,81600000000,81559014990,81559219477,204487
81300000000,81600000000,81559219477,81559223879,4402
81300000000,81600000000,81559223879,81562110702,2886823
81300000000,81600000000,81562110702,81594944565,32833863
81300000000,81600000000,81594944565,81595816097,871532
81600000000,81900000000,81625904819,81629805267,3900448
81600000000,81900000000,81629805267,81629809710,4443
81600000000,81900000000,81629809710,81632567989,2758279
81600000000,81900000000,81632567989,81634318563,1750574
81600000000,81900000000,81634318563,81642819646,8501083
81600000000,81900000000,81642819646,81653280425,10460779
81600000000,81900000000,81653280425,81653294695,14270
81600000000,81900000000,81653294695,81653297288,2593
81600000000,81900000000,81653297288,81658368558,5071270
81600000000,81900000000,81658368558,81680065252,21696694
81600000000,81900000000,81680065252,81682332045,2266793
81600000000,81900000000,81682332045,81708009205,25677160
81600000000,81900000000,81708009205,81712686556,4677351
81600000000,81900000000,81712686556,81717544536,4857980
81600000000,81900000000,81717544536,81717547350,2814
81600000000,81900000000,81717547350,81717549618,2268
81600000000,81900000000,81717549618,81717552219,2601
81600000000,81900000000,81717552219,81717554407,2188
81600000000,81900000000,81717554407,81717558837,4430
81600000000,81900000000,81717558837,81719204836,1645999
81600000000,81900000000,81719204836,81719204837,1
81600000000,81900000000,81719204837,81720861236,1656399
81600000000,81900000000,81720861236,81742043007,21181771
81600000000,81900000000,81742043007,81744882069,2839062
81600000000,81900000000,81744882069,81776795048,31912979
81600000000,81900000000,81776795048,81779593766,2798718
81600000000,81900000000,81779593766,81782133930,2540164
81600000000,81900000000,81782133930,81785667715,3533785
81600000000,81900000000,81785667715,81802562705,16894990
81600000000,81900000000,81802562705,81802565516,2811
81600000000,81900000000,81802565516,81802568029,2513
81600000000,81900000000,81802568029,81802569930,1901
81600000000,81900000000,81802569930,81802572505,2575
81600000000,81900000000,81802572505,81802575632,3127
81600000000,81900000000,81802575632,81802577907,2275
81600000000,81900000000,81802577907,81802586659,8752
81600000000,81900000000,81802586659,81804178324,1591665
81600000000,81900000000,81804178324,81804178325,1
81600000000,81900000000,81804178325,81804178326,1
81600000000,81900000000,81804178326,81804178399,73
81600000000,81900000000,81804178399,81804178400,1
81600000000,81900000000,81804178400,81805068745,890345
81600000000,81900000000,81805068745,81807214177,2145432
81600000000,81900000000,81807214177,81809710446,2496269
81600000000,81900000000,81809710446,81810852928,1142482
81600000000,81900000000,81810852928,81818575637,7722709
81600000000,81900000000,81818575637,81822571532,3995895
81600000000,81900000000,81822571532,81822577659,6127
81600000000,81900000000,81822577659,81825328556,2750897
81600000000,81900000000,81825328556,81833673550,8344994
81600000000,81900000000,81833673550,81838331493,4657943
81600000000,81900000000,81838331493,81839284621,953128
81600000000,81900000000,81839284621,81843439257,4154636
81600000000,81900000000,81843439257,81851229950,7790693
81600000000,81900000000,81851229950,81852982710,1752760
81600000000,81900000000,81852982710,81852989896,7186
81600000000,81900000000,81852989896,81866596151,13606255
81600000000,81900000000,81866596151,81867484189,888038
81600000000,81900000000,81867484189,81874242125,6757936
81600000000,81900000000,81874242125,81895142789,20900664
81600000000,81900000000,81895142789,81895154316,11527
81600000000,81900000000,81895154316,81895158069,3753
81600000000,81900000000,81895158069,81895161762,3693
81600000000,81900000000,81895161762,81895179926,18164
81600000000,81900000000,81895179926,81895188224,8298
81600000000,81900000000,81895188224,81898668593,3480369
81600000000,81900000000,81898668593,81898668637,44
81600000000,81900000000,81898668637,81898669656,1019
81600000000,81900000000,81898669656,81898669657,1
81600000000,81900000000,81898669657,81898669857,200
81600000000,81900000000,81898669857,81898669858,1
81600000000,81900000000,81898669858,81898714648,44790
81900000000,82200000000,81902241270,81931351848,29110578
81900000000,82200000000,81931351848,81933426231,2074383
81900000000,82200000000,81933426231,81970177078,36750847
81900000000,82200000000,81970177078,81970215400,38322
81900000000,82200000000,81970215400,81970218202,2802
81900000000,82200000000,81970218202,81970221547,3345
81900000000,82200000000,81970221547,81970227489,5942
81900000000,82200000000,81970227489,81970233645,6156
81900000000,82200000000,81970233645,81975974140,5740495
81900000000,82200000000,81975974140,81976935071,960931
81900000000,82200000000,81976935071,81976940617,5546
81900000000,82200000000,81976940617,81977969827,1029210
81900000000,82200000000,81977969827,81978028824,58997
81900000000,82200000000,81978028824,81979010982,982158
81900000000,82200000000,81979010982,81979010983,1
81900000000,82200000000,81979010983,81979011166,183
81900000000,82200000000,81979011166,81979011167,1
81900000000,82200000000,81979011167,81979011342,175
81900000000,82200000000,81979011342,81979011343,1
81900000000,82200000000,81979011343,81982580672,3569329
81900000000,82200000000,81982580672,81982580673,1
81900000000,82200000000,81982580673,81989725630,7144957
81900000000,82200000000,81989725630,82001215904,11490274
81900000000,82200000000,82001215904,82009639924,8424020
81900000000,82200000000,82009639924,82049196107,39556183
81900000000,82200000000,82049196107,82049200588,4481
81900000000,82200000000,82049200588,82051293011,2092423
81900000000,82200000000,82051293011,82063580663,12287652
81900000000,82200000000,82063580663,82063588356,7693
81900000000,82200000000,82063588356,82063592407,4051
81900000000,82200000000,82063592407,82063596507,4100
81900000000,82200000000,82063596507,82063602891,6384
81900000000,82200000000,82063602891,82067632289,4029398
81900000000,82200000000,82067632289,82067632290,1
81900000000,82200000000,82067632290,82067632362,72
81900000000,82200000000,82067632362,82067632363,1
81900000000,82200000000,82067632363,82067632439,76
81900000000,82200000000,82067632439,82067632440,1
81900000000,82200000000,82067632440,82067632491,51
81900000000,82200000000,82067632491,82067632492,1
81900000000,82200000000,82067632492,82067653323,20831
81900000000,82200000000,82067653323,82070959565,3306242
81900000000,82200000000,82070959565,82070959566,1
81900000000,82200000000,82070959566,82092469718,21510152
81900000000,82200000000,82092469718,82105992855,13523137
81900000000,82200000000,82105992855,82125173436,19180581
81900000000,82200000000,82125173436,82130549599,5376163
81900000000,82200000000,82130549599,82142133911,11584312
81900000000,82200000000,82142133911,82161942159,19808248
81900000000,82200000000,82161942159,82170640934,8698775
81900000000,82200000000,82170640934,82170674593,33659
81900000000,82200000000,82170674593,82170704423,29830
81900000000,82200000000,82170704423,82170776082,71659
81900000000,82200000000,82170776082,82170864365,88283
81900000000,82200000000,82170864365,82170893738,29373
81900000000,82200000000,82170893738,82174601465,3707727
81900000000,82200000000,82174601465,82174601466,1
81900000000,82200000000,82174601466,82174601512,46
81900000000,82200000000,82174601512,82174601513,1
81900000000,82200000000,82174601513,82174601753,240
81900000000,82200000000,82174601753,82174601754,1
81900000000,82200000000,82174601754,82174601928,174
81900000000,82200000000,82174601928,82174601964,36
81900000000,82200000000,82174601964,82174601965,1
81900000000,82200000000,82174601965,82179840418,5238453
81900000000,82200000000,82179840418,82190434782,10594364
81900000000,82200000000,82190434782,82198212277,7777495
82200000000,82500000000,82209521417,82217618345,8096928
82200000000,82500000000,82217618345,82235416855,17798510
82200000000,82500000000,82235416855,82244584283,9167428
82200000000,82500000000,82244584283,82247099281,2514998
82200000000,82500000000,82247099281,82247897187,797906
82200000000,82500000000,82247897187,82249955141,2057954
82200000000,82500000000,82249955141,82260286408,10331267
82200000000,82500000000,82260286408,82260291145,4737
82200000000,82500000000,82260291145,82262072571,1781426
82200000000,82500000000,82262072571,82266544404,4471833
82200000000,82500000000,82266544404,82276995163,10450759
82200000000,82500000000,82276995163,82281586595,4591432
82200000000,82500000000,82281586595,82291613014,10026419
82200000000,82500000000,82291613014,82293586780,1973766
82200000000,82500000000,82293586780,82293595628,8848
82200000000,82500000000,82293595628,82293608142,12514
82200000000,82500000000,82293608142,82293613631,5489
82200000000,82500000000,82293613631,82293618568,4937
82200000000,82500000000,82293618568,82296354865,2736297
82200000000,82500000000,82296354865,82296354997,132
82200000000,82500000000,82296354997,82296355054,57
82200000000,82500000000,82296355054,82296355055,1
82200000000,82500000000,82296355055,82296355124,69
82200000000,82500000000,82296355124,82296355125,1
82200000000,82500000000,82296355125,82298642911,2287786
82200000000,82500000000,82298642911,82320081755,21438844
82200000000,82500000000,82320081755,82320090297,8542
82200000000,82500000000,82320090297,82335535378,15445081
82200000000,82500000000,82335535378,82349736955,14201577
82200000000,82500000000,82349736955,82352234369,2497414
82200000000,82500000000,82352234369,82354768264,2533895
82200000000,82500000000,82354768264,82355558928,790664
82200000000,82500000000,82355558928,82366117198,10558270
82200000000,82500000000,82366117198,82368098060,1980862
82200000000,82500000000,82368098060,82408583476,40485416
82200000000,82500000000,82408583476,82430623391,22039915
82200000000,82500000000,82430623391,82430640968,17577
82200000000,82500000000,82430640968,82431436226,795258
82200000000,82500000000,82431436226,82432283785,847559
82200000000,82500000000,82432283785,82432286602,2817
82200000000,82500000000,82432286602,82432288726,2124
82200000000,82500000000,82432288726,82432296392,7666
82200000000,82500000000,82432296392,82432298305,1913
82200000000,82500000000,82432298305,82432300316,2011
82200000000,82500000000,82432300316,82433124586,824270
82200000000,82500000000,82433124586,82433130454,5868
82200000000,82500000000,82433130454,82433996701,866247
82200000000,82500000000,82433996701,82433996702,1
82200000000,82500000000,82433996702,82433996703,1
82200000000,82500000000,82433996703,82436100825,2104122
82200000000,82500000000,82436100825,82436110087,9262
82200000000,82500000000,82436110087,82448682444,12572357
82200000000,82500000000,82448682444,82450332567,1650123
82200000000,82500000000,82450332567,82451103057,770490
82200000000,82500000000,82451103057,82451108523,5466
82200000000,82500000000,82451108523,82451114514,5991
82200000000,82500000000,82451114514,82451890796,776282
82200000000,82500000000,82451890796,82458707155,6816359
82200000000,82500000000,82458707155,82458709597,2442
82200000000,82500000000,82458709597,82469568862,10859265
82200000000,82500000000,82469568862,82471921019,2352157
82200000000,82500000000,82471921019,82480555704,8634685
82500000000,82800000000,82501250624,82504100422,2849798
82500000000,82800000000,82504100422,82515335191,11234769
82500000000,82800000000,82515335191,82517668853,2333662
82500000000,82800000000,82517668853,82517675269,6416
82500000000,82800000000,82517675269,82520048762,2373493
82500000000,82800000000,82520048762,82522743031,2694269
82500000000,82800000000,82522743031,82524934215,2191184
82500000000,82800000000,82524934215,82528709699,3775484
82500000000,82800000000,82528709699,82529546175,836476
82500000000,82800000000,82529546175,82533748893,4202718
82500000000,82800000000,82533748893,82535392883,1643990
82500000000,82800000000,82535392883,82551331571,15938688
82500000000,82800000000,82551331571,82567329111,15997540
82500000000,82800000000,82567329111,82572872138,5543027
82500000000,82800000000,82572872138,82574435315,1563177
82500000000,82800000000,82574435315,82574442807,7492
82500000000,82800000000,82574442807,82574446076,3269
82500000000,82800000000,82574446076,82574448664,2588
82500000000,82800000000,82574448664,82577068887,2620223
82500000000,82800000000,82577068887,82578680960,1612073
82500000000,82800000000,82578680960,82609576357,30895397
82500000000,82800000000,82609576357,82621220121,11643764
82500000000,82800000000,82621220121,82625491216,4271095
82500000000,82800000000,82625491216,82627950826,2459610
82500000000,82800000000,82627950826,82630703479,2752653
82500000000,82800000000,82630703479,82636232849,5529370
82500000000,82800000000,82636232849,82637053367,820518
82500000000,82800000000,82637053367,82730706807,93653440
82500000000,82800000000,82730706807,82744088349,13381542
82500000000,82800000000,82744088349,82744092809,4460
82500000000,82800000000,82744092809,82744095315,2506
82500000000,82800000000,82744095315,82744098196,2881
82500000000,82800000000,82744098196,82744103991,5795
82500000000,82800000000,82744103991,82744110339,6348
82500000000,82800000000,82744110339,82744116908,6569
82500000000,82800000000,82744116908,82744128239,11331
82500000000,82800000000,82744128239,82744131216,2977
82500000000,82800000000,82744131216,82744139241,8025
82500000000,82800000000,82744139241,82744148602,9361
82500000000,82800000000,82744148602,82747607141,3458539
82500000000,82800000000,82747607141,82747607264,123
82500000000,82800000000,82747607264,82747607387,123
82500000000,82800000000,82747607387,82747607388,1
82500000000,82800000000,82747607388,82747607510,122
82500000000,82800000000,82747607510,82747607511,1
82500000000,82800000000,82747607511,82747607512,1
82500000000,82800000000,82747607512,82747607539,27
82500000000,82800000000,82747607539,82747607540,1
82500000000,82800000000,82747607540,82747607541,1
82500000000,82800000000,82747607541,82747607562,21
82500000000,82800000000,82747607562,82747607563,1
82500000000,82800000000,82747607563,82760024603,12417040
82500000000,82800000000,82760024603,82787837075,27812472
82800000000,83100000000,82801784878,82805566230,3781352
82800000000,83100000000,82805566230,82806340833,774603
82800000000,83100000000,82806340833,82807170842,830009
82800000000,83100000000,82807170842,82813487560,6316718
82800000000,83100000000,82813487560,82816660254,3172694
82800000000,83100000000,82816660254,82819990349,3330095
82800000000,83100000000,82819990349,82833808116,13817767
82800000000,83100000000,82833808116,82845149053,11340937
82800000000,83100000000,82845149053,82848758279,3609226
82800000000,83100000000,82848758279,82851263861,2505582
82800000000,83100000000,82851263861,82852150072,886211
82800000000,83100000000,82852150072,82854312797,2162725
82800000000,83100000000,82854312797,82871211189,16898392
82800000000,83100000000,82871211189,82871230244,19055
82800000000,83100000000,82871230244,82871233288,3044
82800000000,83100000000,82871233288,82871243590,10302
82800000000,83100000000,82871243590,82871245981,2391
82800000000,83100000000,82871245981,82871261553,15572
82800000000,83100000000,82871261553,82871294963,33410
82800000000,83100000000,82871294963,82871307146,12183
82800000000,83100000000,82871307146,82873135945,1828799
82800000000,83100000000,82873135945,82873135946,1
82800000000,83100000000,82873135946,82873136046,100
82800000000,83100000000,82873136046,82873136047,1
82800000000,83100000000,82873136047,82873136123,76
82800000000,83100000000,82873136123,82873136124,1
82800000000,83100000000,82873136124,82873136125,1
82800000000,83100000000,82873136125,82873138163,2038
82800000000,83100000000,82873138163,82873138164,1
82800000000,83100000000,82873138164,82882038875,8900711
82800000000,83100000000,82882038875,82919307341,37268466
82800000000,83100000000,82919307341,82934582324,15274983
82800000000,83100000000,82934582324,82935579856,997532
82800000000,83100000000,82935579856,82935597189,17333
82800000000,83100000000,82935597189,82936606531,1009342
82800000000,83100000000,82936606531,82988967478,52360947
82800000000,83100000000,82988967478,82988973473,5995
82800000000,83100000000,82988973473,82988979074,5601
82800000000,83100000000,82988979074,82988985154,6080
82800000000,83100000000,82988985154,82988987776,2622
82800000000,83100000000,82988987776,82988992294,4518
82800000000,83100000000,82988992294,82989009402,17108
82800000000,83100000000,82989009402,82989016483,7081
82800000000,83100000000,82989016483,82989022275,5792
82800000000,83100000000,82989022275,82989028166,5891
82800000000,83100000000,82989028166,82989034594,6428
82800000000,83100000000,82989034594,82993011902,3977308
82800000000,83100000000,82993011902,82993012044,142
82800000000,83100000000,82993012044,82993012173,129
82800000000,83100000000,82993012173,82993012203,30
82800000000,83100000000,82993012203,82993837126,824923
82800000000,83100000000,82993837126,82996332364,2495238
82800000000,83100000000,82996332364,82996332365,1
82800000000,83100000000,82996332365,82996332405,40
82800000000,83100000000,82996332405,82996332406,1
82800000000,83100000000,82996332406,82996332407,1
82800000000,83100000000,82996332407,82996332445,38
82800000000,83100000000,82996332445,82996332446,1
82800000000,83100000000,82996332446,82996332503,57
82800000000,83100000000,82996332503,82996332504,1
82800000000,83100000000,82996332504,82999153677,2821173
82800000000,83100000000,82999153677,83043083668,43929991
82800000000,83100000000,83043083668,83052795947,9712279
82800000000,83100000000,83052795947,83067536512,14740565
82800000000,83100000000,83067536512,83098749229,31212717
82800000000,83100000000,83098749229,83099589757,840528
83100000000,83400000000,83103043368,83103046748,3380
83100000000,83400000000,83103046748,83103051481,4733
83100000000,83400000000,83103051481,83103053662,2181
83100000000,83400000000,83103053662,83103058172,4510
83100000000,83400000000,83103058172,83103065075,6903
83100000000,83400000000,83103065075,83103072785,7710
83100000000,83400000000,83103072785,83103078421,5636
83100000000,83400000000,83103078421,83103086333,7912
83100000000,83400000000,83103086333,83104697009,1610676
83100000000,83400000000,83104697009,83107500883,2803874
83100000000,83400000000,83107500883,83107500884,1
83100000000,83400000000,83107500884,83107500929,45
83100000000,83400000000,83107500929,83107500930,1
83100000000,83400000000,83107500930,83107501178,248
83100000000,83400000000,83107501178,83107501179,1
83100000000,83400000000,83107501179,83107501236,57
83100000000,83400000000,83107501236,83107501237,1
83100000000,83400000000,83107501237,83111527944,4026707
83100000000,83400000000,83111527944,83111527945,1
83100000000,83400000000,83111527945,83111528457,512
83100000000,83400000000,83111528457,83111528458,1
83100000000,83400000000,83111528458,83113204146,1675688
83100000000,83400000000,83113204146,83146138156,32934010
83100000000,83400000000,83146138156,83187226977,41088821
83100000000,83400000000,83187226977,83205431477,18204500
83100000000,83400000000,83205431477,83205439850,8373
83100000000,83400000000,83205439850,83205447214,7364
83100000000,83400000000,83205447214,83205457599,10385
83100000000,83400000000,83205457599,83205465599,8000
83100000000,83400000000,83205465599,83207843508,2377909
83100000000,83400000000,83207843508,83207843548,40
83100000000,83400000000,83207843548,83207843567,19
83100000000,83400000000,83207843567,83207843568,1
83100000000,83400000000,83207843568,83207843569,1
83100000000,83400000000,83207843569,83207843614,45
83100000000,83400000000,83207843614,83207843615,1
83100000000,83400000000,83207843615,83207843736,121
83100000000,83400000000,83207843736,83207843737,1
83100000000,83400000000,83207843737,83210270286,2426549
83100000000,83400000000,83210270286,83210270350,64
83100000000,83400000000,83210270350,83213897712,3627362
83100000000,83400000000,83213897712,83226236941,12339229
83100000000,83400000000,83226236941,83264366902,38129961
83100000000,83400000000,83264366902,83275091854,10724952
83100000000,83400000000,83275091854,83281177335,6085481
83100000000,83400000000,83281177335,83285153373,3976038
83100000000,83400000000,83285153373,83285904181,750808
83100000000,83400000000,83285904181,83287426448,1522267
83100000000,83400000000,83287426448,83288998127,1571679
83100000000,83400000000,83288998127,83289864177,866050
83100000000,83400000000,83289864177,83289882526,18349
83100000000,83400000000,83289882526,83289893089,10563
83100000000,83400000000,83289893089,83291955711,2062622
83100000000,83400000000,83291955711,83294190171,2234460
83100000000,83400000000,83294190171,83294190172,1
83100000000,83400000000,83294190172,83294191213,1041
83100000000,83400000000,83294191213,83294191214,1
83100000000,83400000000,83294191214,83294191344,130
83100000000,83400000000,83294191344,83294191345,1
83100000000,83400000000,83294191345,83320560759,26369414
83100000000,83400000000,83320560759,83343713595,23152836
83100000000,83400000000,83343713595,83347895193,4181598
83100000000,83400000000,83347895193,83358407395,10512202
83100000000,83400000000,83358407395,83366955581,8548186
83100000000,83400000000,83366955581,83366969467,13886
83100000000,83400000000,83366969467,83367024638,55171
83100000000,83400000000,83367024638,83367040326,15688
83100000000,83400000000,83367040326,83367169213,128887
83100000000,83400000000,83367169213,83371710244,4541031
83100000000,83400000000,83371710244,83371710245,1
83400000000,83700000000,83414607181,83416395584,1788403
83400000000,83700000000,83416395584,83417251678,856094
83400000000,83700000000,83417251678,83434601785,17350107
83400000000,83700000000,83434601785,83454715073,20113288
83400000000,83700000000,83454715073,83454720416,5343
83400000000,83700000000,83454720416,83462902651,8182235
83400000000,83700000000,83462902651,83463639635,736984
83400000000,83700000000,83463639635,83471349459,7709824
83400000000,83700000000,83471349459,83472104906,755447
83400000000,83700000000,83472104906,83496470826,24365920
83400000000,83700000000,83496470826,83508884240,12413414
83400000000,83700000000,83508884240,83508888137,3897
83400000000,83700000000,83508888137,83508892877,4740
83400000000,83700000000,83508892877,83508895195,2318
83400000000,83700000000,83508895195,83508896980,1785
83400000000,83700000000,83508896980,83508902772,5792
83400000000,83700000000,83508902772,83508906355,3583
83400000000,83700000000,83508906355,83510356570,1450215
83400000000,83700000000,83510356570,83510356571,1
83400000000,83700000000,83510356571,83547270660,36914089
83400000000,83700000000,83547270660,83578167960,30897300
83400000000,83700000000,83578167960,83578174931,6971
83400000000,83700000000,83578174931,83578177606,2675
83400000000,83700000000,83578177606,83592433471,14255865
83400000000,83700000000,83592433471,83603078128,10644657
83400000000,83700000000,83603078128,83626103494,23025366
83400000000,83700000000,83626103494,83636830271,10726777
83400000000,83700000000,83636830271,83636832829,2558
83400000000,83700000000,83636832829,83642617876,5785047
83400000000,83700000000,83642617876,83643574419,956543
83400000000,83700000000,83643574419,83643585623,11204
83400000000,83700000000,83643585623,83644403163,817540
83400000000,83700000000,83644403163,83649444315,5041152
83400000000,83700000000,83649444315,83670896227,21451912
83400000000,83700000000,83670896227,83695577173,24680946
83700000000,84000000000,83701223772,83701237506,13734
83700000000,84000000000,83701237506,83702865888,1628382
83700000000,84000000000,83702865888,83702865889,1
83700000000,84000000000,83702865889,83702865890,1
83700000000,84000000000,83702865890,83722261793,19395903
83700000000,84000000000,83722261793,83722267042,5249
83700000000,84000000000,83722267042,83759104247,36837205
83700000000,84000000000,83759104247,83770691642,11587395
83700000000,84000000000,83770691642,83770695683,4041
83700000000,84000000000,83770695683,83770698200,2517
83700000000,84000000000,83770698200,83770701023,2823
83700000000,84000000000,83770701023,83770703254,2231
83700000000,84000000000,83770703254,83791458895,20755641
83700000000,84000000000,83791458895,83792255164,796269
83700000000,84000000000,83792255164,83812709693,20454529
83700000000,84000000000,83812709693,83822740048,10030355
83700000000,84000000000,83822740048,83822752519,12471
83700000000,84000000000,83822752519,83822757698,5179
83700000000,84000000000,83822757698,83822762691,4993
83700000000,84000000000,83822762691,83822767282,4591
83700000000,84000000000,83822767282,83823568478,801196
83700000000,84000000000,83823568478,83827217518,3649040
83700000000,84000000000,83827217518,83827217519,1
83700000000,84000000000,83827217519,83827217558,39
83700000000,84000000000,83827217558,83827217559,1
83700000000,84000000000,83827217559,83827217616,57
83700000000,84000000000,83827217616,83827217617,1
83700000000,84000000000,83827217617,83827217674,57
83700000000,84000000000,83827217674,83827217675,1
83700000000,84000000000,83827217675,83830269532,3051857
83700000000,84000000000,83830269532,83831885846,1616314
83700000000,84000000000,83831885846,83878078820,46192974
83700000000,84000000000,83878078820,83878083891,5071
83700000000,84000000000,83878083891,83878089614,5723
83700000000,84000000000,83878089614,83878092040,2426
83700000000,84000000000,83878092040,83878097596,5556
83700000000,84000000000,83878097596,83878111953,14357
83700000000,84000000000,83878111953,83881652736,3540783
83700000000,84000000000,83881652736,83881652737,1
83700000000,84000000000,83881652737,83881652801,64
83700000000,84000000000,83881652801,83881652832,31
83700000000,84000000000,83881652832,83881653856,1024
83700000000,84000000000,83881653856,83881653857,1
83700000000,84000000000,83881653857,83908474822,26820965
83700000000,84000000000,83908474822,83915529577,7054755
83700000000,84000000000,83915529577,83916468873,939296
83700000000,84000000000,83916468873,83916476155,7282
83700000000,84000000000,83916476155,83941923992,25447837
83700000000,84000000000,83941923992,83948291427,6367435
83700000000,84000000000,83948291427,83948296850,5423
83700000000,84000000000,83948296850,83949957706,1660856
83700000000,84000000000,83949957706,83949957811,105
83700000000,84000000000,83949957811,83959577794,9619983
83700000000,84000000000,83959577794,83976611117,17033323
84000000000,84300000000,84017273259,84023669844,6396585
84000000000,84300000000,84023669844,84036801499,13131655
84000000000,84300000000,84036801499,84039206826,2405327
84000000000,84300000000,84039206826,84040928815,1721989
84000000000,84300000000,84040928815,84041806788,877973
84000000000,84300000000,84041806788,84043655291,1848503
84000000000,84300000000,84043655291,84044885280,1229989
84000000000,84300000000,84044885280,84046691179,1805899
84000000000,84300000000,84046691179,84075517098,28825919
84000000000,84300000000,84075517098,84075631266,114168
84000000000,84300000000,84075631266,84075715142,83876
84000000000,84300000000,84075715142,84075828049,112907
84000000000,84300000000,84075828049,84075856864,28815
84000000000,84300000000,84075856864,84075932237,75373
84000000000,84300000000,84075932237,84075934582,2345
84000000000,84300000000,84075934582,84076380803,446221
84000000000,84300000000,84076380803,84078511694,2130891
84000000000,84300000000,84078511694,84080969809,2458115
84000000000,84300000000,84080969809,84080969810,1
84000000000,84300000000,84080969810,84080969811,1
84000000000,84300000000,84080969811,84109703112,28733301
84000000000,84300000000,84109703112,84111643010,1939898
84000000000,84300000000,84111643010,84111643011,1
84000000000,84300000000,84111643011,84119855635,8212624
84000000000,84300000000,84119855635,84129471018,9615383
84000000000,84300000000,84129471018,84136999900,7528882
84000000000,84300000000,84136999900,84137784185,784285
84000000000,84300000000,84137784185,84138551821,767636
84000000000,84300000000,84138551821,84138559071,7250
84000000000,84300000000,84138559071,84154204859,15645788
84000000000,84300000000,84154204859,84159864507,5659648
84000000000,84300000000,84159864507,84159868338,3831
84000000000,84300000000,84159868338,84177319452,17451114
84000000000,84300000000,84177319452,84188345364,11025912
84000000000,84300000000,84188345364,84189139293,793929
84000000000,84300000000,84189139293,84190104848,965555
84000000000,84300000000,84190104848,84199341014,9236166
84000000000,84300000000,84199341014,84207827012,8485998
84000000000,84300000000,84207827012,84207848391,21379
84000000000,84300000000,84207848391,84209380882,1532491
84000000000,84300000000,84209380882,84226856920,17476038
84000000000,84300000000,84226856920,84228502155,1645235
84000000000,84300000000,84228502155,84234272722,5770567
84000000000,84300000000,84234272722,84234285141,12419
84000000000,84300000000,84234285141,84253889254,19604113
84000000000,84300000000,84253889254,84265777234,11887980
84000000000,84300000000,84265777234,84274479007,8701773
84000000000,84300000000,84274479007,84295458721,20979714
84000000000,84300000000,84295458721,84298661874,3203153
84300000000,84600000000,84300428179,84304478937,4050758
84300000000,84600000000,84304478937,84306147892,1668955
84300000000,84600000000,84306147892,84313719255,7571363
84300000000,84600000000,84313719255,84313746224,26969
84300000000,84600000000,84313746224,84313748791,2567
84300000000,84600000000,84313748791,84324911992,11163201
84300000000,84600000000,84324911992,84326059822,1147830
84300000000,84600000000,84326059822,84326884894,825072
84300000000,84600000000,84326884894,84331274456,4389562
84300000000,84600000000,84331274456,84331277413,2957
84300000000,84600000000,84331277413,84331280094,2681
84300000000,84600000000,84331280094,84331282367,2273
84300000000,84600000000,84331282367,84331284848,2481
84300000000,84600000000,84331284848,84331287325,2477
84300000000,84600000000,84331287325,84333473559,2186234
84300000000,84600000000,84333473559,84370584293,37110734
84300000000,84600000000,84370584293,84388962723,18378430
84300000000,84600000000,84388962723,84390674096,1711373
84300000000,84600000000,84390674096,84397766162,7092066
84300000000,84600000000,84397766162,84411537943,13771781
84300000000,84600000000,84411537943,84411776404,238461
84300000000,84600000000,84411776404,84411782683,6279
84300000000,84600000000,84411782683,84411784607,1924
84300000000,84600000000,84411784607,84411786506,1899
84300000000,84600000000,84411786506,84413173596,1387090
84300000000,84600000000,84413173596,84413173597,1
84300000000,84600000000,84413173597,84413173672,75
84300000000,84600000000,84413173672,84422886226,9712554
84300000000,84600000000,84422886226,84423715531,829305
84300000000,84600000000,84423715531,84424533660,818129
84300000000,84600000000,84424533660,84429542716,5009056
84300000000,84600000000,84429542716,84438379490,8836774
84300000000,84600000000,84438379490,84439979641,1600151
84300000000,84600000000,84439979641,84460044182,20064541
84300000000,84600000000,84460044182,84460744584,700402
84300000000,84600000000,84460744584,84464779930,4035346
84300000000,84600000000,84464779930,84467193356,2413426
84300000000,84600000000,84467193356,84470341658,3148302
84300000000,84600000000,84470341658,84471126879,785221
84300000000,84600000000,84471126879,84471131430,4551
84300000000,84600000000,84471131430,84473527711,2396281
84300000000,84600000000,84473527711,84473530467,2756
84300000000,84600000000,84473530467,84473533512,3045
84300000000,84600000000,84473533512,84475184554,1651042
84300000000,84600000000,84475184554,84475188226,3672
84300000000,84600000000,84475188226,84475194358,6132
84300000000,84600000000,84475194358,84476883598,1689240
84300000000,84600000000,84476883598,84476886907,3309
84300000000,84600000000,84476886907,84476890436,3529
84300000000,84600000000,84476890436,84476894331,3895
84300000000,84600000000,84476894331,84477624678,730347
84300000000,84600000000,84477624678,84485443445,7818767
84300000000,84600000000,84485443445,84486208733,765288
84300000000,84600000000,84486208733,84486972603,763870
84300000000,84600000000,84486972603,84494167574,7194971
84300000000,84600000000,84494167574,84495703683,1536109
84300000000,84600000000,84495703683,84495703684,1
84300000000,84600000000,84495703684,84501765445,6061761
84300000000,84600000000,84501765445,84535956988,34191543
84300000000,84600000000,84535956988,84537376804,1419816
84300000000,84600000000,84537376804,84538851915,1475111
84300000000,84600000000,84538851915,84538851916,1
84300000000,84600000000,84538851916,84544587708,5735792
84300000000,84600000000,84544587708,84549769639,5181931
84300000000,84600000000,84549769639,84570757277,20987638
84300000000,84600000000,84570757277,84571700415,943138
84300000000,84600000000,84571700415,84582143236,10442821
84300000000,84600000000,84582143236,84590030623,7887387
84600000000,84900000000,84611768055,84626386241,14618186
84600000000,84900000000,84626386241,84627200596,814355
84600000000,84900000000,84627200596,84627980617,780021
84600000000,84900000000,84627980617,84627984205,3588
84600000000,84900000000,84627984205,84628001426,17221
84600000000,84900000000,84628001426,84628008902,7476
84600000000,84900000000,84628008902,84628755400,746498
84600000000,84900000000,84628755400,84641174864,12419464
84600000000,84900000000,84641174864,84641178769,3905
84600000000,84900000000,84641178769,84652004122,10825353
84600000000,84900000000,84652004122,84659783075,7778953
84600000000,84900000000,84659783075,84662177308,2394233
84600000000,84900000000,84662177308,84662982305,804997
84600000000,84900000000,84662982305,84675386665,12404360
84600000000,84900000000,84675386665,84679646968,4260303
84600000000,84900000000,84679646968,84679653477,6509
84600000000,84900000000,84679653477,84687165309,7511832
84600000000,84900000000,84687165309,84695443068,8277759
84600000000,84900000000,84695443068,84697066505,1623437
84600000000,84900000000,84697066505,84697070192,3687
84600000000,84900000000,84697070192,84697074759,4567
84600000000,84900000000,84697074759,84698941507,1866748
84600000000,84900000000,84698941507,84706479395,7537888
84600000000,84900000000,84706479395,84728190106,21710711
84600000000,84900000000,84728190106,84744338168,16148062
84600000000,84900000000,84744338168,84748377623,4039455
84600000000,84900000000,84748377623,84756665116,8287493
84600000000,84900000000,84756665116,84760112460,3447344
84600000000,84900000000,84760112460,84763044042,2931582
84600000000,84900000000,84763044042,84773808869,10764827
84600000000,84900000000,84773808869,84776816357,3007488
84600000000,84900000000,84776816357,84789452420,12636063
84600000000,84900000000,84789452420,84796620096,7167676
84600000000,84900000000,84796620096,84798973749,2353653
84600000000,84900000000,84798973749,84806967267,7993518
84600000000,84900000000,84806967267,84809637679,2670412
84600000000,84900000000,84809637679,84826272010,16634331
84600000000,84900000000,84826272010,84839204476,12932466
84600000000,84900000000,84839204476,84850364385,11159909
84600000000,84900000000,84850364385,84879608879,29244494
84600000000,84900000000,84879608879,84881664951,2056072
84600000000,84900000000,84881664951,84883623166,1958215
84600000000,84900000000,84883623166,84886074742,2451576
84600000000,84900000000,84886074742,84889401618,3326876
84600000000,84900000000,84889401618,84897850563,8448945
84600000000,84900000000,84897850563,84897855798,5235
84900000000,85200000000,84902189504,84902195272,5768
84900000000,85200000000,84902195272,84909009688,6814416
84900000000,85200000000,84909009688,84927628238,18618550
84900000000,85200000000,84927628238,84929522572,1894334
84900000000,85200000000,84929522572,84938939860,9417288
84900000000,85200000000,84938939860,84941564073,2624213
84900000000,85200000000,84941564073,84943762494,2198421
84900000000,85200000000,84943762494,84943765604,3110
84900000000,85200000000,84943765604,84948608515,4842911
84900000000,85200000000,84948608515,84967677242,19068727
84900000000,85200000000,84967677242,84980247405,12570163
84900000000,85200000000,84980247405,84990482098,10234693
84900000000,85200000000,84990482098,84997706459,7224361
84900000000,85200000000,84997706459,84997711256,4797
84900000000,85200000000,84997711256,85005378968,7667712
84900000000,85200000000,85005378968,85015808603,10429635
84900000000,85200000000,85015808603,85039081973,23273370
84900000000,85200000000,85039081973,85039086168,4195
84900000000,85200000000,85039086168,85039997266,911098
84900000000,85200000000,85039997266,85041561797,1564531
84900000000,85200000000,85041561797,85044929768,3367971
84900000000,85200000000,85044929768,85047461648,2531880
84900000000,85200000000,85047461648,85055940501,8478853
84900000000,85200000000,85055940501,85057471089,1530588
84900000000,85200000000,85057471089,85074320137,16849048
84900000000,85200000000,85074320137,85074329795,9658
84900000000,85200000000,85074329795,85074335541,5746
84900000000,85200000000,85074335541,85076835112,2499571
84900000000,85200000000,85076835112,85076835246,134
84900000000,85200000000,85076835246,85082707365,5872119
84900000000,85200000000,85082707365,85083604185,896820
84900000000,85200000000,85083604185,85083620497,16312
84900000000,85200000000,85083620497,85084431477,810980
84900000000,85200000000,85084431477,85097554533,13123056
84900000000,85200000000,85097554533,85105786488,8231955
84900000000,85200000000,85105786488,85120039506,14253018
84900000000,85200000000,85120039506,85122527459,2487953
84900000000,85200000000,85122527459,85125425646,2898187
84900000000,85200000000,85125425646,85128171384,2745738
84900000000,85200000000,85128171384,85134339628,6168244
84900000000,85200000000,85134339628,85145852234,11512606
84900000000,85200000000,85145852234,85146702184,849950
84900000000,85200000000,85146702184,85146707439,5255
84900000000,85200000000,85146707439,85147560855,853416
84900000000,85200000000,85147560855,85164910907,17350052
84900000000,85200000000,85164910907,85164913637,2730
84900000000,85200000000,85164913637,85166776965,1863328
84900000000,85200000000,85166776965,85183593480,16816515
84900000000,85200000000,85183593480,85183600894,7414
84900000000,85200000000,85183600894,85183603515,2621
84900000000,85200000000,85183603515,85186810415,3206900
85200000000,85500000000,85202095702,85202102780,7078
85200000000,85500000000,85202102780,85202106104,3324
85200000000,85500000000,85202106104,85202109065,2961
85200000000,85500000000,85202109065,85202112324,3259
85200000000,85500000000,85202112324,85202118536,6212
85200000000,85500000000,85202118536,85221704448,19585912
85200000000,85500000000,85221704448,85221710445,5997
85200000000,85500000000,85221710445,85221715741,5296
85200000000,85500000000,85221715741,85221718453,2712
85200000000,85500000000,85221718453,85221721474,3021
85200000000,85500000000,85221721474,85228924893,7203419
85200000000,85500000000,85228924893,85244702838,15777945
85200000000,85500000000,85244702838,85246346981,1644143
85200000000,85500000000,85246346981,85248146229,1799248
85200000000,85500000000,85248146229,85252608892,4462663
85200000000,85500000000,85252608892,85252617920,9028
85200000000,85500000000,85252617920,85252621487,3567
85200000000,85500000000,85252621487,85252623812,2325
85200000000,85500000000,85252623812,85252625887,2075
85200000000,85500000000,85252625887,85252628057,2170
85200000000,85500000000,85252628057,85252630476,2419
85200000000,85500000000,85252630476,85252632256,1780
85200000000,85500000000,85252632256,85273630145,20997889
85200000000,85500000000,85273630145,85273633171,3026
85200000000,85500000000,85273633171,85273635278,2107
85200000000,85500000000,85273635278,85273638652,3374
85200000000,85500000000,85273638652,85273640630,1978
85200000000,85500000000,85273640630,85273642987,2357
85200000000,85500000000,85273642987,85273645048,2061
85200000000,85500000000,85273645048,85273648386,3338
85200000000,85500000000,85273648386,85273651206,2820
85200000000,85500000000,85273651206,85273655212,4006
85200000000,85500000000,85273655212,85278199378,4544166
85200000000,85500000000,85278199378,85288719903,10520525
85200000000,85500000000,85288719903,85295447253,6727350
85200000000,85500000000,85295447253,85295452075,4822
85200000000,85500000000,85295452075,85295454969,2894
85200000000,85500000000,85295454969,85295477639,22670
85200000000,85500000000,85295477639,85295480079,2440
85200000000,85500000000,85295480079,85297336116,1856037
85200000000,85500000000,85297336116,85297336117,1
85200000000,85500000000,85297336117,85297336118,1
85200000000,85500000000,85297336118,85314516327,17180209
85200000000,85500000000,85314516327,85314545545,29218
85200000000,85500000000,85314545545,85317218039,2672494
85200000000,85500000000,85317218039,85317218040,1
85200000000,85500000000,85317218040,85317353099,135059
85200000000,85500000000,85317353099,85332835521,15482422
85200000000,85500000000,85332835521,85332841333,5812
85200000000,85500000000,85332841333,85332843635,2302
85200000000,85500000000,85332843635,85335321011,2477376
85200000000,85500000000,85335321011,85352516814,17195803
85200000000,85500000000,85352516814,85352519329,2515
85200000000,85500000000,85352519329,85352561956,42627
85200000000,85500000000,85352561956,85358917147,6355191
85200000000,85500000000,85358917147,85358917148,1
85200000000,85500000000,85358917148,85371323016,12405868
85200000000,85500000000,85371323016,85372705182,1382166
85200000000,85500000000,85372705182,85372710566,5384
85200000000,85500000000,85372710566,85372717732,7166
85200000000,85500000000,85372717732,85375633166,2915434
85200000000,85500000000,85375633166,85375633185,19
85200000000,85500000000,85375633185,85375633186,1
85200000000,85500000000,85375633186,85375633255,69
85200000000,85500000000,85375633255,85375633256,1
85200000000,85500000000,85375633256,85381655655,6022399
85200000000,85500000000,85381655655,85387515450,5859795
85200000000,85500000000,85387515450,85390950134,3434684
85200000000,85500000000,85390950134,85392136378,1186244
85200000000,85500000000,85392136378,85392187764,51386
85200000000,85500000000,85392187764,85392205930,18166
85200000000,85500000000,85392205930,85392269139,63209
85200000000,85500000000,85392269139,85392302650,33511
85200000000,85500000000,85392302650,85392332960,30310
85200000000,85500000000,85392332960,85392342935,9975
85200000000,85500000000,85392342935,85392379440,36505
85200000000,85500000000,85392379440,85392511265,131825
85200000000,85500000000,85392511265,85392513386,2121
85200000000,85500000000,85392513386,85392515435,2049
85200000000,85500000000,85392515435,85395844557,3329122
85200000000,85500000000,85395844557,85398185318,2340761
85200000000,85500000000,85398185318,85398185319,1
85200000000,85500000000,85398185319,85398186417,1098
85200000000,85500000000,85398186417,85398186418,1
85200000000,85500000000,85398186418,85398186747,329
85200000000,85500000000,85398186747,85398186748,1
85200000000,85500000000,85398186748,85398187059,311
85200000000,85500000000,85398187059,85398187060,1
85200000000,85500000000,85398187060,85398301741,114681
85200000000,85500000000,85398301741,85405751907,7450166
85200000000,85500000000,85405751907,85405752021,114
85200000000,85500000000,85405752021,85415617047,9865026
85200000000,85500000000,85415617047,85426511089,10894042
85200000000,85500000000,85426511089,85426555959,44870
85200000000,85500000000,85426555959,85426568450,12491
85200000000,85500000000,85426568450,85426574812,6362
85200000000,85500000000,85426574812,85426585349,10537
85200000000,85500000000,85426585349,85426587472,2123
85200000000,85500000000,85426587472,85426591488,4016
85200000000,85500000000,85426591488,85436858658,10267170
85200000000,85500000000,85436858658,85436858659,1
85200000000,85500000000,85436858659,85448631352,11772693
85200000000,85500000000,85448631352,85451381930,2750578
85200000000,85500000000,85451381930,85457380242,5998312
85200000000,85500000000,85457380242,85458892853,1512611
85200000000,85500000000,85458892853,85458951360,58507
85200000000,85500000000,85458951360,85458960624,9264
85200000000,85500000000,85458960624,85458974297,13673
85200000000,85500000000,85458974297,85458988636,14339
85200000000,85500000000,85458988636,85459010172,21536
85200000000,85500000000,85459010172,85459014614,4442
85200000000,85500000000,85459014614,85459024514,9900
85200000000,85500000000,85459024514,85459071213,46699
85200000000,85500000000,85459071213,85466060059,6988846
85200000000,85500000000,85466060059,85466060103,44
85200000000,85500000000,85466060103,85466060139,36
85200000000,85500000000,85466060139,85466060140,1
85200000000,85500000000,85466060140,85472706885,6646745
85200000000,85500000000,85472706885,85490110092,17403207
85200000000,85500000000,85490110092,85490138717,28625
85200000000,85500000000,85490138717,85490143318,4601
85200000000,85500000000,85490143318,85490146998,3680
85200000000,85500000000,85490146998,85490150493,3495
85200000000,85500000000,85490150493,85491449839,1299346
85500000000,85800000000,85513207979,85516350752,3142773
85500000000,85800000000,85516350752,85516399041,48289
85500000000,85800000000,85516399041,85522148145,5749104
85500000000,85800000000,85522148145,85522148146,1
85500000000,85800000000,85522148146,85538758652,16610506
85500000000,85800000000,85538758652,85538779202,20550
85500000000,85800000000,85538779202,85538782041,2839
85500000000,85800000000,85538782041,85538784105,2064
85500000000,85800000000,85538784105,85538786372,2267
85500000000,85800000000,85538786372,85558109909,19323537
85500000000,85800000000,85558109909,85571107759,12997850
85500000000,85800000000,85571107759,85571118498,10739
85500000000,85800000000,85571118498,85574313507,3195009
85500000000,85800000000,85574313507,85589088877,14775370
85500000000,85800000000,85589088877,85589112769,23892
85500000000,85800000000,85589112769,85609612947,20500178
85500000000,85800000000,85609612947,85609617458,4511
85500000000,85800000000,85609617458,85609623747,6289
85500000000,85800000000,85609623747,85611514190,1890443
85500000000,85800000000,85611514190,85612637225,1123035
85500000000,85800000000,85612637225,85612637485,260
85500000000,85800000000,85612637485,85622812060,10174575
85500000000,85800000000,85622812060,85627271912,4459852
85500000000,85800000000,85627271912,85629926679,2654767
85500000000,85800000000,85629926679,85630078672,151993
85500000000,85800000000,85630078672,85630089772,11100
85500000000,85800000000,85630089772,85630097846,8074
85500000000,85800000000,85630097846,85630103549,5703
85500000000,85800000000,85630103549,85635377093,5273544
85500000000,85800000000,85635377093,85635400583,23490
85500000000,85800000000,85635400583,85635400584,1
85500000000,85800000000,85635400584,85644801524,9400940
85500000000,85800000000,85644801524,85646619342,1817818
85500000000,85800000000,85646619342,85650721549,4102207
85500000000,85800000000,85650721549,85650735057,13508
85500000000,85800000000,85650735057,85652983704,2248647
85500000000,85800000000,85652983704,85652983705,1
85500000000,85800000000,85652983705,85652983830,125
85500000000,85800000000,85652983830,85652983831,1
85500000000,85800000000,85652983831,85668666631,15682800
85500000000,85800000000,85668666631,85684021169,15354538
85500000000,85800000000,85684021169,85703805174,19784005
85500000000,85800000000,85703805174,85736972815,33167641
85500000000,85800000000,85736972815,85736975217,2402
85500000000,85800000000,85736975217,85739110014,2134797
85500000000,85800000000,85739110014,85740199072,1089058
85500000000,85800000000,85740199072,85747128646,6929574
85500000000,85800000000,85747128646,85755722444,8593798
85500000000,85800000000,85755722444,85755745182,22738
85500000000,85800000000,85755745182,85758504452,2759270
85500000000,85800000000,85758504452,85758504453,1
85500000000,85800000000,85758504453,85768491987,9987534
85500000000,85800000000,85768491987,85772511246,4019259
85500000000,85800000000,85772511246,85780654510,8143264
85500000000,85800000000,85780654510,85787295233,6640723
85800000000,86100000000,85802229553,85804121044,1891491
85800000000,86100000000,85804121044,85806075191,1954147
85800000000,86100000000,85806075191,85806082893,7702
85800000000,86100000000,85806082893,85806085325,2432
85800000000,86100000000,85806085325,85806087922,2597
85800000000,86100000000,85806087922,85806090552,2630
85800000000,86100000000,85806090552,85806095407,4855
85800000000,86100000000,85806095407,85807141024,1045617
85800000000,86100000000,85807141024,85808968751,1827727
85800000000,86100000000,85808968751,85808968783,32
85800000000,86100000000,85808968783,85808968784,1
85800000000,86100000000,85808968784,85808968785,1
85800000000,86100000000,85808968785,85812138201,3169416
85800000000,86100000000,85812138201,85813093852,955651
85800000000,86100000000,85813093852,85816607966,3514114
85800000000,86100000000,85816607966,85826147912,9539946
85800000000,86100000000,85826147912,85826158872,10960
85800000000,86100000000,85826158872,85826164228,5356
85800000000,86100000000,85826164228,85826166635,2407
85800000000,86100000000,85826166635,85834645744,8479109
85800000000,86100000000,85834645744,85845529935,10884191
85800000000,86100000000,85845529935,85845532378,2443
85800000000,86100000000,85845532378,85848810203,3277825
85800000000,86100000000,85848810203,85848810228,25
85800000000,86100000000,85848810228,85854385947,5575719
85800000000,86100000000,85854385947,85860452829,6066882
85800000000,86100000000,85860452829,85865816192,5363363
85800000000,86100000000,85865816192,85865819628,3436
85800000000,86100000000,85865819628,85865825745,6117
85800000000,86100000000,85865825745,85865827926,2181
85800000000,86100000000,85865827926,85865854236,26310
85800000000,86100000000,85865854236,85865866597,12361
85800000000,86100000000,85865866597,85866807222,940625
85800000000,86100000000,85866807222,85869891032,3083810
85800000000,86100000000,85869891032,85869891033,1
85800000000,86100000000,85869891033,85869893158,2125
85800000000,86100000000,85869893158,85891963769,22070611
85800000000,86100000000,85891963769,85891983781,20012
85800000000,86100000000,85891983781,85891988573,4792
85800000000,86100000000,85891988573,85904744243,12755670
85800000000,86100000000,85904744243,85904786324,42081
85800000000,86100000000,85904786324,85915560644,10774320
85800000000,86100000000,85915560644,85931660746,16100102
85800000000,86100000000,85931660746,85939115750,7455004
85800000000,86100000000,85939115750,85939118292,2542
85800000000,86100000000,85939118292,85957234972,18116680
85800000000,86100000000,85957234972,85957249586,14614
85800000000,86100000000,85957249586,85959173890,1924304
85800000000,86100000000,85959173890,85959173891,1
85800000000,86100000000,85959173891,85959173892,1
85800000000,86100000000,85959173892,85969662880,10488988
85800000000,86100000000,85969662880,85976179180,6516300
85800000000,86100000000,85976179180,85982555744,6376564
85800000000,86100000000,85982555744,85984405326,1849582
85800000000,86100000000,85984405326,86001329417,16924091
85800000000,86100000000,86001329417,86001337729,8312
85800000000,86100000000,86001337729,86003103212,1765483
85800000000,86100000000,86003103212,86003103213,1
85800000000,86100000000,86003103213,86003103214,1
85800000000,86100000000,86003103214,86005871626,2768412
85800000000,86100000000,86005871626,86019641385,13769759
85800000000,86100000000,86019641385,86019646451,5066
85800000000,86100000000,86019646451,86019662508,16057
85800000000,86100000000,86019662508,86022326740,2664232
85800000000,86100000000,86022326740,86022326741,1
85800000000,86100000000,86022326741,86022327812,1071
85800000000,86100000000,86022327812,86024404934,2077122
85800000000,86100000000,86024404934,86041486135,17081201
85800000000,86100000000,86041486135,86041498184,12049
85800000000,86100000000,86041498184,86045129128,3630944
85800000000,86100000000,86045129128,86045203132,74004
85800000000,86100000000,86045203132,86045217713,14581
85800000000,86100000000,86045217713,86046015547,797834
85800000000,86100000000,86046015547,86047253831,1238284
85800000000,86100000000,86047253831,86048065529,811698
85800000000,86100000000,86048065529,86060728107,12662578
85800000000,86100000000,86060728107,86062688655,1960548
85800000000,86100000000,86062688655,86062688656,1
85800000000,86100000000,86062688656,86073748914,11060258
85800000000,86100000000,86073748914,86094339333,20590419
85800000000,86100000000,86094339333,86094347940,8607
85800000000,86100000000,86094347940,86094350837,2897
85800000000,86100000000,86094350837,86094353987,3150
85800000000,86100000000,86094353987,86094355809,1822
85800000000,86100000000,86094355809,86094358227,2418
85800000000,86100000000,86094358227,86094360896,2669
85800000000,86100000000,86094360896,86095319050,958154
86100000000,86400000000,86101233148,86104621839,3388691
86100000000,86400000000,86104621839,86127876948,23255109
86100000000,86400000000,86127876948,86129753642,1876694
86100000000,86400000000,86129753642,86129759486,5844
86100000000,86400000000,86129759486,86129763756,4270
86100000000,86400000000,86129763756,86129765891,2135
86100000000,86400000000,86129765891,86129768061,2170
86100000000,86400000000,86129768061,86160744016,30975955
86100000000,86400000000,86160744016,86169398952,8654936
86100000000,86400000000,86169398952,86172900983,3502031
86100000000,86400000000,86172900983,86177086342,4185359
86100000000,86400000000,86177086342,86185817132,8730790
86100000000,86400000000,86185817132,86189608483,3791351
86100000000,86400000000,86189608483,86189611271,2788
86100000000,86400000000,86189611271,86191343536,1732265
86100000000,86400000000,86191343536,86195019369,3675833
86100000000,86400000000,86195019369,86204538767,9519398
86100000000,86400000000,86204538767,86207257386,2718619
86100000000,86400000000,86207257386,86216653689,9396303
86100000000,86400000000,86216653689,86220262992,3609303
86100000000,86400000000,86220262992,86220266340,3348
86100000000,86400000000,86220266340,86221277664,1011324
86100000000,86400000000,86221277664,86222432462,1154798
86100000000,86400000000,86222432462,86222432463,1
86100000000,86400000000,86222432463,86239365457,16932994
86100000000,86400000000,86239365457,86239373024,7567
86100000000,86400000000,86239373024,86241197777,1824753
86100000000,86400000000,86241197777,86241197778,1
86100000000,86400000000,86241197778,86241197779,1
86100000000,86400000000,86241197779,86253890712,12692933
86100000000,86400000000,86253890712,86260401245,6510533
86100000000,86400000000,86260401245,86288662714,28261469
86100000000,86400000000,86288662714,86301318484,12655770
86100000000,86400000000,86301318484,86325794501,24476017
86100000000,86400000000,86325794501,86327901946,2107445
86100000000,86400000000,86327901946,86327901947,1
86100000000,86400000000,86327901947,86327901948,1
86100000000,86400000000,86327901948,86331411024,3509076
86100000000,86400000000,86331411024,86343648917,12237893
86100000000,86400000000,86343648917,86343651440,2523
86100000000,86400000000,86343651440,86343657591,6151
86100000000,86400000000,86343657591,86343664518,6927
86100000000,86400000000,86343664518,86343666731,2213
86100000000,86400000000,86343666731,86345550219,1883488
86100000000,86400000000,86345550219,86345550220,1
86100000000,86400000000,86345550220,86345550221,1
86100000000,86400000000,86345550221,86345576589,26368
86100000000,86400000000,86345576589,86360180487,14603898
86100000000,86400000000,86360180487,86365835214,5654727
86100000000,86400000000,86365835214,86365958405,123191
86100000000,86400000000,86365958405,86365981556,23151
86100000000,86400000000,86365981556,86372784643,6803087
86100000000,86400000000,86372784643,86377511862,4727219
86100000000,86400000000,86377511862,86392015731,14503869
86400000000,86700000000,86401839076,86403024860,1185784
86400000000,86700000000,86403024860,86403028588,3728
86400000000,86700000000,86403028588,86406805665,3777077
86400000000,86700000000,86406805665,86408069317,1263652
86400000000,86700000000,86408069317,86410654861,2585544
86400000000,86700000000,86410654861,86411917332,1262471
86400000000,86700000000,86411917332,86431371843,19454511
86400000000,86700000000,86431371843,86442323495,10951652
86400000000,86700000000,86442323495,86442335245,11750
86400000000,86700000000,86442335245,86442341195,5950
86400000000,86700000000,86442341195,86442344956,3761
86400000000,86700000000,86442344956,86442347032,2076
86400000000,86700000000,86442347032,86444650855,2303823
86400000000,86700000000,86444650855,86444650856,1
86400000000,86700000000,86444650856,86444650857,1
86400000000,86700000000,86444650857,86444650907,50
86400000000,86700000000,86444650907,86444650908,1
86400000000,86700000000,86444650908,86444650909,1
86400000000,86700000000,86444650909,86507719090,63068181
86400000000,86700000000,86507719090,86507725626,6536
86400000000,86700000000,86507725626,86507727903,2277
86400000000,86700000000,86507727903,86507729761,1858
86400000000,86700000000,86507729761,86507731663,1902
86400000000,86700000000,86507731663,86507735899,4236
86400000000,86700000000,86507735899,86507738685,2786
86400000000,86700000000,86507738685,86511675971,3937286
86400000000,86700000000,86511675971,86511676294,323
86400000000,86700000000,86511676294,86512480603,804309
86400000000,86700000000,86512480603,86522165405,9684802
86400000000,86700000000,86522165405,86522949220,783815
86400000000,86700000000,86522949220,86522957804,8584
86400000000,86700000000,86522957804,86523726121,768317
86400000000,86700000000,86523726121,86525396527,1670406
86400000000,86700000000,86525396527,86526590401,1193874
86400000000,86700000000,86526590401,86528197520,1607119
86400000000,86700000000,86528197520,86546659860,18462340
86400000000,86700000000,86546659860,86563591323,16931463
86400000000,86700000000,86563591323,86563597133,5810
86400000000,86700000000,86563597133,86563657997,60864
86400000000,86700000000,86563657997,86572796746,9138749
86400000000,86700000000,86572796746,86577251584,4454838
86400000000,86700000000,86577251584,86595701260,18449676
86400000000,86700000000,86595701260,86601713857,6012597
86400000000,86700000000,86601713857,86601765601,51744
86400000000,86700000000,86601765601,86608343426,6577825
86400000000,86700000000,86608343426,86609684171,1340745
86400000000,86700000000,86609684171,86619168990,9484819
86400000000,86700000000,86619168990,86631667363,12498373
86400000000,86700000000,86631667363,86634331902,2664539
86400000000,86700000000,86634331902,86636426120,2094218
86400000000,86700000000,86636426120,86637457834,1031714
86400000000,86700000000,86637457834,86645740726,8282892
86400000000,86700000000,86645740726,86689008500,43267774
86400000000,86700000000,86689008500,86690971597,1963097
86400000000,86700000000,86690971597,86692674431,1702834
86700000000,87000000000,86702829129,86704564498,1735369
86700000000,87000000000,86704564498,86707451038,2886540
86700000000,87000000000,86707451038,86707482067,31029
86700000000,87000000000,86707482067,86707484833,2766
86700000000,87000000000,86707484833,86707487033,2200
86700000000,87000000000,86707487033,86715297452,7810419
86700000000,87000000000,86715297452,86717041417,1743965
86700000000,87000000000,86717041417,86718801000,1759583
86700000000,87000000000,86718801000,86723675323,4874323
86700000000,87000000000,86723675323,86725076777,1401454
86700000000,87000000000,86725076777,86739609453,14532676
86700000000,87000000000,86739609453,86750986961,11377508
86700000000,87000000000,86750986961,86757999754,7012793
86700000000,87000000000,86757999754,86770717792,12718038
86700000000,87000000000,86770717792,86772689911,1972119
86700000000,87000000000,86772689911,86772689912,1
86700000000,87000000000,86772689912,86772689913,1
86700000000,87000000000,86772689913,86772745442,55529
86700000000,87000000000,86772745442,86780391848,7646406
86700000000,87000000000,86780391848,86783020344,2628496
86700000000,87000000000,86783020344,86783022860,2516
86700000000,87000000000,86783022860,86796063318,13040458
86700000000,87000000000,86796063318,86796065908,2590
86700000000,87000000000,86796065908,86809685407,13619499
86700000000,87000000000,86809685407,86827071553,17386146
86700000000,87000000000,86827071553,86828735718,1664165
86700000000,87000000000,86828735718,86832640313,3904595
86700000000,87000000000,86832640313,86845746077,13105764
86700000000,87000000000,86845746077,86845762376,16299
86700000000,87000000000,86845762376,86847469260,1706884
86700000000,87000000000,86847469260,86847469261,1
86700000000,87000000000,86847469261,86847469262,1
86700000000,87000000000,86847469262,86865496756,18027494
86700000000,87000000000,86865496756,86865515560,18804
86700000000,87000000000,86865515560,86867203850,1688290
86700000000,87000000000,86867203850,86867203851,1
86700000000,87000000000,86867203851,86872533348,5329497
86700000000,87000000000,86872533348,86881256506,8723158
86700000000,87000000000,86881256506,86883125537,1869031
86700000000,87000000000,86883125537,86886456750,3331213
86700000000,87000000000,86886456750,86886456751,1
86700000000,87000000000,86886456751,86899801162,13344411
86700000000,87000000000,86899801162,86901965650,2164488
86700000000,87000000000,86901965650,86903038117,1072467
86700000000,87000000000,86903038117,86910791465,7753348
86700000000,87000000000,86910791465,86928235252,17443787
86700000000,87000000000,86928235252,86965745088,37509836
86700000000,87000000000,86965745088,86965761072,15984
86700000000,87000000000,86965761072,86965763406,2334
86700000000,87000000000,86965763406,86978486788,12723382
86700000000,87000000000,86978486788,86999227326,20740538
87000000000,87300000000,87006815935,87006821054,5119
87000000000,87300000000,87006821054,87008520584,1699530
87000000000,87300000000,87008520584,87008520585,1
87000000000,87300000000,87008520585,87010372537,1851952
87000000000,87300000000,87010372537,87011195548,823011
87000000000,87300000000,87011195548,87011197931,2383
87000000000,87300000000,87011197931,87013963556,2765625
87000000000,87300000000,87013963556,87016364751,2401195
87000000000,87300000000,87016364751,87026877367,10512616
87000000000,87300000000,87026877367,87026905971,28604
87000000000,87300000000,87026905971,87026909293,3322
87000000000,87300000000,87026909293,87026911237,1944
87000000000,87300000000,87026911237,87026913406,2169
87000000000,87300000000,87026913406,87042823093,15909687
87000000000,87300000000,87042823093,87046624244,3801151
87000000000,87300000000,87046624244,87048710169,2085925
87000000000,87300000000,87048710169,87048710170,1
87000000000,87300000000,87048710170,87048710171,1
87000000000,87300000000,87048710171,87054290153,5579982
87000000000,87300000000,87054290153,87059392426,5102273
87000000000,87300000000,87059392426,87059394646,2220
87000000000,87300000000,87059394646,87061515873,2121227
87000000000,87300000000,87061515873,87061527012,11139
87000000000,87300000000,87061527012,87063120776,1593764
87000000000,87300000000,87063120776,87063950975,830199
87000000000,87300000000,87063950975,87064810399,859424
87000000000,87300000000,87064810399,87065623815,813416
87000000000,87300000000,87065623815,87078061177,12437362
87000000000,87300000000,87078061177,87078083612,22435
87000000000,87300000000,87078083612,87078090200,6588
87000000000,87300000000,87078090200,87078093400,3200
87000000000,87300000000,87078093400,87082425256,4331856
87000000000,87300000000,87082425256,87082425257,1
87000000000,87300000000,87082425257,87082426337,1080
87000000000,87300000000,87082426337,87082426338,1
87000000000,87300000000,87082426338,87083337341,911003
87000000000,87300000000,87083337341,87098879389,15542048
87000000000,87300000000,87098879389,87100889845,2010456
87000000000,87300000000,87100889845,87100889846,1
87000000000,87300000000,87100889846,87113147636,12257790
87000000000,87300000000,87113147636,87113151838,4202
87000000000,87300000000,87113151838,87114148159,996321
87000000000,87300000000,87114148159,87114152701,4542
87000000000,87300000000,87114152701,87116425942,2273241
87000000000,87300000000,87116425942,87119281848,2855906
87000000000,87300000000,87119281848,87120480370,1198522
87000000000,87300000000,87120480370,87122994427,2514057
87000000000,87300000000,87122994427,87124192667,1198240
87000000000,87300000000,87124192667,87124212043,19376
87000000000,87300000000,87124212043,87137413431,13201388
87000000000,87300000000,87137413431,87155587752,18174321
87000000000,87300000000,87155587752,87193025774,37438022
87000000000,87300000000,87193025774,87204927849,11902075
87000000000,87300000000,87204927849,87206573033,1645184
87000000000,87300000000,87206573033,87245257403,38684370
87000000000,87300000000,87245257403,87246513562,1256159
87000000000,87300000000,87246513562,87251508768,4995206
87000000000,87300000000,87251508768,87252370122,861354
87000000000,87300000000,87252370122,87252385081,14959
87000000000,87300000000,87252385081,87253155403,770322
87000000000,87300000000,87253155403,87273892125,20736722
87000000000,87300000000,87273892125,87275685589,1793464
87000000000,87300000000,87275685589,87275696352,10763
87000000000,87300000000,87275696352,87275699323,2971
87000000000,87300000000,87275699323,87275701823,2500
87000000000,87300000000,87275701823,87279630134,3928311
87000000000,87300000000,87279630134,87279636722,6588
87300000000,87600000000,87300973964,87309250220,8276256
87300000000,87600000000,87309250220,87312256156,3005936
87300000000,87600000000,87312256156,87321472585,9216429
87300000000,87600000000,87321472585,87321479296,6711
87300000000,87600000000,87321479296,87321485572,6276
87300000000,87600000000,87321485572,87321491833,6261
87300000000,87600000000,87321491833,87321497907,6074
87300000000,87600000000,87321497907,87324416528,2918621
87300000000,87600000000,87324416528,87324416691,163
87300000000,87600000000,87324416691,87324416819,128
87300000000,87600000000,87324416819,87324416820,1
87300000000,87600000000,87324416820,87339637228,15220408
87300000000,87600000000,87339637228,87339645598,8370
87300000000,87600000000,87339645598,87339652037,6439
87300000000,87600000000,87339652037,87341327589,1675552
87300000000,87600000000,87341327589,87342981781,1654192
87300000000,87600000000,87342981781,87343625784,644003
87300000000,87600000000,87343625784,87360315141,16689357
87300000000,87600000000,87360315141,87360325271,10130
87300000000,87600000000,87360325271,87371220623,10895352
87300000000,87600000000,87371220623,87373502030,2281407
87300000000,87600000000,87373502030,87375383111,1881081
87300000000,87600000000,87375383111,87377499646,2116535
87300000000,87600000000,87377499646,87378306697,807051
87300000000,87600000000,87378306697,87380830791,2524094
87300000000,87600000000,87380830791,87419981158,39150367
87300000000,87600000000,87419981158,87419987585,6427
87300000000,87600000000,87419987585,87420843506,855921
87300000000,87600000000,87420843506,87420851389,7883
87300000000,87600000000,87420851389,87427582139,6730750
87300000000,87600000000,87427582139,87436571448,8989309
87300000000,87600000000,87436571448,87443794989,7223541
87300000000,87600000000,87443794989,87443799498,4509
87300000000,87600000000,87443799498,87443802154,2656
87300000000,87600000000,87443802154,87444613880,811726
87300000000,87600000000,87444613880,87463537661,18923781
87300000000,87600000000,87463537661,87463545794,8133
87300000000,87600000000,87463545794,87463550899,5105
87300000000,87600000000,87463550899,87463553363,2464
87300000000,87600000000,87463553363,87468047010,4493647
87300000000,87600000000,87468047010,87468047011,1
87300000000,87600000000,87468047011,87468047012,1
87300000000,87600000000,87468047012,87468047116,104
87300000000,87600000000,87468047116,87468047117,1
87300000000,87600000000,87468047117,87476770592,8723475
87300000000,87600000000,87476770592,87481296471,4525879
87300000000,87600000000,87481296471,87481301975,5504
87300000000,87600000000,87481301975,87481307991,6016
87300000000,87600000000,87481307991,87481315648,7657
87300000000,87600000000,87481315648,87481327596,11948
87300000000,87600000000,87481327596,87481336108,8512
87300000000,87600000000,87481336108,87481338722,2614
87300000000,87600000000,87481338722,87486820247,5481525
87300000000,87600000000,87486820247,87486820248,1
87300000000,87600000000,87486820248,87488683987,1863739
87300000000,87600000000,87488683987,87489547958,863971
87300000000,87600000000,87489547958,87494543242,4995284
87300000000,87600000000,87494543242,87501429456,6886214
87300000000,87600000000,87501429456,87512714444,11284988
87300000000,87600000000,87512714444,87512722303,7859
87300000000,87600000000,87512722303,87512727165,4862
87300000000,87600000000,87512727165,87512735458,8293
87300000000,87600000000,87512735458,87516878690,4143232
87300000000,87600000000,87516878690,87520997953,4119263
87300000000,87600000000,87520997953,87525742291,4744338
87300000000,87600000000,87525742291,87530910644,5168353
87300000000,87600000000,87530910644,87530920325,9681
87300000000,87600000000,87530920325,87530922903,2578
87300000000,87600000000,87530922903,87530929937,7034
87300000000,87600000000,87530929937,87533047580,2117643
87300000000,87600000000,87533047580,87533047581,1
87300000000,87600000000,87533047581,87533047637,56
87300000000,87600000000,87533047637,87533090873,43236
87300000000,87600000000,87533090873,87542584229,9493356
87300000000,87600000000,87542584229,87553233591,10649362
87300000000,87600000000,87553233591,87555322623,2089032
87300000000,87600000000,87555322623,87555322624,1
87300000000,87600000000,87555322624,87572837864,17515240
87300000000,87600000000,87572837864,87572843841,5977
87300000000,87600000000,87572843841,87572851788,7947
87300000000,87600000000,87572851788,87572853456,1668
87300000000,87600000000,87572853456,87574445156,1591700
87300000000,87600000000,87574445156,87574445157,1
87300000000,87600000000,87574445157,87574445158,1
87300000000,87600000000,87574445158,87574445196,38
87300000000,87600000000,87574445196,87574445197,1
87300000000,87600000000,87574445197,87591107285,16662088
87300000000,87600000000,87591107285,87592731993,1624708
87300000000,87600000000,87592731993,87592731994,1
87600000000,87900000000,87603721681,87607236813,3515132
87600000000,87900000000,87607236813,87609270517,2033704
87600000000,87900000000,87609270517,87614667986,5397469
87600000000,87900000000,87614667986,87614692760,24774
87600000000,87900000000,87614692760,87615507139,814379
87600000000,87900000000,87615507139,87617231300,1724161
87600000000,87900000000,87617231300,87618780182,1548882
87600000000,87900000000,87618780182,87620049114,1268932
87600000000,87900000000,87620049114,87624964019,4914905
87600000000,87900000000,87624964019,87633398793,8434774
87600000000,87900000000,87633398793,87634341289,942496
87600000000,87900000000,87634341289,87634346504,5215
87600000000,87900000000,87634346504,87634349339,2835
87600000000,87900000000,87634349339,87634351393,2054
87600000000,87900000000,87634351393,87636218614,1867221
87600000000,87900000000,87636218614,87640834258,4615644
87600000000,87900000000,87640834258,87647276257,6441999
87600000000,87900000000,87647276257,87648993092,1716835
87600000000,87900000000,87648993092,87650872736,1879644
87600000000,87900000000,87650872736,87655141611,4268875
87600000000,87900000000,87655141611,87655160282,18671
87600000000,87900000000,87655160282,87658528713,3368431
87600000000,87900000000,87658528713,87658528714,1
87600000000,87900000000,87658528714,87658528749,35
87600000000,87900000000,87658528749,87658528750,1
87600000000,87900000000,87658528750,87667476564,8947814
87600000000,87900000000,87667476564,87669167602,1691038
87600000000,87900000000,87669167602,87674810521,5642919
87600000000,87900000000,87674810521,87690820024,16009503
87600000000,87900000000,87690820024,87694563332,3743308
87600000000,87900000000,87694563332,87694569633,6301
87600000000,87900000000,87694569633,87696992621,2422988
87600000000,87900000000,87696992621,87696992622,1
87600000000,87900000000,87696992622,87696993698,1076
87600000000,87900000000,87696993698,87696993699,1
87600000000,87900000000,87696993699,87706864913,9871214
87600000000,87900000000,87706864913,87706870985,6072
87600000000,87900000000,87706870985,87706873509,2524
87600000000,87900000000,87706873509,87719568996,12695487
87600000000,87900000000,87719568996,87723084540,3515544
87600000000,87900000000,87723084540,87723087920,3380
87600000000,87900000000,87723087920,87723093630,5710
87600000000,87900000000,87723093630,87723946027,852397
87600000000,87900000000,87723946027,87723956412,10385
87600000000,87900000000,87723956412,87730627646,6671234
87600000000,87900000000,87730627646,87733560815,2933169
87600000000,87900000000,87733560815,87741408244,7847429
87600000000,87900000000,87741408244,87741410457,2213
87600000000,87900000000,87741410457,87749997120,8586663
87600000000,87900000000,87749997120,87760448736,10451616
87600000000,87900000000,87760448736,87760454237,5501
87600000000,87900000000,87760454237,87760456586,2349
87600000000,87900000000,87760456586,87760460160,3574
87600000000,87900000000,87760460160,87762503733,2043573
87600000000,87900000000,87762503733,87762503734,1
87600000000,87900000000,87762503734,87779234551,16730817
87600000000,87900000000,87779234551,87781777778,2543227
87600000000,87900000000,87781777778,87781777779,1
87600000000,87900000000,87781777779,87781799462,21683
87600000000,87900000000,87781799462,87796137280,14337818
87600000000,87900000000,87796137280,87809509806,13372526
87600000000,87900000000,87809509806,87813818846,4309040
87600000000,87900000000,87813818846,87813822519,3673
87600000000,87900000000,87813822519,87831899140,18076621
87600000000,87900000000,87831899140,87833597161,1698021
87600000000,87900000000,87833597161,87833597162,1
87600000000,87900000000,87833597162,87863111513,29514351
87600000000,87900000000,87863111513,87863121485,9972
87600000000,87900000000,87863121485,87866615658,3494173
87600000000,87900000000,87866615658,87883585210,16969552
87600000000,87900000000,87883585210,87883590985,5775
87600000000,87900000000,87883590985,87883594355,3370
87900000000,88200000000,87901014462,87915531862,14517400
87900000000,88200000000,87915531862,87916475164,943302
87900000000,88200000000,87916475164,87930255082,13779918
87900000000,88200000000,87930255082,87930257764,2682
87900000000,88200000000,87930257764,87930260293,2529
87900000000,88200000000,87930260293,87931154560,894267
87900000000,88200000000,87931154560,87949134896,17980336
87900000000,88200000000,87949134896,87949137260,2364
87900000000,88200000000,87949137260,87949139309,2049
87900000000,88200000000,87949139309,87949141256,1947
87900000000,88200000000,87949141256,87950797192,1655936
87900000000,88200000000,87950797192,87950797193,1
87900000000,88200000000,87950797193,87953395360,2598167
87900000000,88200000000,87953395360,87959692296,6296936
87900000000,88200000000,87959692296,87984908875,25216579
87900000000,88200000000,87984908875,87984916097,7222
87900000000,88200000000,87984916097,87995914956,10998859
87900000000,88200000000,87995914956,87996722511,807555
87900000000,88200000000,87996722511,88002685780,5963269
87900000000,88200000000,88002685780,88023113365,20427585
87900000000,88200000000,88023113365,88023121895,8530
87900000000,88200000000,88023121895,88024647490,1525595
87900000000,88200000000,88024647490,88025497574,850084
87900000000,88200000000,88025497574,88030145974,4648400
87900000000,88200000000,88030145974,88030151693,5719
87900000000,88200000000,88030151693,88030156544,4851
87900000000,88200000000,88030156544,88031014935,858391
87900000000,88200000000,88031014935,88031917617,902682
87900000000,88200000000,88031917617,88031917618,1
87900000000,88200000000,88031917618,88031917709,91
87900000000,88200000000,88031917709,88031917710,1
87900000000,88200000000,88031917710,88031917785,75
87900000000,88200000000,88031917785,88031917786,1
87900000000,88200000000,88031917786,88038485728,6567942
87900000000,88200000000,88038485728,88040179757,1694029
87900000000,88200000000,88040179757,88047078903,6899146
87900000000,88200000000,88047078903,88048307731,1228828
87900000000,88200000000,88048307731,88048319883,12152
87900000000,88200000000,88048319883,88048321882,1999
87900000000,88200000000,88048321882,88052168054,3846172
87900000000,88200000000,88052168054,88054732565,2564511
87900000000,88200000000,88054732565,88057667365,2934800
87900000000,88200000000,88057667365,88061169290,3501925
87900000000,88200000000,88061169290,88064445764,3276474
87900000000,88200000000,88064445764,88066364511,1918747
87900000000,88200000000,88066364511,88067619054,1254543
87900000000,88200000000,88067619054,88072448435,4829381
87900000000,88200000000,88072448435,88085303861,12855426
87900000000,88200000000,88085303861,88085309927,6066
87900000000,88200000000,88085309927,88087227853,1917926
87900000000,88200000000,88087227853,88087231568,3715
87900000000,88200000000,88087231568,88089630201,2398633
87900000000,88200000000,88089630201,88089635999,5798
87900000000,88200000000,88089635999,88091469698,1833699
87900000000,88200000000,88091469698,88091473286,3588
87900000000,88200000000,88091473286,88091476120,2834
87900000000,88200000000,88091476120,88101502363,10026243
87900000000,88200000000,88101502363,88101505087,2724
87900000000,88200000000,88101505087,88110069212,8564125
87900000000,88200000000,88110069212,88110071551,2339
87900000000,88200000000,88110071551,88110076049,4498
87900000000,88200000000,88110076049,88126434940,16358891
87900000000,88200000000,88126434940,88129185526,2750586
87900000000,88200000000,88129185526,88129187900,2374
87900000000,88200000000,88129187900,88131675041,2487141
87900000000,88200000000,88131675041,88148040327,16365286
87900000000,88200000000,88148040327,88148071800,31473
87900000000,88200000000,88148071800,88148075157,3357
87900000000,88200000000,88148075157,88148078257,3100
87900000000,88200000000,88148078257,88150796546,2718289
87900000000,88200000000,88150796546,88150796547,1
87900000000,88200000000,88150796547,88150796548,1
87900000000,88200000000,88150796548,88173001222,22204674
87900000000,88200000000,88173001222,88191109639,18108417
87900000000,88200000000,88191109639,88199128600,8018961
88200000000,88500000000,88208460252,88210129356,1669104
88200000000,88500000000,88210129356,88210129357,1
88200000000,88500000000,88210129357,88212202349,2072992
88200000000,88500000000,88212202349,88213090431,888082
88200000000,88500000000,88213090431,88213095556,5125
88200000000,88500000000,88213095556,88213098668,3112
88200000000,88500000000,88213098668,88213105147,6479
88200000000,88500000000,88213105147,88213111034,5887
88200000000,88500000000,88213111034,88224937096,11826062
88200000000,88500000000,88224937096,88227578067,2640971
88200000000,88500000000,88227578067,88227581772,3705
88200000000,88500000000,88227581772,88227584126,2354
88200000000,88500000000,88227584126,88230310962,2726836
88200000000,88500000000,88230310962,88232125564,1814602
88200000000,88500000000,88232125564,88246995454,14869890
88200000000,88500000000,88246995454,88246998980,3526
88200000000,88500000000,88246998980,88247002567,3587
88200000000,88500000000,88247002567,88255568744,8566177
88200000000,88500000000,88255568744,88259551434,3982690
88200000000,88500000000,88259551434,88267555736,8004302
88200000000,88500000000,88267555736,88272138914,4583178
88200000000,88500000000,88272138914,88272145033,6119
88200000000,88500000000,88272145033,88284924772,12779739
88200000000,88500000000,88284924772,88297771678,12846906
88200000000,88500000000,88297771678,88298665067,893389
88200000000,88500000000,88298665067,88315605147,16940080
88200000000,88500000000,88315605147,88317285837,1680690
88200000000,88500000000,88317285837,88317285838,1
88200000000,88500000000,88317285838,88328044493,10758655
88200000000,88500000000,88328044493,88332559281,4514788
88200000000,88500000000,88332559281,88334408352,1849071
88200000000,88500000000,88334408352,88334425551,17199
88200000000,88500000000,88334425551,88336231454,1805903
88200000000,88500000000,88336231454,88336231455,1
88200000000,88500000000,88336231455,88336231536,81
88200000000,88500000000,88336231536,88336231537,1
88200000000,88500000000,88336231537,88352722077,16490540
88200000000,88500000000,88352722077,88352725938,3861
88200000000,88500000000,88352725938,88354902019,2176081
88200000000,88500000000,88354902019,88354902020,1
88200000000,88500000000,88354902020,88370634004,15731984
88200000000,88500000000,88370634004,88371474873,840869
88200000000,88500000000,88371474873,88372262947,788074
88200000000,88500000000,88372262947,88373942831,1679884
88200000000,88500000000,88373942831,88373942832,1
88200000000,88500000000,88373942832,88376034690,2091858
88200000000,88500000000,88376034690,88391304962,15270272
88200000000,88500000000,88391304962,88393305790,2000828
88200000000,88500000000,88393305790,88393305791,1
88200000000,88500000000,88393305791,88411954349,18648558
88200000000,88500000000,88411954349,88411959317,4968
88200000000,88500000000,88411959317,88411963217,3900
88200000000,88500000000,88411963217,88411965106,1889
88200000000,88500000000,88411965106,88411967830,2724
88200000000,88500000000,88411967830,88415821707,3853877
88200000000,88500000000,88415821707,88415821708,1
88200000000,88500000000,88415821708,88425505358,9683650
88200000000,88500000000,88425505358,88432054827,6549469
88200000000,88500000000,88432054827,88435315664,3260837
88200000000,88500000000,88435315664,88444519115,9203451
88200000000,88500000000,88444519115,88448123786,3604671
88200000000,88500000000,88448123786,88449000794,877008
88200000000,88500000000,88449000794,88464876792,15875998
88200000000,88500000000,88464876792,88464894059,17267
88200000000,88500000000,88464894059,88467697216,2803157
88200000000,88500000000,88467697216,88467697217,1
88200000000,88500000000,88467697217,88471823631,4126414
88200000000,88500000000,88471823631,88483565937,11742306
88200000000,88500000000,88483565937,88483573001,7064
88200000000,88500000000,88483573001,88483576287,3286
88200000000,88500000000,88483576287,88483581309,5022
88200000000,88500000000,88483581309,88483583227,1918
88200000000,88500000000,88483583227,88483585164,1937
88200000000,88500000000,88483585164,88485817037,2231873
88200000000,88500000000,88485817037,88485817038,1
88200000000,88500000000,88485817038,88485817106,68
88200000000,88500000000,88485817106,88495916035,10098929
88500000000,88800000000,88501491281,88501499015,7734
88500000000,88800000000,88501499015,88501508594,9579
88500000000,88800000000,88501508594,88506575949,5067355
88500000000,88800000000,88506575949,88506575950,1
88500000000,88800000000,88506575950,88511082861,4506911
88500000000,88800000000,88511082861,88511873713,790852
88500000000,88800000000,88511873713,88513555313,1681600
88500000000,88800000000,88513555313,88532290932,18735619
88500000000,88800000000,88532290932,88534257350,1966418
88500000000,88800000000,88534257350,88534257351,1
88500000000,88800000000,88534257351,88562806146,28548795
88500000000,88800000000,88562806146,88565948147,3142001
88500000000,88800000000,88565948147,88573198066,7249919
88500000000,88800000000,88573198066,88595934207,22736141
88500000000,88800000000,88595934207,88595949234,15027
88500000000,88800000000,88595949234,88599196505,3247271
88500000000,88800000000,88599196505,88599196506,1
88500000000,88800000000,88599196506,88616998136,17801630
88500000000,88800000000,88616998136,88617002144,4008
88500000000,88800000000,88617002144,88617004223,2079
88500000000,88800000000,88617004223,88617015726,11503
88500000000,88800000000,88617015726,88617022619,6893
88500000000,88800000000,88617022619,88617034865,12246
88500000000,88800000000,88617034865,88619973184,2938319
88500000000,88800000000,88619973184,88621728299,1755115
88500000000,88800000000,88621728299,88625848261,4119962
88500000000,88800000000,88625848261,88629707768,3859507
88500000000,88800000000,88629707768,88635824287,6116519
88500000000,88800000000,88635824287,88635847080,22793
88500000000,88800000000,88635847080,88635855051,7971
88500000000,88800000000,88635855051,88635859872,4821
88500000000,88800000000,88635859872,88649560919,13701047
88500000000,88800000000,88649560919,88650996028,1435109
88500000000,88800000000,88650996028,88654092464,3096436
88500000000,88800000000,88654092464,88658754385,4661921
88500000000,88800000000,88658754385,88658763360,8975
88500000000,88800000000,88658763360,88658768910,5550
88500000000,88800000000,88658768910,88660052818,1283908
88500000000,88800000000,88660052818,88671837370,11784552
88500000000,88800000000,88671837370,88679851119,8013749
88500000000,88800000000,88679851119,88679857095,5976
88500000000,88800000000,88679857095,88683107197,3250102
88500000000,88800000000,88683107197,88685442371,2335174
88500000000,88800000000,88685442371,88685442372,1
88500000000,88800000000,88685442372,88685442519,147
88500000000,88800000000,88685442519,88686466099,1023580
88500000000,88800000000,88686466099,88692801066,6334967
88500000000,88800000000,88692801066,88693704445,903379
88500000000,88800000000,88693704445,88693718325,13880
88500000000,88800000000,88693718325,88695040228,1321903
88500000000,88800000000,88695040228,88698147109,3106881
88500000000,88800000000,88698147109,88710759985,12612876
88500000000,88800000000,88710759985,88710766161,6176
88500000000,88800000000,88710766161,88710769609,3448
88500000000,88800000000,88710769609,88729051374,18281765
88500000000,88800000000,88729051374,88730734534,1683160
88500000000,88800000000,88730734534,88732506420,1771886
88500000000,88800000000,88732506420,88732506421,1
88500000000,88800000000,88732506421,88736400198,3893777
88500000000,88800000000,88736400198,88737308332,908134
88500000000,88800000000,88737308332,88743439349,6131017
88500000000,88800000000,88743439349,88745948695,2509346
88500000000,88800000000,88745948695,88760396274,14447579
88500000000,88800000000,88760396274,88760413368,17094
88500000000,88800000000,88760413368,88762001325,1587957
88500000000,88800000000,88762001325,88762001326,1
88500000000,88800000000,88762001326,88778812001,16810675
88500000000,88800000000,88778812001,88778819486,7485
88500000000,88800000000,88778819486,88778822348,2862
88500000000,88800000000,88778822348,88798017953,19195605
88800000000,89100000000,88805626773,88809652011,4025238
88800000000,89100000000,88809652011,88817666014,8014003
88800000000,89100000000,88817666014,88817682200,16186
88800000000,89100000000,88817682200,88820694866,3012666
88800000000,89100000000,88820694866,88836027270,15332404
88800000000,89100000000,88836027270,88836034226,6956
88800000000,89100000000,88836034226,88836036555,2329
88800000000,89100000000,88836036555,88836039302,2747
88800000000,89100000000,88836039302,88836043553,4251
88800000000,89100000000,88836043553,88836047832,4279
88800000000,89100000000,88836047832,88839333767,3285935
88800000000,89100000000,88839333767,88839498923,165156
88800000000,89100000000,88839498923,88854318800,14819877
88800000000,89100000000,88854318800,88854324536,5736
88800000000,89100000000,88854324536,88854327348,2812
88800000000,89100000000,88854327348,88854330119,2771
88800000000,89100000000,88854330119,88857111038,2780919
88800000000,89100000000,88857111038,88859739041,2628003
88800000000,89100000000,88859739041,88877340765,17601724
88800000000,89100000000,88877340765,88879114686,1773921
88800000000,89100000000,88879114686,88890730033,11615347
88800000000,89100000000,88890730033,88894612023,3881990
88800000000,89100000000,88894612023,88897200777,2588754
88800000000,89100000000,88897200777,88897206997,6220
88800000000,89100000000,88897206997,88917162290,19955293
88800000000,89100000000,88917162290,88937080841,19918551
88800000000,89100000000,88937080841,88943203007,6122166
88800000000,89100000000,88943203007,88944911393,1708386
88800000000,89100000000,88944911393,88946730660,1819267
88800000000,89100000000,88946730660,88946730661,1
88800000000,89100000000,88946730661,88956195951,9465290
88800000000,89100000000,88956195951,88964695007,8499056
88800000000,89100000000,88964695007,88966513679,1818672
88800000000,89100000000,88966513679,88966516641,2962
88800000000,89100000000,88966516641,88968380372,1863731
88800000000,89100000000,88968380372,88968380373,1
88800000000,89100000000,88968380373,88973096007,4715634
88800000000,89100000000,88973096007,88984679243,11583236
88800000000,89100000000,88984679243,88987021884,2342641
88800000000,89100000000,88987021884,88987021885,1
88800000000,89100000000,88987021885,88987062246,40361
88800000000,89100000000,88987062246,89004906446,17844200
88800000000,89100000000,89004906446,89004914043,7597
88800000000,89100000000,89004914043,89006745172,1831129
88800000000,89100000000,89006745172,89006745173,1
88800000000,89100000000,89006745173,89034373243,27628070
88800000000,89100000000,89034373243,89034383526,10283
88800000000,89100000000,89034383526,89037228868,2845342
88800000000,89100000000,89037228868,89067976963,30748095
88800000000,89100000000,89067976963,89067981931,4968
88800000000,89100000000,89067981931,89075341860,7359929
88800000000,89100000000,89075341860,89085684564,10342704
88800000000,89100000000,89085684564,89085687397,2833
88800000000,89100000000,89085687397,89085709027,21630
88800000000,89100000000,89085709027,89092683424,6974397
88800000000,89100000000,89092683424,89095532229,2848805
88800000000,89100000000,89095532229,89099616681,4084452
89100000000,89400000000,89101977079,89105789028,3811949
89100000000,89400000000,89105789028,89107640468,1851440
89100000000,89400000000,89107640468,89128875164,21234696
89100000000,89400000000,89128875164,89134993692,6118528
89100000000,89400000000,89134993692,89149787083,14793391
89100000000,89400000000,89149787083,89149805206,18123
89100000000,89400000000,89149805206,89152519325,2714119
89100000000,89400000000,89152519325,89152519326,1
89100000000,89400000000,89152519326,89152520456,1130
89100000000,89400000000,89152520456,89153541025,1020569
89100000000,89400000000,89153541025,89163030731,9489706
89100000000,89400000000,89163030731,89163043312,12581
89100000000,89400000000,89163043312,89163900422,857110
89100000000,89400000000,89163900422,89163940419,39997
89100000000,89400000000,89163940419,89168151395,4210976
89100000000,89400000000,89168151395,89171019430,2868035
89100000000,89400000000,89171019430,89172873295,1853865
89100000000,89400000000,89172873295,89172873296,1
89100000000,89400000000,89172873296,89185009869,12136573
89100000000,89400000000,89185009869,89190376601,5366732
89100000000,89400000000,89190376601,89191409309,1032708
89100000000,89400000000,89191409309,89192407942,998633
89100000000,89400000000,89192407942,89193608202,1200260
89100000000,89400000000,89193608202,89219849229,26241027
89100000000,89400000000,89219849229,89220788585,939356
89100000000,89400000000,89220788585,89223350600,2562015
89100000000,89400000000,89223350600,89225320897,1970297
89100000000,89400000000,89225320897,89225320898,1
89100000000,89400000000,89225320898,89225320899,1
89100000000,89400000000,89225320899,89243375721,18054822
89100000000,89400000000,89243375721,89243389263,13542
89100000000,89400000000,89243389263,89282179630,38790367
89100000000,89400000000,89282179630,89282181757,2127
89100000000,89400000000,89282181757,89325324190,43142433
89100000000,89400000000,89325324190,89352385980,27061790
89400000000,89700000000,89406832798,89406842773,9975
89400000000,89700000000,89406842773,89408459139,1616366
89400000000,89700000000,89408459139,89408459140,1
89400000000,89700000000,89408459140,89411850136,3390996
89400000000,89700000000,89411850136,89411853128,2992
89400000000,89700000000,89411853128,89413585192,1732064
89400000000,89700000000,89413585192,89413613327,28135
89400000000,89700000000,89413613327,89418069765,4456438
89400000000,89700000000,89418069765,89418075345,5580
89400000000,89700000000,89418075345,89420846756,2771411
89400000000,89700000000,89420846756,89424928210,4081454
89400000000,89700000000,89424928210,89424931319,3109
89400000000,89700000000,89424931319,89424933882,2563
89400000000,89700000000,89424933882,89424937592,3710
89400000000,89700000000,89424937592,89436205329,11267737
89400000000,89700000000,89436205329,89436208469,3140
89400000000,89700000000,89436208469,89444426291,8217822
89400000000,89700000000,89444426291,89444435938,9647
89400000000,89700000000,89444435938,89446255034,1819096
89400000000,89700000000,89446255034,89460868558,14613524
89400000000,89700000000,89460868558,89460879332,10774
89400000000,89700000000,89460879332,89460882049,2717
89400000000,89700000000,89460882049,89474352304,13470255
89400000000,89700000000,89474352304,89480176386,5824082
89400000000,89700000000,89480176386,89510016057,29839671
89400000000,89700000000,89510016057,89514636338,4620281
89400000000,89700000000,89514636338,89520315372,5679034
89400000000,89700000000,89520315372,89523928835,3613463
89400000000,89700000000,89523928835,89534884261,10955426
89400000000,89700000000,89534884261,89534887800,3539
89400000000,89700000000,89534887800,89562281079,27393279
89400000000,89700000000,89562281079,89576866512,14585433
89400000000,89700000000,89576866512,89588158896,11292384
89400000000,89700000000,89588158896,89588161212,2316
89400000000,89700000000,89588161212,89590145566,1984354
89400000000,89700000000,89590145566,89591076248,930682
89400000000,89700000000,89591076248,89602775740,11699492
89400000000,89700000000,89602775740,89634331926,31556186
89400000000,89700000000,89634331926,89642703949,8372023
89400000000,89700000000,89642703949,89642709023,5074
89400000000,89700000000,89642709023,89643566638,857615
89400000000,89700000000,89643566638,89643573213,6575
89400000000,89700000000,89643573213,89646590618,3017405
89400000000,89700000000,89646590618,89671538895,24948277
89400000000,89700000000,89671538895,89671541734,2839
89400000000,89700000000,89671541734,89671544057,2323
89400000000,89700000000,89671544057,89687079370,15535313
89400000000,89700000000,89687079370,89690613409,3534039
89400000000,89700000000,89690613409,89692230901,1617492
89400000000,89700000000,89692230901,89692233377,2476
89400000000,89700000000,89692233377,89692250092,16715
89400000000,89700000000,89692250092,89695126527,2876435
89400000000,89700000000,89695126527,89695126528,1
89400000000,89700000000,89695126528,89695127615,1087
89400000000,89700000000,89695127615,89695127616,1
89700000000,90000000000,89702177640,89706194823,4017183
89700000000,90000000000,89706194823,89708589321,2394498
89700000000,90000000000,89708589321,89708594587,5266
89700000000,90000000000,89708594587,89709854291,1259704
89700000000,90000000000,89709854291,89716041724,6187433
89700000000,90000000000,89716041724,89730475662,14433938
89700000000,90000000000,89730475662,89730478343,2681
89700000000,90000000000,89730478343,89730480894,2551
89700000000,90000000000,89730480894,89730484940,4046
89700000000,90000000000,89730484940,89730487413,2473
89700000000,90000000000,89730487413,89730489384,1971
89700000000,90000000000,89730489384,89735046619,4557235
89700000000,90000000000,89735046619,89745283274,10236655
89700000000,90000000000,89745283274,89752060301,6777027
89700000000,90000000000,89752060301,89752065539,5238
89700000000,90000000000,89752065539,89774207982,22142443
89700000000,90000000000,89774207982,89781329564,7121582
89700000000,90000000000,89781329564,89785046542,3716978
89700000000,90000000000,89785046542,89785058524,11982
89700000000,90000000000,89785058524,89787072009,2013485
89700000000,90000000000,89787072009,89787072010,1
89700000000,90000000000,89787072010,89802433569,15361559
89700000000,90000000000,89802433569,89804326724,1893155
89700000000,90000000000,89804326724,89804346549,19825
89700000000,90000000000,89804346549,89804364540,17991
89700000000,90000000000,89804364540,89808239587,3875047
89700000000,90000000000,89808239587,89808239588,1
89700000000,90000000000,89808239588,89808240690,1102
89700000000,90000000000,89808240690,89808240691,1
89700000000,90000000000,89808240691,89808241782,1091
89700000000,90000000000,89808241782,89808241783,1
89700000000,90000000000,89808241783,89820892395,12650612
89700000000,90000000000,89820892395,89825099276,4206881
89700000000,90000000000,89825099276,89828282002,3182726
89700000000,90000000000,89828282002,89849952517,21670515
89700000000,90000000000,89849952517,89850009027,56510
89700000000,90000000000,89850009027,89854062755,4053728
89700000000,90000000000,89854062755,89854062756,1
89700000000,90000000000,89854062756,89864464533,10401777
89700000000,90000000000,89864464533,89875694453,11229920
89700000000,90000000000,89875694453,89875698318,3865
89700000000,90000000000,89875698318,89877875765,2177447
89700000000,90000000000,89877875765,89877875800,35
89700000000,90000000000,89877875800,89877875801,1
89700000000,90000000000,89877875801,89891428268,13552467
89700000000,90000000000,89891428268,89891437142,8874
89700000000,90000000000,89891437142,89894948080,3510938
89700000000,90000000000,89894948080,89894954423,6343
89700000000,90000000000,89894954423,89894957208,2785
89700000000,90000000000,89894957208,89894960057,2849
89700000000,90000000000,89894960057,89894961887,1830
89700000000,90000000000,89894961887,89894964047,2160
89700000000,90000000000,89894964047,89894967057,3010
89700000000,90000000000,89894967057,89898457213,3490156
89700000000,90000000000,89898457213,89911173858,12716645
89700000000,90000000000,89911173858,89914372602,3198744
89700000000,90000000000,89914372602,89916306462,1933860
89700000000,90000000000,89916306462,89916306463,1
89700000000,90000000000,89916306463,89935168799,18862336
89700000000,90000000000,89935168799,89937231725,2062926
89700000000,90000000000,89937231725,89941057271,3825546
89700000000,90000000000,89941057271,89946375730,5318459
89700000000,90000000000,89946375730,89968040141,21664411
89700000000,90000000000,89968040141,89991739290,23699149
90000000000,90300000000,90010126133,90010131180,5047
90000000000,90300000000,90010131180,90011891751,1760571
90000000000,90300000000,90011891751,90011933720,41969
90000000000,90300000000,90011933720,90011954980,21260
90000000000,90300000000,90011954980,90012889465,934485
90000000000,90300000000,90012889465,90019875997,6986532
90000000000,90300000000,90019875997,90029146144,9270147
90000000000,90300000000,90029146144,90029155325,9181
90000000000,90300000000,90029155325,90029158257,2932
90000000000,90300000000,90029158257,90041438757,12280500
90000000000,90300000000,90041438757,90043550081,2111324
90000000000,90300000000,90043550081,90048155205,4605124
90000000000,90300000000,90048155205,90063846255,15691050
90000000000,90300000000,90063846255,90094470965,30624710
90000000000,90300000000,90094470965,90094476617,5652
90000000000,90300000000,90094476617,90111122637,16646020
90000000000,90300000000,90111122637,90111964075,841438
90000000000,90300000000,90111964075,90111980293,16218
90000000000,90300000000,90111980293,90119236019,7255726
90000000000,90300000000,90119236019,90127087762,7851743
90000000000,90300000000,90127087762,90131499054,4411292
90000000000,90300000000,90131499054,90132363318,864264
90000000000,90300000000,90132363318,90132369324,6006
90000000000,90300000000,90132369324,90133245381,876057
90000000000,90300000000,90133245381,90133266357,20976
90000000000,90300000000,90133266357,90140039472,6773115
90000000000,90300000000,90140039472,90149971732,9932260
90000000000,90300000000,90149971732,90149974955,3223
90000000000,90300000000,90149974955,90149978098,3143
90000000000,90300000000,90149978098,90150884521,906423
90000000000,90300000000,90150884521,90154397330,3512809
90000000000,90300000000,90154397330,90155388716,991386
90000000000,90300000000,90155388716,90163594348,8205632
90000000000,90300000000,90163594348,90167977415,4383067
90000000000,90300000000,90167977415,90172483978,4506563
90000000000,90300000000,90172483978,90181612174,9128196
90000000000,90300000000,90181612174,90185381628,3769454
90000000000,90300000000,90185381628,90185381629,1
90000000000,90300000000,90185381629,90188128215,2746586
90000000000,90300000000,90188128215,90199287045,11158830
90000000000,90300000000,90199287045,90199289381,2336
90000000000,90300000000,90199289381,90201310414,2021033
90000000000,90300000000,90201310414,90209947269,8636855
90000000000,90300000000,90209947269,90217394744,7447475
90000000000,90300000000,90217394744,90234306806,16912062
90000000000,90300000000,90234306806,90235921545,1614739
90000000000,90300000000,90235921545,90235921546,1
90000000000,90300000000,90235921546,90235921547,1
90000000000,90300000000,90235921547,90241785885,5864338
90000000000,90300000000,90241785885,90259214723,17428838
90000000000,90300000000,90259214723,90276741690,17526967
90000000000,90300000000,90276741690,90276752182,10492
90000000000,90300000000,90276752182,90276757084,4902
90000000000,90300000000,90276757084,90280380033,3622949
90000000000,90300000000,90280380033,90280380072,39
90000000000,90300000000,90280380072,90280380128,56
90000000000,90300000000,90280380128,90281181375,801247
90000000000,90300000000,90281181375,90281934919,753544
90000000000,90300000000,90281934919,90286316899,4381980
90000000000,90300000000,90286316899,90290976787,4659888
90000000000,90300000000,90290976787,90294527275,3550488
90300000000,90600000000,90313903077,90315536638,1633561
90300000000,90600000000,90315536638,90328631992,13095354
90300000000,90600000000,90328631992,90330330910,1698918
90300000000,90600000000,90330330910,90330330911,1
90300000000,90600000000,90330330911,90330330912,1
90300000000,90600000000,90330330912,90337004961,6674049
90300000000,90600000000,90337004961,90355713045,18708084
90300000000,90600000000,90355713045,90355722163,9118
90300000000,90600000000,90355722163,90355724671,2508
90300000000,90600000000,90355724671,90355726547,1876
90300000000,90600000000,90355726547,90361577143,5850596
90300000000,90600000000,90361577143,90373381694,11804551
90300000000,90600000000,90373381694,90377136362,3754668
90300000000,90600000000,90377136362,90378864124,1727762
90300000000,90600000000,90378864124,90380546396,1682272
90300000000,90600000000,90380546396,90380546397,1
90300000000,90600000000,90380546397,90397264572,16718175
90300000000,90600000000,90397264572,90410823924,13559352
90300000000,90600000000,90410823924,90413876619,3052695
90300000000,90600000000,90413876619,90413891420,14801
90300000000,90600000000,90413891420,90413894032,2612
90300000000,90600000000,90413894032,90415632125,1738093
90300000000,90600000000,90415632125,90415632126,1
90300000000,90600000000,90415632126,90415632127,1
90300000000,90600000000,90415632127,90428459741,12827614
90300000000,90600000000,90428459741,90429394664,934923
90300000000,90600000000,90429394664,90449474635,20079971
90300000000,90600000000,90449474635,90449481598,6963
90300000000,90600000000,90449481598,90449484260,2662
90300000000,90600000000,90449484260,90456186401,6702141
90300000000,90600000000,90456186401,90462122690,5936289
90300000000,90600000000,90462122690,90491806922,29684232
90300000000,90600000000,90491806922,90491812296,5374
90300000000,90600000000,90491812296,90491815213,2917
90300000000,90600000000,90491815213,90491820187,4974
90300000000,90600000000,90491820187,90493490850,1670663
90300000000,90600000000,90493490850,90494287983,797133
90300000000,90600000000,90494287983,90502546615,8258632
90300000000,90600000000,90502546615,90504919908,2373293
90300000000,90600000000,90504919908,90504922225,2317
90300000000,90600000000,90504922225,90504925096,2871
90300000000,90600000000,90504925096,90505671061,745965
90300000000,90600000000,90505671061,90509216765,3545704
90300000000,90600000000,90509216765,90511301724,2084959
90300000000,90600000000,90511301724,90523576945,12275221
90300000000,90600000000,90523576945,90523606869,29924
90300000000,90600000000,90523606869,90540073929,16467060
90300000000,90600000000,90540073929,90543435174,3361245
90300000000,90600000000,90543435174,90543446495,11321
90300000000,90600000000,90543446495,90545275531,1829036
90300000000,90600000000,90545275531,90545275532,1
90300000000,90600000000,90545275532,90545277657,2125
90300000000,90600000000,90545277657,90545277658,1
90300000000,90600000000,90545277658,90568681316,23403658
90300000000,90600000000,90568681316,90568714302,32986
90300000000,90600000000,90568714302,90570693808,1979506
90300000000,90600000000,90570693808,90570693809,1
90300000000,90600000000,90570693809,90588017447,17323638
90300000000,90600000000,90588017447,90591911148,3893701
90300000000,90600000000,90591911148,90591911149,1
90600000000,90900000000,90606668167,90611811689,5143522
90600000000,90900000000,90611811689,90611814913,3224
90600000000,90900000000,90611814913,90611817648,2735
90600000000,90900000000,90611817648,90611819936,2288
90600000000,90900000000,90611819936,90611821858,1922
90600000000,90900000000,90611821858,90611826555,4697
90600000000,90900000000,90611826555,90611829695,3140
90600000000,90900000000,90611829695,90613528238,1698543
90600000000,90900000000,90613528238,90613533431,5193
90600000000,90900000000,90613533431,90616840728,3307297
90600000000,90900000000,90616840728,90618258425,1417697
90600000000,90900000000,90618258425,90618262718,4293
90600000000,90900000000,90618262718,90638286685,20023967
90600000000,90900000000,90638286685,90638292746,6061
90600000000,90900000000,90638292746,90638295610,2864
90600000000,90900000000,90638295610,90638297961,2351
90600000000,90900000000,90638297961,90638300490,2529
90600000000,90900000000,90638300490,90638302631,2141
90600000000,90900000000,90638302631,90638306641,4010
90600000000,90900000000,90638306641,90638314279,7638
90600000000,90900000000,90638314279,90642167361,3853082
90600000000,90900000000,90642167361,90651238421,9071060
90600000000,90900000000,90651238421,90656569729,5331308
90600000000,90900000000,90656569729,90660241369,3671640
90600000000,90900000000,90660241369,90667674077,7432708
90600000000,90900000000,90667674077,90678073353,10399276
90600000000,90900000000,90678073353,90698437388,20364035
90600000000,90900000000,90698437388,90698447809,10421
90600000000,90900000000,90698447809,90700589327,2141518
90600000000,90900000000,90700589327,90700589328,1
90600000000,90900000000,90700589328,90700589329,1
90600000000,90900000000,90700589329,90711808957,11219628
90600000000,90900000000,90711808957,90729915253,18106296
90600000000,90900000000,90729915253,90729918617,3364
90600000000,90900000000,90729918617,90731796225,1877608
90600000000,90900000000,90731796225,90731796226,1
90600000000,90900000000,90731796226,90731796227,1
90600000000,90900000000,90731796227,90738194679,6398452
90600000000,90900000000,90738194679,90751952151,13757472
90600000000,90900000000,90751952151,90751956926,4775
90600000000,90900000000,90751956926,90764549574,12592648
90600000000,90900000000,90764549574,90773302071,8752497
90600000000,90900000000,90773302071,90798208127,24906056
90600000000,90900000000,90798208127,90799949633,1741506
90600000000,90900000000,90799949633,90799949634,1
90600000000,90900000000,90799949634,90799949635,1
90600000000,90900000000,90799949635,90836048370,36098735
90600000000,90900000000,90836048370,90850358912,14310542
90600000000,90900000000,90850358912,90852478343,2119431
90600000000,90900000000,90852478343,90853351201,872858
90600000000,90900000000,90853351201,90853363117,11916
90600000000,90900000000,90853363117,90854272756,909639
90600000000,90900000000,90854272756,90864868880,10596124
90600000000,90900000000,90864868880,90875469789,10600909
90600000000,90900000000,90875469789,90878138862,2669073
90600000000,90900000000,90878138862,90879611066,1472204
90600000000,90900000000,90879611066,90879843367,232301
90600000000,90900000000,90879843367,90879845905,2538
90600000000,90900000000,90879845905,90879848923,3018
90600000000,90900000000,90879848923,90879851533,2610
90600000000,90900000000,90879851533,90879862846,11313
90600000000,90900000000,90879862846,90879865130,2284
90600000000,90900000000,90879865130,90881891259,2026129
90600000000,90900000000,90881891259,90881927842,36583
90600000000,90900000000,90881927842,90883363730,1435888
90600000000,90900000000,90883363730,90883363731,1
90600000000,90900000000,90883363731,90883363732,1
90600000000,90900000000,90883363732,90886671043,3307311
90600000000,90900000000,90886671043,90888475068,1804025
90600000000,90900000000,90888475068,90895376983,6901915
90600000000,90900000000,90895376983,90897988214,2611231
90600000000,90900000000,90897988214,90899940794,1952580
90900000000,91200000000,90901645241,90916622550,14977309
90900000000,91200000000,90916622550,90919477466,2854916
90900000000,91200000000,90919477466,90919483173,5707
90900000000,91200000000,90919483173,90921028830,1545657
90900000000,91200000000,90921028830,90921028831,1
90900000000,91200000000,90921028831,90937391870,16363039
90900000000,91200000000,90937391870,90941288423,3896553
90900000000,91200000000,90941288423,90941291437,3014
90900000000,91200000000,90941291437,90941296693,5256
90900000000,91200000000,90941296693,90941304071,7378
90900000000,91200000000,90941304071,90941308987,4916
90900000000,91200000000,90941308987,90942789561,1480574
90900000000,91200000000,90942789561,90942789562,1
90900000000,91200000000,90942789562,90942789611,49
90900000000,91200000000,90942789611,90945173812,2384201
90900000000,91200000000,90945173812,90950546315,5372503
90900000000,91200000000,90950546315,90953280575,2734260
90900000000,91200000000,90953280575,90953597219,316644
90900000000,91200000000,90953597219,90953610459,13240
90900000000,91200000000,90953610459,90953621551,11092
90900000000,91200000000,90953621551,90957404506,3782955
90900000000,91200000000,90957404506,90987390615,29986109
90900000000,91200000000,90987390615,90988694750,1304135
90900000000,91200000000,90988694750,90989804490,1109740
90900000000,91200000000,90989804490,90989940622,136132
90900000000,91200000000,90989940622,90991007852,1067230
90900000000,91200000000,90991007852,90992133820,1125968
90900000000,91200000000,90992133820,90993135562,1001742
90900000000,91200000000,90993135562,90994318327,1182765
90900000000,91200000000,90994318327,90995967475,1649148
90900000000,91200000000,90995967475,90996977518,1010043
90900000000,91200000000,90996977518,91000101702,3124184
90900000000,91200000000,91000101702,91001147208,1045506
90900000000,91200000000,91001147208,91002199227,1052019
90900000000,91200000000,91002199227,91003604840,1405613
90900000000,91200000000,91003604840,91004519647,914807
90900000000,91200000000,91004519647,91005599221,1079574
90900000000,91200000000,91005599221,91006934951,1335730
90900000000,91200000000,91006934951,91008024614,1089663
90900000000,91200000000,91008024614,91008921290,896676
90900000000,91200000000,91008921290,91009881080,959790
90900000000,91200000000,91009881080,91010865664,984584
90900000000,91200000000,91010865664,91010873954,8290
90900000000,91200000000,91010873954,91011972970,1099016
90900000000,91200000000,91011972970,91013750148,1777178
90900000000,91200000000,91013750148,91016703538,2953390
90900000000,91200000000,91016703538,91022818484,6114946
90900000000,91200000000,91022818484,91022825193,6709
90900000000,91200000000,91022825193,91022844196,19003
90900000000,91200000000,91022844196,91025668075,2823879
90900000000,91200000000,91025668075,91025668076,1
90900000000,91200000000,91025668076,91030607636,4939560
90900000000,91200000000,91030607636,91071016522,40408886
90900000000,91200000000,91071016522,91071027366,10844
90900000000,91200000000,91071027366,91071029486,2120
90900000000,91200000000,91071029486,91071032094,2608
90900000000,91200000000,91071032094,91073782041,2749947
90900000000,91200000000,91073782041,91077634929,3852888
90900000000,91200000000,91077634929,91089889726,12254797
90900000000,91200000000,91089889726,91098419966,8530240
90900000000,91200000000,91098419966,91107688548,9268582
90900000000,91200000000,91107688548,91107694667,6119
90900000000,91200000000,91107694667,91107697214,2547
90900000000,91200000000,91107697214,91109674015,1976801
90900000000,91200000000,91109674015,91109674016,1
90900000000,91200000000,91109674016,91113992584,4318568
90900000000,91200000000,91113992584,91134329962,20337378
90900000000,91200000000,91134329962,91143418146,9088184
90900000000,91200000000,91143418146,91148676664,5258518
90900000000,91200000000,91148676664,91158790371,10113707
90900000000,91200000000,91158790371,91158795538,5167
90900000000,91200000000,91158795538,91158797904,2366
90900000000,91200000000,91158797904,91169317050,10519146
91200000000,91500000000,91212032455,91213664044,1631589
91200000000,91500000000,91213664044,91213687038,22994
91200000000,91500000000,91213687038,91214481260,794222
91200000000,91500000000,91214481260,91215237546,756286
91200000000,91500000000,91215237546,91215237547,1
91200000000,91500000000,91215237547,91215237582,35
91200000000,91500000000,91215237582,91215237583,1
91200000000,91500000000,91215237583,91215280824,43241
91200000000,91500000000,91215280824,91216179257,898433
91200000000,91500000000,91216179257,91216194788,15531
91200000000,91500000000,91216194788,91217055374,860586
91200000000,91500000000,91217055374,91217082719,27345
91200000000,91500000000,91217082719,91228981246,11898527
91200000000,91500000000,91228981246,91231669587,2688341
91200000000,91500000000,91231669587,91231677758,8171
91200000000,91500000000,91231677758,91231679991,2233
91200000000,91500000000,91231679991,91231683941,3950
91200000000,91500000000,91231683941,91231687217,3276
91200000000,91500000000,91231687217,91231689948,2731
91200000000,91500000000,91231689948,91231694517,4569
91200000000,91500000000,91231694517,91234260872,2566355
91200000000,91500000000,91234260872,91234260897,25
91200000000,91500000000,91234260897,91235194137,933240
91200000000,91500000000,91235194137,91238807251,3613114
91200000000,91500000000,91238807251,91240895865,2088614
91200000000,91500000000,91240895865,91243613527,2717662
91200000000,91500000000,91243613527,91247364642,3751115
91200000000,91500000000,91247364642,91252633183,5268541
91200000000,91500000000,91252633183,91252636436,3253
91200000000,91500000000,91252636436,91252639400,2964
91200000000,91500000000,91252639400,91271094459,18455059
91200000000,91500000000,91271094459,91271102261,7802
91200000000,91500000000,91271102261,91280563387,9461126
91200000000,91500000000,91280563387,91301737146,21173759
91200000000,91500000000,91301737146,91303621366,1884220
91200000000,91500000000,91303621366,91303621367,1
91200000000,91500000000,91303621367,91303772262,150895
91200000000,91500000000,91303772262,91304673622,901360
91200000000,91500000000,91304673622,91326335238,21661616
91200000000,91500000000,91326335238,91329262259,2927021
91200000000,91500000000,91329262259,91331025591,1763332
91200000000,91500000000,91331025591,91334481704,3456113
91200000000,91500000000,91334481704,91338631450,4149746
91200000000,91500000000,91338631450,91339828362,1196912
91200000000,91500000000,91339828362,91339974328,145966
91200000000,91500000000,91339974328,91340761165,786837
91200000000,91500000000,91340761165,91351491160,10729995
91200000000,91500000000,91351491160,91351503060,11900
91200000000,91500000000,91351503060,91351517180,14120
91200000000,91500000000,91351517180,91351519228,2048
91200000000,91500000000,91351519228,91351531649,12421
91200000000,91500000000,91351531649,91351539586,7937
91200000000,91500000000,91351539586,91361806311,10266725
91200000000,91500000000,91361806311,91374322737,12516426
91200000000,91500000000,91374322737,91374328034,5297
91200000000,91500000000,91374328034,91383706378,9378344
91200000000,91500000000,91383706378,91384494535,788157
91200000000,91500000000,91384494535,91384499567,5032
91200000000,91500000000,91384499567,91399449088,14949521
91200000000,91500000000,91399449088,91401217541,1768453
91200000000,91500000000,91401217541,91402249868,1032327
91200000000,91500000000,91402249868,91403121133,871265
91200000000,91500000000,91403121133,91408946516,5825383
91200000000,91500000000,91408946516,91408953372,6856
91200000000,91500000000,91408953372,91408956017,2645
91200000000,91500000000,91408956017,91426977741,18021724
91200000000,91500000000,91426977741,91428945913,1968172
91200000000,91500000000,91428945913,91428945914,1
91200000000,91500000000,91428945914,91428945915,1
91200000000,91500000000,91428945915,91457043240,28097325
91200000000,91500000000,91457043240,91458713011,1669771
91200000000,91500000000,91458713011,91463123694,4410683
91200000000,91500000000,91463123694,91470164751,7041057
91200000000,91500000000,91470164751,91476455299,6290548
91200000000,91500000000,91476455299,91476504657,49358
91200000000,91500000000,91476504657,91488992081,12487424
91200000000,91500000000,91488992081,91492613068,3620987
91500000000,91800000000,91509670720,91518294677,8623957
91500000000,91800000000,91518294677,91520219465,1924788
91500000000,91800000000,91520219465,91521680047,1460582
91500000000,91800000000,91521680047,91524970239,3290192
91500000000,91800000000,91524970239,91531228058,6257819
91500000000,91800000000,91531228058,91533639704,2411646
91500000000,91800000000,91533639704,91533642707,3003
91500000000,91800000000,91533642707,91541558084,7915377
91500000000,91800000000,91541558084,91552752992,11194908
91500000000,91800000000,91552752992,91552759161,6169
91500000000,91800000000,91552759161,91552763192,4031
91500000000,91800000000,91552763192,91552765066,1874
91500000000,91800000000,91552765066,91552771412,6346
91500000000,91800000000,91552771412,91552773298,1886
91500000000,91800000000,91552773298,91555096023,2322725
91500000000,91800000000,91555096023,91555096024,1
91500000000,91800000000,91555096024,91555096025,1
91500000000,91800000000,91555096025,91555126888,30863
91500000000,91800000000,91555126888,91559988258,4861370
91500000000,91800000000,91559988258,91566563295,6575037
91500000000,91800000000,91566563295,91568565769,2002474
91500000000,91800000000,91568565769,91574333283,5767514
91500000000,91800000000,91574333283,91597704491,23371208
91500000000,91800000000,91597704491,91598588449,883958
91500000000,91800000000,91598588449,91599775328,1186879
91500000000,91800000000,91599775328,91600688522,913194
91500000000,91800000000,91600688522,91600688523,1
91500000000,91800000000,91600688523,91600688524,1
91500000000,91800000000,91600688524,91621691185,21002661
91500000000,91800000000,91621691185,91622536187,845002
91500000000,91800000000,91622536187,91622541179,4992
91500000000,91800000000,91622541179,91623580565,1039386
91500000000,91800000000,91623580565,91626011247,2430682
91500000000,91800000000,91626011247,91632063453,6052206
91500000000,91800000000,91632063453,91632931443,867990
91500000000,91800000000,91632931443,91632936543,5100
91500000000,91800000000,91632936543,91632944013,7470
91500000000,91800000000,91632944013,91635364984,2420971
91500000000,91800000000,91635364984,91635364985,1
91500000000,91800000000,91635364985,91635365054,69
91500000000,91800000000,91635365054,91635365055,1
91500000000,91800000000,91635365055,91636151420,786365
91500000000,91800000000,91636151420,91636183399,31979
91500000000,91800000000,91636183399,91648258245,12074846
91500000000,91800000000,91648258245,91655221315,6963070
91500000000,91800000000,91655221315,91655226486,5171
91500000000,91800000000,91655226486,91655232088,5602
91500000000,91800000000,91655232088,91658606380,3374292
91500000000,91800000000,91658606380,91658606491,111
91500000000,91800000000,91658606491,91658606576,85
91500000000,91800000000,91658606576,91659643715,1037139
91500000000,91800000000,91659643715,91667846214,8202499
91500000000,91800000000,91667846214,91673237106,5390892
91500000000,91800000000,91673237106,91674353063,1115957
91500000000,91800000000,91674353063,91674375905,22842
91500000000,91800000000,91674375905,91674415404,39499
91500000000,91800000000,91674415404,91675364148,948744
91500000000,91800000000,91675364148,91677282085,1917937
91500000000,91800000000,91677282085,91680759041,3476956
91500000000,91800000000,91680759041,91680759042,1
91500000000,91800000000,91680759042,91680759043,1
91500000000,91800000000,91680759043,91680808696,49653
91500000000,91800000000,91680808696,91680808697,1
91500000000,91800000000,91680808697,91695910734,15102037
91500000000,91800000000,91695910734,91695924472,13738
91500000000,91800000000,91695924472,91695936559,12087
91500000000,91800000000,91695936559,91698789658,2853099
91500000000,91800000000,91698789658,91698789659,1
91500000000,91800000000,91698789659,91698789689,30
91500000000,91800000000,91698789689,91698789690,1
91500000000,91800000000,91698789690,91698789691,1
91500000000,91800000000,91698789691,91698849251,59560
91500000000,91800000000,91698849251,91699796734,947483
91500000000,91800000000,91699796734,91700754885,958151
91500000000,91800000000,91700754885,91704921055,4166170
91500000000,91800000000,91704921055,91704928636,7581
91500000000,91800000000,91704928636,91708175803,3247167
91500000000,91800000000,91708175803,91708175823,20
91500000000,91800000000,91708175823,91709208811,1032988
91500000000,91800000000,91709208811,91709212330,3519
91500000000,91800000000,91709212330,91711183137,1970807
91500000000,91800000000,91711183137,91719634298,8451161
91500000000,91800000000,91719634298,91736361957,16727659
91500000000,91800000000,91736361957,91741793434,5431477
91500000000,91800000000,91741793434,91772254761,30461327
91500000000,91800000000,91772254761,91772259643,4882
91500000000,91800000000,91772259643,91797736385,25476742
91800000000,92100000000,91808804240,91808988823,184583
91800000000,92100000000,91808988823,91808993545,4722
91800000000,92100000000,91808993545,91808998223,4678
91800000000,92100000000,91808998223,91809771427,773204
91800000000,92100000000,91809771427,91809777602,6175
91800000000,92100000000,91809777602,91809780043,2441
91800000000,92100000000,91809780043,91809785392,5349
91800000000,92100000000,91809785392,91809785393,1
91800000000,92100000000,91809785393,91817129045,7343652
91800000000,92100000000,91817129045,91820553398,3424353
91800000000,92100000000,91820553398,91820581262,27864
91800000000,92100000000,91820581262,91830044719,9463457
91800000000,92100000000,91830044719,91834449166,4404447
91800000000,92100000000,91834449166,91834453719,4553
91800000000,92100000000,91834453719,91834457640,3921
91800000000,92100000000,91834457640,91834460681,3041
91800000000,92100000000,91834460681,91834463030,2349
91800000000,92100000000,91834463030,91834465146,2116
91800000000,92100000000,91834465146,91835356308,891162
91800000000,92100000000,91835356308,91842299880,6943572
91800000000,92100000000,91842299880,91844439027,2139147
91800000000,92100000000,91844439027,91854337822,9898795
91800000000,92100000000,91854337822,91854342987,5165
91800000000,92100000000,91854342987,91854345658,2671
91800000000,92100000000,91854345658,91854348822,3164
91800000000,92100000000,91854348822,91860825842,6477020
91800000000,92100000000,91860825842,91879800805,18974963
91800000000,92100000000,91879800805,91880621802,820997
91800000000,92100000000,91880621802,91880621803,1
91800000000,92100000000,91880621803,91882780613,2158810
91800000000,92100000000,91882780613,91885340322,2559709
91800000000,92100000000,91885340322,91885343928,3606
91800000000,92100000000,91885343928,91895906182,10562254
91800000000,92100000000,91895906182,91902503907,6597725
91800000000,92100000000,91902503907,91907400337,4896430
91800000000,92100000000,91907400337,91909442214,2041877
91800000000,92100000000,91909442214,91911847985,2405771
91800000000,92100000000,91911847985,91911876184,28199
91800000000,92100000000,91911876184,91911885238,9054
91800000000,92100000000,91911885238,91918401120,6515882
91800000000,92100000000,91918401120,91918401121,1
91800000000,92100000000,91918401121,91918402207,1086
91800000000,92100000000,91918402207,91929899837,11497630
91800000000,92100000000,91929899837,91936874739,6974902
91800000000,92100000000,91936874739,91972504923,35630184
91800000000,92100000000,91972504923,91990458884,17953961
91800000000,92100000000,91990458884,91990470818,11934
91800000000,92100000000,91990470818,91992672936,2202118
91800000000,92100000000,91992672936,92012240348,19567412
91800000000,92100000000,92012240348,92012249842,9494
91800000000,92100000000,92012249842,92012258564,8722
91800000000,92100000000,92012258564,92012270389,11825
91800000000,92100000000,92012270389,92012276268,5879
91800000000,92100000000,92012276268,92014492894,2216626
91800000000,92100000000,92014492894,92014492895,1
91800000000,92100000000,92014492895,92014492972,77
91800000000,92100000000,92014492972,92014492973,1
91800000000,92100000000,92014492973,92031279919,16786946
91800000000,92100000000,92031279919,92033146186,1866267
91800000000,92100000000,92033146186,92034447657,1301471
91800000000,92100000000,92034447657,92034447658,1
91800000000,92100000000,92034447658,92036411742,1964084
91800000000,92100000000,92036411742,92042607934,6196192
91800000000,92100000000,92042607934,92043508487,900553
91800000000,92100000000,92043508487,92044756477,1247990
91800000000,92100000000,92044756477,92047404474,2647997
91800000000,92100000000,92047404474,92057552232,10147758
91800000000,92100000000,92057552232,92064923586,7371354
91800000000,92100000000,92064923586,92083810757,18887171
91800000000,92100000000,92083810757,92085801631,1990874
91800000000,92100000000,92085801631,92088924101,3122470
91800000000,92100000000,92088924101,92091888441,2964340
92100000000,92400000000,92101769754,92101776508,6754
92100000000,92400000000,92101776508,92101794496,17988
92100000000,92400000000,92101794496,92101800663,6167
92100000000,92400000000,92101800663,92106874223,5073560
92100000000,92400000000,92106874223,92106874224,1
92100000000,92400000000,92106874224,92109337284,2463060
92100000000,92400000000,92109337284,92114158132,4820848
92100000000,92400000000,92114158132,92114187929,29797
92100000000,92400000000,92114187929,92120099796,5911867
92100000000,92400000000,92120099796,92123626695,3526899
92100000000,92400000000,92123626695,92125209223,1582528
92100000000,92400000000,92125209223,92136245239,11036016
92100000000,92400000000,92136245239,92139469460,3224221
92100000000,92400000000,92139469460,92139705414,235954
92100000000,92400000000,92139705414,92140622621,917207
92100000000,92400000000,92140622621,92143522470,2899849
92100000000,92400000000,92143522470,92144565274,1042804
92100000000,92400000000,92144565274,92149956847,5391573
92100000000,92400000000,92149956847,92158329106,8372259
92100000000,92400000000,92158329106,92163754019,5424913
92100000000,92400000000,92163754019,92178831762,15077743
92100000000,92400000000,92178831762,92210156457,31324695
92100000000,92400000000,92210156457,92227656461,17500004
92100000000,92400000000,92227656461,92235262164,7605703
92100000000,92400000000,92235262164,92237075391,1813227
92100000000,92400000000,92237075391,92239751927,2676536
92100000000,92400000000,92239751927,92245107438,5355511
92100000000,92400000000,92245107438,92277769452,32662014
92100000000,92400000000,92277769452,92280309787,2540335
92100000000,92400000000,92280309787,92282831308,2521521
92100000000,92400000000,92282831308,92283685606,854298
92100000000,92400000000,92283685606,92283701984,16378
92100000000,92400000000,92283701984,92284551598,849614
92100000000,92400000000,92284551598,92287441150,2889552
92100000000,92400000000,92287441150,92290402090,2960940
92100000000,92400000000,92290402090,92292861682,2459592
92100000000,92400000000,92292861682,92293663378,801696
92100000000,92400000000,92293663378,92293663379,1
92100000000,92400000000,92293663379,92308561690,14898311
92100000000,92400000000,92308561690,92308571278,9588
92100000000,92400000000,92308571278,92308576336,5058
92100000000,92400000000,92308576336,92310940350,2364014
92100000000,92400000000,92310940350,92310940351,1
92100000000,92400000000,92310940351,92310940392,41
92100000000,92400000000,92310940392,92312155294,1214902
92100000000,92400000000,92312155294,92328901370,16746076
92100000000,92400000000,92328901370,92328984800,83430
92100000000,92400000000,92328984800,92348431914,19447114
92100000000,92400000000,92348431914,92351516714,3084800
92100000000,92400000000,92351516714,92353829579,2312865
92100000000,92400000000,92353829579,92355226354,1396775
92100000000,92400000000,92355226354,92358233822,3007468
92100000000,92400000000,92358233822,92360982415,2748593
92100000000,92400000000,92360982415,92363812586,2830171
92100000000,92400000000,92363812586,92365077311,1264725
92100000000,92400000000,92365077311,92367896445,2819134
92100000000,92400000000,92367896445,92369008328,1111883
92100000000,92400000000,92369008328,92369014885,6557
92100000000,92400000000,92369014885,92369018024,3139
92100000000,92400000000,92369018024,92369044857,26833
92100000000,92400000000,92369044857,92372456153,3411296
92100000000,92400000000,92372456153,92392844722,20388569
92100000000,92400000000,92392844722,92392854042,9320
92400000000,92700000000,92402597443,92404566872,1969429
92400000000,92700000000,92404566872,92418104395,13537523
92400000000,92700000000,92418104395,92420756907,2652512
92400000000,92700000000,92420756907,92420767339,10432
92400000000,92700000000,92420767339,92420771510,4171
92400000000,92700000000,92420771510,92420775410,3900
92400000000,92700000000,92420775410,92420779771,4361
92400000000,92700000000,92420779771,92436785851,16006080
92400000000,92700000000,92436785851,92438540719,1754868
92400000000,92700000000,92438540719,92438547504,6785
92400000000,92700000000,92438547504,92438550140,2636
92400000000,92700000000,92438550140,92438555164,5024
92400000000,92700000000,92438555164,92438557836,2672
92400000000,92700000000,92438557836,92438559847,2011
92400000000,92700000000,92438559847,92438562206,2359
92400000000,92700000000,92438562206,92438564170,1964
92400000000,92700000000,92438564170,92438568079,3909
92400000000,92700000000,92438568079,92438570151,2072
92400000000,92700000000,92438570151,92438574532,4381
92400000000,92700000000,92438574532,92440491527,1916995
92400000000,92700000000,92440491527,92440491528,1
92400000000,92700000000,92440491528,92456082989,15591461
92400000000,92700000000,92456082989,92460325420,4242431
92400000000,92700000000,92460325420,92496676657,36351237
92400000000,92700000000,92496676657,92500811038,4134381
92400000000,92700000000,92500811038,92514502075,13691037
92400000000,92700000000,92514502075,92517539161,3037086
92400000000,92700000000,92517539161,92532932127,15392966
92400000000,92700000000,92532932127,92532950391,18264
92400000000,92700000000,92532950391,92535522117,2571726
92400000000,92700000000,92535522117,92535523141,1024
92400000000,92700000000,92535523141,92535523142,1
92400000000,92700000000,92535523142,92536407985,884843
92400000000,92700000000,92536407985,92541959576,5551591
92400000000,92700000000,92541959576,92546727891,4768315
92400000000,92700000000,92546727891,92555343694,8615803
92400000000,92700000000,92555343694,92555351050,7356
92400000000,92700000000,92555351050,92555358340,7290
92400000000,92700000000,92555358340,92555368265,9925
92400000000,92700000000,92555368265,92555378291,10026
92400000000,92700000000,92555378291,92555385862,7571
92400000000,92700000000,92555385862,92555388318,2456
92400000000,92700000000,92555388318,92555392979,4661
92400000000,92700000000,92555392979,92558050193,2657214
92400000000,92700000000,92558050193,92558050331,138
92400000000,92700000000,92558050331,92558050332,1
92400000000,92700000000,92558050332,92558050333,1
92400000000,92700000000,92558050333,92558050572,239
92400000000,92700000000,92558050572,92558050573,1
92400000000,92700000000,92558050573,92558050574,1
92400000000,92700000000,92558050574,92558050794,220
92400000000,92700000000,92558050794,92558050795,1
92400000000,92700000000,92558050795,92558050796,1
92400000000,92700000000,92558050796,92558050947,151
92400000000,92700000000,92558050947,92558949295,898348
92400000000,92700000000,92558949295,92560746599,1797304
92400000000,92700000000,92560746599,92562102898,1356299
92400000000,92700000000,92562102898,92565018579,2915681
92400000000,92700000000,92565018579,92577036377,12017798
92400000000,92700000000,92577036377,92582554046,5517669
92400000000,92700000000,92582554046,92596414690,13860644
92400000000,92700000000,92596414690,92597308578,893888
92400000000,92700000000,92597308578,92598595139,1286561
92400000000,92700000000,92598595139,92598595140,1
92400000000,92700000000,92598595140,92609381695,10786555
92400000000,92700000000,92609381695,92616194074,6812379
92400000000,92700000000,92616194074,92639803659,23609585
92400000000,92700000000,92639803659,92654141137,14337478
92400000000,92700000000,92654141137,92655048501,907364
92400000000,92700000000,92655048501,92655950790,902289
92400000000,92700000000,92655950790,92657703217,1752427
92400000000,92700000000,92657703217,92672527980,14824763
92400000000,92700000000,92672527980,92672531313,3333
92400000000,92700000000,92672531313,92672536700,5387
92400000000,92700000000,92672536700,92672539533,2833
92400000000,92700000000,92672539533,92672546700,7167
92400000000,92700000000,92672546700,92675434695,2887995
92400000000,92700000000,92675434695,92675434696,1
92400000000,92700000000,92675434696,92678052626,2617930
92700000000,93000000000,92704036186,92704978842,942656
92700000000,93000000000,92704978842,92707078656,2099814
92700000000,93000000000,92707078656,92707078657,1
92700000000,93000000000,92707078657,92707078658,1
92700000000,93000000000,92707078658,92723772909,16694251
92700000000,93000000000,92723772909,92723781888,8979
92700000000,93000000000,92723781888,92723793171,11283
92700000000,93000000000,92723793171,92725659816,1866645
92700000000,93000000000,92725659816,92725659817,1
92700000000,93000000000,92725659817,92725659818,1
92700000000,93000000000,92725659818,92736621103,10961285
92700000000,93000000000,92736621103,92736627719,6616
92700000000,93000000000,92736627719,92736630611,2892
92700000000,93000000000,92736630611,92756975034,20344423
92700000000,93000000000,92756975034,92764720541,7745507
92700000000,93000000000,92764720541,92765955661,1235120
92700000000,93000000000,92765955661,92765982793,27132
92700000000,93000000000,92765982793,92766916604,933811
92700000000,93000000000,92766916604,92768784773,1868169
92700000000,93000000000,92768784773,92772479578,3694805
92700000000,93000000000,92772479578,92772479579,1
92700000000,93000000000,92772479579,92784391531,11911952
92700000000,93000000000,92784391531,92787209172,2817641
92700000000,93000000000,92787209172,92787218300,9128
92700000000,93000000000,92787218300,92789135681,1917381
92700000000,93000000000,92789135681,92789135682,1
92700000000,93000000000,92789135682,92789135683,1
92700000000,93000000000,92789135683,92804934715,15799032
92700000000,93000000000,92804934715,92807208635,2273920
92700000000,93000000000,92807208635,92807208636,1
92700000000,93000000000,92807208636,92807261420,52784
92700000000,93000000000,92807261420,92821276859,14015439
92700000000,93000000000,92821276859,92821283561,6702
92700000000,93000000000,92821283561,92821294908,11347
92700000000,93000000000,92821294908,92821318660,23752
92700000000,93000000000,92821318660,92821326517,7857
92700000000,93000000000,92821326517,92824635573,3309056
92700000000,93000000000,92824635573,92829659176,5023603
92700000000,93000000000,92829659176,92829659201,25
92700000000,93000000000,92829659201,92834652234,4993033
92700000000,93000000000,92834652234,92840695855,6043621
92700000000,93000000000,92840695855,92840698351,2496
92700000000,93000000000,92840698351,92854243687,13545336
92700000000,93000000000,92854243687,92896807315,42563628
92700000000,93000000000,92896807315,92905342914,8535599
92700000000,93000000000,92905342914,92956369152,51026238
92700000000,93000000000,92956369152,92957257970,888818
92700000000,93000000000,92957257970,92957260740,2770
92700000000,93000000000,92957260740,92963666520,6405780
92700000000,93000000000,92963666520,92964930705,1264185
92700000000,93000000000,92964930705,92966878981,1948276
92700000000,93000000000,92966878981,92969597892,2718911
92700000000,93000000000,92969597892,92975221105,5623213
92700000000,93000000000,92975221105,92975223386,2281
92700000000,93000000000,92975223386,92976836403,1613017
92700000000,93000000000,92976836403,92986215423,9379020
92700000000,93000000000,92986215423,92992340868,6125445
92700000000,93000000000,92992340868,92992362194,21326
92700000000,93000000000,92992362194,92996203607,3841413
92700000000,93000000000,92996203607,92998737716,2534109
93000000000,93300000000,93001586132,93016885342,15299210
93000000000,93300000000,93016885342,93016891513,6171
93000000000,93300000000,93016891513,93020903704,4012191
93000000000,93300000000,93020903704,93026143001,5239297
93000000000,93300000000,93026143001,93027442943,1299942
93000000000,93300000000,93027442943,93027445821,2878
93000000000,93300000000,93027445821,93036175254,8729433
93000000000,93300000000,93036175254,93038636061,2460807
93000000000,93300000000,93038636061,93039689129,1053068
93000000000,93300000000,93039689129,93041889161,2200032
93000000000,93300000000,93041889161,93042897315,1008154
93000000000,93300000000,93042897315,93043936972,1039657
93000000000,93300000000,93043936972,93053187177,9250205
93000000000,93300000000,93053187177,93053190082,2905
93000000000,93300000000,93053190082,93053195729,5647
93000000000,93300000000,93053195729,93056541498,3345769
93000000000,93300000000,93056541498,93063853407,7311909
93000000000,93300000000,93063853407,93075375405,11521998
93000000000,93300000000,93075375405,93077786331,2410926
93000000000,93300000000,93077786331,93078761581,975250
93000000000,93300000000,93078761581,93081667188,2905607
93000000000,93300000000,93081667188,93086004604,4337416
93000000000,93300000000,93086004604,93089276833,3272229
93000000000,93300000000,93089276833,93094954016,5677183
93000000000,93300000000,93094954016,93094959363,5347
93000000000,93300000000,93094959363,93094961447,2084
93000000000,93300000000,93094961447,93094963862,2415
93000000000,93300000000,93094963862,93142913643,47949781
93000000000,93300000000,93142913643,93143974011,1060368
93000000000,93300000000,93143974011,93145912425,1938414
93000000000,93300000000,93145912425,93145996747,84322
93000000000,93300000000,93145996747,93149197524,3200777
93000000000,93300000000,93149197524,93163600919,14403395
93000000000,93300000000,93163600919,93163607787,6868
93000000000,93300000000,93163607787,93165422068,1814281
93000000000,93300000000,93165422068,93166440133,1018065
93000000000,93300000000,93166440133,93167991041,1550908
93000000000,93300000000,93167991041,93178464990,10473949
93000000000,93300000000,93178464990,93186882069,8417079
93000000000,93300000000,93186882069,93186897021,14952
93000000000,93300000000,93186897021,93190044151,3147130
93000000000,93300000000,93190044151,93191104666,1060515
93000000000,93300000000,93191104666,93207329647,16224981
93000000000,93300000000,93207329647,93212260429,4930782
93000000000,93300000000,93212260429,93212297115,36686
93000000000,93300000000,93212297115,93212304460,7345
93000000000,93300000000,93212304460,93212309049,4589
93000000000,93300000000,93212309049,93212312384,3335
93000000000,93300000000,93212312384,93212314304,1920
93000000000,93300000000,93212314304,93217023978,4709674
93000000000,93300000000,93217023978,93217023979,1
93000000000,93300000000,93217023979,93217027956,3977
93000000000,93300000000,93217027956,93237022412,19994456
93000000000,93300000000,93237022412,93237039370,16958
93000000000,93300000000,93237039370,93239334558,2295188
93000000000,93300000000,93239334558,93247598271,8263713
93000000000,93300000000,93247598271,93248754799,1156528
93000000000,93300000000,93248754799,93248771176,16377
93000000000,93300000000,93248771176,93249778208,1007032
93000000000,93300000000,93249778208,93260027502,10249294
93000000000,93300000000,93260027502,93265979209,5951707
93000000000,93300000000,93265979209,93265979210,1
93000000000,93300000000,93265979210,93275529227,9550017
93000000000,93300000000,93275529227,93291237984,15708757
93300000000,93600000000,93301635222,93308507976,6872754
93300000000,93600000000,93308507976,93308510702,2726
93300000000,93600000000,93308510702,93315814297,7303595
93300000000,93600000000,93315814297,93330005404,14191107
93300000000,93600000000,93330005404,93331183512,1178108
93300000000,93600000000,93331183512,93333598321,2414809
93300000000,93600000000,93333598321,93333600781,2460
93300000000,93600000000,93333600781,93333603230,2449
93300000000,93600000000,93333603230,93351656461,18053231
93300000000,93600000000,93351656461,93352598114,941653
93300000000,93600000000,93352598114,93352623454,25340
93300000000,93600000000,93352623454,93355772321,3148867
93300000000,93600000000,93355772321,93394701718,38929397
93300000000,93600000000,93394701718,93394714060,12342
93300000000,93600000000,93394714060,93396169181,1455121
93300000000,93600000000,93396169181,93400910257,4741076
93300000000,93600000000,93400910257,93403619990,2709733
93300000000,93600000000,93403619990,93407122236,3502246
93300000000,93600000000,93407122236,93410512764,3390528
93300000000,93600000000,93410512764,93413798488,3285724
93300000000,93600000000,93413798488,93415984262,2185774
93300000000,93600000000,93415984262,93415987486,3224
93300000000,93600000000,93415987486,93418260040,2272554
93300000000,93600000000,93418260040,93418260069,29
93300000000,93600000000,93418260069,93421493239,3233170
93300000000,93600000000,93421493239,93422624315,1131076
93300000000,93600000000,93422624315,93446458138,23833823
93300000000,93600000000,93446458138,93447482558,1024420
93300000000,93600000000,93447482558,93447486033,3475
93300000000,93600000000,93447486033,93447491373,5340
93300000000,93600000000,93447491373,93447500423,9050
93300000000,93600000000,93447500423,93447502170,1747
93300000000,93600000000,93447502170,93447508968,6798
93300000000,93600000000,93447508968,93454264338,6755370
93300000000,93600000000,93454264338,93454264339,1
93300000000,93600000000,93454264339,93466653229,12388890
93300000000,93600000000,93466653229,93476761244,10108015
93300000000,93600000000,93476761244,93477781227,1019983
93300000000,93600000000,93477781227,93486388887,8607660
93300000000,93600000000,93486388887,93487370418,981531
93300000000,93600000000,93487370418,93488383192,1012774
93300000000,93600000000,93488383192,93489539321,1156129
93300000000,93600000000,93489539321,93495159629,5620308
93300000000,93600000000,93495159629,93497072332,1912703
93300000000,93600000000,93497072332,93497072333,1
93300000000,93600000000,93497072333,93513857987,16785654
93300000000,93600000000,93513857987,93513860748,2761
93300000000,93600000000,93513860748,93520307361,6446613
93300000000,93600000000,93520307361,93534380232,14072871
93300000000,93600000000,93534380232,93534399786,19554
93300000000,93600000000,93534399786,93535415295,1015509
93300000000,93600000000,93535415295,93537455224,2039929
93300000000,93600000000,93537455224,93537455225,1
93300000000,93600000000,93537455225,93537456319,1094
93300000000,93600000000,93537456319,93537574009,117690
93300000000,93600000000,93537574009,93542843606,5269597
93300000000,93600000000,93542843606,93557450657,14607051
93300000000,93600000000,93557450657,93557456061,5404
93300000000,93600000000,93557456061,93557459871,3810
93300000000,93600000000,93557459871,93557480780,20909
93300000000,93600000000,93557480780,93557505391,24611
93300000000,93600000000,93557505391,93557521625,16234
93300000000,93600000000,93557521625,93557534258,12633
93300000000,93600000000,93557534258,93563353399,5819141
93300000000,93600000000,93563353399,93563353400,1
93300000000,93600000000,93563353400,93563354475,1075
93300000000,93600000000,93563354475,93563355469,994
93300000000,93600000000,93563355469,93579864382,16508913
93300000000,93600000000,93579864382,93586337717,6473335
93300000000,93600000000,93586337717,93586388111,50394
93300000000,93600000000,93586388111,93592418551,6030440
93300000000,93600000000,93592418551,93592418552,1
93600000000,93900000000,93603791119,93603794472,3353
93600000000,93900000000,93603794472,93610267801,6473329
93600000000,93900000000,93610267801,93625040620,14772819
93600000000,93900000000,93625040620,93625067234,26614
93600000000,93900000000,93625067234,93625085200,17966
93600000000,93900000000,93625085200,93625087915,2715
93600000000,93900000000,93625087915,93625090181,2266
93600000000,93900000000,93625090181,93631320650,6230469
93600000000,93900000000,93631320650,93631320651,1
93600000000,93900000000,93631320651,93643650930,12330279
93600000000,93900000000,93643650930,93673253979,29603049
93600000000,93900000000,93673253979,93674156409,902430
93600000000,93900000000,93674156409,93674168595,12186
93600000000,93900000000,93674168595,93690816781,16648186
93600000000,93900000000,93690816781,93698938812,8122031
93600000000,93900000000,93698938812,93706913606,7974794
93600000000,93900000000,93706913606,93711834294,4920688
93600000000,93900000000,93711834294,93723149375,11315081
93600000000,93900000000,93723149375,93724220048,1070673
93600000000,93900000000,93724220048,93724321098,101050
93600000000,93900000000,93724321098,93724326418,5320
93600000000,93900000000,93724326418,93728723765,4397347
93600000000,93900000000,93728723765,93734340053,5616288
93600000000,93900000000,93734340053,93734406901,66848
93600000000,93900000000,93734406901,93755858300,21451399
93600000000,93900000000,93755858300,93755969646,111346
93600000000,93900000000,93755969646,93755973067,3421
93600000000,93900000000,93755973067,93755978099,5032
93600000000,93900000000,93755978099,93759572057,3593958
93600000000,93900000000,93759572057,93759572058,1
93600000000,93900000000,93759572058,93759817387,245329
93600000000,93900000000,93759817387,93765311040,5493653
93600000000,93900000000,93765311040,93768907202,3596162
93600000000,93900000000,93768907202,93790804729,21897527
93600000000,93900000000,93790804729,93815654182,24849453
93600000000,93900000000,93815654182,93815671278,17096
93600000000,93900000000,93815671278,93815674928,3650
93600000000,93900000000,93815674928,93823630705,7955777
93600000000,93900000000,93823630705,93823634791,4086
93600000000,93900000000,93823634791,93823640409,5618
93600000000,93900000000,93823640409,93837524333,13883924
93600000000,93900000000,93837524333,93837533744,9411
93600000000,93900000000,93837533744,93840596629,3062885
93600000000,93900000000,93840596629,93840596630,1
93600000000,93900000000,93840596630,93845744848,5148218
93600000000,93900000000,93845744848,93849046866,3302018
93600000000,93900000000,93849046866,93852258078,3211212
93600000000,93900000000,93852258078,93856737340,4479262
93600000000,93900000000,93856737340,93856743947,6607
93600000000,93900000000,93856743947,93859776387,3032440
93600000000,93900000000,93859776387,93859776454,67
93600000000,93900000000,93859776454,93859776455,1
93600000000,93900000000,93859776455,93860019832,243377
93600000000,93900000000,93860019832,93862024703,2004871
93600000000,93900000000,93862024703,93869619283,7594580
93600000000,93900000000,93869619283,93882619798,13000515
93600000000,93900000000,93882619798,93883812678,1192880
93600000000,93900000000,93883812678,93889802895,5990217
93600000000,93900000000,93889802895,93889818102,15207
93900000000,94200000000,93910195623,93911384382,1188759
93900000000,94200000000,93911384382,93912516158,1131776
93900000000,94200000000,93912516158,93913565527,1049369
93900000000,94200000000,93913565527,93914730347,1164820
93900000000,94200000000,93914730347,93927466976,12736629
93900000000,94200000000,93927466976,93933775842,6308866
93900000000,94200000000,93933775842,93936001669,2225827
93900000000,94200000000,93936001669,93937147765,1146096
93900000000,94200000000,93937147765,93938416117,1268352
93900000000,94200000000,93938416117,93947064738,8648621
93900000000,94200000000,93947064738,93949395747,2331009
93900000000,94200000000,93949395747,93951994735,2598988
93900000000,94200000000,93951994735,93952090164,95429
93900000000,94200000000,93952090164,93954146468,2056304
93900000000,94200000000,93954146468,93961043806,6897338
93900000000,94200000000,93961043806,93961195412,151606
93900000000,94200000000,93961195412,93967520878,6325466
93900000000,94200000000,93967520878,93973612852,6091974
93900000000,94200000000,93973612852,93984412758,10799906
93900000000,94200000000,93984412758,93988314725,3901967
93900000000,94200000000,93988314725,93988314726,1
93900000000,94200000000,93988314726,93994975154,6660428
93900000000,94200000000,93994975154,93998582643,3607489
93900000000,94200000000,93998582643,94002276071,3693428
93900000000,94200000000,94002276071,94010333243,8057172
93900000000,94200000000,94010333243,94018064681,7731438
93900000000,94200000000,94018064681,94046525280,28460599
93900000000,94200000000,94046525280,94046550450,25170
93900000000,94200000000,94046550450,94050138183,3587733
93900000000,94200000000,94050138183,94050138184,1
93900000000,94200000000,94050138184,94050263933,125749
93900000000,94200000000,94050263933,94053563272,3299339
93900000000,94200000000,94053563272,94062930314,9367042
93900000000,94200000000,94062930314,94067235950,4305636
93900000000,94200000000,94067235950,94067237862,1912
93900000000,94200000000,94067237862,94067242262,4400
93900000000,94200000000,94067242262,94069828251,2585989
93900000000,94200000000,94069828251,94069828252,1
93900000000,94200000000,94069828252,94075623445,5795193
93900000000,94200000000,94075623445,94089588800,13965355
93900000000,94200000000,94089588800,94093165988,3577188
93900000000,94200000000,94093165988,94111268763,18102775
93900000000,94200000000,94111268763,94111313894,45131
93900000000,94200000000,94111313894,94111353483,39589
93900000000,94200000000,94111353483,94120751555,9398072
93900000000,94200000000,94120751555,94126270281,5518726
93900000000,94200000000,94126270281,94137729153,11458872
93900000000,94200000000,94137729153,94154476980,16747827
94200000000,94500000000,94202142441,94203318133,1175692
94200000000,94500000000,94203318133,94203355130,36997
94200000000,94500000000,94203355130,94203357428,2298
94200000000,94500000000,94203357428,94217122876,13765448
94200000000,94500000000,94217122876,94219846564,2723688
94200000000,94500000000,94219846564,94224968035,5121471
94200000000,94500000000,94224968035,94224986162,18127
94200000000,94500000000,94224986162,94224988425,2263
94200000000,94500000000,94224988425,94224992006,3581
94200000000,94500000000,94224992006,94224993813,1807
94200000000,94500000000,94224993813,94238559147,13565334
94200000000,94500000000,94238559147,94241256944,2697797
94200000000,94500000000,94241256944,94242513606,1256662
94200000000,94500000000,94242513606,94245270108,2756502
94200000000,94500000000,94245270108,94247736893,2466785
94200000000,94500000000,94247736893,94258949260,11212367
94200000000,94500000000,94258949260,94260157796,1208536
94200000000,94500000000,94260157796,94263985723,3827927
94200000000,94500000000,94263985723,94264191042,205319
94200000000,94500000000,94264191042,94264337495,146453
94200000000,94500000000,94264337495,94264604831,267336
94200000000,94500000000,94264604831,94264682923,78092
94200000000,94500000000,94264682923,94264704893,21970
94200000000,94500000000,94264704893,94268441872,3736979
94200000000,94500000000,94268441872,94282178453,13736581
94200000000,94500000000,94282178453,94282204689,26236
94200000000,94500000000,94282204689,94282229571,24882
94200000000,94500000000,94282229571,94282234328,4757
94200000000,94500000000,94282234328,94284398355,2164027
94200000000,94500000000,94284398355,94284398356,1
94200000000,94500000000,94284398356,94298645567,14247211
94200000000,94500000000,94298645567,94298673640,28073
94200000000,94500000000,94298673640,94306184411,7510771
94200000000,94500000000,94306184411,94309080880,2896469
94200000000,94500000000,94309080880,94310434834,1353954
94200000000,94500000000,94310434834,94311856171,1421337
94200000000,94500000000,94311856171,94315681238,3825067
94200000000,94500000000,94315681238,94321322985,5641747
94200000000,94500000000,94321322985,94323795242,2472257
94200000000,94500000000,94323795242,94363643098,39847856
94200000000,94500000000,94363643098,94363671374,28276
94200000000,94500000000,94363671374,94368295405,4624031
94200000000,94500000000,94368295405,94378086364,9790959
94200000000,94500000000,94378086364,94381680188,3593824
94200000000,94500000000,94381680188,94382854634,1174446
94200000000,94500000000,94382854634,94385834108,2979474
94200000000,94500000000,94385834108,94390894078,5059970
94200000000,94500000000,94390894078,94393271694,2377616
94200000000,94500000000,94393271694,94396070822,2799128
94200000000,94500000000,94396070822,94404977211,8906389
94200000000,94500000000,94404977211,94406497803,1520592
94200000000,94500000000,94406497803,94412520534,6022731
94200000000,94500000000,94412520534,94431968905,19448371
94200000000,94500000000,94431968905,94435465803,3496898
94200000000,94500000000,94435465803,94447207492,11741689
94200000000,94500000000,94447207492,94447210299,2807
94200000000,94500000000,94447210299,94447213383,3084
94200000000,94500000000,94447213383,94447220256,6873
94200000000,94500000000,94447220256,94448502046,1281790
94200000000,94500000000,94448502046,94449685408,1183362
94200000000,94500000000,94449685408,94456880358,7194950
94200000000,94500000000,94456880358,94456887193,6835
94200000000,94500000000,94456887193,94463883091,6995898
94200000000,94500000000,94463883091,94463883226,135
94200000000,94500000000,94463883226,94472876851,8993625
94200000000,94500000000,94472876851,94486711943,13835092
94200000000,94500000000,94486711943,94488512572,1800629
94200000000,94500000000,94488512572,94493896177,5383605
94500000000,94800000000,94501545546,94510122018,8576472
94500000000,94800000000,94510122018,94511392373,1270355
94500000000,94800000000,94511392373,94511395339,2966
94500000000,94800000000,94511395339,94511397762,2423
94500000000,94800000000,94511397762,94511407299,9537
94500000000,94800000000,94511407299,94527651672,16244373
94500000000,94800000000,94527651672,94531759635,4107963
94500000000,94800000000,94531759635,94531768664,9029
94500000000,94800000000,94531768664,94551849903,20081239
94500000000,94800000000,94551849903,94554699317,2849414
94500000000,94800000000,94554699317,94599837174,45137857
94500000000,94800000000,94599837174,94611807522,11970348
94500000000,94800000000,94611807522,94618067593,6260071
94500000000,94800000000,94618067593,94619318583,1250990
94500000000,94800000000,94619318583,94622530757,3212174
94500000000,94800000000,94622530757,94633925949,11395192
94500000000,94800000000,94633925949,94659969672,26043723
94500000000,94800000000,94659969672,94659990893,21221
94500000000,94800000000,94659990893,94659993759,2866
94500000000,94800000000,94659993759,94665230709,5236950
94500000000,94800000000,94665230709,94681586275,16355566
94500000000,94800000000,94681586275,94681656997,70722
94500000000,94800000000,94681656997,94681666135,9138
94500000000,94800000000,94681666135,94681675188,9053
94500000000,94800000000,94681675188,94686176591,4501403
94500000000,94800000000,94686176591,94686176592,1
94500000000,94800000000,94686176592,94687734194,1557602
94500000000,94800000000,94687734194,94694236350,6502156
94500000000,94800000000,94694236350,94715120701,20884351
94500000000,94800000000,94715120701,94721414049,6293348
94500000000,94800000000,94721414049,94725095516,3681467
94500000000,94800000000,94725095516,94734415008,9319492
94500000000,94800000000,94734415008,94743465877,9050869
94500000000,94800000000,94743465877,94747075431,3609554
94500000000,94800000000,94747075431,94750560026,3484595
94500000000,94800000000,94750560026,94759166994,8606968
94500000000,94800000000,94759166994,94769185857,10018863
94500000000,94800000000,94769185857,94771684138,2498281
94500000000,94800000000,94771684138,94771686722,2584
94500000000,94800000000,94771686722,94777783950,6097228
94500000000,94800000000,94777783950,94792696130,14912180
94500000000,94800000000,94792696130,94792701371,5241
94500000000,94800000000,94792701371,94794461318,1759947
94800000000,95100000000,94803079554,94803082739,3185
94800000000,95100000000,94803082739,94803195425,112686
94800000000,95100000000,94803195425,94806876769,3681344
94800000000,95100000000,94806876769,94811678687,4801918
94800000000,95100000000,94811678687,94812092253,413566
94800000000,95100000000,94812092253,94812095247,2994
94800000000,95100000000,94812095247,94812098324,3077
94800000000,95100000000,94812098324,94812125099,26775
94800000000,95100000000,94812125099,94812127886,2787
94800000000,95100000000,94812127886,94812151100,23214
94800000000,95100000000,94812151100,94827199925,15048825
94800000000,95100000000,94827199925,94828370131,1170206
94800000000,95100000000,94828370131,94833695629,5325498
94800000000,95100000000,94833695629,94837342529,3646900
94800000000,95100000000,94837342529,94838447598,1105069
94800000000,95100000000,94838447598,94838451429,3831
94800000000,95100000000,94838451429,94838454086,2657
94800000000,95100000000,94838454086,94838457224,3138
94800000000,95100000000,94838457224,94838460105,2881
94800000000,95100000000,94838460105,94842312763,3852658
94800000000,95100000000,94842312763,94848669748,6356985
94800000000,95100000000,94848669748,94865421963,16752215
94800000000,95100000000,94865421963,94865428272,6309
94800000000,95100000000,94865428272,94865431299,3027
94800000000,95100000000,94865431299,94865443007,11708
94800000000,95100000000,94865443007,94871306154,5863147
94800000000,95100000000,94871306154,94873945063,2638909
94800000000,95100000000,94873945063,94879038153,5093090
94800000000,95100000000,94879038153,94882284770,3246617
94800000000,95100000000,94882284770,94887745334,5460564
94800000000,95100000000,94887745334,94888843462,1098128
94800000000,95100000000,94888843462,94893163315,4319853
94800000000,95100000000,94893163315,94896806645,3643330
94800000000,95100000000,94896806645,94900395953,3589308
94800000000,95100000000,94900395953,94904199513,3803560
94800000000,95100000000,94904199513,94927863875,23664362
94800000000,95100000000,94927863875,94932904764,5040889
94800000000,95100000000,94932904764,94933975770,1071006
94800000000,95100000000,94933975770,94933995347,19577
94800000000,95100000000,94933995347,94934091444,96097
94800000000,95100000000,94934091444,94935198674,1107230
94800000000,95100000000,94935198674,94937635098,2436424
94800000000,95100000000,94937635098,94944933501,7298403
94800000000,95100000000,94944933501,94944954728,21227
94800000000,95100000000,94944954728,94944963033,8305
94800000000,95100000000,94944963033,94953648328,8685295
94800000000,95100000000,94953648328,94957693875,4045547
94800000000,95100000000,94957693875,94957697521,3646
94800000000,95100000000,94957697521,94961445704,3748183
94800000000,95100000000,94961445704,94965455740,4010036
94800000000,95100000000,94965455740,94965472427,16687
94800000000,95100000000,94965472427,94965476824,4397
94800000000,95100000000,94965476824,94965487790,10966
94800000000,95100000000,94965487790,94965497464,9674
94800000000,95100000000,94965497464,94965527100,29636
94800000000,95100000000,94965527100,94972738861,7211761
94800000000,95100000000,94972738861,94972738862,1
94800000000,95100000000,94972738862,94972738863,1
94800000000,95100000000,94972738863,94973716313,977450
94800000000,95100000000,94973716313,94973904751,188438
94800000000,95100000000,94973904751,94984245414,10340663
94800000000,95100000000,94984245414,94991547976,7302562
94800000000,95100000000,94991547976,94991550591,2615
94800000000,95100000000,94991550591,94997248957,5698366
94800000000,95100000000,94997248957,94997248958,1
94800000000,95100000000,94997248958,94997248959,1
94800000000,95100000000,94997248959,95005358484,8109525
94800000000,95100000000,95005358484,95015645267,10286783
94800000000,95100000000,95015645267,95015653786,8519
94800000000,95100000000,95015653786,95015656397,2611
94800000000,95100000000,95015656397,95018914158,3257761
94800000000,95100000000,95018914158,95018914159,1
94800000000,95100000000,95018914159,95039230177,20316018
94800000000,95100000000,95039230177,95039239390,9213
94800000000,95100000000,95039239390,95052120008,12880618
94800000000,95100000000,95052120008,95060545766,8425758
94800000000,95100000000,95060545766,95060573204,27438
94800000000,95100000000,95060573204,95060583508,10304
94800000000,95100000000,95060583508,95067111506,6527998
94800000000,95100000000,95067111506,95075031591,7920085
94800000000,95100000000,95075031591,95081500706,6469115
94800000000,95100000000,95081500706,95085392766,3892060
94800000000,95100000000,95085392766,95085409482,16716
94800000000,95100000000,95085409482,95085414347,4865
94800000000,95100000000,95085414347,95089433500,4019153
95100000000,95400000000,95104294710,95104295752,1042
95100000000,95400000000,95104295752,95104295753,1
95100000000,95400000000,95104295753,95112040312,7744559
95100000000,95400000000,95112040312,95118079332,6039020
95100000000,95400000000,95118079332,95121083100,3003768
95100000000,95400000000,95121083100,95125932320,4849220
95100000000,95400000000,95125932320,95132572330,6640010
95100000000,95400000000,95132572330,95138970332,6398002
95100000000,95400000000,95138970332,95143636209,4665877
95100000000,95400000000,95143636209,95145156930,1520721
95100000000,95400000000,95145156930,95156894085,11737155
95100000000,95400000000,95156894085,95156894086,1
95100000000,95400000000,95156894086,95156894087,1
95100000000,95400000000,95156894087,95160520259,3626172
95100000000,95400000000,95160520259,95160572360,52101
95100000000,95400000000,95160572360,95160579027,6667
95100000000,95400000000,95160579027,95160581436,2409
95100000000,95400000000,95160581436,95160596991,15555
95100000000,95400000000,95160596991,95160602750,5759
95100000000,95400000000,95160602750,95168042415,7439665
95100000000,95400000000,95168042415,95168042416,1
95100000000,95400000000,95168042416,95168147082,104666
95100000000,95400000000,95168147082,95174045717,5898635
95100000000,95400000000,95174045717,95176934409,2888692
95100000000,95400000000,95176934409,95184958626,8024217
95100000000,95400000000,95184958626,95184993025,34399
95100000000,95400000000,95184993025,95193950579,8957554
95100000000,95400000000,95193950579,95197717863,3767284
95100000000,95400000000,95197717863,95197773052,55189
95100000000,95400000000,95197773052,95222004761,24231709
95100000000,95400000000,95222004761,95222075756,70995
95100000000,95400000000,95222075756,95223103936,1028180
95100000000,95400000000,95223103936,95223148259,44323
95100000000,95400000000,95223148259,95224316008,1167749
95100000000,95400000000,95224316008,95233919208,9603200
95100000000,95400000000,95233919208,95254450313,20531105
95100000000,95400000000,95254450313,95254480493,30180
95100000000,95400000000,95254480493,95265773860,11293367
95100000000,95400000000,95265773860,95265773861,1
95100000000,95400000000,95265773861,95268680711,2906850
95100000000,95400000000,95268680711,95278970392,10289681
95100000000,95400000000,95278970392,95278970393,1
95100000000,95400000000,95278970393,95294667075,15696682
95100000000,95400000000,95294667075,95328981459,34314384
95100000000,95400000000,95328981459,95331302353,2320894
95100000000,95400000000,95331302353,95331302354,1
95100000000,95400000000,95331302354,95332375352,1072998
95100000000,95400000000,95332375352,95332415377,40025
95100000000,95400000000,95332415377,95334679007,2263630
95100000000,95400000000,95334679007,95335635406,956399
95100000000,95400000000,95335635406,95336958809,1323403
95100000000,95400000000,95336958809,95336978673,19864
95100000000,95400000000,95336978673,95339427547,2448874
95100000000,95400000000,95339427547,95341011276,1583729
95100000000,95400000000,95341011276,95341196422,185146
95100000000,95400000000,95341196422,95343332429,2136007
95100000000,95400000000,95343332429,95344353654,1021225
95100000000,95400000000,95344353654,95346817930,2464276
95100000000,95400000000,95346817930,95347944527,1126597
95100000000,95400000000,95347944527,95348945132,1000605
95100000000,95400000000,95348945132,95350177109,1231977
95100000000,95400000000,95350177109,95352658323,2481214
95100000000,95400000000,95352658323,95353750694,1092371
95100000000,95400000000,95353750694,95357255711,3505017
95100000000,95400000000,95357255711,95359563571,2307860
95100000000,95400000000,95359563571,95361916957,2353386
95400000000,95700000000,95403499881,95406683699,3183818
95400000000,95700000000,95406683699,95406811595,127896
95400000000,95700000000,95406811595,95409616693,2805098
95400000000,95700000000,95409616693,95409659564,42871
95400000000,95700000000,95409659564,95409661993,2429
95400000000,95700000000,95409661993,95412317691,2655698
95400000000,95700000000,95412317691,95430855668,18537977
95400000000,95700000000,95430855668,95430860165,4497
95400000000,95700000000,95430860165,95430876120,15955
95400000000,95700000000,95430876120,95430880614,4494
95400000000,95700000000,95430880614,95430883957,3343
95400000000,95700000000,95430883957,95430887246,3289
95400000000,95700000000,95430887246,95433728469,2841223
95400000000,95700000000,95433728469,95433728470,1
95400000000,95700000000,95433728470,95451921766,18193296
95400000000,95700000000,95451921766,95451981788,60022
95400000000,95700000000,95451981788,95451985939,4151
95400000000,95700000000,95451985939,95458419009,6433070
95400000000,95700000000,95458419009,95465230310,6811301
95400000000,95700000000,95465230310,95465286676,56366
95400000000,95700000000,95465286676,95468759173,3472497
95400000000,95700000000,95468759173,95471916860,3157687
95400000000,95700000000,95471916860,95475137392,3220532
95400000000,95700000000,95475137392,95482626821,7489429
95400000000,95700000000,95482626821,95488633715,6006894
95400000000,95700000000,95488633715,95488656139,22424
95400000000,95700000000,95488656139,95488659530,3391
95400000000,95700000000,95488659530,95488665050,5520
95400000000,95700000000,95488665050,95498422083,9757033
95400000000,95700000000,95498422083,95499834621,1412538
95400000000,95700000000,95499834621,95503629809,3795188
95400000000,95700000000,95503629809,95524919091,21289282
95400000000,95700000000,95524919091,95524922102,3011
95400000000,95700000000,95524922102,95524924009,1907
95400000000,95700000000,95524924009,95524926409,2400
95400000000,95700000000,95524926409,95524928375,1966
95400000000,95700000000,95524928375,95524930695,2320
95400000000,95700000000,95524930695,95524933294,2599
95400000000,95700000000,95524933294,95534844543,9911249
95400000000,95700000000,95534844543,95556616508,21771965
95400000000,95700000000,95556616508,95556650344,33836
95400000000,95700000000,95556650344,95556658952,8608
95400000000,95700000000,95556658952,95561286458,4627506
95400000000,95700000000,95561286458,95562696712,1410254
95400000000,95700000000,95562696712,95570277077,7580365
95400000000,95700000000,95570277077,95570397616,120539
95400000000,95700000000,95570397616,95583656455,13258839
95400000000,95700000000,95583656455,95586146589,2490134
95400000000,95700000000,95586146589,95586208050,61461
95400000000,95700000000,95586208050,95586229458,21408
95400000000,95700000000,95586229458,95587852325,1622867
95400000000,95700000000,95587852325,95591267050,3414725
95400000000,95700000000,95591267050,95592144342,877292
95400000000,95700000000,95592144342,95592144343,1
95400000000,95700000000,95592144343,95592144467,124
95400000000,95700000000,95592144467,95592144468,1
95400000000,95700000000,95592144468,95594516891,2372423
95400000000,95700000000,95594516891,95599892793,5375902
95400000000,95700000000,95599892793,95638740342,38847549
95400000000,95700000000,95638740342,95653054778,14314436
95400000000,95700000000,95653054778,95655005588,1950810
95400000000,95700000000,95655005588,95661610592,6605004
95400000000,95700000000,95661610592,95661613114,2522
95400000000,95700000000,95661613114,95661633800,20686
95400000000,95700000000,95661633800,95661643122,9322
95400000000,95700000000,95661643122,95674151274,12508152
95400000000,95700000000,95674151274,95674151370,96
95400000000,95700000000,95674151370,95679229671,5078301
95400000000,95700000000,95679229671,95683692850,4463179
95400000000,95700000000,95683692850,95691384466,7691616
95400000000,95700000000,95691384466,95692739734,1355268
95400000000,95700000000,95692739734,95692790897,51163
95400000000,95700000000,95692790897,95692795953,5056
95400000000,95700000000,95692795953,95699198613,6402660
95400000000,95700000000,95699198613,95699198679,66
95400000000,95700000000,95699198679,95699857586,658907
95700000000,96000000000,95701568120,95702779181,1211061
95700000000,96000000000,95702779181,95702951445,172264
95700000000,96000000000,95702951445,95703343869,392424
95700000000,96000000000,95703343869,95712041787,8697918
95700000000,96000000000,95712041787,95714385233,2343446
95700000000,96000000000,95714385233,95714385234,1
95700000000,96000000000,95714385234,95722921502,8536268
95700000000,96000000000,95722921502,95722924632,3130
95700000000,96000000000,95722924632,95722928209,3577
95700000000,96000000000,95722928209,95730228354,7300145
95700000000,96000000000,95730228354,95734516934,4288580
95700000000,96000000000,95734516934,95749062534,14545600
95700000000,96000000000,95749062534,95750392850,1330316
95700000000,96000000000,95750392850,95754002282,3609432
95700000000,96000000000,95754002282,95756024164,2021882
95700000000,96000000000,95756024164,95758493709,2469545
95700000000,96000000000,95758493709,95776756189,18262480
95700000000,96000000000,95776756189,95782097302,5341113
95700000000,96000000000,95782097302,95782097303,1
95700000000,96000000000,95782097303,95782097304,1
95700000000,96000000000,95782097304,95800245080,18147776
95700000000,96000000000,95800245080,95800254480,9400
95700000000,96000000000,95800254480,95804453453,4198973
95700000000,96000000000,95804453453,95820762684,16309231
95700000000,96000000000,95820762684,95820766568,3884
95700000000,96000000000,95820766568,95820769692,3124
95700000000,96000000000,95820769692,95820775039,5347
95700000000,96000000000,95820775039,95827678594,6903555
95700000000,96000000000,95827678594,95827678595,1
95700000000,96000000000,95827678595,95842258179,14579584
95700000000,96000000000,95842258179,95842272298,14119
95700000000,96000000000,95842272298,95842275111,2813
95700000000,96000000000,95842275111,95842277552,2441
95700000000,96000000000,95842277552,95842280070,2518
95700000000,96000000000,95842280070,95843249091,969021
95700000000,96000000000,95843249091,95866271301,23022210
95700000000,96000000000,95866271301,95870976008,4704707
95700000000,96000000000,95870976008,95870976009,1
95700000000,96000000000,95870976009,95871057507,81498
95700000000,96000000000,95871057507,95871061169,3662
95700000000,96000000000,95871061169,95871067149,5980
95700000000,96000000000,95871067149,95871072553,5404
95700000000,96000000000,95871072553,95883608063,12535510
95700000000,96000000000,95883608063,95885164212,1556149
95700000000,96000000000,95885164212,95886294967,1130755
95700000000,96000000000,95886294967,95887489247,1194280
95700000000,96000000000,95887489247,95888511790,1022543
95700000000,96000000000,95888511790,95889676104,1164314
95700000000,96000000000,95889676104,95897411430,7735326
95700000000,96000000000,95897411430,95897472662,61232
95700000000,96000000000,95897472662,95897484001,11339
95700000000,96000000000,95897484001,95905858466,8374465
95700000000,96000000000,95905858466,95905858467,1
95700000000,96000000000,95905858467,95919295862,13437395
95700000000,96000000000,95919295862,95919338730,42868
95700000000,96000000000,95919338730,95922448481,3109751
95700000000,96000000000,95922448481,95931565291,9116810
95700000000,96000000000,95931565291,95943924098,12358807
95700000000,96000000000,95943924098,95943959229,35131
95700000000,96000000000,95943959229,95957315560,13356331
95700000000,96000000000,95957315560,95957351800,36240
95700000000,96000000000,95957351800,95957359904,8104
95700000000,96000000000,95957359904,95977708278,20348374
95700000000,96000000000,95977708278,95983611189,5902911
96000000000,96300000000,96003311761,96004329165,1017404
96000000000,96300000000,96004329165,96007614351,3285186
96000000000,96300000000,96007614351,96009041645,1427294
96000000000,96300000000,96009041645,96018425304,9383659
96000000000,96300000000,96018425304,96018425305,1
96000000000,96300000000,96018425305,96029479007,11053702
96000000000,96300000000,96029479007,96034799614,5320607
96000000000,96300000000,96034799614,96034808164,8550
96000000000,96300000000,96034808164,96034810608,2444
96000000000,96300000000,96034810608,96034813413,2805
96000000000,96300000000,96034813413,96034815960,2547
96000000000,96300000000,96034815960,96034821530,5570
96000000000,96300000000,96034821530,96034825095,3565
96000000000,96300000000,96034825095,96034827392,2297
96000000000,96300000000,96034827392,96034832598,5206
96000000000,96300000000,96034832598,96034835300,2702
96000000000,96300000000,96034835300,96042220314,7385014
96000000000,96300000000,96042220314,96047731548,5511234
96000000000,96300000000,96047731548,96052633358,4901810
96000000000,96300000000,96052633358,96067051901,14418543
96000000000,96300000000,96067051901,96092174776,25122875
96000000000,96300000000,96092174776,96092189159,14383
96000000000,96300000000,96092189159,96092194292,5133
96000000000,96300000000,96092194292,96092196874,2582
96000000000,96300000000,96092196874,96092204344,7470
96000000000,96300000000,96092204344,96097230392,5026048
96000000000,96300000000,96097230392,96097230616,224
96000000000,96300000000,96097230616,96107205604,9974988
96000000000,96300000000,96107205604,96109489339,2283735
96000000000,96300000000,96109489339,96119137444,9648105
96000000000,96300000000,96119137444,96119182029,44585
96000000000,96300000000,96119182029,96119196123,14094
96000000000,96300000000,96119196123,96119202365,6242
96000000000,96300000000,96119202365,96127196043,7993678
96000000000,96300000000,96127196043,96127196044,1
96000000000,96300000000,96127196044,96127196045,1
96000000000,96300000000,96127196045,96127196132,87
96000000000,96300000000,96127196132,96127196133,1
96000000000,96300000000,96127196133,96127196313,180
96000000000,96300000000,96127196313,96127196340,27
96000000000,96300000000,96127196340,96127196341,1
96000000000,96300000000,96127196341,96127196342,1
96000000000,96300000000,96127196342,96128218596,1022254
96000000000,96300000000,96128218596,96143686080,15467484
96000000000,96300000000,96143686080,96143721081,35001
96000000000,96300000000,96143721081,96143746582,25501
96000000000,96300000000,96143746582,96165114679,21368097
96000000000,96300000000,96165114679,96167641753,2527074
96000000000,96300000000,96167641753,96173012405,5370652
96000000000,96300000000,96173012405,96189043065,16030660
96000000000,96300000000,96189043065,96190806661,1763596
96000000000,96300000000,96190806661,96203935363,13128702
96000000000,96300000000,96203935363,96210304799,6369436
96000000000,96300000000,96210304799,96210335242,30443
96000000000,96300000000,96210335242,96210360430,25188
96000000000,96300000000,96210360430,96210366183,5753
96000000000,96300000000,96210366183,96212942952,2576769
96000000000,96300000000,96212942952,96218314714,5371762
96000000000,96300000000,96218314714,96219386576,1071862
96000000000,96300000000,96219386576,96235302189,15915613
96000000000,96300000000,96235302189,96255878323,20576134
96000000000,96300000000,96255878323,96258904319,3025996
96000000000,96300000000,96258904319,96259839164,934845
96000000000,96300000000,96259839164,96271950387,12111223
96000000000,96300000000,96271950387,96278064541,6114154
96000000000,96300000000,96278064541,96296416077,18351536
96300000000,96600000000,96315921519,96318061211,2139692
96300000000,96600000000,96318061211,96318080176,18965
96300000000,96600000000,96318080176,96318096167,15991
96300000000,96600000000,96318096167,96322688917,4592750
96300000000,96600000000,96322688917,96322688918,1
96300000000,96600000000,96322688918,96322688919,1
96300000000,96600000000,96322688919,96322688950,31
96300000000,96600000000,96322688950,96322688951,1
96300000000,96600000000,96322688951,96322688952,1
96300000000,96600000000,96322688952,96343006849,20317897
96300000000,96600000000,96343006849,96343606773,599924
96300000000,96600000000,96343606773,96343609120,2347
96300000000,96600000000,96343609120,96343621890,12770
96300000000,96600000000,96343621890,96350882036,7260146
96300000000,96600000000,96350882036,96350882037,1
96300000000,96600000000,96350882037,96356148720,5266683
96300000000,96600000000,96356148720,96357065705,916985
96300000000,96600000000,96357065705,96358094665,1028960
96300000000,96600000000,96358094665,96359040179,945514
96300000000,96600000000,96359040179,96359965755,925576
96300000000,96600000000,96359965755,96361060073,1094318
96300000000,96600000000,96361060073,96364630717,3570644
96300000000,96600000000,96364630717,96365569473,938756
96300000000,96600000000,96365569473,96370308604,4739131
96300000000,96600000000,96370308604,96371201073,892469
96300000000,96600000000,96371201073,96375317378,4116305
96300000000,96600000000,96375317378,96375340071,22693
96300000000,96600000000,96375340071,96381836707,6496636
96300000000,96600000000,96381836707,96382836338,999631
96300000000,96600000000,96382836338,96384920295,2083957
96300000000,96600000000,96384920295,96388304147,3383852
96300000000,96600000000,96388304147,96400838331,12534184
96300000000,96600000000,96400838331,96400862250,23919
96300000000,96600000000,96400862250,96400864809,2559
96300000000,96600000000,96400864809,96400867147,2338
96300000000,96600000000,96400867147,96400871489,4342
96300000000,96600000000,96400871489,96400890846,19357
96300000000,96600000000,96400890846,96408603694,7712848
96300000000,96600000000,96408603694,96408603758,64
96300000000,96600000000,96408603758,96408603759,1
96300000000,96600000000,96408603759,96408629000,25241
96300000000,96600000000,96408629000,96408629001,1
96300000000,96600000000,96408629001,96408629002,1
96300000000,96600000000,96408629002,96408629043,41
96300000000,96600000000,96408629043,96408629044,1
96300000000,96600000000,96408629044,96408629045,1
96300000000,96600000000,96408629045,96414107815,5478770
96300000000,96600000000,96414107815,96427176568,13068753
96300000000,96600000000,96427176568,96427181892,5324
96300000000,96600000000,96427181892,96435075042,7893150
96300000000,96600000000,96435075042,96445962107,10887065
96300000000,96600000000,96445962107,96451270120,5308013
96300000000,96600000000,96451270120,96451411720,141600
96300000000,96600000000,96451411720,96451414517,2797
96300000000,96600000000,96451414517,96452247626,833109
96300000000,96600000000,96452247626,96455251143,3003517
96300000000,96600000000,96455251143,96456215664,964521
96300000000,96600000000,96456215664,96463421541,7205877
96300000000,96600000000,96463421541,96474362417,10940876
96300000000,96600000000,96474362417,96474364992,2575
96300000000,96600000000,96474364992,96474385823,20831
96300000000,96600000000,96474385823,96485243373,10857550
96300000000,96600000000,96485243373,96503826663,18583290
96300000000,96600000000,96503826663,96513971008,10144345
96300000000,96600000000,96513971008,96513980493,9485
96300000000,96600000000,96513980493,96520189110,6208617
96300000000,96600000000,96520189110,96521812485,1623375
96300000000,96600000000,96521812485,96530885692,9073207
96300000000,96600000000,96530885692,96539507691,8621999
96300000000,96600000000,96539507691,96539586179,78488
96300000000,96600000000,96539586179,96544333533,4747354
96300000000,96600000000,96544333533,96564945924,20612391
96300000000,96600000000,96564945924,96571224968,6279044
96300000000,96600000000,96571224968,96571224969,1
96300000000,96600000000,96571224969,96571224970,1
96300000000,96600000000,96571224970,96583623156,12398186
96600000000,96900000000,96603498000,96604326059,828059
96600000000,96900000000,96604326059,96605197946,871887
96600000000,96900000000,96605197946,96607311373,2113427
96600000000,96900000000,96607311373,96609977272,2665899
96600000000,96900000000,96609977272,96615717166,5739894
96600000000,96900000000,96615717166,96627150599,11433433
96600000000,96900000000,96627150599,96627150600,1
96600000000,96900000000,96627150600,96627150601,1
96600000000,96900000000,96627150601,96634043866,6893265
96600000000,96900000000,96634043866,96639312390,5268524
96600000000,96900000000,96639312390,96639386609,74219
96600000000,96900000000,96639386609,96639393865,7256
96600000000,96900000000,96639393865,96639396720,2855
96600000000,96900000000,96639396720,96649544210,10147490
96600000000,96900000000,96649544210,96661923137,12378927
96600000000,96900000000,96661923137,96669531375,7608238
96600000000,96900000000,96669531375,96669544502,13127
96600000000,96900000000,96669544502,96669547407,2905
96600000000,96900000000,96669547407,96669549602,2195
96600000000,96900000000,96669549602,96669551878,2276
96600000000,96900000000,96669551878,96669554494,2616
96600000000,96900000000,96669554494,96669557860,3366
96600000000,96900000000,96669557860,96669561956,4096
96600000000,96900000000,96669561956,96677633977,8072021
96600000000,96900000000,96677633977,96677633978,1
96600000000,96900000000,96677633978,96689113284,11479306
96600000000,96900000000,96689113284,96692030473,2917189
96600000000,96900000000,96692030473,96692064000,33527
96600000000,96900000000,96692064000,96692070275,6275
96600000000,96900000000,96692070275,96695724646,3654371
96600000000,96900000000,96695724646,96704499974,8775328
96600000000,96900000000,96704499974,96705568573,1068599
96600000000,96900000000,96705568573,96727346552,21777979
96600000000,96900000000,96727346552,96727396194,49642
96600000000,96900000000,96727396194,96727417222,21028
96600000000,96900000000,96727417222,96727438065,20843
96600000000,96900000000,96727438065,96727447211,9146
96600000000,96900000000,96727447211,96740559433,13112222
96600000000,96900000000,96740559433,96740592415,32982
96600000000,96900000000,96740592415,96743776806,3184391
96600000000,96900000000,96743776806,96754526439,10749633
96600000000,96900000000,96754526439,96754531532,5093
96600000000,96900000000,96754531532,96754533989,2457
96600000000,96900000000,96754533989,96754549163,15174
96600000000,96900000000,96754549163,96754556031,6868
96600000000,96900000000,96754556031,96754560258,4227
96600000000,96900000000,96754560258,96754563970,3712
96600000000,96900000000,96754563970,96754570484,6514
96600000000,96900000000,96754570484,96761865811,7295327
96600000000,96900000000,96761865811,96761865812,1
96600000000,96900000000,96761865812,96761865813,1
96600000000,96900000000,96761865813,96768147673,6281860
96600000000,96900000000,96768147673,96776803385,8655712
96600000000,96900000000,96776803385,96782483433,5680048
96600000000,96900000000,96782483433,96809929295,27445862
96600000000,96900000000,96809929295,96809991924,62629
96600000000,96900000000,96809991924,96810001780,9856
96600000000,96900000000,96810001780,96817481111,7479331
96600000000,96900000000,96817481111,96817481257,146
96600000000,96900000000,96817481257,96817481258,1
96600000000,96900000000,96817481258,96817481259,1
96600000000,96900000000,96817481259,96825358088,7876829
96600000000,96900000000,96825358088,96831048314,5690226
96600000000,96900000000,96831048314,96831162309,113995
96600000000,96900000000,96831162309,96834465433,3303124
96600000000,96900000000,96834465433,96834468064,2631
96600000000,96900000000,96834468064,96835752288,1284224
96600000000,96900000000,96835752288,96835813797,61509
96600000000,96900000000,96835813797,96842380768,6566971
96600000000,96900000000,96842380768,96843952142,1571374
96600000000,96900000000,96843952142,96847259705,3307563
96600000000,96900000000,96847259705,96847316594,56889
96600000000,96900000000,96847316594,96847319175,2581
96600000000,96900000000,96847319175,96847321433,2258
96600000000,96900000000,96847321433,96856350615,9029182
96600000000,96900000000,96856350615,96857381927,1031312
96600000000,96900000000,96857381927,96860156753,2774826
96600000000,96900000000,96860156753,96860194583,37830
96600000000,96900000000,96860194583,96897324403,37129820
96900000000,97200000000,96901616526,96902884744,1268218
96900000000,97200000000,96902884744,96902884745,1
96900000000,97200000000,96902884745,96902884746,1
96900000000,97200000000,96902884746,96902963962,79216
96900000000,97200000000,96902963962,96905375717,2411755
96900000000,97200000000,96905375717,96921808963,16433246
96900000000,97200000000,96921808963,96921859469,50506
96900000000,97200000000,96921859469,96921861957,2488
96900000000,97200000000,96921861957,96921863889,1932
96900000000,97200000000,96921863889,96921866688,2799
96900000000,97200000000,96921866688,96921869073,2385
96900000000,97200000000,96921869073,96928986208,7117135
96900000000,97200000000,96928986208,96930901909,1915701
96900000000,97200000000,96930901909,96930901934,25
96900000000,97200000000,96930901934,96935653596,4751662
96900000000,97200000000,96935653596,96937031482,1377886
96900000000,97200000000,96937031482,96938872136,1840654
96900000000,97200000000,96938872136,96940855509,1983373
96900000000,97200000000,96940855509,96947222324,6366815
96900000000,97200000000,96947222324,96947222325,1
96900000000,97200000000,96947222325,96952780253,5557928
96900000000,97200000000,96952780253,96952784722,4469
96900000000,97200000000,96952784722,96952787173,2451
96900000000,97200000000,96952787173,96952800190,13017
96900000000,97200000000,96952800190,96953207456,407266
96900000000,97200000000,96953207456,96957109901,3902445
96900000000,97200000000,96957109901,96959815142,2705241
96900000000,97200000000,96959815142,96962947007,3131865
96900000000,97200000000,96962947007,96984955269,22008262
96900000000,97200000000,96984955269,96984972432,17163
96900000000,97200000000,96984972432,96984975228,2796
96900000000,97200000000,96984975228,96984985342,10114
96900000000,97200000000,96984985342,96985002507,17165
96900000000,97200000000,96985002507,96985013935,11428
96900000000,97200000000,96985013935,96985024303,10368
96900000000,97200000000,96985024303,96994759687,9735384
96900000000,97200000000,96994759687,96997336347,2576660
96900000000,97200000000,96997336347,96997336348,1
96900000000,97200000000,96997336348,96997336349,1
96900000000,97200000000,96997336349,96997336874,525
96900000000,97200000000,96997336874,96997336875,1
96900000000,97200000000,96997336875,96997336876,1
96900000000,97200000000,96997336876,96997336913,37
96900000000,97200000000,96997336913,96997336914,1
96900000000,97200000000,96997336914,96997337038,124
96900000000,97200000000,96997337038,96998208904,871866
96900000000,97200000000,96998208904,97000515073,2306169
96900000000,97200000000,97000515073,97020669702,20154629
96900000000,97200000000,97020669702,97052484933,31815231
96900000000,97200000000,97052484933,97063772821,11287888
96900000000,97200000000,97063772821,97079991992,16219171
96900000000,97200000000,97079991992,97079996354,4362
96900000000,97200000000,97079996354,97079998221,1867
96900000000,97200000000,97079998221,97080000625,2404
96900000000,97200000000,97080000625,97090536165,10535540
96900000000,97200000000,97090536165,97090580337,44172
96900000000,97200000000,97090580337,97104921265,14340928
96900000000,97200000000,97104921265,97104923504,2239
96900000000,97200000000,97104923504,97104991505,68001
96900000000,97200000000,97104991505,97113513405,8521900
96900000000,97200000000,97113513405,97114475793,962388
96900000000,97200000000,97114475793,97114475794,1
96900000000,97200000000,97114475794,97114475926,132
96900000000,97200000000,97114475926,97135898994,21423068
96900000000,97200000000,97135898994,97135906148,7154
96900000000,97200000000,97135906148,97140695879,4789731
96900000000,97200000000,97140695879,97143181515,2485636
96900000000,97200000000,97143181515,97146324277,3142762
96900000000,97200000000,97146324277,97149847999,3523722
96900000000,97200000000,97149847999,97149918443,70444
96900000000,97200000000,97149918443,97154133899,4215456
96900000000,97200000000,97154133899,97154261378,127479
96900000000,97200000000,97154261378,97157831451,3570073
96900000000,97200000000,97157831451,97159992783,2161332
96900000000,97200000000,97159992783,97159992784,1
96900000000,97200000000,97159992784,97166123190,6130406
96900000000,97200000000,97166123190,97172640991,6517801
96900000000,97200000000,97172640991,97174750694,2109703
96900000000,97200000000,97174750694,97174801797,51103
96900000000,97200000000,97174801797,97174804161,2364
96900000000,97200000000,97174804161,97176875311,2071150
96900000000,97200000000,97176875311,97183514046,6638735
96900000000,97200000000,97183514046,97186754297,3240251
96900000000,97200000000,97186754297,97186754298,1
96900000000,97200000000,97186754298,97186754299,1
97200000000,97500000000,97204026011,97204029164,3153
97200000000,97500000000,97204029164,97210609181,6580017
97200000000,97500000000,97210609181,97210617865,8684
97200000000,97500000000,97210617865,97216718200,6100335
97200000000,97500000000,97216718200,97216718201,1
97200000000,97500000000,97216718201,97233961466,17243265
97200000000,97500000000,97233961466,97233966163,4697
97200000000,97500000000,97233966163,97233968929,2766
97200000000,97500000000,97233968929,97233974411,5482
97200000000,97500000000,97233974411,97233977483,3072
97200000000,97500000000,97233977483,97233979603,2120
97200000000,97500000000,97233979603,97235940658,1961055
97200000000,97500000000,97235940658,97239727628,3786970
97200000000,97500000000,97239727628,97239727629,1
97200000000,97500000000,97239727629,97266915823,27188194
97200000000,97500000000,97266915823,97266918604,2781
97200000000,97500000000,97266918604,97266931408,12804
97200000000,97500000000,97266931408,97283157592,16226184
97200000000,97500000000,97283157592,97294492178,11334586
97200000000,97500000000,97294492178,97296938896,2446718
97200000000,97500000000,97296938896,97296941395,2499
97200000000,97500000000,97296941395,97296943762,2367
97200000000,97500000000,97296943762,97296946493,2731
97200000000,97500000000,97296946493,97296954648,8155
97200000000,97500000000,97296954648,97296956456,1808
97200000000,97500000000,97296956456,97307921009,10964553
97200000000,97500000000,97307921009,97307921010,1
97200000000,97500000000,97307921010,97307921011,1
97200000000,97500000000,97307921011,97319898396,11977385
97200000000,97500000000,97319898396,97321250030,1351634
97200000000,97500000000,97321250030,97323878703,2628673
97200000000,97500000000,97323878703,97325036482,1157779
97200000000,97500000000,97325036482,97325038892,2410
97200000000,97500000000,97325038892,97325041887,2995
97200000000,97500000000,97325041887,97332366777,7324890
97200000000,97500000000,97332366777,97332366778,1
97200000000,97500000000,97332366778,97332366821,43
97200000000,97500000000,97332366821,97356393517,24026696
97200000000,97500000000,97356393517,97356410569,17052
97200000000,97500000000,97356410569,97356413575,3006
97200000000,97500000000,97356413575,97356416078,2503
97200000000,97500000000,97356416078,97356419272,3194
97200000000,97500000000,97356419272,97356423239,3967
97200000000,97500000000,97356423239,97362839469,6416230
97200000000,97500000000,97362839469,97362839470,1
97200000000,97500000000,97362839470,97367540252,4700782
97200000000,97500000000,97367540252,97383895184,16354932
97200000000,97500000000,97383895184,97385418107,1522923
97200000000,97500000000,97385418107,97385422018,3911
97200000000,97500000000,97385422018,97385425191,3173
97200000000,97500000000,97385425191,97385441491,16300
97200000000,97500000000,97385441491,97385446665,5174
97200000000,97500000000,97385446665,97396539135,11092470
97200000000,97500000000,97396539135,97396540168,1033
97200000000,97500000000,97396540168,97396540169,1
97200000000,97500000000,97396540169,97403688226,7148057
97200000000,97500000000,97403688226,97414341007,10652781
97200000000,97500000000,97414341007,97414344437,3430
97200000000,97500000000,97414344437,97414348526,4089
97200000000,97500000000,97414348526,97416654755,2306229
97200000000,97500000000,97416654755,97427055274,10400519
97200000000,97500000000,97427055274,97433080639,6025365
97200000000,97500000000,97433080639,97433137900,57261
97200000000,97500000000,97433137900,97447098855,13960955
97200000000,97500000000,97447098855,97450310166,3211311
97200000000,97500000000,97450310166,97450326082,15916
97200000000,97500000000,97450326082,97454807871,4481789
97200000000,97500000000,97454807871,97463145377,8337506
97200000000,97500000000,97463145377,97475168308,12022931
97200000000,97500000000,97475168308,97475215660,47352
97200000000,97500000000,97475215660,97475226747,11087
97200000000,97500000000,97475226747,97475250508,23761
97200000000,97500000000,97475250508,97478087649,2837141
97200000000,97500000000,97478087649,97483506862,5419213
97200000000,97500000000,97483506862,97487223712,3716850
97200000000,97500000000,97487223712,97488564157,1340445
97200000000,97500000000,97488564157,97488613006,48849
97200000000,97500000000,97488613006,97488618629,5623
97200000000,97500000000,97488618629,97490995571,2376942
97200000000,97500000000,97490995571,97495903224,4907653
97500000000,97800000000,97502542298,97503622760,1080462
97500000000,97800000000,97503622760,97511525257,7902497
97500000000,97800000000,97511525257,97518419165,6893908
97500000000,97800000000,97518419165,97520319057,1899892
97500000000,97800000000,97520319057,97520366520,47463
97500000000,97800000000,97520366520,97524146615,3780095
97500000000,97800000000,97524146615,97532142824,7996209
97500000000,97800000000,97532142824,97533141333,998509
97500000000,97800000000,97533141333,97533141334,1
97500000000,97800000000,97533141334,97541198562,8057228
97500000000,97800000000,97541198562,97542189428,990866
97500000000,97800000000,97542189428,97543639795,1450367
97500000000,97800000000,97543639795,97547949758,4309963
97500000000,97800000000,97547949758,97547949759,1
97500000000,97800000000,97547949759,97548165154,215395
97500000000,97800000000,97548165154,97552035340,3870186
97500000000,97800000000,97552035340,97552035341,1
97500000000,97800000000,97552035341,97552035342,1
97500000000,97800000000,97552035342,97570256633,18221291
97500000000,97800000000,97570256633,97572471447,2214814
97500000000,97800000000,97572471447,97572508812,37365
97500000000,97800000000,97572508812,97572514311,5499
97500000000,97800000000,97572514311,97579514083,6999772
97500000000,97800000000,97579514083,97602309674,22795591
97500000000,97800000000,97602309674,97628428514,26118840
97500000000,97800000000,97628428514,97637861449,9432935
97500000000,97800000000,97637861449,97637861450,1
97500000000,97800000000,97637861450,97639255228,1393778
97500000000,97800000000,97639255228,97645647463,6392235
97500000000,97800000000,97645647463,97651151868,5504405
97500000000,97800000000,97651151868,97656857076,5705208
97500000000,97800000000,97656857076,97656925213,68137
97500000000,97800000000,97656925213,97656931372,6159
97500000000,97800000000,97656931372,97659212741,2281369
97500000000,97800000000,97659212741,97660726439,1513698
97500000000,97800000000,97660726439,97664660943,3934504
97500000000,97800000000,97664660943,97668382077,3721134
97500000000,97800000000,97668382077,97668382078,1
97500000000,97800000000,97668382078,97687730514,19348436
97500000000,97800000000,97687730514,97691636139,3905625
97500000000,97800000000,97691636139,97691642530,6391
97500000000,97800000000,97691642530,97691644968,2438
97500000000,97800000000,97691644968,97691649132,4164
97500000000,97800000000,97691649132,97699998125,8348993
97500000000,97800000000,97699998125,97701222414,1224289
97500000000,97800000000,97701222414,97701222415,1
97500000000,97800000000,97701222415,97720374250,19151835
97500000000,97800000000,97720374250,97720438046,63796
97500000000,97800000000,97720438046,97720441002,2956
97500000000,97800000000,97720441002,97720452860,11858
97500000000,97800000000,97720452860,97720456797,3937
97500000000,97800000000,97720456797,97720461950,5153
97500000000,97800000000,97720461950,97728862691,8400741
97500000000,97800000000,97728862691,97730067462,1204771
97500000000,97800000000,97730067462,97730067463,1
97500000000,97800000000,97730067463,97730067464,1
97500000000,97800000000,97730067464,97730068079,615
97500000000,97800000000,97730068079,97730068080,1
97500000000,97800000000,97730068080,97730476418,408338
97500000000,97800000000,97730476418,97752189739,21713321
97500000000,97800000000,97752189739,97752211796,22057
97500000000,97800000000,97752211796,97761937292,9725496
97500000000,97800000000,97761937292,97761937293,1
97500000000,97800000000,97761937293,97761937294,1
97500000000,97800000000,97761937294,97765993353,4056059
97500000000,97800000000,97765993353,97766055413,62060
97800000000,98100000000,97804740747,97810123453,5382706
97800000000,98100000000,97810123453,97814149070,4025617
97800000000,98100000000,97814149070,97819318797,5169727
97800000000,98100000000,97819318797,97822900292,3581495
97800000000,98100000000,97822900292,97823021095,120803
97800000000,98100000000,97823021095,97824590395,1569300
97800000000,98100000000,97824590395,97828277233,3686838
97800000000,98100000000,97828277233,97828277234,1
97800000000,98100000000,97828277234,97832567447,4290213
97800000000,98100000000,97832567447,97832574459,7012
97800000000,98100000000,97832574459,97832577613,3154
97800000000,98100000000,97832577613,97832580243,2630
97800000000,98100000000,97832580243,97832583958,3715
97800000000,98100000000,97832583958,97832586533,2575
97800000000,98100000000,97832586533,97832588665,2132
97800000000,98100000000,97832588665,97832590489,1824
97800000000,98100000000,97832590489,97846970583,14380094
97800000000,98100000000,97846970583,97846970584,1
97800000000,98100000000,97846970584,97846970585,1
97800000000,98100000000,97846970585,97855982489,9011904
97800000000,98100000000,97855982489,97862396677,6414188
97800000000,98100000000,97862396677,97862529538,132861
97800000000,98100000000,97862529538,97862538461,8923
97800000000,98100000000,97862538461,97869215219,6676758
97800000000,98100000000,97869215219,97869215220,1
97800000000,98100000000,97869215220,97872687230,3472010
97800000000,98100000000,97872687230,97880301152,7613922
97800000000,98100000000,97880301152,97883834031,3532879
97800000000,98100000000,97883834031,97883909428,75397
97800000000,98100000000,97883909428,97899384372,15474944
97800000000,98100000000,97899384372,97899390605,6233
97800000000,98100000000,97899390605,97899393711,3106
97800000000,98100000000,97899393711,97899417312,23601
97800000000,98100000000,97899417312,97906844184,7426872
97800000000,98100000000,97906844184,97906844185,1
97800000000,98100000000,97906844185,97932575131,25730946
97800000000,98100000000,97932575131,97941911505,9336374
97800000000,98100000000,97941911505,97945445318,3533813
97800000000,98100000000,97945445318,97950974373,5529055
97800000000,98100000000,97950974373,97957956150,6981777
97800000000,98100000000,97957956150,97960747777,2791627
97800000000,98100000000,97960747777,97960819529,71752
97800000000,98100000000,97960819529,97960822191,2662
97800000000,98100000000,97960822191,97960828199,6008
97800000000,98100000000,97960828199,97960830263,2064
97800000000,98100000000,97960830263,97960848193,17930
97800000000,98100000000,97960848193,97960859023,10830
97800000000,98100000000,97960859023,97966723559,5864536
97800000000,98100000000,97966723559,97969481738,2758179
97800000000,98100000000,97969481738,97969482767,1029
97800000000,98100000000,97969482767,97969482768,1
97800000000,98100000000,97969482768,97969482986,218
97800000000,98100000000,97969482986,97969483123,137
97800000000,98100000000,97969483123,97988693254,19210131
97800000000,98100000000,97988693254,97988695992,2738
97800000000,98100000000,97988695992,97988698073,2081
97800000000,98100000000,97988698073,97988701378,3305
97800000000,98100000000,97988701378,98006142943,17441565
97800000000,98100000000,98006142943,98006142944,1
97800000000,98100000000,98006142944,98014047970,7905026
97800000000,98100000000,98014047970,98024796310,10748340
97800000000,98100000000,98024796310,98024796311,1
97800000000,98100000000,98024796311,98027326940,2530629
97800000000,98100000000,98027326940,98027333314,6374
97800000000,98100000000,98027333314,98027341371,8057
97800000000,98100000000,98027341371,98035593731,8252360
97800000000,98100000000,98035593731,98045780746,10187015
97800000000,98100000000,98045780746,98047143373,1362627
97800000000,98100000000,98047143373,98048507263,1363890
97800000000,98100000000,98048507263,98048714562,207299
97800000000,98100000000,98048714562,98050462309,1747747
97800000000,98100000000,98050462309,98053863480,3401171
97800000000,98100000000,98053863480,98069680806,15817326
97800000000,98100000000,98069680806,98083680904,14000098
97800000000,98100000000,98083680904,98083875231,194327
97800000000,98100000000,98083875231,98084025189,149958
97800000000,98100000000,98084025189,98084031217,6028
97800000000,98100000000,98084031217,98084033725,2508
97800000000,98100000000,98084033725,98084037611,3886
97800000000,98100000000,98084037611,98090941707,6904096
97800000000,98100000000,98090941707,98090941708,1
97800000000,98100000000,98090941708,98090941783,75
97800000000,98100000000,98090941783,98090941784,1
97800000000,98100000000,98090941784,98098182690,7240906
98100000000,98400000000,98102598561,98103969351,1370790
98100000000,98400000000,98103969351,98119605184,15635833
98100000000,98400000000,98119605184,98119609246,4062
98100000000,98400000000,98119609246,98119617617,8371
98100000000,98400000000,98119617617,98124840554,5222937
98100000000,98400000000,98124840554,98133869747,9029193
98100000000,98400000000,98133869747,98135974306,2104559
98100000000,98400000000,98135974306,98141102865,5128559
98100000000,98400000000,98141102865,98145172378,4069513
98100000000,98400000000,98145172378,98145239763,67385
98100000000,98400000000,98145239763,98145257360,17597
98100000000,98400000000,98145257360,98149400670,4143310
98100000000,98400000000,98149400670,98149401694,1024
98100000000,98400000000,98149401694,98156647430,7245736
98100000000,98400000000,98156647430,98167110227,10462797
98100000000,98400000000,98167110227,98167110228,1
98100000000,98400000000,98167110228,98172307879,5197651
98100000000,98400000000,98172307879,98172315473,7594
98100000000,98400000000,98172315473,98180070659,7755186
98100000000,98400000000,98180070659,98183315580,3244921
98100000000,98400000000,98183315580,98199363027,16047447
98100000000,98400000000,98199363027,98199367451,4424
98100000000,98400000000,98199367451,98206657718,7290267
98100000000,98400000000,98206657718,98221620368,14962650
98100000000,98400000000,98221620368,98221632870,12502
98100000000,98400000000,98221632870,98221636442,3572
98100000000,98400000000,98221636442,98229304293,7667851
98100000000,98400000000,98229304293,98234175025,4870732
98100000000,98400000000,98234175025,98234228843,53818
98100000000,98400000000,98234228843,98246255498,12026655
98100000000,98400000000,98246255498,98246257761,2263
98100000000,98400000000,98246257761,98264910241,18652480
98100000000,98400000000,98264910241,98272845032,7934791
98100000000,98400000000,98272845032,98277253339,4408307
98100000000,98400000000,98277253339,98288858128,11604789
98100000000,98400000000,98288858128,98288980013,121885
98100000000,98400000000,98288980013,98292622265,3642252
98100000000,98400000000,98292622265,98292626117,3852
98100000000,98400000000,98292626117,98296878963,4252846
98100000000,98400000000,98296878963,98298223609,1344646
98100000000,98400000000,98298223609,98299860387,1636778
98100000000,98400000000,98299860387,98307403162,7542775
98100000000,98400000000,98307403162,98309982892,2579730
98100000000,98400000000,98309982892,98310046742,63850
98100000000,98400000000,98310046742,98336573886,26527144
98100000000,98400000000,98336573886,98336577045,3159
98100000000,98400000000,98336577045,98340589469,4012424
98100000000,98400000000,98340589469,98342148094,1558625
98100000000,98400000000,98342148094,98360037884,17889790
98100000000,98400000000,98360037884,98360044610,6726
98100000000,98400000000,98360044610,98360050651,6041
98100000000,98400000000,98360050651,98360074282,23631
98100000000,98400000000,98360074282,98360083225,8943
98100000000,98400000000,98360083225,98360087579,4354
98100000000,98400000000,98360087579,98360090482,2903
98100000000,98400000000,98360090482,98362952463,2861981
98100000000,98400000000,98362952463,98369095346,6142883
98100000000,98400000000,98369095346,98369095347,1
98100000000,98400000000,98369095347,98369095472,125
98100000000,98400000000,98369095472,98369095473,1
98100000000,98400000000,98369095473,98369095553,80
98100000000,98400000000,98369095553,98369095554,1
98100000000,98400000000,98369095554,98371364381,2268827
98100000000,98400000000,98371364381,98376937063,5572682
98100000000,98400000000,98376937063,98377012927,75864
98100000000,98400000000,98377012927,98394874331,17861404
98400000000,98700000000,98402957301,98403008054,50753
98400000000,98700000000,98403008054,98404623517,1615463
98400000000,98700000000,98404623517,98404626055,2538
98400000000,98700000000,98404626055,98409107065,4481010
98400000000,98700000000,98409107065,98409112335,5270
98400000000,98700000000,98409112335,98418039151,8926816
98400000000,98700000000,98418039151,98426738445,8699294
98400000000,98700000000,98426738445,98429730778,2992333
98400000000,98700000000,98429730778,98431199688,1468910
98400000000,98700000000,98431199688,98435222052,4022364
98400000000,98700000000,98435222052,98441628496,6406444
98400000000,98700000000,98441628496,98441634107,5611
98400000000,98700000000,98441634107,98441636609,2502
98400000000,98700000000,98441636609,98441643925,7316
98400000000,98700000000,98441643925,98441646221,2296
98400000000,98700000000,98441646221,98441653132,6911
98400000000,98700000000,98441653132,98441655010,1878
98400000000,98700000000,98441655010,98441700083,45073
98400000000,98700000000,98441700083,98448166030,6465947
98400000000,98700000000,98448166030,98448166031,1
98400000000,98700000000,98448166031,98448166032,1
98400000000,98700000000,98448166032,98448167580,1548
98400000000,98700000000,98448167580,98448167581,1
98400000000,98700000000,98448167581,98454428901,6261320
98400000000,98700000000,98454428901,98467271548,12842647
98400000000,98700000000,98467271548,98488169222,20897674
98400000000,98700000000,98488169222,98488172890,3668
98400000000,98700000000,98488172890,98490731568,2558678
98400000000,98700000000,98490731568,98501387979,10656411
98400000000,98700000000,98501387979,98513455701,12067722
98400000000,98700000000,98513455701,98513477141,21440
98400000000,98700000000,98513477141,98513507989,30848
98400000000,98700000000,98513507989,98513510835,2846
98400000000,98700000000,98513510835,98513524359,13524
98400000000,98700000000,98513524359,98519976134,6451775
98400000000,98700000000,98519976134,98519976258,124
98400000000,98700000000,98519976258,98519976259,1
98400000000,98700000000,98519976259,98522555746,2579487
98400000000,98700000000,98522555746,98534890586,12334840
98400000000,98700000000,98534890586,98536284731,1394145
98400000000,98700000000,98536284731,98538196708,1911977
98400000000,98700000000,98538196708,98538291006,94298
98400000000,98700000000,98538291006,98540375449,2084443
98400000000,98700000000,98540375449,98540383913,8464
98400000000,98700000000,98540383913,98540393384,9471
98400000000,98700000000,98540393384,98552594542,12201158
98400000000,98700000000,98552594542,98560777870,8183328
98400000000,98700000000,98560777870,98565975799,5197929
98400000000,98700000000,98565975799,98565978279,2480
98400000000,98700000000,98565978279,98565982628,4349
98400000000,98700000000,98565982628,98567489826,1507198
98400000000,98700000000,98567489826,98575883518,8393692
98400000000,98700000000,98575883518,98575883519,1
98400000000,98700000000,98575883519,98576881433,997914
98400000000,98700000000,98576881433,98581806027,4924594
98400000000,98700000000,98581806027,98586857816,5051789
98400000000,98700000000,98586857816,98586869761,11945
98400000000,98700000000,98586869761,98588145120,1275359
98400000000,98700000000,98588145120,98589687354,1542234
98400000000,98700000000,98589687354,98596348060,6660706
98400000000,98700000000,98596348060,98596410203,62143
98400000000,98700000000,98596410203,98596437380,27177
98400000000,98700000000,98596437380,98602487971,6050591
98400000000,98700000000,98602487971,98602488096,125
98400000000,98700000000,98602488096,98602489117,1021
98400000000,98700000000,98602489117,98602489118,1
98400000000,98700000000,98602489118,98602489119,1
98400000000,98700000000,98602489119,98608022701,5533582
98400000000,98700000000,98608022701,98610628676,2605975
98400000000,98700000000,98610628676,98625558512,14929836
98400000000,98700000000,98625558512,98625569099,10587
98400000000,98700000000,98625569099,98634138190,8569091
98400000000,98700000000,98634138190,98634138191,1
98400000000,98700000000,98634138191,98647293204,13155013
98400000000,98700000000,98647293204,98654155285,6862081
98400000000,98700000000,98654155285,98654484849,329564
98400000000,98700000000,98654484849,98654539091,54242
98400000000,98700000000,98654539091,98665944704,11405613
98400000000,98700000000,98665944704,98665947618,2914
98400000000,98700000000,98665947618,98692231709,26284091
98400000000,98700000000,98692231709,98692236438,4729
98700000000,99000000000,98701869780,98705434872,3565092
98700000000,99000000000,98705434872,98705442680,7808
98700000000,99000000000,98705442680,98706951607,1508927
98700000000,99000000000,98706951607,98715230040,8278433
98700000000,99000000000,98715230040,98715235197,5157
98700000000,99000000000,98715235197,98715255591,20394
98700000000,99000000000,98715255591,98715262434,6843
98700000000,99000000000,98715262434,98716731796,1469362
98700000000,99000000000,98716731796,98720996532,4264736
98700000000,99000000000,98720996532,98720996533,1
98700000000,99000000000,98720996533,98720996534,1
98700000000,99000000000,98720996534,98761893170,40896636
98700000000,99000000000,98761893170,98761896368,3198
98700000000,99000000000,98761896368,98761899165,2797
98700000000,99000000000,98761899165,98761901737,2572
98700000000,99000000000,98761901737,98761903971,2234
98700000000,99000000000,98761903971,98761906081,2110
98700000000,99000000000,98761906081,98761908380,2299
98700000000,99000000000,98761908380,98774371636,12463256
98700000000,99000000000,98774371636,98783555603,9183967
98700000000,99000000000,98783555603,98785344433,1788830
98700000000,99000000000,98785344433,98787452198,2107765
98700000000,99000000000,98787452198,98793250463,5798265
98700000000,99000000000,98793250463,98795314886,2064423
98700000000,99000000000,98795314886,98797103743,1788857
98700000000,99000000000,98797103743,98802263920,5160177
98700000000,99000000000,98802263920,98805247074,2983154
98700000000,99000000000,98805247074,98811349249,6102175
98700000000,99000000000,98811349249,98812649756,1300507
98700000000,99000000000,98812649756,98814620865,1971109
98700000000,99000000000,98814620865,98814623794,2929
98700000000,99000000000,98814623794,98821117540,6493746
98700000000,99000000000,98821117540,98821237335,119795
98700000000,99000000000,98821237335,98824825005,3587670
98700000000,99000000000,98824825005,98824825081,76
98700000000,99000000000,98824825081,98824825082,1
98700000000,99000000000,98824825082,98827421433,2596351
98700000000,99000000000,98827421433,98829361493,1940060
98700000000,99000000000,98829361493,98830817961,1456468
98700000000,99000000000,98830817961,98831000439,182478
98700000000,99000000000,98831000439,98831012593,12154
98700000000,99000000000,98831012593,98837096324,6083731
98700000000,99000000000,98837096324,98837096325,1
98700000000,99000000000,98837096325,98838332824,1236499
98700000000,99000000000,98838332824,98838353974,21150
98700000000,99000000000,98838353974,98841859375,3505401
98700000000,99000000000,98841859375,98843617106,1757731
98700000000,99000000000,98843617106,98846623273,3006167
98700000000,99000000000,98846623273,98847600074,976801
98700000000,99000000000,98847600074,98849457458,1857384
98700000000,99000000000,98849457458,98849460002,2544
98700000000,99000000000,98849460002,98849464151,4149
98700000000,99000000000,98849464151,98849473760,9609
98700000000,99000000000,98849473760,98849485725,11965
98700000000,99000000000,98849485725,98869523511,20037786
98700000000,99000000000,98869523511,98869619781,96270
98700000000,99000000000,98869619781,98883434488,13814707
98700000000,99000000000,98883434488,98883512511,78023
98700000000,99000000000,98883512511,98883520338,7827
98700000000,99000000000,98883520338,98883523022,2684
98700000000,99000000000,98883523022,98883525850,2828
98700000000,99000000000,98883525850,98892181939,8656089
98700000000,99000000000,98892181939,98893372942,1191003
98700000000,99000000000,98893372942,98894293803,920861
98700000000,99000000000,98894293803,98894331194,37391
98700000000,99000000000,98894331194,98898838582,4507388
98700000000,99000000000,98898838582,98898838770,188
98700000000,99000000000,98898838770,98904469168,5630398
98700000000,99000000000,98904469168,98916958001,12488833
98700000000,99000000000,98916958001,98925009509,8051508
98700000000,99000000000,98925009509,98926722250,1712741
98700000000,99000000000,98926722250,98933445561,6723311
98700000000,99000000000,98933445561,98933445802,241
98700000000,99000000000,98933445802,98933445803,1
98700000000,99000000000,98933445803,98933445831,28
98700000000,99000000000,98933445831,98933445949,118
98700000000,99000000000,98933445949,98933447008,1059
98700000000,99000000000,98933447008,98933447157,149
98700000000,99000000000,98933447157,98933447158,1
98700000000,99000000000,98933447158,98933447159,1
98700000000,99000000000,98933447159,98944410328,10963169
98700000000,99000000000,98944410328,98951563880,7153552
98700000000,99000000000,98951563880,98951563881,1
98700000000,99000000000,98951563881,98951563882,1
98700000000,99000000000,98951563882,98951563947,65
98700000000,99000000000,98951563947,98951563948,1
98700000000,99000000000,98951563948,98951563949,1
98700000000,99000000000,98951563949,98951564042,93
98700000000,99000000000,98951564042,98951564043,1
98700000000,99000000000,98951564043,98951564044,1
98700000000,99000000000,98951564044,98952086439,522395
98700000000,99000000000,98952086439,98952091514,5075
98700000000,99000000000,98952091514,98968217301,16125787
98700000000,99000000000,98968217301,98991540279,23322978
98700000000,99000000000,98991540279,98991543219,2940
98700000000,99000000000,98991543219,98991567959,24740
98700000000,99000000000,98991567959,98998355929,6787970
99000000000,99300000000,99001355332,99005233337,3878005
99000000000,99300000000,99005233337,99009300201,4066864
99000000000,99300000000,99009300201,99009385208,85007
99000000000,99300000000,99009385208,99010869110,1483902
99000000000,99300000000,99010869110,99014421129,3552019
99000000000,99300000000,99014421129,99014456133,35004
99000000000,99300000000,99014456133,99016415980,1959847
99000000000,99300000000,99016415980,99017664646,1248666
99000000000,99300000000,99017664646,99022842814,5178168
99000000000,99300000000,99022842814,99044807934,21965120
99000000000,99300000000,99044807934,99044812891,4957
99000000000,99300000000,99044812891,99044814948,2057
99000000000,99300000000,99044814948,99044817135,2187
99000000000,99300000000,99044817135,99057506125,12688990
99000000000,99300000000,99057506125,99057508515,2390
99000000000,99300000000,99057508515,99057510463,1948
99000000000,99300000000,99057510463,99059009497,1499034
99000000000,99300000000,99059009497,99066495306,7485809
99000000000,99300000000,99066495306,99067909471,1414165
99000000000,99300000000,99067909471,99069473613,1564142
99000000000,99300000000,99069473613,99070910334,1436721
99000000000,99300000000,99070910334,99072183223,1272889
99000000000,99300000000,99072183223,99072266746,83523
99000000000,99300000000,99072266746,99086489732,14222986
99000000000,99300000000,99086489732,99086492713,2981
99000000000,99300000000,99086492713,99086494839,2126
99000000000,99300000000,99086494839,99093308186,6813347
99000000000,99300000000,99093308186,99116672036,23363850
99000000000,99300000000,99116672036,99118120895,1448859
99000000000,99300000000,99118120895,99139547568,21426673
99000000000,99300000000,99139547568,99145470837,5923269
99000000000,99300000000,99145470837,99145551348,80511
99000000000,99300000000,99145551348,99150634684,5083336
99000000000,99300000000,99150634684,99153558459,2923775
99000000000,99300000000,99153558459,99153558460,1
99000000000,99300000000,99153558460,99177927269,24368809
99000000000,99300000000,99177927269,99177930190,2921
99000000000,99300000000,99177930190,99177932489,2299
99000000000,99300000000,99177932489,99177938574,6085
99000000000,99300000000,99177938574,99177944345,5771
99000000000,99300000000,99177944345,99186615846,8671501
99000000000,99300000000,99186615846,99192708523,6092677
99000000000,99300000000,99192708523,99192708524,1
99000000000,99300000000,99192708524,99203363704,10655180
99000000000,99300000000,99203363704,99203372026,8322
99000000000,99300000000,99203372026,99203384016,11990
99000000000,99300000000,99203384016,99203402686,18670
99000000000,99300000000,99203402686,99208011035,4608349
99000000000,99300000000,99208011035,99208011036,1
99000000000,99300000000,99208011036,99208011037,1
99000000000,99300000000,99208011037,99208011217,180
99000000000,99300000000,99208011217,99208011218,1
99000000000,99300000000,99208011218,99208011219,1
99000000000,99300000000,99208011219,99208011738,519
99000000000,99300000000,99208011738,99208012762,1024
99000000000,99300000000,99208012762,99239837061,31824299
99000000000,99300000000,99239837061,99239843617,6556
99000000000,99300000000,99239843617,99239846454,2837
99000000000,99300000000,99239846454,99239850139,3685
99000000000,99300000000,99239850139,99239852953,2814
99000000000,99300000000,99239852953,99242862300,3009347
99000000000,99300000000,99242862300,99253745473,10883173
99000000000,99300000000,99253745473,99259501298,5755825
99000000000,99300000000,99259501298,99272546500,13045202
99000000000,99300000000,99272546500,99296559733,24013233
99300000000,99600000000,99300919537,99301160296,240759
99300000000,99600000000,99301160296,99302633029,1472733
99300000000,99600000000,99302633029,99302658558,25529
99300000000,99600000000,99302658558,99303728740,1070182
99300000000,99600000000,99303728740,99303728741,1
99300000000,99600000000,99303728741,99303728742,1
99300000000,99600000000,99303728742,99304568513,839771
99300000000,99600000000,99304568513,99321974513,17406000
99300000000,99600000000,99321974513,99321979189,4676
99300000000,99600000000,99321979189,99325288491,3309302
99300000000,99600000000,99325288491,99331828321,6539830
99300000000,99600000000,99331828321,99331878903,50582
99300000000,99600000000,99331878903,99338559561,6680658
99300000000,99600000000,99338559561,99341406322,2846761
99300000000,99600000000,99341406322,99344127333,2721011
99300000000,99600000000,99344127333,99346213482,2086149
99300000000,99600000000,99346213482,99346227664,14182
99300000000,99600000000,99346227664,99346230883,3219
99300000000,99600000000,99346230883,99347665920,1435037
99300000000,99600000000,99347665920,99349467891,1801971
99300000000,99600000000,99349467891,99350995905,1528014
99300000000,99600000000,99350995905,99352628583,1632678
99300000000,99600000000,99352628583,99352628584,1
99300000000,99600000000,99352628584,99353171574,542990
99300000000,99600000000,99353171574,99364924930,11753356
99300000000,99600000000,99364924930,99365001091,76161
99300000000,99600000000,99365001091,99375269882,10268791
99300000000,99600000000,99375269882,99375269883,1
99300000000,99600000000,99375269883,99379013582,3743699
99300000000,99600000000,99379013582,99379016786,3204
99300000000,99600000000,99379016786,99379059825,43039
99300000000,99600000000,99379059825,99380151019,1091194
99300000000,99600000000,99380151019,99402278331,22127312
99300000000,99600000000,99402278331,99402285403,7072
99300000000,99600000000,99402285403,99402287468,2065
99300000000,99600000000,99402287468,99405342193,3054725
99300000000,99600000000,99405342193,99405342194,1
99300000000,99600000000,99405342194,99405342221,27
99300000000,99600000000,99405342221,99405342222,1
99300000000,99600000000,99405342222,99412249233,6907011
99300000000,99600000000,99412249233,99420998846,8749613
99300000000,99600000000,99420998846,99426271540,5272694
99300000000,99600000000,99426271540,99440747222,14475682
99300000000,99600000000,99440747222,99454592701,13845479
99300000000,99600000000,99454592701,99460297617,5704916
99300000000,99600000000,99460297617,99476421754,16124137
99300000000,99600000000,99476421754,99476442894,21140
99300000000,99600000000,99476442894,99479302084,2859190
99300000000,99600000000,99479302084,99492974120,13672036
99300000000,99600000000,99492974120,99494811125,1837005
99300000000,99600000000,99494811125,99494867837,56712
99300000000,99600000000,99494867837,99496136848,1269011
99300000000,99600000000,99496136848,99496217975,81127
99300000000,99600000000,99496217975,99496222554,4579
99300000000,99600000000,99496222554,99514844860,18622306
99300000000,99600000000,99514844860,99527391889,12547029
99300000000,99600000000,99527391889,99532408521,5016632
99300000000,99600000000,99532408521,99534636734,2228213
99300000000,99600000000,99534636734,99538481591,3844857
99300000000,99600000000,99538481591,99538503914,22323
99300000000,99600000000,99538503914,99538507257,3343
99300000000,99600000000,99538507257,99540243871,1736614
99300000000,99600000000,99540243871,99549738751,9494880
99300000000,99600000000,99549738751,99565946122,16207371
99300000000,99600000000,99565946122,99565954461,8339
99300000000,99600000000,99565954461,99571419766,5465305
99300000000,99600000000,99571419766,99575674024,4254258
99300000000,99600000000,99575674024,99577190640,1516616
99300000000,99600000000,99577190640,99577190641,1
99300000000,99600000000,99577190641,99585349488,8158847
99300000000,99600000000,99585349488,99590987619,5638131
99300000000,99600000000,99590987619,99595336783,4349164
99300000000,99600000000,99595336783,99595374581,37798
99300000000,99600000000,99595374581,99595381562,6981
99300000000,99600000000,99595381562,99596745934,1364372
99600000000,99900000000,99602743557,99604600085,1856528
99600000000,99900000000,99604600085,99612109510,7509425
99600000000,99900000000,99612109510,99612109511,1
99600000000,99900000000,99612109511,99612109512,1
99600000000,99900000000,99612109512,99612109549,37
99600000000,99900000000,99612109549,99612109550,1
99600000000,99900000000,99612109550,99612109551,1
99600000000,99900000000,99612109551,99612554733,445182
99600000000,99900000000,99612554733,99612666232,111499
99600000000,99900000000,99612666232,99617597384,4931152
99600000000,99900000000,99617597384,99624990663,7393279
99600000000,99900000000,99624990663,99624993213,2550
99600000000,99900000000,99624993213,99624994887,1674
99600000000,99900000000,99624994887,99624997674,2787
99600000000,99900000000,99624997674,99631054317,6056643
99600000000,99900000000,99631054317,99631054318,1
99600000000,99900000000,99631054318,99631054319,1
99600000000,99900000000,99631054319,99643823890,12769571
99600000000,99900000000,99643823890,99658082044,14258154
99600000000,99900000000,99658082044,99658450295,368251
99600000000,99900000000,99658450295,99658734192,283897
99600000000,99900000000,99658734192,99658830536,96344
99600000000,99900000000,99658830536,99658897774,67238
99600000000,99900000000,99658897774,99659006737,108963
99600000000,99900000000,99659006737,99659252816,246079
99600000000,99900000000,99659252816,99659406834,154018
99600000000,99900000000,99659406834,99659831301,424467
99600000000,99900000000,99659831301,99659885435,54134
99600000000,99900000000,99659885435,99663437609,3552174
99600000000,99900000000,99663437609,99674220529,10782920
99600000000,99900000000,99674220529,99675986179,1765650
99600000000,99900000000,99675986179,99682615704,6629525
99600000000,99900000000,99682615704,99685195652,2579948
99600000000,99900000000,99685195652,99691271899,6076247
99600000000,99900000000,99691271899,99693098337,1826438
99600000000,99900000000,99693098337,99693102004,3667
99600000000,99900000000,99693102004,99693108584,6580
99600000000,99900000000,99693108584,99693110610,2026
99600000000,99900000000,99693110610,99693115059,4449
99600000000,99900000000,99693115059,99693116863,1804
99600000000,99900000000,99693116863,99693122441,5578
99600000000,99900000000,99693122441,99693164813,42372
99600000000,99900000000,99693164813,99693177897,13084
99600000000,99900000000,99693177897,99693194580,16683
99600000000,99900000000,99693194580,99693198549,3969
99600000000,99900000000,99693198549,99693200747,2198
99600000000,99900000000,99693200747,99693205986,5239
99600000000,99900000000,99693205986,99693217550,11564
99600000000,99900000000,99693217550,99693219996,2446
99600000000,99900000000,99693219996,99693222022,2026
99600000000,99900000000,99693222022,99693237236,15214
99600000000,99900000000,99693237236,99693241779,4543
99600000000,99900000000,99693241779,99693243953,2174
99600000000,99900000000,99693243953,99693251294,7341
99600000000,99900000000,99693251294,99693260686,9392
99600000000,99900000000,99693260686,99693289634,28948
99600000000,99900000000,99693289634,99693303294,13660
99600000000,99900000000,99693303294,99693323709,20415
99600000000,99900000000,99693323709,99697361230,4037521
99600000000,99900000000,99697361230,99702276346,4915116
99600000000,99900000000,99702276346,99702278406,2060
99600000000,99900000000,99702278406,99702278407,1
99600000000,99900000000,99702278407,99711981474,9703067
99600000000,99900000000,99711981474,99711981475,1
99600000000,99900000000,99711981475,99715933261,3951786
99600000000,99900000000,99715933261,99725128313,9195052
99600000000,99900000000,99725128313,99725221026,92713
99600000000,99900000000,99725221026,99725224841,3815
99600000000,99900000000,99725224841,99725229900,5059
99600000000,99900000000,99725229900,99733506392,8276492
99600000000,99900000000,99733506392,99752070992,18564600
99600000000,99900000000,99752070992,99752076524,5532
99600000000,99900000000,99752076524,99752079490,2966
99600000000,99900000000,99752079490,99775606106,23526616
99600000000,99900000000,99775606106,99783091155,7485049
99600000000,99900000000,99783091155,99786425122,3333967
99600000000,99900000000,99786425122,99790599037,4173915
99600000000,99900000000,99790599037,99790599038,1
99600000000,99900000000,99790599038,99794247699,3648661
99600000000,99900000000,99794247699,99810085530,15837831
99600000000,99900000000,99810085530,99810091201,5671
99600000000,99900000000,99810091201,99810111173,19972
99600000000,99900000000,99810111173,99810130686,19513
99600000000,99900000000,99810130686,99815653424,5522738
99600000000,99900000000,99815653424,99815653425,1
99600000000,99900000000,99815653425,99815653426,1
99600000000,99900000000,99815653426,99815654452,1026
99600000000,99900000000,99815654452,99815654453,1
99600000000,99900000000,99815654453,99815654454,1
99600000000,99900000000,99815654454,99815655487,1033
99600000000,99900000000,99815655487,99815655512,25
99600000000,99900000000,99815655512,99815655513,1
99600000000,99900000000,99815655513,99817716891,2061378
99600000000,99900000000,99817716891,99838787898,21071007
99600000000,99900000000,99838787898,99843979953,5192055
99600000000,99900000000,99843979953,99843982213,2260
99600000000,99900000000,99843982213,99844004195,21982
99600000000,99900000000,99844004195,99844023559,19364
99600000000,99900000000,99844023559,99844048140,24581
99600000000,99900000000,99844048140,99844065507,17367
99600000000,99900000000,99844065507,99844112590,47083
99600000000,99900000000,99844112590,99844131475,18885
99600000000,99900000000,99844131475,99844150937,19462
99600000000,99900000000,99844150937,99844169263,18326
99600000000,99900000000,99844169263,99844178878,9615
99600000000,99900000000,99844178878,99844184583,5705
99600000000,99900000000,99844184583,99844190492,5909
99600000000,99900000000,99844190492,99844208379,17887
99600000000,99900000000,99844208379,99844218464,10085
99600000000,99900000000,99844218464,99844222457,3993
99600000000,99900000000,99844222457,99844224182,1725
99600000000,99900000000,99844224182,99844226238,2056
99600000000,99900000000,99844226238,99844230137,3899
99600000000,99900000000,99844230137,99852144211,7914074
99600000000,99900000000,99852144211,99853945529,1801318
99600000000,99900000000,99853945529,99853945530,1
99600000000,99900000000,99853945530,99853945531,1
99600000000,99900000000,99853945531,99853946550,1019
99600000000,99900000000,99853946550,99853946551,1
99600000000,99900000000,99853946551,99853946552,1
99600000000,99900000000,99853946552,99853947578,1026
99600000000,99900000000,99853947578,99853947579,1
99600000000,99900000000,99853947579,99853947580,1
99600000000,99900000000,99853947580,99853948599,1019
99600000000,99900000000,99853948599,99853948600,1
99600000000,99900000000,99853948600,99853948601,1
99600000000,99900000000,99853948601,99853949620,1019
99600000000,99900000000,99853949620,99853949621,1
99600000000,99900000000,99853949621,99853949622,1
99600000000,99900000000,99853949622,99853950641,1019
99600000000,99900000000,99853950641,99853950642,1
99600000000,99900000000,99853950642,99853950643,1
99600000000,99900000000,99853950643,99853951675,1032
99600000000,99900000000,99853951675,99853951676,1
99600000000,99900000000,99853951676,99853951677,1
99600000000,99900000000,99853951677,99853951916,239
99600000000,99900000000,99853951916,99853951917,1
99600000000,99900000000,99853951917,99853951918,1
99600000000,99900000000,99853951918,99853952150,232
99600000000,99900000000,99853952150,99853952151,1
99600000000,99900000000,99853952151,99853952194,43
99600000000,99900000000,99853952194,99853952195,1
99600000000,99900000000,99853952195,99853952234,39
99600000000,99900000000,99853952234,99853952235,1
99600000000,99900000000,99853952235,99853952236,1
99600000000,99900000000,99853952236,99853953281,1045
99600000000,99900000000,99853953281,99853953282,1
99600000000,99900000000,99853953282,99853953361,79
99600000000,99900000000,99853953361,99853953393,32
99600000000,99900000000,99853953393,99853953432,39
99600000000,99900000000,99853953432,99855087490,1134058
99600000000,99900000000,99855087490,99866638548,11551058
99600000000,99900000000,99866638548,99879100636,12462088
99600000000,99900000000,99879100636,99879195582,94946
99600000000,99900000000,99879195582,99879201991,6409
99600000000,99900000000,99879201991,99879208711,6720
99600000000,99900000000,99879208711,99879212294,3583
99600000000,99900000000,99879212294,99879232235,19941
99600000000,99900000000,99879232235,99879241155,8920
99600000000,99900000000,99879241155,99879261880,20725
99600000000,99900000000,99879261880,99879267791,5911
99600000000,99900000000,99879267791,99879287537,19746
99600000000,99900000000,99879287537,99879309403,21866
99600000000,99900000000,99879309403,99879327995,18592
99600000000,99900000000,99879327995,99879333356,5361
99600000000,99900000000,99879333356,99879338665,5309
99600000000,99900000000,99879338665,99879347770,9105
99600000000,99900000000,99879347770,99882455509,3107739
99600000000,99900000000,99882455509,99882455510,1
99600000000,99900000000,99882455510,99882455549,39
99600000000,99900000000,99882455549,99882455550,1
99600000000,99900000000,99882455550,99882880342,424792
99600000000,99900000000,99882880342,99887912284,5031942
99600000000,99900000000,99887912284,99892746562,4834278
99600000000,99900000000,99892746562,99892746563,1
99600000000,99900000000,99892746563,99892746682,119
99600000000,99900000000,99892746682,99892746683,1
99600000000,99900000000,99892746683,99892746684,1
99600000000,99900000000,99892746684,99892747703,1019
99600000000,99900000000,99892747703,99892747704,1
99600000000,99900000000,99892747704,99892747705,1
99600000000,99900000000,99892747705,99892748744,1039
99600000000,99900000000,99892748744,99892748745,1
99600000000,99900000000,99892748745,99892748746,1
99600000000,99900000000,99892748746,99892748985,239
99600000000,99900000000,99892748985,99892748986,1
99600000000,99900000000,99892748986,99892748987,1
99600000000,99900000000,99892748987,99893941314,1192327
99900000000,100200000000,99916202656,99916202657,1
99900000000,100200000000,99916202657,99922691712,6489055
99900000000,100200000000,99922691712,99941033411,18341699
99900000000,100200000000,99941033411,99967885072,26851661
99900000000,100200000000,99967885072,99969657597,1772525
99900000000,100200000000,99969657597,99971878758,2221161
99900000000,100200000000,99971878758,99972019594,140836
99900000000,100200000000,99972019594,99972022442,2848
99900000000,100200000000,99972022442,99972039025,16583
99900000000,100200000000,99972039025,99972049851,10826
99900000000,100200000000,99972049851,99972056702,6851
99900000000,100200000000,99972056702,99972063640,6938
99900000000,100200000000,99972063640,99981649627,9585987
99900000000,100200000000,99981649627,99981649757,130
99900000000,100200000000,99981649757,99981649758,1
99900000000,100200000000,99981649758,99982540991,891233
99900000000,100200000000,99982540991,99999798229,17257238
99900000000,100200000000,99999798229,100003600387,3802158
99900000000,100200000000,100003600387,100003617548,17161
99900000000,100200000000,100003617548,100003662180,44632
99900000000,100200000000,100003662180,100009778216,6116036
99900000000,100200000000,100009778216,100029982223,20204007
99900000000,100200000000,100029982223,100029983264,1041
99900000000,100200000000,100029983264,100029983265,1
99900000000,100200000000,100029983265,100030236412,253147
99900000000,100200000000,100030236412,100048731739,18495327
99900000000,100200000000,100048731739,100048861894,130155
99900000000,100200000000,100048861894,100048890850,28956
99900000000,100200000000,100048890850,100061647807,12756957
99900000000,100200000000,100061647807,100063146665,1498858
99900000000,100200000000,100063146665,100063146666,1
99900000000,100200000000,100063146666,100063146833,167
99900000000,100200000000,100063146833,100068382975,5236142
99900000000,100200000000,100068382975,100076918746,8535771
99900000000,100200000000,100076918746,100098396775,21478029
99900000000,100200000000,100098396775,100098400153,3378
99900000000,100200000000,100098400153,100100093153,1693000
99900000000,100200000000,100100093153,100101751348,1658195
99900000000,100200000000,100101751348,100116828149,15076801
99900000000,100200000000,100116828149,100116828150,1
99900000000,100200000000,100116828150,100117031365,203215
99900000000,100200000000,100117031365,100127442934,10411569
99900000000,100200000000,100127442934,100127470354,27420
99900000000,100200000000,100127470354,100141274927,13804573
99900000000,100200000000,100141274927,100146300033,5025106
99900000000,100200000000,100146300033,100146300034,1
99900000000,100200000000,100146300034,100146300035,1
99900000000,100200000000,100146300035,100146300391,356
99900000000,100200000000,100146300391,100147573666,1273275
99900000000,100200000000,100147573666,100163997040,16423374
99900000000,100200000000,100163997040,100163997041,1
99900000000,100200000000,100163997041,100163997042,1
99900000000,100200000000,100163997042,100167903350,3906308
99900000000,100200000000,100167903350,100167912021,8671
99900000000,100200000000,100167912021,100182759102,14847081
99900000000,100200000000,100182759102,100190558875,7799773
99900000000,100200000000,100190558875,100196230250,5671375
99900000000,100200000000,100196230250,100196238469,8219
99900000000,100200000000,100196238469,100196242656,4187
99900000000,100200000000,100196242656,100196282361,39705
99900000000,100200000000,100196282361,100196292728,10367
100200000000,100500000000,100203808597,100203812215,3618
100200000000,100500000000,100203812215,100205281206,1468991
100200000000,100500000000,100205281206,100206686037,1404831
100200000000,100500000000,100206686037,100208030797,1344760
100200000000,100500000000,100208030797,100217929808,9899011
100200000000,100500000000,100217929808,100226369191,8439383
100200000000,100500000000,100226369191,100236206987,9837796
100200000000,100500000000,100236206987,100239088934,2881947
100200000000,100500000000,100239088934,100239187230,98296
100200000000,100500000000,100239187230,100239245694,58464
100200000000,100500000000,100239245694,100239259432,13738
100200000000,100500000000,100239259432,100239263410,3978
100200000000,100500000000,100239263410,100243879432,4616022
100200000000,100500000000,100243879432,100250210118,6330686
100200000000,100500000000,100250210118,100250210119,1
100200000000,100500000000,100250210119,100250210120,1
100200000000,100500000000,100250210120,100250251603,41483
100200000000,100500000000,100250251603,100250251604,1
100200000000,100500000000,100250251604,100263576057,13324453
100200000000,100500000000,100263576057,100263576058,1
100200000000,100500000000,100263576058,100263576059,1
100200000000,100500000000,100263576059,100274134259,10558200
100200000000,100500000000,100274134259,100284054628,9920369
100200000000,100500000000,100284054628,100290984295,6929667
100200000000,100500000000,100290984295,100290989572,5277
100200000000,100500000000,100290989572,100290991980,2408
100200000000,100500000000,100290991980,100290994215,2235
100200000000,100500000000,100290994215,100290997308,3093
100200000000,100500000000,100290997308,100291000280,2972
100200000000,100500000000,100291000280,100291002100,1820
100200000000,100500000000,100291002100,100299625448,8623348
100200000000,100500000000,100299625448,100302275577,2650129
100200000000,100500000000,100302275577,100307511613,5236036
100200000000,100500000000,100307511613,100309108288,1596675
100200000000,100500000000,100309108288,100312701553,3593265
100200000000,100500000000,100312701553,100325911337,13209784
100200000000,100500000000,100325911337,100330217605,4306268
100200000000,100500000000,100330217605,100330335805,118200
100200000000,100500000000,100330335805,100333791463,3455658
100200000000,100500000000,100333791463,100335296258,1504795
100200000000,100500000000,100335296258,100340955129,5658871
100200000000,100500000000,100340955129,100353921371,12966242
100200000000,100500000000,100353921371,100354044460,123089
100200000000,100500000000,100354044460,100359930930,5886470
100200000000,100500000000,100359930930,100360898795,967865
100200000000,100500000000,100360898795,100364217038,3318243
100200000000,100500000000,100364217038,100364286427,69389
100200000000,100500000000,100364286427,100384799304,20512877
100200000000,100500000000,100384799304,100384802257,2953
100200000000,100500000000,100384802257,100392198280,7396023
100200000000,100500000000,100392198280,100408953957,16755677
100200000000,100500000000,100408953957,100415065155,6111198
100200000000,100500000000,100415065155,100415270014,204859
100200000000,100500000000,100415270014,100415307493,37479
100200000000,100500000000,100415307493,100415310219,2726
100200000000,100500000000,100415310219,100415315647,5428
100200000000,100500000000,100415315647,100419651601,4335954
100200000000,100500000000,100419651601,100425096477,5444876
100200000000,100500000000,100425096477,100432092943,6996466
100200000000,100500000000,100432092943,100432092944,1
100200000000,100500000000,100432092944,100432093019,75
100200000000,100500000000,100432093019,100445803810,13710791
100200000000,100500000000,100445803810,100445974102,170292
100200000000,100500000000,100445974102,100445977838,3736
100200000000,100500000000,100445977838,100445999863,22025
100200000000,100500000000,100445999863,100446015822,15959
100200000000,100500000000,100446015822,100447730745,1714923
100200000000,100500000000,100447730745,100454195329,6464584
100200000000,100500000000,100454195329,100474219240,20023911
100200000000,100500000000,100474219240,100478923182,4703942
100200000000,100500000000,100478923182,100479002514,79332
100200000000,100500000000,100479002514,100479011639,9125
100200000000,100500000000,100479011639,100486894246,7882607
100200000000,100500000000,100486894246,100497727634,10833388
100200000000,100500000000,100497727634,100497727635,1
100200000000,100500000000,100497727635,100498490432,762797
100500000000,100800000000,100501421675,100514296317,12874642
100500000000,100800000000,100514296317,100521139776,6843459
100500000000,100800000000,100521139776,100523876769,2736993
100500000000,100800000000,100523876769,100525225293,1348524
100500000000,100800000000,100525225293,100529667844,4442551
100500000000,100800000000,100529667844,100531915914,2248070
100500000000,100800000000,100531915914,100539480172,7564258
100500000000,100800000000,100539480172,100545509969,6029797
100500000000,100800000000,100545509969,100546733128,1223159
100500000000,100800000000,100546733128,100546825129,92001
100500000000,100800000000,100546825129,100548067179,1242050
100500000000,100800000000,100548067179,100555989766,7922587
100500000000,100800000000,100555989766,100563202063,7212297
100500000000,100800000000,100563202063,100563202064,1
100500000000,100800000000,100563202064,100564116677,914613
100500000000,100800000000,100564116677,100566938728,2822051
100500000000,100800000000,100566938728,100569993744,3055016
100500000000,100800000000,100569993744,100578070121,8076377
100500000000,100800000000,100578070121,100589258131,11188010
100500000000,100800000000,100589258131,100589435378,177247
100500000000,100800000000,100589435378,100589438135,2757
100500000000,100800000000,100589438135,100589440678,2543
100500000000,100800000000,100589440678,100589442985,2307
100500000000,100800000000,100589442985,100589445529,2544
100500000000,100800000000,100589445529,100589467318,21789
100500000000,100800000000,100589467318,100589475689,8371
100500000000,100800000000,100589475689,100589478480,2791
100500000000,100800000000,100589478480,100589480902,2422
100500000000,100800000000,100589480902,100600551971,11071069
100500000000,100800000000,100600551971,100605139991,4588020
100500000000,100800000000,100605139991,100608030054,2890063
100500000000,100800000000,100608030054,100608030218,164
100500000000,100800000000,100608030218,100618590746,10560528
100500000000,100800000000,100618590746,100623234864,4644118
100500000000,100800000000,100623234864,100623342142,107278
100500000000,100800000000,100623342142,100623349288,7146
100500000000,100800000000,100623349288,100642684186,19334898
100500000000,100800000000,100642684186,100657545216,14861030
100500000000,100800000000,100657545216,100657659663,114447
100500000000,100800000000,100657659663,100657677692,18029
100500000000,100800000000,100657677692,100662717487,5039795
100500000000,100800000000,100662717487,100662717488,1
100500000000,100800000000,100662717488,100665506890,2789402
100500000000,100800000000,100665506890,100671109935,5603045
100500000000,100800000000,100671109935,100698093551,26983616
100500000000,100800000000,100698093551,100702649790,4556239
100500000000,100800000000,100702649790,100702652775,2985
100500000000,100800000000,100702652775,100702655710,2935
100500000000,100800000000,100702655710,100702657549,1839
100500000000,100800000000,100702657549,100715678178,13020629
100500000000,100800000000,100715678178,100734438187,18760009
100500000000,100800000000,100734438187,100734441633,3446
100500000000,100800000000,100734441633,100735808986,1367353
100500000000,100800000000,100735808986,100755533281,19724295
100500000000,100800000000,100755533281,100757199681,1666400
100500000000,100800000000,100757199681,100757204049,4368
100500000000,100800000000,100757204049,100762891529,5687480
100500000000,100800000000,100762891529,100773374330,10482801
100500000000,100800000000,100773374330,100777884116,4509786
100500000000,100800000000,100777884116,100781935328,4051212
100500000000,100800000000,100781935328,100782208484,273156
100500000000,100800000000,100782208484,100782287384,78900
100500000000,100800000000,100782287384,100791611504,9324120
100500000000,100800000000,100791611504,100791611505,1
100500000000,100800000000,100791611505,100791611506,1
100800000000,101100000000,100801707186,100809521796,7814610
100800000000,101100000000,100809521796,100828243883,18722087
100800000000,101100000000,100828243883,100829726973,1483090
100800000000,101100000000,100829726973,100843856938,14129965
100800000000,101100000000,100843856938,100843856939,1
100800000000,101100000000,100843856939,100843857047,108
100800000000,101100000000,100843857047,100843857048,1
100800000000,101100000000,100843857048,100860099524,16242476
100800000000,101100000000,100860099524,100867628723,7529199
100800000000,101100000000,100867628723,100867747529,118806
100800000000,101100000000,100867747529,100867750103,2574
100800000000,101100000000,100867750103,100867752259,2156
100800000000,101100000000,100867752259,100867754906,2647
100800000000,101100000000,100867754906,100867758227,3321
100800000000,101100000000,100867758227,100867760445,2218
100800000000,101100000000,100867760445,100878193108,10432663
100800000000,101100000000,100878193108,100878354522,161414
100800000000,101100000000,100878354522,100897796811,19442289
100800000000,101100000000,100897796811,100899321985,1525174
100800000000,101100000000,100899321985,100906260720,6938735
100800000000,101100000000,100906260720,100909615374,3354654
100800000000,101100000000,100909615374,100911171113,1555739
100800000000,101100000000,100911171113,100911171114,1
100800000000,101100000000,100911171114,100917549801,6378687
100800000000,101100000000,100917549801,100918825187,1275386
100800000000,101100000000,100918825187,100920183840,1358653
100800000000,101100000000,100920183840,100922720159,2536319
100800000000,101100000000,100922720159,100925233984,2513825
100800000000,101100000000,100925233984,100925313984,80000
100800000000,101100000000,100925313984,100925324302,10318
100800000000,101100000000,100925324302,100926559232,1234930
100800000000,101100000000,100926559232,100928145168,1585936
100800000000,101100000000,100928145168,100936508069,8362901
100800000000,101100000000,100936508069,100936630163,122094
100800000000,101100000000,100936630163,100936659886,29723
100800000000,101100000000,100936659886,100936677047,17161
100800000000,101100000000,100936677047,100961552400,24875353
100800000000,101100000000,100961552400,100973521070,11968670
100800000000,101100000000,100973521070,100974406794,885724
100800000000,101100000000,100974406794,100974409986,3192
100800000000,101100000000,100974409986,100987527083,13117097
100800000000,101100000000,100987527083,101010010419,22483336
100800000000,101100000000,101010010419,101012897939,2887520
100800000000,101100000000,101012897939,101012979616,81677
100800000000,101100000000,101012979616,101021026193,8046577
100800000000,101100000000,101021026193,101030384389,9358196
100800000000,101100000000,101030384389,101030384414,25
100800000000,101100000000,101030384414,101040727964,10343550
100800000000,101100000000,101040727964,101045556616,4828652
100800000000,101100000000,101045556616,101062457419,16900803
100800000000,101100000000,101062457419,101065071791,2614372
100800000000,101100000000,101065071791,101065075792,4001
100800000000,101100000000,101065075792,101065078383,2591
100800000000,101100000000,101065078383,101065080651,2268
100800000000,101100000000,101065080651,101065084822,4171
100800000000,101100000000,101065084822,101065088382,3560
100800000000,101100000000,101065088382,101075710754,10622372
100800000000,101100000000,101075710754,101086180379,10469625
100800000000,101100000000,101086180379,101087958095,1777716
100800000000,101100000000,101087958095,101097784361,9826266
100800000000,101100000000,101097784361,101097878487,94126
100800000000,101100000000,101097878487,101097899985,21498
100800000000,101100000000,101097899985,101097910347,10362
100800000000,101100000000,101097910347,101097920150,9803
100800000000,101100000000,101097920150,101097924441,4291
100800000000,101100000000,101097924441,101097948413,23972
101100000000,101400000000,101101115114,101102608975,1493861
101100000000,101400000000,101102608975,101102608976,1
101100000000,101400000000,101102608976,101103807292,1198316
101100000000,101400000000,101103807292,101108551305,4744013
101100000000,101400000000,101108551305,101113112231,4560926
101100000000,101400000000,101113112231,101113112232,1
101100000000,101400000000,101113112232,101113113252,1020
101100000000,101400000000,101113113252,101113113288,36
101100000000,101400000000,101113113288,101113113413,125
101100000000,101400000000,101113113413,101113113414,1
101100000000,101400000000,101113113414,101113113415,1
101100000000,101400000000,101113113415,101113113945,530
101100000000,101400000000,101113113945,101113113946,1
101100000000,101400000000,101113113946,101113114078,132
101100000000,101400000000,101113114078,101113114079,1
101100000000,101400000000,101113114079,101116971640,3857561
101100000000,101400000000,101116971640,101124621905,7650265
101100000000,101400000000,101124621905,101134653529,10031624
101100000000,101400000000,101134653529,101134653530,1
101100000000,101400000000,101134653530,101134653531,1
101100000000,101400000000,101134653531,101138691758,4038227
101100000000,101400000000,101138691758,101138752472,60714
101100000000,101400000000,101138752472,101138755817,3345
101100000000,101400000000,101138755817,101147565059,8809242
101100000000,101400000000,101147565059,101150152360,2587301
101100000000,101400000000,101150152360,101150152361,1
101100000000,101400000000,101150152361,101150152436,75
101100000000,101400000000,101150152436,101165510555,15358119
101100000000,101400000000,101165510555,101178745093,13234538
101100000000,101400000000,101178745093,101178763446,18353
101100000000,101400000000,101178763446,101178765441,1995
101100000000,101400000000,101178765441,101178772568,7127
101100000000,101400000000,101178772568,101183640242,4867674
101100000000,101400000000,101183640242,101189597787,5957545
101100000000,101400000000,101189597787,101213918912,24321125
101100000000,101400000000,101213918912,101213921886,2974
101100000000,101400000000,101213921886,101213930079,8193
101100000000,101400000000,101213930079,101213932483,2404
101100000000,101400000000,101213932483,101217027543,3095060
101100000000,101400000000,101217027543,101229086690,12059147
101100000000,101400000000,101229086690,101235598031,6511341
101100000000,101400000000,101235598031,101251898585,16300554
101100000000,101400000000,101251898585,101251991400,92815
101100000000,101400000000,101251991400,101252017002,25602
101100000000,101400000000,101252017002,101252018855,1853
101100000000,101400000000,101252018855,101255024322,3005467
101100000000,101400000000,101255024322,101263550440,8526118
101100000000,101400000000,101263550440,101267547258,3996818
101100000000,101400000000,101267547258,101280213371,12666113
101100000000,101400000000,101280213371,101284117971,3904600
101100000000,101400000000,101284117971,101284121065,3094
101100000000,101400000000,101284121065,101284124826,3761
101100000000,101400000000,101284124826,101284127576,2750
101100000000,101400000000,101284127576,101284153332,25756
101100000000,101400000000,101284153332,101321277624,37124292
101100000000,101400000000,101321277624,101321304585,26961
101100000000,101400000000,101321304585,101321307286,2701
101100000000,101400000000,101321307286,101321311114,3828
101100000000,101400000000,101321311114,101334856971,13545857
101100000000,101400000000,101334856971,101347797757,12940786
101100000000,101400000000,101347797757,101347800513,2756
101100000000,101400000000,101347800513,101383659560,35859047
101100000000,101400000000,101383659560,101386501103,2841543
101400000000,101700000000,101403357632,101409612941,6255309
101400000000,101700000000,101409612941,101411904242,2291301
101400000000,101700000000,101411904242,101411914355,10113
101400000000,101700000000,101411914355,101411919634,5279
101400000000,101700000000,101411919634,101411950015,30381
101400000000,101700000000,101411950015,101421101149,9151134
101400000000,101700000000,101421101149,101422744350,1643201
101400000000,101700000000,101422744350,101430370993,7626643
101400000000,101700000000,101430370993,101430370994,1
101400000000,101700000000,101430370994,101430370995,1
101400000000,101700000000,101430370995,101430371052,57
101400000000,101700000000,101430371052,101430371053,1
101400000000,101700000000,101430371053,101430371205,152
101400000000,101700000000,101430371205,101430371206,1
101400000000,101700000000,101430371206,101431542031,1170825
101400000000,101700000000,101431542031,101438150392,6608361
101400000000,101700000000,101438150392,101450482633,12332241
101400000000,101700000000,101450482633,101450482634,1
101400000000,101700000000,101450482634,101450983407,500773
101400000000,101700000000,101450983407,101450992412,9005
101400000000,101700000000,101450992412,101450994833,2421
101400000000,101700000000,101450994833,101450997893,3060
101400000000,101700000000,101450997893,101451003312,5419
101400000000,101700000000,101451003312,101451006053,2741
101400000000,101700000000,101451006053,101451008386,2333
101400000000,101700000000,101451008386,101451010380,1994
101400000000,101700000000,101451010380,101451014122,3742
101400000000,101700000000,101451014122,101454156439,3142317
101400000000,101700000000,101454156439,101459512791,5356352
101400000000,101700000000,101459512791,101460908015,1395224
101400000000,101700000000,101460908015,101460908171,156
101400000000,101700000000,101460908171,101460908172,1
101400000000,101700000000,101460908172,101460908173,1
101400000000,101700000000,101460908173,101463073140,2164967
101400000000,101700000000,101463073140,101465423208,2350068
101400000000,101700000000,101465423208,101467312379,1889171
101400000000,101700000000,101467312379,101467424410,112031
101400000000,101700000000,101467424410,101469078818,1654408
101400000000,101700000000,101469078818,101470822418,1743600
101400000000,101700000000,101470822418,101495372241,24549823
101400000000,101700000000,101495372241,101495375314,3073
101400000000,101700000000,101495375314,101495377901,2587
101400000000,101700000000,101495377901,101495380625,2724
101400000000,101700000000,101495380625,101495382603,1978
101400000000,101700000000,101495382603,101495384928,2325
101400000000,101700000000,101495384928,101495387325,2397
101400000000,101700000000,101495387325,101495422229,34904
101400000000,101700000000,101495422229,101495431151,8922
101400000000,101700000000,101495431151,101495434405,3254
101400000000,101700000000,101495434405,101499651048,4216643
101400000000,101700000000,101499651048,101502159676,2508628
101400000000,101700000000,101502159676,101513090187,10930511
101400000000,101700000000,101513090187,101513090188,1
101400000000,101700000000,101513090188,101513090189,1
101400000000,101700000000,101513090189,101513092216,2027
101400000000,101700000000,101513092216,101513092217,1
101400000000,101700000000,101513092217,101519619807,6527590
101400000000,101700000000,101519619807,101525767443,6147636
101400000000,101700000000,101525767443,101525767444,1
101400000000,101700000000,101525767444,101530080721,4313277
101400000000,101700000000,101530080721,101530083526,2805
101400000000,101700000000,101530083526,101534687297,4603771
101400000000,101700000000,101534687297,101540532443,5845146
101400000000,101700000000,101540532443,101567945825,27413382
101400000000,101700000000,101567945825,101569966127,2020302
101400000000,101700000000,101569966127,101606693322,36727195
101400000000,101700000000,101606693322,101611669158,4975836
101400000000,101700000000,101611669158,101619182839,7513681
101400000000,101700000000,101619182839,101619182840,1
101400000000,101700000000,101619182840,101619182841,1
101400000000,101700000000,101619182841,101628704013,9521172
101400000000,101700000000,101628704013,101628704014,1
101400000000,101700000000,101628704014,101639156875,10452861
101400000000,101700000000,101639156875,101642363563,3206688
101400000000,101700000000,101642363563,101642567184,203621
101400000000,101700000000,101642567184,101642569834,2650
101400000000,101700000000,101642569834,101642576271,6437
101400000000,101700000000,101642576271,101642582594,6323
101400000000,101700000000,101642582594,101644012911,1430317
101400000000,101700000000,101644012911,101644119115,106204
101400000000,101700000000,101644119115,101645676580,1557465
101400000000,101700000000,101645676580,101652087603,6411023
101400000000,101700000000,101652087603,101655383241,3295638
101400000000,101700000000,101655383241,101655383242,1
101400000000,101700000000,101655383242,101655383380,138
101400000000,101700000000,101655383380,101655383381,1
101400000000,101700000000,101655383381,101655383532,151
101400000000,101700000000,101655383532,101655383533,1
101400000000,101700000000,101655383533,101658452159,3068626
101400000000,101700000000,101658452159,101661929335,3477176
101400000000,101700000000,101661929335,101675623801,13694466
101400000000,101700000000,101675623801,101675626119,2318
101400000000,101700000000,101675626119,101675628552,2433
101400000000,101700000000,101675628552,101675630632,2080
101400000000,101700000000,101675630632,101675633161,2529
101400000000,101700000000,101675633161,101679837323,4204162
101400000000,101700000000,101679837323,101687743351,7906028
101400000000,101700000000,101687743351,101687743352,1
101400000000,101700000000,101687743352,101696778051,9034699
101700000000,102000000000,101701320605,101702717046,1396441
101700000000,102000000000,101702717046,101710831030,8113984
101700000000,102000000000,101710831030,101710833107,2077
101700000000,102000000000,101710833107,101710835968,2861
101700000000,102000000000,101710835968,101710838979,3011
101700000000,102000000000,101710838979,101710843624,4645
101700000000,102000000000,101710843624,101710845927,2303
101700000000,102000000000,101710845927,101710849085,3158
101700000000,102000000000,101710849085,101710851213,2128
101700000000,102000000000,101710851213,101714043277,3192064
101700000000,102000000000,101714043277,101728593310,14550033
101700000000,102000000000,101728593310,101728593382,72
101700000000,102000000000,101728593382,101728593509,127
101700000000,102000000000,101728593509,101728593510,1
101700000000,102000000000,101728593510,101746400332,17806822
101700000000,102000000000,101746400332,101751304347,4904015
101700000000,102000000000,101751304347,101752902352,1598005
101700000000,102000000000,101752902352,101752905304,2952
101700000000,102000000000,101752905304,101752927976,22672
101700000000,102000000000,101752927976,101752939610,11634
101700000000,102000000000,101752939610,101752947022,7412
101700000000,102000000000,101752947022,101752975507,28485
101700000000,102000000000,101752975507,101754688916,1713409
101700000000,102000000000,101754688916,101758935568,4246652
101700000000,102000000000,101758935568,101766382996,7447428
101700000000,102000000000,101766382996,101766383014,18
101700000000,102000000000,101766383014,101775546573,9163559
101700000000,102000000000,101775546573,101778432214,2885641
101700000000,102000000000,101778432214,101778432314,100
101700000000,102000000000,101778432314,101778432315,1
101700000000,102000000000,101778432315,101778432316,1
101700000000,102000000000,101778432316,101778432373,57
101700000000,102000000000,101778432373,101778432374,1
101700000000,102000000000,101778432374,101778432375,1
101700000000,102000000000,101778432375,101798585571,20153196
101700000000,102000000000,101798585571,101798695570,109999
101700000000,102000000000,101798695570,101798759068,63498
101700000000,102000000000,101798759068,101798786214,27146
101700000000,102000000000,101798786214,101809664775,10878561
101700000000,102000000000,101809664775,101815448617,5783842
101700000000,102000000000,101815448617,101815448618,1
101700000000,102000000000,101815448618,101825165711,9717093
101700000000,102000000000,101825165711,101828507201,3341490
101700000000,102000000000,101828507201,101828510820,3619
101700000000,102000000000,101828510820,101828527445,16625
101700000000,102000000000,101828527445,101828529656,2211
101700000000,102000000000,101828529656,101828532290,2634
101700000000,102000000000,101828532290,101841247372,12715082
101700000000,102000000000,101841247372,101841251882,4510
101700000000,102000000000,101841251882,101849421283,8169401
101700000000,102000000000,101849421283,101849421556,273
101700000000,102000000000,101849421556,101849421557,1
101700000000,102000000000,101849421557,101849421558,1
101700000000,102000000000,101849421558,101853928827,4507269
101700000000,102000000000,101853928827,101855264955,1336128
101700000000,102000000000,101855264955,101855348370,83415
101700000000,102000000000,101855348370,101858068001,2719631
101700000000,102000000000,101858068001,101867220482,9152481
101700000000,102000000000,101867220482,101867220483,1
101700000000,102000000000,101867220483,101867221021,538
101700000000,102000000000,101867221021,101868940617,1719596
101700000000,102000000000,101868940617,101869024738,84121
101700000000,102000000000,101869024738,101894290182,25265444
101700000000,102000000000,101894290182,101894442560,152378
101700000000,102000000000,101894442560,101899000276,4557716
101700000000,102000000000,101899000276,101899199900,199624
101700000000,102000000000,101899199900,101899229384,29484
101700000000,102000000000,101899229384,101917820171,18590787
101700000000,102000000000,101917820171,101917820172,1
101700000000,102000000000,101917820172,101917820173,1
101700000000,102000000000,101917820173,101918772156,951983
101700000000,102000000000,101918772156,101927051379,8279223
101700000000,102000000000,101927051379,101940155607,13104228
101700000000,102000000000,101940155607,101940256458,100851
101700000000,102000000000,101940256458,101941635065,1378607
101700000000,102000000000,101941635065,101941635066,1
101700000000,102000000000,101941635066,101941635067,1
101700000000,102000000000,101941635067,101950792743,9157676
101700000000,102000000000,101950792743,101952393655,1600912
101700000000,102000000000,101952393655,101953857016,1463361
101700000000,102000000000,101953857016,101969790341,15933325
101700000000,102000000000,101969790341,101969794046,3705
101700000000,102000000000,101969794046,101969796446,2400
101700000000,102000000000,101969796446,101969798691,2245
101700000000,102000000000,101969798691,101976608293,6809602
101700000000,102000000000,101976608293,101985904079,9295786
101700000000,102000000000,101985904079,101987205866,1301787
101700000000,102000000000,101987205866,101989852748,2646882
101700000000,102000000000,101989852748,101993843836,3991088
101700000000,102000000000,101993843836,101993843837,1
101700000000,102000000000,101993843837,101993843838,1
102000000000,102300000000,102000754675,102000759128,4453
102000000000,102300000000,102000759128,102000762096,2968
102000000000,102300000000,102000762096,102000782265,20169
102000000000,102300000000,102000782265,102000794937,12672
102000000000,102300000000,102000794937,102002155278,1360341
102000000000,102300000000,102002155278,102002155279,1
102000000000,102300000000,102002155279,102004326989,2171710
102000000000,102300000000,102004326989,102004329138,2149
102000000000,102300000000,102004329138,102004336646,7508
102000000000,102300000000,102004336646,102005923944,1587298
102000000000,102300000000,102005923944,102005926399,2455
102000000000,102300000000,102005926399,102007724258,1797859
102000000000,102300000000,102007724258,102010227686,2503428
102000000000,102300000000,102010227686,102010265550,37864
102000000000,102300000000,102010265550,102011947292,1681742
102000000000,102300000000,102011947292,102019658908,7711616
102000000000,102300000000,102019658908,102021124022,1465114
102000000000,102300000000,102021124022,102026518956,5394934
102000000000,102300000000,102026518956,102031792697,5273741
102000000000,102300000000,102031792697,102031795223,2526
102000000000,102300000000,102031795223,102031797951,2728
102000000000,102300000000,102031797951,102031800854,2903
102000000000,102300000000,102031800854,102031804378,3524
102000000000,102300000000,102031804378,102031810406,6028
102000000000,102300000000,102031810406,102031812498,2092
102000000000,102300000000,102031812498,102046781592,14969094
102000000000,102300000000,102046781592,102046781593,1
102000000000,102300000000,102046781593,102053312440,6530847
102000000000,102300000000,102053312440,102064408027,11095587
102000000000,102300000000,102064408027,102064839552,431525
102000000000,102300000000,102064839552,102064855794,16242
102000000000,102300000000,102064855794,102064867117,11323
102000000000,102300000000,102064867117,102072910822,8043705
102000000000,102300000000,102072910822,102072911852,1030
102000000000,102300000000,102072911852,102072911853,1
102000000000,102300000000,102072911853,102072911854,1
102000000000,102300000000,102072911854,102072914878,3024
102000000000,102300000000,102072914878,102072915002,124
102000000000,102300000000,102072915002,102072915003,1
102000000000,102300000000,102072915003,102072915004,1
102000000000,102300000000,102072915004,102089105443,16190439
102000000000,102300000000,102089105443,102089673974,568531
102000000000,102300000000,102089673974,102108181384,18507410
102000000000,102300000000,102108181384,102111545455,3364071
102000000000,102300000000,102111545455,102111545505,50
102000000000,102300000000,102111545505,102111545506,1
102000000000,102300000000,102111545506,102124069536,12524030
102000000000,102300000000,102124069536,102135822046,11752510
102000000000,102300000000,102135822046,102138032749,2210703
102000000000,102300000000,102138032749,102138057737,24988
102000000000,102300000000,102138057737,102139865379,1807642
102000000000,102300000000,102139865379,102145143788,5278409
102000000000,102300000000,102145143788,102145143789,1
102000000000,102300000000,102145143789,102149585823,4442034
102000000000,102300000000,102149585823,102156776874,7191051
102000000000,102300000000,102156776874,102156795845,18971
102000000000,102300000000,102156795845,102156810208,14363
102000000000,102300000000,102156810208,102156816943,6735
102000000000,102300000000,102156816943,102156823111,6168
102000000000,102300000000,102156823111,102156831937,8826
102000000000,102300000000,102156831937,102167232628,10400691
102000000000,102300000000,102167232628,102167232692,64
102000000000,102300000000,102167232692,102167232693,1
102000000000,102300000000,102167232693,102167232749,56
102000000000,102300000000,102167232749,102167232831,82
102000000000,102300000000,102167232831,102167232832,1
102000000000,102300000000,102167232832,102167232833,1
102000000000,102300000000,102167232833,102169112083,1879250
102000000000,102300000000,102169112083,102172780978,3668895
102000000000,102300000000,102172780978,102186100111,13319133
102000000000,102300000000,102186100111,102186262698,162587
102000000000,102300000000,102186262698,102186354959,92261
102000000000,102300000000,102186354959,102186357959,3000
102000000000,102300000000,102186357959,102186381553,23594
102000000000,102300000000,102186381553,102186464656,83103
102000000000,102300000000,102186464656,102197036426,10571770
102000000000,102300000000,102197036426,102201690966,4654540
102000000000,102300000000,102201690966,102206193031,4502065
102000000000,102300000000,102206193031,102210338272,4145241
102000000000,102300000000,102210338272,102221149383,10811111
102000000000,102300000000,102221149383,102226145543,4996160
102000000000,102300000000,102226145543,102240313189,14167646
102000000000,102300000000,102240313189,102243289308,2976119
102000000000,102300000000,102243289308,102246398773,3109465
102000000000,102300000000,102246398773,102246697680,298907
102000000000,102300000000,102246697680,102248136167,1438487
102000000000,102300000000,102248136167,102248136168,1
102000000000,102300000000,102248136168,102255391604,7255436
102000000000,102300000000,102255391604,102255391605,1
102000000000,102300000000,102255391605,102255391606,1
102000000000,102300000000,102255391606,102255391677,71
102000000000,102300000000,102255391677,102255391678,1
102000000000,102300000000,102255391678,102259201546,3809868
102000000000,102300000000,102259201546,102273281417,14079871
102000000000,102300000000,102273281417,102273292199,10782
102000000000,102300000000,102273292199,102274552935,1260736
102000000000,102300000000,102274552935,102288575369,14022434
102000000000,102300000000,102288575369,102288575370,1
102000000000,102300000000,102288575370,102288575371,1
102000000000,102300000000,102288575371,102288575438,67
102000000000,102300000000,102288575438,102288575439,1
102000000000,102300000000,102288575439,102296034879,7459440
102300000000,102600000000,102300094777,102303362448,3267671
102300000000,102600000000,102303362448,102303413457,51009
102300000000,102600000000,102303413457,102304692281,1278824
102300000000,102600000000,102304692281,102306222848,1530567
102300000000,102600000000,102306222848,102306222849,1
102300000000,102600000000,102306222849,102309034829,2811980
102300000000,102600000000,102309034829,102313106833,4072004
102300000000,102600000000,102313106833,102317459174,4352341
102300000000,102600000000,102317459174,102324142107,6682933
102300000000,102600000000,102324142107,102326325936,2183829
102300000000,102600000000,102326325936,102326390844,64908
102300000000,102600000000,102326390844,102328806934,2416090
102300000000,102600000000,102328806934,102328837950,31016
102300000000,102600000000,102328837950,102328841450,3500
102300000000,102600000000,102328841450,102335892385,7050935
102300000000,102600000000,102335892385,102335892386,1
102300000000,102600000000,102335892386,102339345207,3452821
102300000000,102600000000,102339345207,102352390156,13044949
102300000000,102600000000,102352390156,102352436376,46220
102300000000,102600000000,102352436376,102352442050,5674
102300000000,102600000000,102352442050,102368715592,16273542
102300000000,102600000000,102368715592,102368718413,2821
102300000000,102600000000,102368718413,102370791989,2073576
102300000000,102600000000,102370791989,102373472632,2680643
102300000000,102600000000,102373472632,102373475254,2622
102300000000,102600000000,102373475254,102373478064,2810
102300000000,102600000000,102373478064,102373480894,2830
102300000000,102600000000,102373480894,102373484645,3751
102300000000,102600000000,102373484645,102377189265,3704620
102300000000,102600000000,102377189265,102377189292,27
102300000000,102600000000,102377189292,102392650698,15461406
102300000000,102600000000,102392650698,102392654937,4239
102300000000,102600000000,102392654937,102392679583,24646
102300000000,102600000000,102392679583,102400475483,7795900
102300000000,102600000000,102400475483,102415347408,14871925
102300000000,102600000000,102415347408,102418509139,3161731
102300000000,102600000000,102418509139,102418543273,34134
102300000000,102600000000,102418543273,102421586690,3043417
102300000000,102600000000,102421586690,102421590200,3510
102300000000,102600000000,102421590200,102421599523,9323
102300000000,102600000000,102421599523,102422814884,1215361
102300000000,102600000000,102422814884,102424089101,1274217
102300000000,102600000000,102424089101,102424332121,243020
102300000000,102600000000,102424332121,102425621337,1289216
102300000000,102600000000,102425621337,102426858625,1237288
102300000000,102600000000,102426858625,102429890773,3032148
102300000000,102600000000,102429890773,102429890891,118
102300000000,102600000000,102429890891,102429890892,1
102300000000,102600000000,102429890892,102429890893,1
102300000000,102600000000,102429890893,102430131555,240662
102300000000,102600000000,102430131555,102434084600,3953045
102300000000,102600000000,102434084600,102445028264,10943664
102300000000,102600000000,102445028264,102450155933,5127669
102300000000,102600000000,102450155933,102459196086,9040153
102300000000,102600000000,102459196086,102465740501,6544415
102300000000,102600000000,102465740501,102466997645,1257144
102300000000,102600000000,102466997645,102469723674,2726029
102300000000,102600000000,102469723674,102469723675,1
102300000000,102600000000,102469723675,102469723676,1
102300000000,102600000000,102469723676,102473067223,3343547
102300000000,102600000000,102473067223,102473070542,3319
102300000000,102600000000,102473070542,102473093565,23023
102300000000,102600000000,102473093565,102475872638,2779073
102300000000,102600000000,102475872638,102484411029,8538391
102300000000,102600000000,102484411029,102484433508,22479
102300000000,102600000000,102484433508,102485453029,1019521
102300000000,102600000000,102485453029,102497851089,12398060
102300000000,102600000000,102497851089,102497912276,61187
102300000000,102600000000,102497912276,102502071508,4159232
102300000000,102600000000,102502071508,102502079488,7980
102300000000,102600000000,102502079488,102502088988,9500
102300000000,102600000000,102502088988,102515559005,13470017
102300000000,102600000000,102515559005,102515559047,42
102300000000,102600000000,102515559047,102515559048,1
102300000000,102600000000,102515559048,102515559049,1
102300000000,102600000000,102515559049,102515570084,11035
102300000000,102600000000,102515570084,102515570085,1
102300000000,102600000000,102515570085,102515570086,1
102300000000,102600000000,102515570086,102515570151,65
102300000000,102600000000,102515570151,102515570152,1
102300000000,102600000000,102515570152,102515570153,1
102300000000,102600000000,102515570153,102532242818,16672665
102300000000,102600000000,102532242818,102535965379,3722561
102300000000,102600000000,102535965379,102536013382,48003
102300000000,102600000000,102536013382,102536039214,25832
102300000000,102600000000,102536039214,102536094497,55283
102300000000,102600000000,102536094497,102549230694,13136197
102300000000,102600000000,102549230694,102550532706,1302012
102300000000,102600000000,102550532706,102550532707,1
102300000000,102600000000,102550532707,102556166475,5633768
102300000000,102600000000,102556166475,102560330269,4163794
102300000000,102600000000,102560330269,102560330270,1
102300000000,102600000000,102560330270,102563726694,3396424
102300000000,102600000000,102563726694,102568585398,4858704
102300000000,102600000000,102568585398,102568585399,1
102300000000,102600000000,102568585399,102575294728,6709329
102300000000,102600000000,102575294728,102575317345,22617
102300000000,102600000000,102575317345,102575339411,22066
102300000000,102600000000,102575339411,102575347443,8032
102300000000,102600000000,102575347443,102586136644,10789201
102300000000,102600000000,102586136644,102586136645,1
102600000000,102900000000,102601157331,102602762220,1604889
102600000000,102900000000,102602762220,102606788703,4026483
102600000000,102900000000,102606788703,102606866201,77498
102600000000,102900000000,102606866201,102610002702,3136501
102600000000,102900000000,102610002702,102611731663,1728961
102600000000,102900000000,102611731663,102613253961,1522298
102600000000,102900000000,102613253961,102614945123,1691162
102600000000,102900000000,102614945123,102614948513,3390
102600000000,102900000000,102614948513,102631095222,16146709
102600000000,102900000000,102631095222,102631099272,4050
102600000000,102900000000,102631099272,102631105422,6150
102600000000,102900000000,102631105422,102635276386,4170964
102600000000,102900000000,102635276386,102642889278,7612892
102600000000,102900000000,102642889278,102655168957,12279679
102600000000,102900000000,102655168957,102656762489,1593532
102600000000,102900000000,102656762489,102656768776,6287
102600000000,102900000000,102656768776,102664416590,7647814
102600000000,102900000000,102664416590,102664420887,4297
102600000000,102900000000,102664420887,102664420888,1
102600000000,102900000000,102664420888,102671029083,6608195
102600000000,102900000000,102671029083,102671029084,1
102600000000,102900000000,102671029084,102680117474,9088390
102600000000,102900000000,102680117474,102689759352,9641878
102600000000,102900000000,102689759352,102692783962,3024610
102600000000,102900000000,102692783962,102697712020,4928058
102600000000,102900000000,102697712020,102699923803,2211783
102600000000,102900000000,102699923803,102699923804,1
102600000000,102900000000,102699923804,102699923805,1
102600000000,102900000000,102699923805,102710862005,10938200
102600000000,102900000000,102710862005,102712173392,1311387
102600000000,102900000000,102712173392,102720286172,8112780
102600000000,102900000000,102720286172,102720332734,46562
102600000000,102900000000,102720332734,102720340221,7487
102600000000,102900000000,102720340221,102732552898,12212677
102600000000,102900000000,102732552898,102735036462,2483564
102600000000,102900000000,102735036462,102735036463,1
102600000000,102900000000,102735036463,102735036464,1
102600000000,102900000000,102735036464,102735036561,97
102600000000,102900000000,102735036561,102735036562,1
102600000000,102900000000,102735036562,102735036563,1
102600000000,102900000000,102735036563,102739547244,4510681
102600000000,102900000000,102739547244,102760386326,20839082
102600000000,102900000000,102760386326,102760466326,80000
102600000000,102900000000,102760466326,102773243341,12777015
102600000000,102900000000,102773243341,102773243342,1
102600000000,102900000000,102773243342,102795389652,22146310
102600000000,102900000000,102795389652,102806816815,11427163
102600000000,102900000000,102806816815,102806823755,6940
102600000000,102900000000,102806823755,102812005938,5182183
102600000000,102900000000,102812005938,102815235444,3229506
102600000000,102900000000,102815235444,102815235445,1
102600000000,102900000000,102815235445,102827362263,12126818
102600000000,102900000000,102827362263,102830023975,2661712
102600000000,102900000000,102830023975,102830024114,139
102600000000,102900000000,102830024114,102830025423,1309
102600000000,102900000000,102830025423,102830025424,1
102600000000,102900000000,102830025424,102845947264,15921840
102600000000,102900000000,102845947264,102847895624,1948360
102600000000,102900000000,102847895624,102847997479,101855
102600000000,102900000000,102847997479,102848430248,432769
102600000000,102900000000,102848430248,102850642425,2212177
102600000000,102900000000,102850642425,102852441590,1799165
102600000000,102900000000,102852441590,102863188736,10747146
102600000000,102900000000,102863188736,102866475478,3286742
102600000000,102900000000,102866475478,102866477407,1929
102600000000,102900000000,102866477407,102866477408,1
102600000000,102900000000,102866477408,102866478340,932
102600000000,102900000000,102866478340,102866478341,1
102600000000,102900000000,102866478341,102867140415,662074
102600000000,102900000000,102867140415,102881675396,14534981
102600000000,102900000000,102881675396,102883637266,1961870
102600000000,102900000000,102883637266,102883642925,5659
102600000000,102900000000,102883642925,102883644958,2033
102600000000,102900000000,102883644958,102883656283,11325
102600000000,102900000000,102883656283,102895515569,11859286
102600000000,102900000000,102895515569,102898137804,2622235
102600000000,102900000000,102898137804,102898142927,5123
102900000000,103200000000,102901259576,102901261788,2212
102900000000,103200000000,102901261788,102907713488,6451700
102900000000,103200000000,102907713488,102910318238,2604750
102900000000,103200000000,102910318238,102910318239,1
102900000000,103200000000,102910318239,102910318348,109
102900000000,103200000000,102910318348,102910318349,1
102900000000,103200000000,102910318349,102934803166,24484817
102900000000,103200000000,102934803166,102943960097,9156931
102900000000,103200000000,102943960097,102955398068,11437971
102900000000,103200000000,102955398068,102973552768,18154700
102900000000,103200000000,102973552768,102973552769,1
102900000000,103200000000,102973552769,102973552770,1
102900000000,103200000000,102973552770,102984973771,11421001
102900000000,103200000000,102984973771,103002451898,17478127
102900000000,103200000000,103002451898,103024915256,22463358
102900000000,103200000000,103024915256,103033578885,8663629
102900000000,103200000000,103033578885,103033581595,2710
102900000000,103200000000,103033581595,103037900177,4318582
102900000000,103200000000,103037900177,103067262223,29362046
102900000000,103200000000,103067262223,103070858991,3596768
102900000000,103200000000,103070858991,103070908334,49343
102900000000,103200000000,103070908334,103070931010,22676
102900000000,103200000000,103070931010,103070946370,15360
102900000000,103200000000,103070946370,103070951245,4875
102900000000,103200000000,103070951245,103078759305,7808060
102900000000,103200000000,103078759305,103087022370,8263065
102900000000,103200000000,103087022370,103090754828,3732458
102900000000,103200000000,103090754828,103090754829,1
102900000000,103200000000,103090754829,103090754830,1
102900000000,103200000000,103090754830,103092568919,1814089
102900000000,103200000000,103092568919,103092571521,2602
102900000000,103200000000,103092571521,103093806306,1234785
102900000000,103200000000,103093806306,103093835353,29047
102900000000,103200000000,103093835353,103093843232,7879
102900000000,103200000000,103093843232,103098687687,4844455
102900000000,103200000000,103098687687,103106100531,7412844
102900000000,103200000000,103106100531,103106140291,39760
102900000000,103200000000,103106140291,103138603717,32463426
102900000000,103200000000,103138603717,103138603718,1
102900000000,103200000000,103138603718,103138603719,1
102900000000,103200000000,103138603719,103145725020,7121301
102900000000,103200000000,103145725020,103157905792,12180772
102900000000,103200000000,103157905792,103157951503,45711
102900000000,103200000000,103157951503,103162169336,4217833
102900000000,103200000000,103162169336,103177351951,15182615
102900000000,103200000000,103177351951,103185916404,8564453
102900000000,103200000000,103185916404,103192786773,6870369
102900000000,103200000000,103192786773,103192786774,1
102900000000,103200000000,103192786774,103192786775,1
103200000000,103500000000,103211059199,103211059200,1
103200000000,103500000000,103211059200,103214851704,3792504
103200000000,103500000000,103214851704,103214880747,29043
103200000000,103500000000,103214880747,103214885231,4484
103200000000,103500000000,103214885231,103214893152,7921
103200000000,103500000000,103214893152,103214897963,4811
103200000000,103500000000,103214897963,103226325111,11427148
103200000000,103500000000,103226325111,103226325112,1
103200000000,103500000000,103226325112,103246082381,19757269
103200000000,103500000000,103246082381,103249035369,2952988
103200000000,103500000000,103249035369,103249035370,1
103200000000,103500000000,103249035370,103249035619,249
103200000000,103500000000,103249035619,103249035620,1
103200000000,103500000000,103249035620,103273405188,24369568
103200000000,103500000000,103273405188,103273410037,4849
103200000000,103500000000,103273410037,103273412136,2099
103200000000,103500000000,103273412136,103300771566,27359430
103200000000,103500000000,103300771566,103310241615,9470049
103200000000,103500000000,103310241615,103310241616,1
103200000000,103500000000,103310241616,103324539124,14297508
103200000000,103500000000,103324539124,103325510316,971192
103200000000,103500000000,103325510316,103325514135,3819
103200000000,103500000000,103325514135,103335419119,9904984
103200000000,103500000000,103335419119,103335473342,54223
103200000000,103500000000,103335473342,103335496958,23616
103200000000,103500000000,103335496958,103340041764,4544806
103200000000,103500000000,103340041764,103344686809,4645045
103200000000,103500000000,103344686809,103364932725,20245916
103200000000,103500000000,103364932725,103364932726,1
103200000000,103500000000,103364932726,103364933744,1018
103200000000,103500000000,103364933744,103364933745,1
103200000000,103500000000,103364933745,103364933746,1
103200000000,103500000000,103364933746,103387945456,23011710
103200000000,103500000000,103387945456,103389007473,1062017
103200000000,103500000000,103389007473,103397284752,8277279
103200000000,103500000000,103397284752,103400372575,3087823
103200000000,103500000000,103400372575,103400430135,57560
103200000000,103500000000,103400430135,103400455613,25478
103200000000,103500000000,103400455613,103400461222,5609
103200000000,103500000000,103400461222,103400468569,7347
103200000000,103500000000,103400468569,103400481373,12804
103200000000,103500000000,103400481373,103400486534,5161
103200000000,103500000000,103400486534,103400490213,3679
103200000000,103500000000,103400490213,103400494197,3984
103200000000,103500000000,103400494197,103423698660,23204463
103200000000,103500000000,103423698660,103424928006,1229346
103200000000,103500000000,103424928006,103427303792,2375786
103200000000,103500000000,103427303792,103441599902,14296110
103200000000,103500000000,103441599902,103441600032,130
103200000000,103500000000,103441600032,103441600033,1
103200000000,103500000000,103441600033,103441600158,125
103200000000,103500000000,103441600158,103441600159,1
103200000000,103500000000,103441600159,103441600160,1
103200000000,103500000000,103441600160,103441600197,37
103200000000,103500000000,103441600197,103441600198,1
103200000000,103500000000,103441600198,103446220445,4620247
103200000000,103500000000,103446220445,103461301185,15080740
103200000000,103500000000,103461301185,103465308928,4007743
103200000000,103500000000,103465308928,103471177385,5868457
103200000000,103500000000,103471177385,103471240192,62807
103200000000,103500000000,103471240192,103471289816,49624
103200000000,103500000000,103471289816,103482441508,11151692
103500000000,103800000000,103513126944,103513126945,1
103500000000,103800000000,103513126945,103513126946,1
103500000000,103800000000,103513126946,103516493488,3366542
103500000000,103800000000,103516493488,103518484376,1990888
103500000000,103800000000,103518484376,103552080925,33596549
103500000000,103800000000,103552080925,103552087176,6251
103500000000,103800000000,103552087176,103553878907,1791731
103500000000,103800000000,103553878907,103588121852,34242945
103500000000,103800000000,103588121852,103594052787,5930935
103500000000,103800000000,103594052787,103603472678,9419891
103500000000,103800000000,103603472678,103603472679,1
103500000000,103800000000,103603472679,103613997649,10524970
103500000000,103800000000,103613997649,103619822361,5824712
103500000000,103800000000,103619822361,103621695663,1873302
103500000000,103800000000,103621695663,103621775372,79709
103500000000,103800000000,103621775372,103621780286,4914
103500000000,103800000000,103621780286,103628927270,7146984
103500000000,103800000000,103628927270,103628928289,1019
103500000000,103800000000,103628928289,103636158540,7230251
103500000000,103800000000,103636158540,103637970934,1812394
103500000000,103800000000,103637970934,103656936880,18965946
103500000000,103800000000,103656936880,103656946764,9884
103500000000,103800000000,103656946764,103656952318,5554
103500000000,103800000000,103656952318,103668625486,11673168
103500000000,103800000000,103668625486,103668631381,5895
103500000000,103800000000,103668631381,103686998084,18366703
103500000000,103800000000,103686998084,103687115182,117098
103500000000,103800000000,103687115182,103694153856,7038674
103500000000,103800000000,103694153856,103694153857,1
103500000000,103800000000,103694153857,103694153858,1
103500000000,103800000000,103694153858,103725334994,31181136
103500000000,103800000000,103725334994,103729997366,4662372
103500000000,103800000000,103729997366,103735028553,5031187
103500000000,103800000000,103735028553,103742220607,7192054
103500000000,103800000000,103742220607,103747084168,4863561
103500000000,103800000000,103747084168,103761226856,14142688
103500000000,103800000000,103761226856,103764391557,3164701
103500000000,103800000000,103764391557,103789187380,24795823
103500000000,103800000000,103789187380,103789221420,34040
103500000000,103800000000,103789221420,103789230618,9198
103500000000,103800000000,103789230618,103789238195,7577
103500000000,103800000000,103789238195,103789244890,6695
103500000000,103800000000,103789244890,103792183024,2938134
103500000000,103800000000,103792183024,103792183044,20
103500000000,103800000000,103792183044,103792183045,1
103500000000,103800000000,103792183045,103792183046,1
103800000000,104100000000,103802333379,103805693941,3360562
103800000000,104100000000,103805693941,103805731494,37553
103800000000,104100000000,103805731494,103807415409,1683915
103800000000,104100000000,103807415409,103807479452,64043
103800000000,104100000000,103807479452,103809530186,2050734
103800000000,104100000000,103809530186,103811028146,1497960
103800000000,104100000000,103811028146,103814201480,3173334
103800000000,104100000000,103814201480,103814248484,47004
103800000000,104100000000,103814248484,103814255887,7403
103800000000,104100000000,103814255887,103818933386,4677499
103800000000,104100000000,103818933386,103820648388,1715002
103800000000,104100000000,103820648388,103820648389,1
103800000000,104100000000,103820648389,103820648390,1
103800000000,104100000000,103820648390,103821918578,1270188
103800000000,104100000000,103821918578,103823221173,1302595
103800000000,104100000000,103823221173,103824654028,1432855
103800000000,104100000000,103824654028,103832932064,8278036
103800000000,104100000000,103832932064,103834256335,1324271
103800000000,104100000000,103834256335,103834746924,490589
103800000000,104100000000,103834746924,103847722480,12975556
103800000000,104100000000,103847722480,103847768026,45546
103800000000,104100000000,103847768026,103847773539,5513
103800000000,104100000000,103847773539,103847779105,5566
103800000000,104100000000,103847779105,103847782893,3788
103800000000,104100000000,103847782893,103847785480,2587
103800000000,104100000000,103847785480,103858221846,10436366
103800000000,104100000000,103858221846,103858221847,1
103800000000,104100000000,103858221847,103873578273,15356426
103800000000,104100000000,103873578273,103885413461,11835188
103800000000,104100000000,103885413461,103885417208,3747
103800000000,104100000000,103885417208,103898028166,12610958
103800000000,104100000000,103898028166,103906406062,8377896
103800000000,104100000000,103906406062,103911278487,4872425
103800000000,104100000000,103911278487,103916511080,5232593
103800000000,104100000000,103916511080,103921357107,4846027
103800000000,104100000000,103921357107,103922869235,1512128
103800000000,104100000000,103922869235,103924590064,1720829
103800000000,104100000000,103924590064,103929495909,4905845
103800000000,104100000000,103929495909,103929602000,106091
103800000000,104100000000,103929602000,103946281405,16679405
103800000000,104100000000,103946281405,103946286749,5344
103800000000,104100000000,103946286749,103946303358,16609
103800000000,104100000000,103946303358,103949561102,3257744
103800000000,104100000000,103949561102,103969746681,20185579
103800000000,104100000000,103969746681,103971540285,1793604
103800000000,104100000000,103971540285,103973154647,1614362
103800000000,104100000000,103973154647,103978299464,5144817
103800000000,104100000000,103978299464,103997553622,19254158
103800000000,104100000000,103997553622,104003943242,6389620
103800000000,104100000000,104003943242,104007670145,3726903
103800000000,104100000000,104007670145,104009099066,1428921
103800000000,104100000000,104009099066,104013756981,4657915
103800000000,104100000000,104013756981,104043560471,29803490
103800000000,104100000000,104043560471,104045011841,1451370
103800000000,104100000000,104045011841,104045056827,44986
103800000000,104100000000,104045056827,104046441112,1384285
103800000000,104100000000,104046441112,104047771712,1330600
103800000000,104100000000,104047771712,104052490635,4718923
103800000000,104100000000,104052490635,104060244335,7753700
103800000000,104100000000,104060244335,104060251215,6880
103800000000,104100000000,104060251215,104063342688,3091473
103800000000,104100000000,104063342688,104064676274,1333586
103800000000,104100000000,104064676274,104065036903,360629
103800000000,104100000000,104065036903,104067833171,2796268
103800000000,104100000000,104067833171,104077776308,9943137
103800000000,104100000000,104077776308,104080912295,3135987
103800000000,104100000000,104080912295,104084341117,3428822
103800000000,104100000000,104084341117,104088727478,4386361
103800000000,104100000000,104088727478,104088760748,33270
103800000000,104100000000,104088760748,104088768082,7334
103800000000,104100000000,104088768082,104096118502,7350420
104100000000,104400000000,104101870497,104101956673,86176
104100000000,104400000000,104101956673,104104663325,2706652
104100000000,104400000000,104104663325,104104665927,2602
104100000000,104400000000,104104665927,104110148318,5482391
104100000000,104400000000,104110148318,104113007218,2858900
104100000000,104400000000,104113007218,104118963322,5956104
104100000000,104400000000,104118963322,104122672980,3709658
104100000000,104400000000,104122672980,104128255476,5582496
104100000000,104400000000,104128255476,104128258110,2634
104100000000,104400000000,104128258110,104128259898,1788
104100000000,104400000000,104128259898,104128264852,4954
104100000000,104400000000,104128264852,104128266894,2042
104100000000,104400000000,104128266894,104128268873,1979
104100000000,104400000000,104128268873,104135786090,7517217
104100000000,104400000000,104135786090,104135786117,27
104100000000,104400000000,104135786117,104139458121,3672004
104100000000,104400000000,104139458121,104141532484,2074363
104100000000,104400000000,104141532484,104154631785,13099301
104100000000,104400000000,104154631785,104154636025,4240
104100000000,104400000000,104154636025,104162677127,8041102
104100000000,104400000000,104162677127,104195430801,32753674
104100000000,104400000000,104195430801,104213511330,18080529
104100000000,104400000000,104213511330,104213517487,6157
104100000000,104400000000,104213517487,104216548277,3030790
104100000000,104400000000,104216548277,104218031625,1483348
104100000000,104400000000,104218031625,104223309183,5277558
104100000000,104400000000,104223309183,104238283511,14974328
104100000000,104400000000,104238283511,104238301594,18083
104100000000,104400000000,104238301594,104238325575,23981
104100000000,104400000000,104238325575,104242551686,4226111
104100000000,104400000000,104242551686,104242551687,1
104100000000,104400000000,104242551687,104242805648,253961
104100000000,104400000000,104242805648,104250380137,7574489
104100000000,104400000000,104250380137,104254010896,3630759
104100000000,104400000000,104254010896,104257743952,3733056
104100000000,104400000000,104257743952,104261278468,3534516
104100000000,104400000000,104261278468,104261289584,11116
104100000000,104400000000,104261289584,104264014746,2725162
104100000000,104400000000,104264014746,104280405065,16390319
104100000000,104400000000,104280405065,104288551137,8146072
104100000000,104400000000,104288551137,104297357022,8805885
104100000000,104400000000,104297357022,104297360167,3145
104100000000,104400000000,104297360167,104299043299,1683132
104100000000,104400000000,104299043299,104300865066,1821767
104100000000,104400000000,104300865066,104305123756,4258690
104100000000,104400000000,104305123756,104305181163,57407
104100000000,104400000000,104305181163,104305185637,4474
104100000000,104400000000,104305185637,104308941239,3755602
104100000000,104400000000,104308941239,104310741937,1800698
104100000000,104400000000,104310741937,104312493652,1751715
104100000000,104400000000,104312493652,104312588871,95219
104100000000,104400000000,104312588871,104314554611,1965740
104100000000,104400000000,104314554611,104316144138,1589527
104100000000,104400000000,104316144138,104318099800,1955662
104100000000,104400000000,104318099800,104322559970,4460170
104100000000,104400000000,104322559970,104322919362,359392
104100000000,104400000000,104322919362,104324388232,1468870
104100000000,104400000000,104324388232,104329079716,4691484
104100000000,104400000000,104329079716,104337533501,8453785
104100000000,104400000000,104337533501,104339405635,1872134
104100000000,104400000000,104339405635,104339466717,61082
104100000000,104400000000,104339466717,104355097304,15630587
104100000000,104400000000,104355097304,104359803209,4705905
104100000000,104400000000,104359803209,104371184554,11381345
104100000000,104400000000,104371184554,104387080232,15895678
104100000000,104400000000,104387080232,104398951411,11871179
