init_time,finish_time,timestamp_1,timestamp_2,inter_time
18000000000,21600000000,18015133232,18016409845,1276613
18000000000,21600000000,18016409845,18017888788,1478943
18000000000,21600000000,18017888788,18018566076,677288
18000000000,21600000000,18018566076,18019286115,720039
18000000000,21600000000,18019286115,18019301580,15465
18000000000,21600000000,18019301580,18019303989,2409
18000000000,21600000000,18019303989,18020042089,738100
18000000000,21600000000,18020042089,18020778393,736304
18000000000,21600000000,18020778393,18020778403,10
18000000000,21600000000,18020778403,18020778429,26
18000000000,21600000000,18020778429,18024897446,4119017
18000000000,21600000000,18024897446,18025579682,682236
18000000000,21600000000,18025579682,18029082925,3503243
18000000000,21600000000,18029082925,18029083065,140
18000000000,21600000000,18029083065,18029083069,4
18000000000,21600000000,18029083069,18029083074,5
18000000000,21600000000,18029083074,18031391031,2307957
18000000000,21600000000,18031391031,18031405379,14348
18000000000,21600000000,18031405379,18031415770,10391
18000000000,21600000000,18031415770,18031418200,2430
18000000000,21600000000,18031418200,18033217450,1799250
18000000000,21600000000,18033217450,18033217479,29
18000000000,21600000000,18033217479,18033217489,10
18000000000,21600000000,18033217489,18033217500,11
18000000000,21600000000,18033217500,18042802558,9585058
18000000000,21600000000,18042802558,18044980531,2177973
18000000000,21600000000,18044980531,18051385288,6404757
18000000000,21600000000,18051385288,18051385290,2
18000000000,21600000000,18051385290,18052105539,720249
18000000000,21600000000,18052105539,18052807826,702287
18000000000,21600000000,18052807826,18055626077,2818251
18000000000,21600000000,18055626077,18056889946,1263869
18000000000,21600000000,18056889946,18056889950,4
18000000000,21600000000,18056889950,18056889951,1
18000000000,21600000000,18056889951,18057548407,658456
18000000000,21600000000,18057548407,18057549014,607
18000000000,21600000000,18057549014,18061652086,4103072
18000000000,21600000000,18061652086,18063651182,1999096
18000000000,21600000000,18063651182,18067353285,3702103
18000000000,21600000000,18067353285,18068080317,727032
18000000000,21600000000,18068080317,18069403769,1323452
18000000000,21600000000,18069403769,18069403773,4
18000000000,21600000000,18069403773,18069403774,1
18000000000,21600000000,18069403774,18069403775,1
18000000000,21600000000,18069403775,18069436739,32964
18000000000,21600000000,18069436739,18070160296,723557
18000000000,21600000000,18070160296,18070160447,151
18000000000,21600000000,18070160447,18070168805,8358
18000000000,21600000000,18070168805,18074685701,4516896
18000000000,21600000000,18074685701,18074685704,3
18000000000,21600000000,18074685704,18078018473,3332769
18000000000,21600000000,18078018473,18082106866,4088393
18000000000,21600000000,18082106866,18083577790,1470924
18000000000,21600000000,18083577790,18084946724,1368934
18000000000,21600000000,18084946724,18086612952,1666228
18000000000,21600000000,18086612952,18086629443,16491
18000000000,21600000000,18086629443,18087551002,921559
18000000000,21600000000,18087551002,18088340490,789488
18000000000,21600000000,18088340490,18088358624,18134
18000000000,21600000000,18088358624,18089864566,1505942
18000000000,21600000000,18089864566,18093464104,3599538
18000000000,21600000000,18093464104,18093475007,10903
18000000000,21600000000,18093475007,18094921876,1446869
18000000000,21600000000,18094921876,18094921879,3
18000000000,21600000000,18094921879,18094922295,416
18000000000,21600000000,18094922295,18094922299,4
18000000000,21600000000,18094922299,18094922300,1
18000000000,21600000000,18094922300,18095694725,772425
18000000000,21600000000,18095694725,18095694877,152
18000000000,21600000000,18095694877,18095702571,7694
18000000000,21600000000,18095702571,18097024402,1321831
18000000000,21600000000,18097024402,18097029637,5235
18000000000,21600000000,18097029637,18097756769,727132
18000000000,21600000000,18097756769,18098453264,696495
18000000000,21600000000,18098453264,18098453278,14
18000000000,21600000000,18098453278,18099171027,717749
18000000000,21600000000,18099171027,18101238641,2067614
18000000000,21600000000,18101238641,18102645775,1407134
18000000000,21600000000,18102645775,18104361069,1715294
18000000000,21600000000,18104361069,18110174769,5813700
18000000000,21600000000,18110174769,18112511017,2336248
18000000000,21600000000,18112511017,18113299683,788666
18000000000,21600000000,18113299683,18114070757,771074
18000000000,21600000000,18114070757,18117344594,3273837
18000000000,21600000000,18117344594,18119268580,1923986
18000000000,21600000000,18119268580,18121654113,2385533
18000000000,21600000000,18121654113,18121654116,3
18000000000,21600000000,18121654116,18122583982,929866
18000000000,21600000000,18122583982,18123327069,743087
18000000000,21600000000,18123327069,18123351612,24543
18000000000,21600000000,18123351612,18123361963,10351
18000000000,21600000000,18123361963,18124156751,794788
18000000000,21600000000,18124156751,18124190598,33847
18000000000,21600000000,18124190598,18125004672,814074
18000000000,21600000000,18125004672,18125004683,11
18000000000,21600000000,18125004683,18125778505,773822
18000000000,21600000000,18125778505,18125811059,32554
18000000000,21600000000,18125811059,18130084180,4273121
18000000000,21600000000,18130084180,18130100823,16643
18000000000,21600000000,18130100823,18131541022,1440199
18000000000,21600000000,18131541022,18131541033,11
18000000000,21600000000,18131541033,18137405153,5864120
18000000000,21600000000,18137405153,18144880100,7474947
18000000000,21600000000,18144880100,18144880195,95
18000000000,21600000000,18144880195,18144880201,6
18000000000,21600000000,18144880201,18150445548,5565347
18000000000,21600000000,18150445548,18150472280,26732
18000000000,21600000000,18150472280,18152252532,1780252
18000000000,21600000000,18152252532,18159168146,6915614
18000000000,21600000000,18159168146,18164407871,5239725
18000000000,21600000000,18164407871,18171326755,6918884
18000000000,21600000000,18171326755,18172830559,1503804
18000000000,21600000000,18172830559,18173952931,1122372
18000000000,21600000000,18173952931,18173953281,350
18000000000,21600000000,18173953281,18173953286,5
18000000000,21600000000,18173953286,18175458611,1505325
18000000000,21600000000,18175458611,18175458715,104
18000000000,21600000000,18175458715,18179725490,4266775
18000000000,21600000000,18179725490,18180501070,775580
18000000000,21600000000,18180501070,18196040870,15539800
18000000000,21600000000,18196040870,18197638089,1597219
18000000000,21600000000,18197638089,18197639049,960
18000000000,21600000000,18197639049,18197639054,5
18000000000,21600000000,18197639054,18203028136,5389082
18000000000,21600000000,18203028136,18206066969,3038833
18000000000,21600000000,18206066969,18206078986,12017
18000000000,21600000000,18206078986,18207625262,1546276
18000000000,21600000000,18207625262,18207625289,27
18000000000,21600000000,18207625289,18213899873,6274584
18000000000,21600000000,18213899873,18219697844,5797971
18000000000,21600000000,18219697844,18220568692,870848
18000000000,21600000000,18220568692,18221383617,814925
18000000000,21600000000,18221383617,18222295450,911833
18000000000,21600000000,18222295450,18223065296,769846
18000000000,21600000000,18223065296,18223619189,553893
18000000000,21600000000,18223619189,18224323224,704035
18000000000,21600000000,18224323224,18225092017,768793
18000000000,21600000000,18225092017,18241452015,16359998
18000000000,21600000000,18241452015,18242335890,883875
18000000000,21600000000,18242335890,18242354460,18570
18000000000,21600000000,18242354460,18244692757,2338297
18000000000,21600000000,18244692757,18244692760,3
18000000000,21600000000,18244692760,18244693824,1064
18000000000,21600000000,18244693824,18244724234,30410
18000000000,21600000000,18244724234,18246326926,1602692
18000000000,21600000000,18246326926,18246889871,562945
18000000000,21600000000,18246889871,18247704592,814721
18000000000,21600000000,18247704592,18248484235,779643
18000000000,21600000000,18248484235,18248501618,17383
18000000000,21600000000,18248501618,18249297760,796142
18000000000,21600000000,18249297760,18250381198,1083438
18000000000,21600000000,18250381198,18251175103,793905
18000000000,21600000000,18251175103,18254539050,3363947
18000000000,21600000000,18254539050,18254549534,10484
18000000000,21600000000,18254549534,18255454198,904664
18000000000,21600000000,18255454198,18256341821,887623
18000000000,21600000000,18256341821,18256341826,5
18000000000,21600000000,18256341826,18256341835,9
18000000000,21600000000,18256341835,18257339613,997778
18000000000,21600000000,18257339613,18257339617,4
18000000000,21600000000,18257339617,18258280139,940522
18000000000,21600000000,18258280139,18279034900,20754761
18000000000,21600000000,18279034900,18279814842,779942
18000000000,21600000000,18279814842,18279817468,2626
18000000000,21600000000,18279817468,18281172517,1355049
18000000000,21600000000,18281172517,18281172535,18
18000000000,21600000000,18281172535,18282185315,1012780
18000000000,21600000000,18282185315,18284252957,2067642
18000000000,21600000000,18284252957,18285654449,1401492
18000000000,21600000000,18285654449,18285655011,562
18000000000,21600000000,18285655011,18286477505,822494
18000000000,21600000000,18286477505,18291733882,5256377
18000000000,21600000000,18291733882,18293505425,1771543
18000000000,21600000000,18293505425,18301340027,7834602
18000000000,21600000000,18301340027,18301340266,239
18000000000,21600000000,18301340266,18301340271,5
18000000000,21600000000,18301340271,18301340276,5
18000000000,21600000000,18301340276,18305513067,4172791
18000000000,21600000000,18305513067,18311790461,6277394
18000000000,21600000000,18311790461,18311795207,4746
18000000000,21600000000,18311795207,18311798737,3530
18000000000,21600000000,18311798737,18313214089,1415352
18000000000,21600000000,18313214089,18313214125,36
18000000000,21600000000,18313214125,18313231265,17140
18000000000,21600000000,18313231265,18315001569,1770304
18000000000,21600000000,18315001569,18315661860,660291
18000000000,21600000000,18315661860,18316394335,732475
18000000000,21600000000,18316394335,18316394338,3
18000000000,21600000000,18316394338,18317119535,725197
18000000000,21600000000,18317119535,18317809468,689933
18000000000,21600000000,18317809468,18318513551,704083
18000000000,21600000000,18318513551,18335993910,17480359
18000000000,21600000000,18335993910,18335993963,53
18000000000,21600000000,18335993963,18335993969,6
18000000000,21600000000,18335993969,18335993975,6
18000000000,21600000000,18335993975,18336782209,788234
18000000000,21600000000,18336782209,18339193846,2411637
18000000000,21600000000,18339193846,18339998185,804339
18000000000,21600000000,18339998185,18340000973,2788
18000000000,21600000000,18340000973,18341522646,1521673
18000000000,21600000000,18341522646,18341522669,23
18000000000,21600000000,18341522669,18349079809,7557140
18000000000,21600000000,18349079809,18349079811,2
18000000000,21600000000,18349079811,18350598902,1519091
18000000000,21600000000,18350598902,18360775703,10176801
18000000000,21600000000,18360775703,18370505398,9729695
18000000000,21600000000,18370505398,18370505401,3
18000000000,21600000000,18370505401,18371863104,1357703
18000000000,21600000000,18371863104,18375493126,3630022
18000000000,21600000000,18375493126,18376977356,1484230
18000000000,21600000000,18376977356,18376977360,4
18000000000,21600000000,18376977360,18376977361,1
18000000000,21600000000,18376977361,18376977362,1
18000000000,21600000000,18376977362,18376994993,17631
18000000000,21600000000,18376994993,18377713590,718597
18000000000,21600000000,18377713590,18377713741,151
18000000000,21600000000,18377713741,18377713782,41
18000000000,21600000000,18377713782,18378739453,1025671
18000000000,21600000000,18378739453,18387729788,8990335
18000000000,21600000000,18387729788,18391424883,3695095
18000000000,21600000000,18391424883,18391424887,4
18000000000,21600000000,18391424887,18391424888,1
18000000000,21600000000,18391424888,18392088135,663247
18000000000,21600000000,18392088135,18392088286,151
18000000000,21600000000,18392088286,18393579011,1490725
18000000000,21600000000,18393579011,18394826832,1247821
18000000000,21600000000,18394826832,18395449037,622205
18000000000,21600000000,18395449037,18397460087,2011050
18000000000,21600000000,18397460087,18398905271,1445184
18000000000,21600000000,18398905271,18400351476,1446205
18000000000,21600000000,18400351476,18423612132,23260656
18000000000,21600000000,18423612132,18423615774,3642
18000000000,21600000000,18423615774,18425126913,1511139
18000000000,21600000000,18425126913,18425954372,827459
18000000000,21600000000,18425954372,18425954892,520
18000000000,21600000000,18425954892,18425954897,5
18000000000,21600000000,18425954897,18430514192,4559295
18000000000,21600000000,18430514192,18430514607,415
18000000000,21600000000,18430514607,18430514613,6
18000000000,21600000000,18430514613,18430514621,8
18000000000,21600000000,18430514621,18434054589,3539968
18000000000,21600000000,18434054589,18434077557,22968
18000000000,21600000000,18434077557,18435533120,1455563
18000000000,21600000000,18435533120,18435533120,0
18000000000,21600000000,18435533120,18436416856,883736
18000000000,21600000000,18436416856,18436422705,5849
18000000000,21600000000,18436422705,18437717607,1294902
18000000000,21600000000,18437717607,18437717620,13
18000000000,21600000000,18437717620,18443627445,5909825
18000000000,21600000000,18443627445,18447534191,3906746
18000000000,21600000000,18447534191,18448198754,664563
18000000000,21600000000,18448198754,18448888707,689953
18000000000,21600000000,18448888707,18448907606,18899
18000000000,21600000000,18448907606,18448913529,5923
18000000000,21600000000,18448913529,18448913566,37
18000000000,21600000000,18448913566,18448913571,5
18000000000,21600000000,18448913571,18453047309,4133738
18000000000,21600000000,18453047309,18460379632,7332323
18000000000,21600000000,18460379632,18460400577,20945
18000000000,21600000000,18460400577,18461957308,1556731
18000000000,21600000000,18461957308,18461957331,23
18000000000,21600000000,18461957331,18464305403,2348072
18000000000,21600000000,18464305403,18465054839,749436
18000000000,21600000000,18465054839,18465777000,722161
18000000000,21600000000,18465777000,18466549045,772045
18000000000,21600000000,18466549045,18467574966,1025921
18000000000,21600000000,18467574966,18472656504,5081538
18000000000,21600000000,18472656504,18472661050,4546
18000000000,21600000000,18472661050,18472672463,11413
18000000000,21600000000,18472672463,18474156506,1484043
18000000000,21600000000,18474156506,18474156524,18
18000000000,21600000000,18474156524,18474156675,151
18000000000,21600000000,18474156675,18482557258,8400583
18000000000,21600000000,18482557258,18485021976,2464718
18000000000,21600000000,18485021976,18486470960,1448984
18000000000,21600000000,18486470960,18487135036,664076
18000000000,21600000000,18487135036,18488468468,1333432
18000000000,21600000000,18488468468,18490108223,1639755
18000000000,21600000000,18490108223,18497179812,7071589
18000000000,21600000000,18497179812,18497184612,4800
18000000000,21600000000,18497184612,18498633176,1448564
18000000000,21600000000,18498633176,18505584881,6951705
18000000000,21600000000,18505584881,18505584960,79
18000000000,21600000000,18505584960,18505584965,5
18000000000,21600000000,18505584965,18505584970,5
18000000000,21600000000,18505584970,18509423643,3838673
18000000000,21600000000,18509423643,18514869230,5445587
18000000000,21600000000,18514869230,18519802224,4932994
18000000000,21600000000,18519802224,18519802406,182
18000000000,21600000000,18519802406,18519802411,5
18000000000,21600000000,18519802411,18519802416,5
18000000000,21600000000,18519802416,18523567383,3764967
18000000000,21600000000,18523567383,18539791442,16224059
18000000000,21600000000,18539791442,18542010114,2218672
18000000000,21600000000,18542010114,18543814200,1804086
18000000000,21600000000,18543814200,18543814273,73
18000000000,21600000000,18543814273,18543814279,6
18000000000,21600000000,18543814279,18544586795,772516
18000000000,21600000000,18544586795,18544608392,21597
18000000000,21600000000,18544608392,18546023522,1415130
18000000000,21600000000,18546023522,18546023526,4
18000000000,21600000000,18546023526,18546023527,1
18000000000,21600000000,18546023527,18546023528,1
18000000000,21600000000,18546023528,18546023567,39
18000000000,21600000000,18546023567,18546719987,696420
18000000000,21600000000,18546719987,18546720138,151
18000000000,21600000000,18546720138,18546720181,43
18000000000,21600000000,18546720181,18554891520,8171339
18000000000,21600000000,18554891520,18556305780,1414260
18000000000,21600000000,18556305780,18568426794,12121014
18000000000,21600000000,18568426794,18569121675,694881
18000000000,21600000000,18569121675,18569841656,719981
18000000000,21600000000,18569841656,18569841660,4
18000000000,21600000000,18569841660,18569841661,1
18000000000,21600000000,18569841661,18570577017,735356
18000000000,21600000000,18570577017,18570582447,5430
18000000000,21600000000,18570582447,18571469872,887425
18000000000,21600000000,18571469872,18578542396,7072524
18000000000,21600000000,18578542396,18582613356,4070960
18000000000,21600000000,18582613356,18584187075,1573719
18000000000,21600000000,18584187075,18590246968,6059893
18000000000,21600000000,18590246968,18591768960,1521992
18000000000,21600000000,18591768960,18606105504,14336544
18000000000,21600000000,18606105504,18607827301,1721797
18000000000,21600000000,18607827301,18607827305,4
18000000000,21600000000,18607827305,18608473491,646186
18000000000,21600000000,18608473491,18613516559,5043068
18000000000,21600000000,18613516559,18613516621,62
18000000000,21600000000,18613516621,18613516627,6
18000000000,21600000000,18613516627,18615722114,2205487
18000000000,21600000000,18615722114,18617184453,1462339
18000000000,21600000000,18617184453,18617204739,20286
18000000000,21600000000,18617204739,18618271004,1066265
18000000000,21600000000,18618271004,18618980628,709624
18000000000,21600000000,18618980628,18619727090,746462
18000000000,21600000000,18619727090,18623351240,3624150
18000000000,21600000000,18623351240,18626318504,2967264
18000000000,21600000000,18626318504,18627055941,737437
18000000000,21600000000,18627055941,18627831399,775458
18000000000,21600000000,18627831399,18628827953,996554
18000000000,21600000000,18628827953,18633478645,4650692
18000000000,21600000000,18633478645,18640148090,6669445
18000000000,21600000000,18640148090,18641800793,1652703
18000000000,21600000000,18641800793,18647792385,5991592
18000000000,21600000000,18647792385,18649190986,1398601
18000000000,21600000000,18649190986,18649948683,757697
18000000000,21600000000,18649948683,18649970121,21438
18000000000,21600000000,18649970121,18651820266,1850145
18000000000,21600000000,18651820266,18651848480,28214
18000000000,21600000000,18651848480,18651848482,2
18000000000,21600000000,18651848482,18653274914,1426432
18000000000,21600000000,18653274914,18653292351,17437
18000000000,21600000000,18653292351,18654881253,1588902
18000000000,21600000000,18654881253,18656894840,2013587
18000000000,21600000000,18656894840,18656900080,5240
18000000000,21600000000,18656900080,18656904839,4759
18000000000,21600000000,18656904839,18658177055,1272216
18000000000,21600000000,18658177055,18658177066,11
18000000000,21600000000,18658177066,18658177092,26
18000000000,21600000000,18658177092,18658219686,42594
18000000000,21600000000,18658219686,18659538450,1318764
18000000000,21600000000,18659538450,18659553443,14993
18000000000,21600000000,18659553443,18666253768,6700325
18000000000,21600000000,18666253768,18666253855,87
18000000000,21600000000,18666253855,18666253860,5
18000000000,21600000000,18666253860,18668999894,2746034
18000000000,21600000000,18668999894,18670301388,1301494
18000000000,21600000000,18670301388,18670336658,35270
18000000000,21600000000,18670336658,18671029193,692535
18000000000,21600000000,18671029193,18672427771,1398578
18000000000,21600000000,18672427771,18678145522,5717751
18000000000,21600000000,18678145522,18681060374,2914852
18000000000,21600000000,18681060374,18681066716,6342
18000000000,21600000000,18681066716,18681069226,2510
18000000000,21600000000,18681069226,18682576005,1506779
18000000000,21600000000,18682576005,18682576022,17
18000000000,21600000000,18682576022,18682576026,4
18000000000,21600000000,18682576026,18682576027,1
18000000000,21600000000,18682576027,18683254887,678860
18000000000,21600000000,18683254887,18683255657,770
18000000000,21600000000,18683255657,18684895899,1640242
18000000000,21600000000,18684895899,18686263084,1367185
18000000000,21600000000,18686263084,18687037196,774112
18000000000,21600000000,18687037196,18687037199,3
18000000000,21600000000,18687037199,18688496074,1458875
18000000000,21600000000,18688496074,18693350133,4854059
18000000000,21600000000,18693350133,18693355347,5214
18000000000,21600000000,18693355347,18693357614,2267
18000000000,21600000000,18693357614,18693359775,2161
18000000000,21600000000,18693359775,18695084264,1724489
18000000000,21600000000,18695084264,18695084287,23
18000000000,21600000000,18695084287,18695084297,10
18000000000,21600000000,18695084297,18695191047,106750
18000000000,21600000000,18695191047,18697965919,2774872
18000000000,21600000000,18697965919,18699359922,1394003
18000000000,21600000000,18699359922,18706573418,7213496
18000000000,21600000000,18706573418,18706577512,4094
18000000000,21600000000,18706577512,18706580237,2725
18000000000,21600000000,18706580237,18706582551,2314
18000000000,21600000000,18706582551,18706602256,19705
18000000000,21600000000,18706602256,18706602323,67
18000000000,21600000000,18706602323,18706602330,7
18000000000,21600000000,18706602330,18708037655,1435325
18000000000,21600000000,18708037655,18708037678,23
18000000000,21600000000,18708037678,18708037682,4
18000000000,21600000000,18708037682,18708037683,1
18000000000,21600000000,18708037683,18708037684,1
18000000000,21600000000,18708037684,18708037893,209
18000000000,21600000000,18708037893,18708037904,11
18000000000,21600000000,18708037904,18708697789,659885
18000000000,21600000000,18708697789,18708697814,25
18000000000,21600000000,18708697814,18708701733,3919
18000000000,21600000000,18708701733,18713445661,4743928
18000000000,21600000000,18713445661,18714350550,904889
18000000000,21600000000,18714350550,18715195077,844527
18000000000,21600000000,18715195077,18718796005,3600928
18000000000,21600000000,18718796005,18720236792,1440787
18000000000,21600000000,18720236792,18720259628,22836
18000000000,21600000000,18720259628,18721629002,1369374
18000000000,21600000000,18721629002,18721648222,19220
18000000000,21600000000,18721648222,18723340670,1692448
18000000000,21600000000,18723340670,18724097230,756560
18000000000,21600000000,18724097230,18724118412,21182
18000000000,21600000000,18724118412,18725683169,1564757
18000000000,21600000000,18725683169,18726430059,746890
18000000000,21600000000,18726430059,18728191599,1761540
18000000000,21600000000,18728191599,18729812512,1620913
18000000000,21600000000,18729812512,18731377962,1565450
18000000000,21600000000,18731377962,18731401514,23552
18000000000,21600000000,18731401514,18731405373,3859
18000000000,21600000000,18731405373,18731407456,2083
18000000000,21600000000,18731407456,18732163187,755731
18000000000,21600000000,18732163187,18732874000,710813
18000000000,21600000000,18732874000,18732874017,17
18000000000,21600000000,18732874017,18732874021,4
18000000000,21600000000,18732874021,18732874022,1
18000000000,21600000000,18732874022,18732874080,58
18000000000,21600000000,18732874080,18733617876,743796
18000000000,21600000000,18733617876,18733618743,867
18000000000,21600000000,18733618743,18733618766,23
18000000000,21600000000,18733618766,18734398715,779949
18000000000,21600000000,18734398715,18735109930,711215
18000000000,21600000000,18735109930,18735119567,9637
18000000000,21600000000,18735119567,18735119667,100
18000000000,21600000000,18735119667,18735119672,5
18000000000,21600000000,18735119672,18735119677,5
18000000000,21600000000,18735119677,18736759876,1640199
18000000000,21600000000,18736759876,18737859850,1099974
18000000000,21600000000,18737859850,18738621107,761257
18000000000,21600000000,18738621107,18742998379,4377272
18000000000,21600000000,18742998379,18743773999,775620
18000000000,21600000000,18743773999,18745647756,1873757
18000000000,21600000000,18745647756,18745647760,4
18000000000,21600000000,18745647760,18745647761,1
18000000000,21600000000,18745647761,18746393004,745243
18000000000,21600000000,18746393004,18746393155,151
18000000000,21600000000,18746393155,18747972181,1579026
18000000000,21600000000,18747972181,18747972201,20
18000000000,21600000000,18747972201,18747972223,22
18000000000,21600000000,18747972223,18747972279,56
18000000000,21600000000,18747972279,18747972285,6
18000000000,21600000000,18747972285,18747972291,6
18000000000,21600000000,18747972291,18748404894,432603
18000000000,21600000000,18748404894,18752837122,4432228
18000000000,21600000000,18752837122,18755014716,2177594
18000000000,21600000000,18755014716,18755899414,884698
18000000000,21600000000,18755899414,18755906136,6722
18000000000,21600000000,18755906136,18755911316,5180
18000000000,21600000000,18755911316,18755915641,4325
18000000000,21600000000,18755915641,18758784217,2868576
18000000000,21600000000,18758784217,18759855230,1071013
18000000000,21600000000,18759855230,18759855233,3
18000000000,21600000000,18759855233,18759855360,127
18000000000,21600000000,18759855360,18759855363,3
18000000000,21600000000,18759855363,18759855392,29
18000000000,21600000000,18759855392,18759855396,4
18000000000,21600000000,18759855396,18759855451,55
18000000000,21600000000,18759855451,18761218236,1362785
18000000000,21600000000,18761218236,18761221383,3147
18000000000,21600000000,18761221383,18761221867,484
18000000000,21600000000,18761221867,18761222108,241
18000000000,21600000000,18761222108,18762008979,786871
18000000000,21600000000,18762008979,18765604322,3595343
18000000000,21600000000,18765604322,18769650198,4045876
18000000000,21600000000,18769650198,18769668447,18249
18000000000,21600000000,18769668447,18769672211,3764
18000000000,21600000000,18769672211,18769675910,3699
18000000000,21600000000,18769675910,18772144876,2468966
18000000000,21600000000,18772144876,18772144917,41
18000000000,21600000000,18772144917,18772144920,3
18000000000,21600000000,18772144920,18772144968,48
18000000000,21600000000,18772144968,18772146874,1906
18000000000,21600000000,18772146874,18773070928,924054
18000000000,21600000000,18773070928,18775811975,2741047
18000000000,21600000000,18775811975,18775836689,24714
18000000000,21600000000,18775836689,18777281750,1445061
18000000000,21600000000,18777281750,18778051634,769884
18000000000,21600000000,18778051634,18778051683,49
18000000000,21600000000,18778051683,18778051688,5
18000000000,21600000000,18778051688,18778051693,5
18000000000,21600000000,18778051693,18779673183,1621490
18000000000,21600000000,18779673183,18780707111,1033928
18000000000,21600000000,18780707111,18781441385,734274
18000000000,21600000000,18781441385,18781467193,25808
18000000000,21600000000,18781467193,18782204785,737592
18000000000,21600000000,18782204785,18782210877,6092
18000000000,21600000000,18782210877,18782225489,14612
18000000000,21600000000,18782225489,18782991226,765737
18000000000,21600000000,18782991226,18785909164,2917938
18000000000,21600000000,18785909164,18785909167,3
18000000000,21600000000,18785909167,18785909294,127
18000000000,21600000000,18785909294,18785909297,3
18000000000,21600000000,18785909297,18785909298,1
18000000000,21600000000,18785909298,18785909364,66
18000000000,21600000000,18785909364,18785909367,3
18000000000,21600000000,18785909367,18787350763,1441396
18000000000,21600000000,18787350763,18787353985,3222
18000000000,21600000000,18787353985,18787354424,439
18000000000,21600000000,18787354424,18787357665,3241
18000000000,21600000000,18787357665,18788245261,887596
18000000000,21600000000,18788245261,18788976985,731724
18000000000,21600000000,18788976985,18789735834,758849
18000000000,21600000000,18789735834,18790425437,689603
18000000000,21600000000,18790425437,18790450193,24756
18000000000,21600000000,18790450193,18792200900,1750707
18000000000,21600000000,18792200900,18794469632,2268732
18000000000,21600000000,18794469632,18794478396,8764
18000000000,21600000000,18794478396,18794482723,4327
18000000000,21600000000,18794482723,18794496809,14086
18000000000,21600000000,18794496809,18795282152,785343
18000000000,21600000000,18795282152,18797562891,2280739
18000000000,21600000000,18797562891,18797562896,5
18000000000,21600000000,18797562896,18797562957,61
18000000000,21600000000,18797562957,18797562960,3
18000000000,21600000000,18797562960,18797563050,90
18000000000,21600000000,18797563050,18797563053,3
18000000000,21600000000,18797563053,18797563088,35
18000000000,21600000000,18797563088,18797563092,4
18000000000,21600000000,18797563092,18798531237,968145
18000000000,21600000000,18798531237,18798532061,824
18000000000,21600000000,18798532061,18798533623,1562
18000000000,21600000000,18798533623,18798534049,426
18000000000,21600000000,18798534049,18798644061,110012
18000000000,21600000000,18798644061,18798655083,11022
18000000000,21600000000,18798655083,18800216367,1561284
18000000000,21600000000,18800216367,18800252085,35718
18000000000,21600000000,18800252085,18801045134,793049
18000000000,21600000000,18801045134,18801051195,6061
18000000000,21600000000,18801051195,18801734752,683557
18000000000,21600000000,18801734752,18803531550,1796798
18000000000,21600000000,18803531550,18803531567,17
18000000000,21600000000,18803531567,18803557004,25437
18000000000,21600000000,18803557004,18805576680,2019676
18000000000,21600000000,18805576680,18806346819,770139
18000000000,21600000000,18806346819,18806365194,18375
18000000000,21600000000,18806365194,18806427270,62076
18000000000,21600000000,18806427270,18807908834,1481564
18000000000,21600000000,18807908834,18808657538,748704
18000000000,21600000000,18808657538,18808657541,3
18000000000,21600000000,18808657541,18808657576,35
18000000000,21600000000,18808657576,18808657599,23
18000000000,21600000000,18808657599,18809343004,685405
18000000000,21600000000,18809343004,18809343016,12
18000000000,21600000000,18809343016,18810119464,776448
18000000000,21600000000,18810119464,18811570063,1450599
18000000000,21600000000,18811570063,18811609949,39886
18000000000,21600000000,18811609949,18814000284,2390335
18000000000,21600000000,18814000284,18815448474,1448190
18000000000,21600000000,18815448474,18816145763,697289
18000000000,21600000000,18816145763,18816854007,708244
18000000000,21600000000,18816854007,18817539755,685748
18000000000,21600000000,18817539755,18818420805,881050
18000000000,21600000000,18818420805,18818463281,42476
18000000000,21600000000,18818463281,18818469657,6376
18000000000,21600000000,18818469657,18818475000,5343
18000000000,21600000000,18818475000,18818487140,12140
18000000000,21600000000,18818487140,18819213047,725907
18000000000,21600000000,18819213047,18820716493,1503446
18000000000,21600000000,18820716493,18820735978,19485
18000000000,21600000000,18820735978,18820735981,3
18000000000,21600000000,18820735981,18821442511,706530
18000000000,21600000000,18821442511,18821442514,3
18000000000,21600000000,18821442514,18821442555,41
18000000000,21600000000,18821442555,18821442560,5
18000000000,21600000000,18821442560,18821442561,1
18000000000,21600000000,18821442561,18821443001,440
18000000000,21600000000,18821443001,18821443011,10
18000000000,21600000000,18821443011,18822264681,821670
18000000000,21600000000,18822264681,18822975096,710415
18000000000,21600000000,18822975096,18822975114,18
18000000000,21600000000,18822975114,18822975560,446
18000000000,21600000000,18822975560,18822975721,161
18000000000,21600000000,18822975721,18822982456,6735
18000000000,21600000000,18822982456,18822982493,37
18000000000,21600000000,18822982493,18823734193,751700
18000000000,21600000000,18823734193,18824790184,1055991
18000000000,21600000000,18824790184,18827594611,2804427
18000000000,21600000000,18827594611,18827620064,25453
18000000000,21600000000,18827620064,18828985979,1365915
18000000000,21600000000,18828985979,18829724714,738735
18000000000,21600000000,18829724714,18829724975,261
18000000000,21600000000,18829724975,18829724980,5
18000000000,21600000000,18829724980,18829724985,5
18000000000,21600000000,18829724985,18831490990,1766005
18000000000,21600000000,18831490990,18831504922,13932
18000000000,21600000000,18831504922,18833781808,2276886
18000000000,21600000000,18833781808,18833782318,510
18000000000,21600000000,18833782318,18837226955,3444637
18000000000,21600000000,18837226955,18839009172,1782217
18000000000,21600000000,18839009172,18839009229,57
18000000000,21600000000,18839009229,18839009234,5
18000000000,21600000000,18839009234,18842559690,3550456
18000000000,21600000000,18842559690,18844186666,1626976
18000000000,21600000000,18844186666,18844204216,17550
18000000000,21600000000,18844204216,18844210861,6645
18000000000,21600000000,18844210861,18844213293,2432
18000000000,21600000000,18844213293,18844215724,2431
18000000000,21600000000,18844215724,18844918626,702902
18000000000,21600000000,18844918626,18846085262,1166636
18000000000,21600000000,18846085262,18846085561,299
18000000000,21600000000,18846085561,18846085566,5
18000000000,21600000000,18846085566,18846085571,5
18000000000,21600000000,18846085571,18846994629,909058
18000000000,21600000000,18846994629,18846994632,3
18000000000,21600000000,18846994632,18846994633,1
18000000000,21600000000,18846994633,18846994670,37
18000000000,21600000000,18846994670,18846994727,57
18000000000,21600000000,18846994727,18846994730,3
18000000000,21600000000,18846994730,18846994776,46
18000000000,21600000000,18846994776,18847067842,73066
18000000000,21600000000,18847067842,18847911532,843690
18000000000,21600000000,18847911532,18848737058,825526
18000000000,21600000000,18848737058,18848737472,414
18000000000,21600000000,18848737472,18848737934,462
18000000000,21600000000,18848737934,18849619165,881231
18000000000,21600000000,18849619165,18851353056,1733891
18000000000,21600000000,18851353056,18852250478,897422
18000000000,21600000000,18852250478,18853037356,786878
18000000000,21600000000,18853037356,18857251966,4214610
18000000000,21600000000,18857251966,18858729633,1477667
18000000000,21600000000,18858729633,18858729637,4
18000000000,21600000000,18858729637,18858729638,1
18000000000,21600000000,18858729638,18858754887,25249
18000000000,21600000000,18858754887,18859575611,820724
18000000000,21600000000,18859575611,18859575814,203
18000000000,21600000000,18859575814,18859640389,64575
18000000000,21600000000,18859640389,18859657837,17448
18000000000,21600000000,18859657837,18860383863,726026
18000000000,21600000000,18860383863,18860403788,19925
18000000000,21600000000,18860403788,18861150088,746300
18000000000,21600000000,18861150088,18861150099,11
18000000000,21600000000,18861150099,18861887966,737867
18000000000,21600000000,18861887966,18861887977,11
18000000000,21600000000,18861887977,18862697319,809342
18000000000,21600000000,18862697319,18864217648,1520329
18000000000,21600000000,18864217648,18869739832,5522184
18000000000,21600000000,18869739832,18869747907,8075
18000000000,21600000000,18869747907,18869752560,4653
18000000000,21600000000,18869752560,18869756621,4061
18000000000,21600000000,18869756621,18869763750,7129
18000000000,21600000000,18869763750,18872824804,3061054
18000000000,21600000000,18872824804,18872824807,3
18000000000,21600000000,18872824807,18872824848,41
18000000000,21600000000,18872824848,18872824851,3
18000000000,21600000000,18872824851,18872824880,29
18000000000,21600000000,18872824880,18872824884,4
18000000000,21600000000,18872824884,18872824885,1
18000000000,21600000000,18872824885,18872824923,38
18000000000,21600000000,18872824923,18872824934,11
18000000000,21600000000,18872824934,18873588293,763359
18000000000,21600000000,18873588293,18873588786,493
18000000000,21600000000,18873588786,18873588943,157
18000000000,21600000000,18873588943,18873589358,415
18000000000,21600000000,18873589358,18880102366,6513008
18000000000,21600000000,18880102366,18881577559,1475193
18000000000,21600000000,18881577559,18881631615,54056
18000000000,21600000000,18881631615,18882995611,1363996
18000000000,21600000000,18882995611,18883564696,569085
18000000000,21600000000,18883564696,18883569748,5052
18000000000,21600000000,18883569748,18883572222,2474
18000000000,21600000000,18883572222,18883574057,1835
18000000000,21600000000,18883574057,18884994931,1420874
18000000000,21600000000,18884994931,18884994943,12
18000000000,21600000000,18884994943,18884994954,11
18000000000,21600000000,18884994954,18884994965,11
18000000000,21600000000,18884994965,18887119399,2124434
18000000000,21600000000,18887119399,18890198992,3079593
18000000000,21600000000,18890198992,18890871780,672788
18000000000,21600000000,18890871780,18892273435,1401655
18000000000,21600000000,18892273435,18893009932,736497
18000000000,21600000000,18893009932,18893729689,719757
18000000000,21600000000,18893729689,18894482554,752865
18000000000,21600000000,18894482554,18895348630,866076
18000000000,21600000000,18895348630,18896758209,1409579
18000000000,21600000000,18896758209,18896786064,27855
18000000000,21600000000,18896786064,18897607859,821795
18000000000,21600000000,18897607859,18898333481,725622
18000000000,21600000000,18898333481,18899092290,758809
18000000000,21600000000,18899092290,18901824384,2732094
18000000000,21600000000,18901824384,18901864606,40222
18000000000,21600000000,18901864606,18901864693,87
18000000000,21600000000,18901864693,18901864698,5
18000000000,21600000000,18901864698,18901864759,61
18000000000,21600000000,18901864759,18903456465,1591706
18000000000,21600000000,18903456465,18904219869,763404
18000000000,21600000000,18904219869,18904976398,756529
18000000000,21600000000,18904976398,18906408885,1432487
18000000000,21600000000,18906408885,18906429737,20852
18000000000,21600000000,18906429737,18907917287,1487550
18000000000,21600000000,18907917287,18908678245,760958
18000000000,21600000000,18908678245,18910169101,1490856
18000000000,21600000000,18910169101,18910919099,749998
18000000000,21600000000,18910919099,18912148609,1229510
18000000000,21600000000,18912148609,18912862330,713721
18000000000,21600000000,18912862330,18913647582,785252
18000000000,21600000000,18913647582,18915255664,1608082
18000000000,21600000000,18915255664,18919029420,3773756
18000000000,21600000000,18919029420,18919031881,2461
18000000000,21600000000,18919031881,18920530582,1498701
18000000000,21600000000,18920530582,18922091943,1561361
18000000000,21600000000,18922091943,18922092525,582
18000000000,21600000000,18922092525,18922092530,5
18000000000,21600000000,18922092530,18922092535,5
18000000000,21600000000,18922092535,18923005024,912489
18000000000,21600000000,18923005024,18923005122,98
18000000000,21600000000,18923005122,18923005127,5
18000000000,21600000000,18923005127,18924895533,1890406
18000000000,21600000000,18924895533,18930963400,6067867
18000000000,21600000000,18930963400,18930978303,14903
18000000000,21600000000,18930978303,18930981381,3078
18000000000,21600000000,18930981381,18930987828,6447
18000000000,21600000000,18930987828,18932425604,1437776
18000000000,21600000000,18932425604,18932425608,4
18000000000,21600000000,18932425608,18932425688,80
18000000000,21600000000,18932425688,18932425692,4
18000000000,21600000000,18932425692,18932425693,1
18000000000,21600000000,18932425693,18932425741,48
18000000000,21600000000,18932425741,18932425939,198
18000000000,21600000000,18932425939,18932484665,58726
18000000000,21600000000,18932484665,18932485334,669
18000000000,21600000000,18932485334,18932485339,5
18000000000,21600000000,18932485339,18932485346,7
18000000000,21600000000,18932485346,18933345149,859803
18000000000,21600000000,18933345149,18933345174,25
18000000000,21600000000,18933345174,18933345495,321
18000000000,21600000000,18933345495,18933401894,56399
18000000000,21600000000,18933401894,18935343726,1941832
18000000000,21600000000,18935343726,18935364501,20775
18000000000,21600000000,18935364501,18935364604,103
18000000000,21600000000,18935364604,18935364611,7
18000000000,21600000000,18935364611,18940748633,5384022
18000000000,21600000000,18940748633,18942245342,1496709
18000000000,21600000000,18942245342,18946182309,3936967
18000000000,21600000000,18946182309,18946182457,148
18000000000,21600000000,18946182457,18946182470,13
18000000000,21600000000,18946182470,18951946337,5763867
18000000000,21600000000,18951946337,18955913089,3966752
18000000000,21600000000,18955913089,18957323194,1410105
18000000000,21600000000,18957323194,18958892361,1569167
18000000000,21600000000,18958892361,18959739341,846980
18000000000,21600000000,18959739341,18959739346,5
18000000000,21600000000,18959739346,18959771446,32100
18000000000,21600000000,18959771446,18960534648,763202
18000000000,21600000000,18960534648,18960535096,448
18000000000,21600000000,18960535096,18960568283,33187
18000000000,21600000000,18960568283,18961283189,714906
18000000000,21600000000,18961283189,18962920664,1637475
18000000000,21600000000,18962920664,18962920666,2
18000000000,21600000000,18962920666,18964386084,1465418
18000000000,21600000000,18964386084,18969676135,5290051
18000000000,21600000000,18969676135,18969682763,6628
18000000000,21600000000,18969682763,18969685808,3045
18000000000,21600000000,18969685808,18969687990,2182
18000000000,21600000000,18969687990,18971940483,2252493
18000000000,21600000000,18971940483,18971940488,5
18000000000,21600000000,18971940488,18971940523,35
18000000000,21600000000,18971940523,18971940552,29
18000000000,21600000000,18971940552,18971940576,24
18000000000,21600000000,18971940576,18972683100,742524
18000000000,21600000000,18972683100,18974892605,2209505
18000000000,21600000000,18974892605,18974892731,126
18000000000,21600000000,18974892731,18974892758,27
18000000000,21600000000,18974892758,18974892763,5
18000000000,21600000000,18974892763,18976334539,1441776
18000000000,21600000000,18976334539,18976334670,131
18000000000,21600000000,18976334670,18976334716,46
18000000000,21600000000,18976334716,18976334731,15
18000000000,21600000000,18976334731,18978033432,1698701
18000000000,21600000000,18978033432,18978033717,285
18000000000,21600000000,18978033717,18978033724,7
18000000000,21600000000,18978033724,18980270126,2236402
18000000000,21600000000,18980270126,18980270291,165
18000000000,21600000000,18980270291,18980270300,9
18000000000,21600000000,18980270300,18981864712,1594412
18000000000,21600000000,18981864712,18983293254,1428542
18000000000,21600000000,18983293254,18987576062,4282808
18000000000,21600000000,18987576062,18988577398,1001336
18000000000,21600000000,18988577398,18989951958,1374560
18000000000,21600000000,18989951958,18989969520,17562
18000000000,21600000000,18989969520,18989977700,8180
18000000000,21600000000,18989977700,18991380096,1402396
18000000000,21600000000,18991380096,18994334527,2954431
18000000000,21600000000,18994334527,18995949329,1614802
18000000000,21600000000,18995949329,18997494921,1545592
18000000000,21600000000,18997494921,18998549963,1055042
18000000000,21600000000,18998549963,18998549966,3
18000000000,21600000000,18998549966,18999252591,702625
18000000000,21600000000,18999252591,18999951641,699050
18000000000,21600000000,18999951641,19003549907,3598266
18000000000,21600000000,19003549907,19003550056,149
18000000000,21600000000,19003550056,19003550063,7
18000000000,21600000000,19003550063,19004993966,1443903
18000000000,21600000000,19004993966,19006348361,1354395
18000000000,21600000000,19006348361,19007073942,725581
18000000000,21600000000,19007073942,19007078686,4744
18000000000,21600000000,19007078686,19008456889,1378203
18000000000,21600000000,19008456889,19009142378,685489
18000000000,21600000000,19009142378,19009142381,3
18000000000,21600000000,19009142381,19009142382,1
18000000000,21600000000,19009142382,19009142442,60
18000000000,21600000000,19009142442,19010254178,1111736
18000000000,21600000000,19010254178,19010254446,268
18000000000,21600000000,19010254446,19010254451,5
18000000000,21600000000,19010254451,19011037264,782813
18000000000,21600000000,19011037264,19011038739,1475
18000000000,21600000000,19011038739,19011038752,13
18000000000,21600000000,19011038752,19017573068,6534316
18000000000,21600000000,19017573068,19017573657,589
18000000000,21600000000,19017573657,19017573664,7
18000000000,21600000000,19017573664,19019887424,2313760
18000000000,21600000000,19019887424,19021166655,1279231
18000000000,21600000000,19021166655,19021927024,760369
18000000000,21600000000,19021927024,19021927028,4
18000000000,21600000000,19021927028,19021965687,38659
18000000000,21600000000,19021965687,19021965736,49
18000000000,21600000000,19021965736,19021965741,5
18000000000,21600000000,19021965741,19021965746,5
18000000000,21600000000,19021965746,19022749638,783892
18000000000,21600000000,19022749638,19022749665,27
18000000000,21600000000,19022749665,19025279448,2529783
18000000000,21600000000,19025279448,19025279575,127
18000000000,21600000000,19025279575,19025279582,7
18000000000,21600000000,19025279582,19027062909,1783327
18000000000,21600000000,19027062909,19027934272,871363
18000000000,21600000000,19027934272,19028670072,735800
18000000000,21600000000,19028670072,19028670177,105
18000000000,21600000000,19028670177,19028670188,11
18000000000,21600000000,19028670188,19029458793,788605
18000000000,21600000000,19029458793,19029458859,66
18000000000,21600000000,19029458859,19029458868,9
18000000000,21600000000,19029458868,19031347540,1888672
18000000000,21600000000,19031347540,19031351841,4301
18000000000,21600000000,19031351841,19032147140,795299
18000000000,21600000000,19032147140,19032152302,5162
18000000000,21600000000,19032152302,19032159642,7340
18000000000,21600000000,19032159642,19032823631,663989
18000000000,21600000000,19032823631,19033566725,743094
18000000000,21600000000,19033566725,19035036836,1470111
18000000000,21600000000,19035036836,19035036841,5
18000000000,21600000000,19035036841,19035036873,32
18000000000,21600000000,19035036873,19035036877,4
18000000000,21600000000,19035036877,19035036878,1
18000000000,21600000000,19035036878,19035036916,38
18000000000,21600000000,19035036916,19035062320,25404
18000000000,21600000000,19035062320,19035893227,830907
18000000000,21600000000,19035893227,19035893552,325
18000000000,21600000000,19035893552,19035893704,152
18000000000,21600000000,19035893704,19035893727,23
18000000000,21600000000,19035893727,19036734423,840696
18000000000,21600000000,19036734423,19037587106,852683
18000000000,21600000000,19037587106,19037587172,66
18000000000,21600000000,19037587172,19037587179,7
18000000000,21600000000,19037587179,19039435106,1847927
18000000000,21600000000,19039435106,19041020604,1585498
18000000000,21600000000,19041020604,19042914042,1893438
18000000000,21600000000,19042914042,19042931212,17170
18000000000,21600000000,19042931212,19044367645,1436433
18000000000,21600000000,19044367645,19044843456,475811
18000000000,21600000000,19044843456,19044846572,3116
18000000000,21600000000,19044846572,19046257121,1410549
18000000000,21600000000,19046257121,19046257140,19
18000000000,21600000000,19046257140,19047179554,922414
18000000000,21600000000,19047179554,19048580690,1401136
18000000000,21600000000,19048580690,19050093228,1512538
18000000000,21600000000,19050093228,19050093255,27
18000000000,21600000000,19050093255,19050093260,5
18000000000,21600000000,19050093260,19053491103,3397843
18000000000,21600000000,19053491103,19057648978,4157875
18000000000,21600000000,19057648978,19057655950,6972
18000000000,21600000000,19057655950,19057672095,16145
18000000000,21600000000,19057672095,19059962989,2290894
18000000000,21600000000,19059962989,19059962994,5
18000000000,21600000000,19059962994,19059962995,1
18000000000,21600000000,19059962995,19059963048,53
18000000000,21600000000,19059963048,19059963051,3
18000000000,21600000000,19059963051,19061344622,1381571
18000000000,21600000000,19061344622,19061344964,342
18000000000,21600000000,19061344964,19061345382,418
18000000000,21600000000,19061345382,19064248238,2902856
18000000000,21600000000,19064248238,19065637081,1388843
18000000000,21600000000,19065637081,19065655978,18897
18000000000,21600000000,19065655978,19065656129,151
18000000000,21600000000,19065656129,19065656136,7
18000000000,21600000000,19065656136,19069854476,4198340
18000000000,21600000000,19069854476,19069861345,6869
18000000000,21600000000,19069861345,19069863850,2505
18000000000,21600000000,19069863850,19069866057,2207
18000000000,21600000000,19069866057,19069871087,5030
18000000000,21600000000,19069871087,19069871126,39
18000000000,21600000000,19069871126,19069871131,5
18000000000,21600000000,19069871131,19069871136,5
18000000000,21600000000,19069871136,19072010154,2139018
18000000000,21600000000,19072010154,19072010157,3
18000000000,21600000000,19072010157,19072010192,35
18000000000,21600000000,19072010192,19072010215,23
18000000000,21600000000,19072010215,19072010226,11
18000000000,21600000000,19072010226,19072672556,662330
18000000000,21600000000,19072672556,19072699012,26456
18000000000,21600000000,19072699012,19074514296,1815284
18000000000,21600000000,19074514296,19078818047,4303751
18000000000,21600000000,19078818047,19078818154,107
18000000000,21600000000,19078818154,19078818161,7
18000000000,21600000000,19078818161,19078818168,7
18000000000,21600000000,19078818168,19082565552,3747384
18000000000,21600000000,19082565552,19084465995,1900443
18000000000,21600000000,19084465995,19084465998,3
18000000000,21600000000,19084465998,19084465999,1
18000000000,21600000000,19084465999,19086139438,1673439
18000000000,21600000000,19086139438,19086155769,16331
18000000000,21600000000,19086155769,19087593098,1437329
18000000000,21600000000,19087593098,19087593184,86
18000000000,21600000000,19087593184,19087593191,7
18000000000,21600000000,19087593191,19088700760,1107569
18000000000,21600000000,19088700760,19088701246,486
18000000000,21600000000,19088701246,19088701257,11
18000000000,21600000000,19088701257,19089691873,990616
18000000000,21600000000,19089691873,19095561961,5870088
18000000000,21600000000,19095561961,19095580065,18104
18000000000,21600000000,19095580065,19095582304,2239
18000000000,21600000000,19095582304,19096492837,910533
18000000000,21600000000,19096492837,19097465808,972971
18000000000,21600000000,19097465808,19097465811,3
18000000000,21600000000,19097465811,19097465812,1
18000000000,21600000000,19097465812,19097465850,38
18000000000,21600000000,19097465850,19097465861,11
18000000000,21600000000,19097465861,19098329207,863346
18000000000,21600000000,19098329207,19098329556,349
18000000000,21600000000,19098329556,19098365472,35916
18000000000,21600000000,19098365472,19099304818,939346
18000000000,21600000000,19099304818,19102970706,3665888
18000000000,21600000000,19102970706,19102970761,55
18000000000,21600000000,19102970761,19102970768,7
18000000000,21600000000,19102970768,19107676301,4705533
18000000000,21600000000,19107676301,19107678845,2544
18000000000,21600000000,19107678845,19107680954,2109
18000000000,21600000000,19107680954,19109977507,2296553
18000000000,21600000000,19109977507,19109977512,5
18000000000,21600000000,19109977512,19109977638,126
18000000000,21600000000,19109977638,19109977650,12
18000000000,21600000000,19109977650,19110820165,842515
18000000000,21600000000,19110820165,19113406393,2586228
18000000000,21600000000,19113406393,19113406463,70
18000000000,21600000000,19113406463,19113406468,5
18000000000,21600000000,19113406468,19113406473,5
18000000000,21600000000,19113406473,19115190197,1783724
18000000000,21600000000,19115190197,19115989722,799525
18000000000,21600000000,19115989722,19115990428,706
18000000000,21600000000,19115990428,19115990435,7
18000000000,21600000000,19115990435,19116917510,927075
18000000000,21600000000,19116917510,19119589379,2671869
18000000000,21600000000,19119589379,19119591802,2423
18000000000,21600000000,19119591802,19119598335,6533
18000000000,21600000000,19119598335,19119606426,8091
18000000000,21600000000,19119606426,19119612464,6038
18000000000,21600000000,19119612464,19121756948,2144484
18000000000,21600000000,19121756948,19121756978,30
18000000000,21600000000,19121756978,19121756982,4
18000000000,21600000000,19121756982,19121756983,1
18000000000,21600000000,19121756983,19121756999,16
18000000000,21600000000,19121756999,19121757003,4
18000000000,21600000000,19121757003,19121757004,1
18000000000,21600000000,19121757004,19121757218,214
18000000000,21600000000,19121757218,19121757223,5
18000000000,21600000000,19121757223,19121757252,29
18000000000,21600000000,19121757252,19121757256,4
18000000000,21600000000,19121757256,19121757257,1
18000000000,21600000000,19121757257,19122527701,770444
18000000000,21600000000,19122527701,19122527726,25
18000000000,21600000000,19122527726,19122527747,21
18000000000,21600000000,19122527747,19122527899,152
18000000000,21600000000,19122527899,19122530312,2413
18000000000,21600000000,19122530312,19122530463,151
18000000000,21600000000,19122530463,19122530795,332
18000000000,21600000000,19122530795,19124340264,1809469
18000000000,21600000000,19124340264,19125861053,1520789
18000000000,21600000000,19125861053,19125893615,32562
18000000000,21600000000,19125893615,19127490941,1597326
18000000000,21600000000,19127490941,19130234915,2743974
18000000000,21600000000,19130234915,19132762431,2527516
18000000000,21600000000,19132762431,19135039917,2277486
18000000000,21600000000,19135039917,19135064518,24601
18000000000,21600000000,19135064518,19135064658,140
18000000000,21600000000,19135064658,19135064665,7
18000000000,21600000000,19135064665,19135932629,867964
18000000000,21600000000,19135932629,19137375688,1443059
18000000000,21600000000,19137375688,19151157681,13781993
18000000000,21600000000,19151157681,19151970973,813292
18000000000,21600000000,19151970973,19153387116,1416143
18000000000,21600000000,19153387116,19158477768,5090652
18000000000,21600000000,19158477768,19158483375,5607
18000000000,21600000000,19158483375,19158491319,7944
18000000000,21600000000,19158491319,19160802299,2310980
18000000000,21600000000,19160802299,19160802302,3
18000000000,21600000000,19160802302,19160802303,1
18000000000,21600000000,19160802303,19160802339,36
18000000000,21600000000,19160802339,19160802343,4
18000000000,21600000000,19160802343,19160802344,1
18000000000,21600000000,19160802344,19160802367,23
18000000000,21600000000,19160802367,19160821356,18989
18000000000,21600000000,19160821356,19161944921,1123565
18000000000,21600000000,19161944921,19162744762,799841
18000000000,21600000000,19162744762,19162745057,295
18000000000,21600000000,19162745057,19162745228,171
18000000000,21600000000,19162745228,19162745353,125
18000000000,21600000000,19162745353,19162789921,44568
18000000000,21600000000,19162789921,19163459123,669202
18000000000,21600000000,19163459123,19165598517,2139394
18000000000,21600000000,19165598517,19165598656,139
18000000000,21600000000,19165598656,19165598663,7
18000000000,21600000000,19165598663,19171692670,6094007
18000000000,21600000000,19171692670,19171692785,115
18000000000,21600000000,19171692785,19171692792,7
18000000000,21600000000,19171692792,19182120882,10428090
18000000000,21600000000,19182120882,19184589154,2468272
18000000000,21600000000,19184589154,19184594151,4997
18000000000,21600000000,19184594151,19184597278,3127
18000000000,21600000000,19184597278,19184597425,147
18000000000,21600000000,19184597425,19184597430,5
18000000000,21600000000,19184597430,19184598278,848
18000000000,21600000000,19184598278,19184598680,402
18000000000,21600000000,19184598680,19184598685,5
18000000000,21600000000,19184598685,19184598692,7
18000000000,21600000000,19184598692,19187148375,2549683
18000000000,21600000000,19187148375,19187148406,31
18000000000,21600000000,19187148406,19187148409,3
18000000000,21600000000,19187148409,19187148410,1
18000000000,21600000000,19187148410,19187924264,775854
18000000000,21600000000,19187924264,19187924695,431
18000000000,21600000000,19187924695,19192266647,4341952
18000000000,21600000000,19192266647,19192266785,138
18000000000,21600000000,19192266785,19192266796,11
18000000000,21600000000,19192266796,19196739702,4472906
18000000000,21600000000,19196739702,19196746567,6865
18000000000,21600000000,19196746567,19196761173,14606
18000000000,21600000000,19196761173,19196761241,68
18000000000,21600000000,19196761241,19196761248,7
18000000000,21600000000,19196761248,19198215553,1454305
18000000000,21600000000,19198215553,19198215557,4
18000000000,21600000000,19198215557,19198215558,1
18000000000,21600000000,19198215558,19198215591,33
18000000000,21600000000,19198215591,19198215595,4
18000000000,21600000000,19198215595,19198890805,675210
18000000000,21600000000,19198890805,19199619234,728429
18000000000,21600000000,19199619234,19199622497,3263
18000000000,21600000000,19199622497,19200287580,665083
18000000000,21600000000,19200287580,19200287842,262
18000000000,21600000000,19200287842,19200311447,23605
18000000000,21600000000,19200311447,19203982883,3671436
18000000000,21600000000,19203982883,19207971409,3988526
18000000000,21600000000,19207971409,19207973730,2321
18000000000,21600000000,19207973730,19208733449,759719
18000000000,21600000000,19208733449,19209488243,754794
18000000000,21600000000,19209488243,19209488273,30
18000000000,21600000000,19209488273,19210336207,847934
18000000000,21600000000,19210336207,19210362472,26265
18000000000,21600000000,19210362472,19212102073,1739601
18000000000,21600000000,19212102073,19212137087,35014
18000000000,21600000000,19212137087,19212137184,97
18000000000,21600000000,19212137184,19212150383,13199
18000000000,21600000000,19212150383,19212151148,765
18000000000,21600000000,19212151148,19212151155,7
18000000000,21600000000,19212151155,19214913432,2762277
18000000000,21600000000,19214913432,19215839988,926556
18000000000,21600000000,19215839988,19216186862,346874
18000000000,21600000000,19216186862,19216969877,783015
18000000000,21600000000,19216969877,19217887893,918016
18000000000,21600000000,19217887893,19221058252,3170359
18000000000,21600000000,19221058252,19221063769,5517
18000000000,21600000000,19221063769,19221068371,4602
18000000000,21600000000,19221068371,19221071398,3027
18000000000,21600000000,19221071398,19223443140,2371742
18000000000,21600000000,19223443140,19223443145,5
18000000000,21600000000,19223443145,19223443186,41
18000000000,21600000000,19223443186,19223443222,36
18000000000,21600000000,19223443222,19223444423,1201
18000000000,21600000000,19223444423,19224277427,833004
18000000000,21600000000,19224277427,19224892059,614632
18000000000,21600000000,19224892059,19225723492,831433
18000000000,21600000000,19225723492,19232841868,7118376
18000000000,21600000000,19232841868,19233742310,900442
18000000000,21600000000,19233742310,19234489309,746999
18000000000,21600000000,19234489309,19235263463,774154
18000000000,21600000000,19235263463,19243585307,8321844
18000000000,21600000000,19243585307,19249206249,5620942
18000000000,21600000000,19249206249,19249206251,2
18000000000,21600000000,19249206251,19250720731,1514480
18000000000,21600000000,19250720731,19250739880,19149
18000000000,21600000000,19250739880,19254237836,3497956
18000000000,21600000000,19254237836,19254237943,107
18000000000,21600000000,19254237943,19254237948,5
18000000000,21600000000,19254237948,19258101349,3863401
18000000000,21600000000,19258101349,19258101355,6
18000000000,21600000000,19258101355,19258101411,56
18000000000,21600000000,19258101411,19258101418,7
18000000000,21600000000,19258101418,19258101422,4
18000000000,21600000000,19258101422,19258101429,7
18000000000,21600000000,19258101429,19259012240,910811
18000000000,21600000000,19259012240,19261150090,2137850
18000000000,21600000000,19261150090,19263345169,2195079
18000000000,21600000000,19263345169,19267634564,4289395
18000000000,21600000000,19267634564,19267634591,27
18000000000,21600000000,19267634591,19267634596,5
18000000000,21600000000,19267634596,19268456771,822175
18000000000,21600000000,19268456771,19271943851,3487080
18000000000,21600000000,19271943851,19273559747,1615896
18000000000,21600000000,19273559747,19275125646,1565899
18000000000,21600000000,19275125646,19275125649,3
18000000000,21600000000,19275125649,19276690106,1564457
18000000000,21600000000,19276690106,19277457250,767144
18000000000,21600000000,19277457250,19278969470,1512220
18000000000,21600000000,19278969470,19281631217,2661747
18000000000,21600000000,19281631217,19283115300,1484083
18000000000,21600000000,19283115300,19283136060,20760
18000000000,21600000000,19283136060,19283145616,9556
18000000000,21600000000,19283145616,19283148218,2602
18000000000,21600000000,19283148218,19285591961,2443743
18000000000,21600000000,19285591961,19285591965,4
18000000000,21600000000,19285591965,19285591966,1
18000000000,21600000000,19285591966,19285592015,49
18000000000,21600000000,19285592015,19285592020,5
18000000000,21600000000,19285592020,19285592065,45
18000000000,21600000000,19285592065,19285592087,22
18000000000,21600000000,19285592087,19285615037,22950
18000000000,21600000000,19285615037,19285615040,3
18000000000,21600000000,19285615040,19286318280,703240
18000000000,21600000000,19286318280,19286318503,223
18000000000,21600000000,19286318503,19286318819,316
18000000000,21600000000,19286318819,19287054725,735906
18000000000,21600000000,19287054725,19289484467,2429742
18000000000,21600000000,19289484467,19291033173,1548706
18000000000,21600000000,19291033173,19295284010,4250837
18000000000,21600000000,19295284010,19296008576,724566
18000000000,21600000000,19296008576,19296779792,771216
18000000000,21600000000,19296779792,19297537887,758095
18000000000,21600000000,19297537887,19301854899,4317012
18000000000,21600000000,19301854899,19301855069,170
18000000000,21600000000,19301855069,19304340624,2485555
18000000000,21600000000,19304340624,19305731751,1391127
18000000000,21600000000,19305731751,19305745054,13303
18000000000,21600000000,19305745054,19309146455,3401401
18000000000,21600000000,19309146455,19309146546,91
18000000000,21600000000,19309146546,19309146553,7
18000000000,21600000000,19309146553,19312454525,3307972
18000000000,21600000000,19312454525,19312454713,188
18000000000,21600000000,19312454713,19312454718,5
18000000000,21600000000,19312454718,19314230571,1775853
18000000000,21600000000,19314230571,19314910087,679516
18000000000,21600000000,19314910087,19314910214,127
18000000000,21600000000,19314910214,19314910221,7
18000000000,21600000000,19314910221,19323684538,8774317
18000000000,21600000000,19323684538,19323684653,115
18000000000,21600000000,19323684653,19323684660,7
18000000000,21600000000,19323684660,19330605444,6920784
18000000000,21600000000,19330605444,19332240276,1634832
18000000000,21600000000,19332240276,19332246145,5869
18000000000,21600000000,19332246145,19332973919,727774
18000000000,21600000000,19332973919,19332987051,13132
18000000000,21600000000,19332987051,19332989821,2770
18000000000,21600000000,19332989821,19332995683,5862
18000000000,21600000000,19332995683,19333736046,740363
18000000000,21600000000,19333736046,19333736057,11
18000000000,21600000000,19333736057,19335232371,1496314
18000000000,21600000000,19335232371,19335232422,51
18000000000,21600000000,19335232422,19335232425,3
18000000000,21600000000,19335232425,19335232448,23
18000000000,21600000000,19335232448,19335232459,11
18000000000,21600000000,19335232459,19336339733,1107274
18000000000,21600000000,19336339733,19345566193,9226460
18000000000,21600000000,19345566193,19345574092,7899
18000000000,21600000000,19345574092,19345591278,17186
18000000000,21600000000,19345591278,19345595728,4450
18000000000,21600000000,19345595728,19345610926,15198
18000000000,21600000000,19345610926,19345615077,4151
18000000000,21600000000,19345615077,19348976133,3361056
18000000000,21600000000,19348976133,19348976138,5
18000000000,21600000000,19348976138,19348976175,37
18000000000,21600000000,19348976175,19348976179,4
18000000000,21600000000,19348976179,19348976180,1
18000000000,21600000000,19348976180,19348976834,654
18000000000,21600000000,19348976834,19348976872,38
18000000000,21600000000,19348976872,19348976886,14
18000000000,21600000000,19348976886,19348976897,11
18000000000,21600000000,19348976897,19349795630,818733
18000000000,21600000000,19349795630,19349798884,3254
18000000000,21600000000,19349798884,19352020493,2221609
18000000000,21600000000,19352020493,19352020871,378
18000000000,21600000000,19352020871,19352027165,6294
18000000000,21600000000,19352027165,19353413500,1386335
18000000000,21600000000,19353413500,19358187150,4773650
18000000000,21600000000,19358187150,19358232587,45437
18000000000,21600000000,19358232587,19358240031,7444
18000000000,21600000000,19358240031,19361104397,2864366
18000000000,21600000000,19361104397,19361104578,181
18000000000,21600000000,19361104578,19361104855,277
18000000000,21600000000,19361104855,19361105016,161
18000000000,21600000000,19361105016,19361105028,12
18000000000,21600000000,19361105028,19361105046,18
18000000000,21600000000,19361105046,19363369488,2264442
18000000000,21600000000,19363369488,19365025366,1655878
18000000000,21600000000,19365025366,19365047420,22054
18000000000,21600000000,19365047420,19366345488,1298068
18000000000,21600000000,19366345488,19367776348,1430860
18000000000,21600000000,19367776348,19370167085,2390737
18000000000,21600000000,19370167085,19370890959,723874
18000000000,21600000000,19370890959,19371621433,730474
18000000000,21600000000,19371621433,19371621739,306
18000000000,21600000000,19371621739,19374119921,2498182
18000000000,21600000000,19374119921,19375176512,1056591
18000000000,21600000000,19375176512,19380852733,5676221
18000000000,21600000000,19380852733,19383429695,2576962
18000000000,21600000000,19383429695,19383451782,22087
18000000000,21600000000,19383451782,19384349909,898127
18000000000,21600000000,19384349909,19384350027,118
18000000000,21600000000,19384350027,19384350032,5
18000000000,21600000000,19384350032,19384350037,5
18000000000,21600000000,19384350037,19386214434,1864397
18000000000,21600000000,19386214434,19387103611,889177
18000000000,21600000000,19387103611,19387104026,415
18000000000,21600000000,19387104026,19394042038,6938012
18000000000,21600000000,19394042038,19394812469,770431
18000000000,21600000000,19394812469,19395600149,787680
18000000000,21600000000,19395600149,19398579253,2979104
18000000000,21600000000,19398579253,19400174507,1595254
18000000000,21600000000,19400174507,19400174695,188
18000000000,21600000000,19400174695,19401928889,1754194
18000000000,21600000000,19401928889,19401928906,17
18000000000,21600000000,19401928906,19401928923,17
18000000000,21600000000,19401928923,19401994464,65541
18000000000,21600000000,19401994464,19401994522,58
18000000000,21600000000,19401994522,19403980297,1985775
18000000000,21600000000,19403980297,19403980314,17
18000000000,21600000000,19403980314,19408752365,4772051
18000000000,21600000000,19408752365,19408762791,10426
18000000000,21600000000,19408762791,19408765543,2752
18000000000,21600000000,19408765543,19409689555,924012
18000000000,21600000000,19409689555,19409689686,131
18000000000,21600000000,19409689686,19409689691,5
18000000000,21600000000,19409689691,19409689696,5
18000000000,21600000000,19409689696,19410777390,1087694
18000000000,21600000000,19410777390,19410777407,17
18000000000,21600000000,19410777407,19410777411,4
18000000000,21600000000,19410777411,19410777412,1
18000000000,21600000000,19410777412,19410777413,1
18000000000,21600000000,19410777413,19410777781,368
18000000000,21600000000,19410777781,19411734381,956600
18000000000,21600000000,19411734381,19411734418,37
18000000000,21600000000,19411734418,19411734423,5
18000000000,21600000000,19411734423,19413133274,1398851
18000000000,21600000000,19413133274,19413133299,25
18000000000,21600000000,19413133299,19413133306,7
18000000000,21600000000,19413133306,19414138153,1004847
18000000000,21600000000,19414138153,19414138328,175
18000000000,21600000000,19414138328,19415294162,1155834
18000000000,21600000000,19415294162,19415381880,87718
18000000000,21600000000,19415381880,19426596299,11214419
18000000000,21600000000,19426596299,19431355829,4759530
18000000000,21600000000,19431355829,19433181893,1826064
18000000000,21600000000,19433181893,19436158977,2977084
18000000000,21600000000,19436158977,19436158980,3
18000000000,21600000000,19436158980,19436158981,1
18000000000,21600000000,19436158981,19437055846,896865
18000000000,21600000000,19437055846,19437056239,393
18000000000,21600000000,19437056239,19438674673,1618434
18000000000,21600000000,19438674673,19439553098,878425
18000000000,21600000000,19439553098,19439553355,257
18000000000,21600000000,19439553355,19443021486,3468131
18000000000,21600000000,19443021486,19444638556,1617070
18000000000,21600000000,19444638556,19444665030,26474
18000000000,21600000000,19444665030,19445423239,758209
18000000000,21600000000,19445423239,19448100493,2677254
18000000000,21600000000,19448100493,19448120101,19608
18000000000,21600000000,19448120101,19448120288,187
18000000000,21600000000,19448120288,19448120295,7
18000000000,21600000000,19448120295,19455468742,7348447
18000000000,21600000000,19455468742,19455468821,79
18000000000,21600000000,19455468821,19455468828,7
18000000000,21600000000,19455468828,19458126038,2657210
18000000000,21600000000,19458126038,19458130907,4869
18000000000,21600000000,19458130907,19459570222,1439315
18000000000,21600000000,19459570222,19469923707,10353485
18000000000,21600000000,19469923707,19469926178,2471
18000000000,21600000000,19469926178,19471403769,1477591
18000000000,21600000000,19471403769,19472212561,808792
18000000000,21600000000,19472212561,19472212566,5
18000000000,21600000000,19472212566,19472212592,26
18000000000,21600000000,19472212592,19472232793,20201
18000000000,21600000000,19472232793,19472232872,79
18000000000,21600000000,19472232872,19472232879,7
18000000000,21600000000,19472232879,19473089219,856340
18000000000,21600000000,19473089219,19477047353,3958134
18000000000,21600000000,19477047353,19478181340,1133987
18000000000,21600000000,19478181340,19478182009,669
18000000000,21600000000,19478182009,19478182016,7
18000000000,21600000000,19478182016,19479040264,858248
18000000000,21600000000,19479040264,19481618818,2578554
18000000000,21600000000,19481618818,19483108688,1489870
18000000000,21600000000,19483108688,19483111108,2420
18000000000,21600000000,19483111108,19485504854,2393746
18000000000,21600000000,19485504854,19485504919,65
18000000000,21600000000,19485504919,19485504924,5
18000000000,21600000000,19485504924,19485531557,26633
18000000000,21600000000,19485531557,19486313990,782433
18000000000,21600000000,19486313990,19486340440,26450
18000000000,21600000000,19486340440,19487923115,1582675
18000000000,21600000000,19487923115,19490485730,2562615
18000000000,21600000000,19490485730,19493334422,2848692
18000000000,21600000000,19493334422,19493334621,199
18000000000,21600000000,19493334621,19493334628,7
18000000000,21600000000,19493334628,19495911126,2576498
18000000000,21600000000,19495911126,19495917666,6540
18000000000,21600000000,19495917666,19495922358,4692
18000000000,21600000000,19495922358,19498049229,2126871
18000000000,21600000000,19498049229,19498049233,4
18000000000,21600000000,19498049233,19498049234,1
18000000000,21600000000,19498049234,19498049235,1
18000000000,21600000000,19498049235,19498049307,72
18000000000,21600000000,19498049307,19498049312,5
18000000000,21600000000,19498049312,19498049313,1
18000000000,21600000000,19498049313,19498049347,34
18000000000,21600000000,19498049347,19498049351,4
18000000000,21600000000,19498049351,19498049352,1
18000000000,21600000000,19498049352,19500147196,2097844
18000000000,21600000000,19500147196,19500147221,25
18000000000,21600000000,19500147221,19500147232,11
18000000000,21600000000,19500147232,19500147558,326
18000000000,21600000000,19500147558,19500147983,425
18000000000,21600000000,19500147983,19500147994,11
18000000000,21600000000,19500147994,19500148006,12
18000000000,21600000000,19500148006,19504354886,4206880
18000000000,21600000000,19504354886,19505214039,859153
18000000000,21600000000,19505214039,19505950163,736124
18000000000,21600000000,19505950163,19506743325,793162
18000000000,21600000000,19506743325,19506780301,36976
18000000000,21600000000,19506780301,19506780431,130
18000000000,21600000000,19506780431,19506780438,7
18000000000,21600000000,19506780438,19507649296,868858
18000000000,21600000000,19507649296,19507649296,0
18000000000,21600000000,19507649296,19507725846,76550
18000000000,21600000000,19507725846,19507726021,175
18000000000,21600000000,19507726021,19507726028,7
18000000000,21600000000,19507726028,19508602757,876729
18000000000,21600000000,19508602757,19508607294,4537
18000000000,21600000000,19508607294,19508609473,2179
18000000000,21600000000,19508609473,19508611753,2280
18000000000,21600000000,19508611753,19508613844,2091
18000000000,21600000000,19508613844,19510920250,2306406
18000000000,21600000000,19510920250,19510920255,5
18000000000,21600000000,19510920255,19510920270,15
18000000000,21600000000,19510920270,19510920282,12
18000000000,21600000000,19510920282,19510920294,12
18000000000,21600000000,19510920294,19510920320,26
18000000000,21600000000,19510920320,19511677226,756906
18000000000,21600000000,19511677226,19520872450,9195224
18000000000,21600000000,19520872450,19520876388,3938
18000000000,21600000000,19520876388,19520879092,2704
18000000000,21600000000,19520879092,19520882031,2939
18000000000,21600000000,19520882031,19522425190,1543159
18000000000,21600000000,19522425190,19522425207,17
18000000000,21600000000,19522425207,19522425560,353
18000000000,21600000000,19522425560,19522425571,11
18000000000,21600000000,19522425571,19525692058,3266487
18000000000,21600000000,19525692058,19525692060,2
18000000000,21600000000,19525692060,19527293458,1601398
18000000000,21600000000,19527293458,19527342990,49532
18000000000,21600000000,19527342990,19528896687,1553697
18000000000,21600000000,19528896687,19528912018,15331
18000000000,21600000000,19528912018,19530377336,1465318
18000000000,21600000000,19530377336,19533174474,2797138
18000000000,21600000000,19533174474,19533179580,5106
18000000000,21600000000,19533179580,19536347492,3167912
18000000000,21600000000,19536347492,19536347495,3
18000000000,21600000000,19536347495,19536347496,1
18000000000,21600000000,19536347496,19536347583,87
18000000000,21600000000,19536347583,19536347586,3
18000000000,21600000000,19536347586,19537703178,1355592
18000000000,21600000000,19537703178,19537703521,343
18000000000,21600000000,19537703521,19537703533,12
18000000000,21600000000,19537703533,19538453119,749586
18000000000,21600000000,19538453119,19545416640,6963521
18000000000,21600000000,19545416640,19547019021,1602381
18000000000,21600000000,19547019021,19547789866,770845
18000000000,21600000000,19547789866,19547789869,3
18000000000,21600000000,19547789869,19549310778,1520909
18000000000,21600000000,19549310778,19549339648,28870
18000000000,21600000000,19549339648,19550175704,836056
18000000000,21600000000,19550175704,19550195621,19917
18000000000,21600000000,19550195621,19550952529,756908
18000000000,21600000000,19550952529,19551726277,773748
18000000000,21600000000,19551726277,19551741454,15177
18000000000,21600000000,19551741454,19551741629,175
18000000000,21600000000,19551741629,19551741636,7
18000000000,21600000000,19551741636,19554286749,2545113
18000000000,21600000000,19554286749,19554286790,41
18000000000,21600000000,19554286790,19555356832,1070042
18000000000,21600000000,19555356832,19565011358,9654526
18000000000,21600000000,19565011358,19565011445,87
18000000000,21600000000,19565011445,19565011450,5
18000000000,21600000000,19565011450,19566787738,1776288
18000000000,21600000000,19566787738,19568165596,1377858
18000000000,21600000000,19568165596,19568165623,27
18000000000,21600000000,19568165623,19568165628,5
18000000000,21600000000,19568165628,19569122830,957202
18000000000,21600000000,19569122830,19570464675,1341845
18000000000,21600000000,19570464675,19570478168,13493
18000000000,21600000000,19570478168,19572547819,2069651
18000000000,21600000000,19572547819,19572547824,5
18000000000,21600000000,19572547824,19572547825,1
18000000000,21600000000,19572547825,19573286113,738288
18000000000,21600000000,19573286113,19573286116,3
18000000000,21600000000,19573286116,19574012102,725986
18000000000,21600000000,19574012102,19574012471,369
18000000000,21600000000,19574012471,19574781205,768734
18000000000,21600000000,19574781205,19578643364,3862159
18000000000,21600000000,19578643364,19578643518,154
18000000000,21600000000,19578643518,19578643886,368
18000000000,21600000000,19578643886,19579424788,780902
18000000000,21600000000,19579424788,19579425349,561
18000000000,21600000000,19579425349,19580280317,854968
18000000000,21600000000,19580280317,19580308476,28159
18000000000,21600000000,19580308476,19581868747,1560271
18000000000,21600000000,19581868747,19582652922,784175
18000000000,21600000000,19582652922,19582655989,3067
18000000000,21600000000,19582655989,19582658951,2962
18000000000,21600000000,19582658951,19582661423,2472
18000000000,21600000000,19582661423,19584204061,1542638
18000000000,21600000000,19584204061,19584204304,243
18000000000,21600000000,19584204304,19584204502,198
18000000000,21600000000,19584204502,19584204760,258
18000000000,21600000000,19584204760,19585622543,1417783
18000000000,21600000000,19585622543,19586304672,682129
18000000000,21600000000,19586304672,19587072964,768292
18000000000,21600000000,19587072964,19589804264,2731300
18000000000,21600000000,19589804264,19589804270,6
18000000000,21600000000,19589804270,19589804288,18
18000000000,21600000000,19589804288,19591469506,1665218
18000000000,21600000000,19591469506,19593099981,1630475
18000000000,21600000000,19593099981,19594617099,1517118
18000000000,21600000000,19594617099,19594622781,5682
18000000000,21600000000,19594622781,19594624798,2017
18000000000,21600000000,19594624798,19596842225,2217427
18000000000,21600000000,19596842225,19596842229,4
18000000000,21600000000,19596842229,19596842295,66
18000000000,21600000000,19596842295,19596842348,53
18000000000,21600000000,19596842348,19596876956,34608
18000000000,21600000000,19596876956,19597602629,725673
18000000000,21600000000,19597602629,19597672144,69515
18000000000,21600000000,19597672144,19598658139,985995
18000000000,21600000000,19598658139,19604240948,5582809
18000000000,21600000000,19604240948,19604241123,175
18000000000,21600000000,19604241123,19604241130,7
18000000000,21600000000,19604241130,19606548416,2307286
18000000000,21600000000,19606548416,19607300905,752489
18000000000,21600000000,19607300905,19607303533,2628
18000000000,21600000000,19607303533,19607305690,2157
18000000000,21600000000,19607305690,19607311259,5569
18000000000,21600000000,19607311259,19607315768,4509
18000000000,21600000000,19607315768,19607318299,2531
18000000000,21600000000,19607318299,19609556842,2238543
18000000000,21600000000,19609556842,19609556846,4
18000000000,21600000000,19609556846,19609556881,35
18000000000,21600000000,19609556881,19609556884,3
18000000000,21600000000,19609556884,19609556936,52
18000000000,21600000000,19609556936,19609556962,26
18000000000,21600000000,19609556962,19609557205,243
18000000000,21600000000,19609557205,19610289903,732698
18000000000,21600000000,19610289903,19610290376,473
18000000000,21600000000,19610290376,19611398169,1107793
18000000000,21600000000,19611398169,19613222256,1824087
18000000000,21600000000,19613222256,19614735152,1512896
18000000000,21600000000,19614735152,19614735211,59
18000000000,21600000000,19614735211,19614735216,5
18000000000,21600000000,19614735216,19614735221,5
18000000000,21600000000,19614735221,19620743786,6008565
18000000000,21600000000,19620743786,19620758109,14323
18000000000,21600000000,19620758109,19622575514,1817405
18000000000,21600000000,19622575514,19623319684,744170
18000000000,21600000000,19623319684,19623319689,5
18000000000,21600000000,19623319689,19623319734,45
18000000000,21600000000,19623319734,19623354842,35108
18000000000,21600000000,19623354842,19623363215,8373
18000000000,21600000000,19623363215,19623363391,176
18000000000,21600000000,19623363391,19623363398,7
18000000000,21600000000,19623363398,19624284461,921063
18000000000,21600000000,19624284461,19624284882,421
18000000000,21600000000,19624284882,19624324555,39673
18000000000,21600000000,19624324555,19625077689,753134
18000000000,21600000000,19625077689,19625847038,769349
18000000000,21600000000,19625847038,19626644797,797759
18000000000,21600000000,19626644797,19626644960,163
18000000000,21600000000,19626644960,19626644967,7
18000000000,21600000000,19626644967,19629770724,3125757
18000000000,21600000000,19629770724,19635228647,5457923
18000000000,21600000000,19635228647,19635228699,52
18000000000,21600000000,19635228699,19635228704,5
18000000000,21600000000,19635228704,19635228709,5
18000000000,21600000000,19635228709,19635229088,379
18000000000,21600000000,19635229088,19645617832,10388744
18000000000,21600000000,19645617832,19645623858,6026
18000000000,21600000000,19645623858,19645628674,4816
18000000000,21600000000,19645628674,19647970814,2342140
18000000000,21600000000,19647970814,19647970817,3
18000000000,21600000000,19647970817,19647970852,35
18000000000,21600000000,19647970852,19647970856,4
18000000000,21600000000,19647970856,19647970893,37
18000000000,21600000000,19647970893,19648731578,760685
18000000000,21600000000,19648731578,19648731803,225
18000000000,21600000000,19648731803,19649550023,818220
18000000000,21600000000,19649550023,19651039986,1489963
18000000000,21600000000,19651039986,19651056293,16307
18000000000,21600000000,19651056293,19651073556,17263
18000000000,21600000000,19651073556,19652477030,1403474
18000000000,21600000000,19652477030,19652477042,12
18000000000,21600000000,19652477042,19652501426,24384
18000000000,21600000000,19652501426,19653548084,1046658
18000000000,21600000000,19653548084,19654306749,758665
18000000000,21600000000,19654306749,19654353107,46358
18000000000,21600000000,19654353107,19654353189,82
18000000000,21600000000,19654353189,19655158489,805300
18000000000,21600000000,19655158489,19656633772,1475283
18000000000,21600000000,19656633772,19656633789,17
18000000000,21600000000,19656633789,19658161600,1527811
18000000000,21600000000,19658161600,19658166112,4512
18000000000,21600000000,19658166112,19658172781,6669
18000000000,21600000000,19658172781,19658176791,4010
18000000000,21600000000,19658176791,19658919928,743137
18000000000,21600000000,19658919928,19660325329,1405401
18000000000,21600000000,19660325329,19660325332,3
18000000000,21600000000,19660325332,19660325367,35
18000000000,21600000000,19660325367,19660325371,4
18000000000,21600000000,19660325371,19660325395,24
18000000000,21600000000,19660325395,19660325398,3
18000000000,21600000000,19660325398,19660325399,1
18000000000,21600000000,19660325399,19660325714,315
18000000000,21600000000,19660325714,19660347811,22097
18000000000,21600000000,19660347811,19661777741,1429930
18000000000,21600000000,19661777741,19661778196,455
18000000000,21600000000,19661778196,19661778264,68
18000000000,21600000000,19661778264,19661778424,160
18000000000,21600000000,19661778424,19661783366,4942
18000000000,21600000000,19661783366,19661783370,4
18000000000,21600000000,19661783370,19661984078,200708
18000000000,21600000000,19661984078,19662664354,680276
18000000000,21600000000,19662664354,19662664385,31
18000000000,21600000000,19662664385,19662689652,25267
18000000000,21600000000,19662689652,19663403278,713626
18000000000,21600000000,19663403278,19663438105,34827
18000000000,21600000000,19663438105,19664581883,1143778
18000000000,21600000000,19664581883,19665321813,739930
18000000000,21600000000,19665321813,19669710513,4388700
18000000000,21600000000,19669710513,19669713833,3320
18000000000,21600000000,19669713833,19670617316,903483
18000000000,21600000000,19670617316,19670637455,20139
18000000000,21600000000,19670637455,19671401098,763643
18000000000,21600000000,19671401098,19671420864,19766
18000000000,21600000000,19671420864,19673000492,1579628
18000000000,21600000000,19673000492,19673000502,10
18000000000,21600000000,19673000502,19673720983,720481
18000000000,21600000000,19673720983,19675387387,1666404
18000000000,21600000000,19675387387,19675389632,2245
18000000000,21600000000,19675389632,19676926947,1537315
18000000000,21600000000,19676926947,19676926959,12
18000000000,21600000000,19676926959,19680619356,3692397
18000000000,21600000000,19680619356,19682087817,1468461
18000000000,21600000000,19682087817,19682836331,748514
18000000000,21600000000,19682836331,19684436756,1600425
18000000000,21600000000,19684436756,19694598741,10161985
18000000000,21600000000,19694598741,19705643079,11044338
18000000000,21600000000,19705643079,19706379077,735998
18000000000,21600000000,19706379077,19706379154,77
18000000000,21600000000,19706379154,19707240447,861293
18000000000,21600000000,19707240447,19707272548,32101
18000000000,21600000000,19707272548,19709086382,1813834
18000000000,21600000000,19709086382,19709086386,4
18000000000,21600000000,19709086386,19709086387,1
18000000000,21600000000,19709086387,19709109159,22772
18000000000,21600000000,19709109159,19709109190,31
18000000000,21600000000,19709109190,19709109197,7
18000000000,21600000000,19709109197,19709913873,804676
18000000000,21600000000,19709913873,19709914024,151
18000000000,21600000000,19709914024,19709953528,39504
18000000000,21600000000,19709953528,19709953659,131
18000000000,21600000000,19709953659,19709953664,5
18000000000,21600000000,19709953664,19710812341,858677
18000000000,21600000000,19710812341,19711560161,747820
18000000000,21600000000,19711560161,19712240415,680254
18000000000,21600000000,19712240415,19712273544,33129
18000000000,21600000000,19712273544,19712964351,690807
18000000000,21600000000,19712964351,19713715096,750745
18000000000,21600000000,19713715096,19713737547,22451
18000000000,21600000000,19713737547,19715165791,1428244
18000000000,21600000000,19715165791,19719784176,4618385
18000000000,21600000000,19719784176,19721213452,1429276
18000000000,21600000000,19721213452,19722686114,1472662
18000000000,21600000000,19722686114,19723477930,791816
18000000000,21600000000,19723477930,19725066928,1588998
18000000000,21600000000,19725066928,19731243482,6176554
18000000000,21600000000,19731243482,19731250870,7388
18000000000,21600000000,19731250870,19731251045,175
18000000000,21600000000,19731251045,19731251052,7
18000000000,21600000000,19731251052,19732866298,1615246
18000000000,21600000000,19732866298,19733597061,730763
18000000000,21600000000,19733597061,19733597065,4
18000000000,21600000000,19733597065,19734285637,688572
18000000000,21600000000,19734285637,19734977093,691456
18000000000,21600000000,19734977093,19734977111,18
18000000000,21600000000,19734977111,19735002463,25352
18000000000,21600000000,19735002463,19736445189,1442726
18000000000,21600000000,19736445189,19737148041,702852
18000000000,21600000000,19737148041,19737886359,738318
18000000000,21600000000,19737886359,19737886521,162
18000000000,21600000000,19737886521,19737886532,11
18000000000,21600000000,19737886532,19738773017,886485
18000000000,21600000000,19738773017,19738773074,57
18000000000,21600000000,19738773074,19738773079,5
18000000000,21600000000,19738773079,19742826436,4053357
18000000000,21600000000,19742826436,19743647192,820756
18000000000,21600000000,19743647192,19744368540,721348
18000000000,21600000000,19744368540,19745126212,757672
18000000000,21600000000,19745126212,19745928190,801978
18000000000,21600000000,19745928190,19745963122,34932
18000000000,21600000000,19745963122,19745963139,17
18000000000,21600000000,19745963139,19756075348,10112209
18000000000,21600000000,19756075348,19756081081,5733
18000000000,21600000000,19756081081,19756086491,5410
18000000000,21600000000,19756086491,19758327157,2240666
18000000000,21600000000,19758327157,19758327161,4
18000000000,21600000000,19758327161,19758327260,99
18000000000,21600000000,19758327260,19758327265,5
18000000000,21600000000,19758327265,19758327335,70
18000000000,21600000000,19758327335,19759089501,762166
18000000000,21600000000,19759089501,19759091007,1506
18000000000,21600000000,19759091007,19759152598,61591
18000000000,21600000000,19759152598,19760739235,1586637
18000000000,21600000000,19760739235,19767960452,7221217
18000000000,21600000000,19767960452,19769371965,1411513
18000000000,21600000000,19769371965,19769400464,28499
18000000000,21600000000,19769400464,19769404016,3552
18000000000,21600000000,19769404016,19771549812,2145796
18000000000,21600000000,19771549812,19771549857,45
18000000000,21600000000,19771549857,19781725224,10175367
18000000000,21600000000,19781725224,19782441148,715924
18000000000,21600000000,19782441148,19782441323,175
18000000000,21600000000,19782441323,19782441330,7
18000000000,21600000000,19782441330,19783302457,861127
18000000000,21600000000,19783302457,19785476696,2174239
18000000000,21600000000,19785476696,19785476868,172
18000000000,21600000000,19785476868,19785476881,13
18000000000,21600000000,19785476881,19790951640,5474759
18000000000,21600000000,19790951640,19790964694,13054
18000000000,21600000000,19790964694,19792505241,1540547
18000000000,21600000000,19792505241,19793325207,819966
18000000000,21600000000,19793325207,19794276496,951289
18000000000,21600000000,19794276496,19795025172,748676
18000000000,21600000000,19795025172,19796102418,1077246
18000000000,21600000000,19796102418,19796102422,4
18000000000,21600000000,19796102422,19796102423,1
18000000000,21600000000,19796102423,19796123917,21494
18000000000,21600000000,19796123917,19796927559,803642
18000000000,21600000000,19796927559,19796927761,202
18000000000,21600000000,19796927761,19797660726,732965
18000000000,21600000000,19797660726,19797681277,20551
18000000000,21600000000,19797681277,19797681716,439
18000000000,21600000000,19797681716,19797681721,5
18000000000,21600000000,19797681721,19797681726,5
18000000000,21600000000,19797681726,19800093845,2412119
18000000000,21600000000,19800093845,19801514789,1420944
18000000000,21600000000,19801514789,19803777307,2262518
18000000000,21600000000,19803777307,19804511219,733912
18000000000,21600000000,19804511219,19805269224,758005
18000000000,21600000000,19805269224,19805303570,34346
18000000000,21600000000,19805303570,19806050322,746752
18000000000,21600000000,19806050322,19806079930,29608
18000000000,21600000000,19806079930,19806092105,12175
18000000000,21600000000,19806092105,19807166133,1074028
18000000000,21600000000,19807166133,19807181139,15006
18000000000,21600000000,19807181139,19807190047,8908
18000000000,21600000000,19807190047,19807192980,2933
18000000000,21600000000,19807192980,19807195655,2675
18000000000,21600000000,19807195655,19807928186,732531
18000000000,21600000000,19807928186,19807928197,11
18000000000,21600000000,19807928197,19809437619,1509422
18000000000,21600000000,19809437619,19809437633,14
18000000000,21600000000,19809437633,19809437644,11
18000000000,21600000000,19809437644,19809437686,42
18000000000,21600000000,19809437686,19809469759,32073
18000000000,21600000000,19809469759,19811857798,2388039
18000000000,21600000000,19811857798,19812576608,718810
18000000000,21600000000,19812576608,19812576783,175
18000000000,21600000000,19812576783,19812576790,7
18000000000,21600000000,19812576790,19813417566,840776
18000000000,21600000000,19813417566,19814211032,793466
18000000000,21600000000,19814211032,19815611302,1400270
18000000000,21600000000,19815611302,19819682342,4071040
18000000000,21600000000,19819682342,19819685415,3073
18000000000,21600000000,19819685415,19819690434,5019
18000000000,21600000000,19819690434,19819693175,2741
18000000000,21600000000,19819693175,19819698069,4894
18000000000,21600000000,19819698069,19821919750,2221681
18000000000,21600000000,19821919750,19821919753,3
18000000000,21600000000,19821919753,19821919754,1
18000000000,21600000000,19821919754,19821919777,23
18000000000,21600000000,19821919777,19821919802,25
18000000000,21600000000,19821919802,19821920056,254
18000000000,21600000000,19821920056,19821920060,4
18000000000,21600000000,19821920060,19821920061,1
18000000000,21600000000,19821920061,19821920120,59
18000000000,21600000000,19821920120,19821948403,28283
18000000000,21600000000,19821948403,19821948405,2
18000000000,21600000000,19821948405,19823519162,1570757
18000000000,21600000000,19823519162,19823520022,860
18000000000,21600000000,19823520022,19823520302,280
18000000000,21600000000,19823520302,19823520320,18
18000000000,21600000000,19823520320,19824336924,816604
18000000000,21600000000,19824336924,19831970181,7633257
18000000000,21600000000,19831970181,19832722144,751963
18000000000,21600000000,19832722144,19832724763,2619
18000000000,21600000000,19832724763,19834125937,1401174
18000000000,21600000000,19834125937,19834125988,51
18000000000,21600000000,19834125988,19834125994,6
18000000000,21600000000,19834125994,19835018547,892553
18000000000,21600000000,19835018547,19835018592,45
18000000000,21600000000,19835018592,19835938883,920291
18000000000,21600000000,19835938883,19835938914,31
18000000000,21600000000,19835938914,19835938921,7
18000000000,21600000000,19835938921,19837908843,1969922
18000000000,21600000000,19837908843,19845205328,7296485
18000000000,21600000000,19845205328,19846754314,1548986
18000000000,21600000000,19846754314,19846788661,34347
18000000000,21600000000,19846788661,19846811514,22853
18000000000,21600000000,19846811514,19847631227,819713
18000000000,21600000000,19847631227,19848309144,677917
18000000000,21600000000,19848309144,19853588798,5279654
18000000000,21600000000,19853588798,19853588925,127
18000000000,21600000000,19853588925,19853588932,7
18000000000,21600000000,19853588932,19855060136,1471204
18000000000,21600000000,19855060136,19855766489,706353
18000000000,21600000000,19855766489,19855766492,3
18000000000,21600000000,19855766492,19857102303,1335811
18000000000,21600000000,19857102303,19857123240,20937
18000000000,21600000000,19857123240,19857859432,736192
18000000000,21600000000,19857859432,19859260979,1401547
18000000000,21600000000,19859260979,19859260982,3
18000000000,21600000000,19859260982,19859276321,15339
18000000000,21600000000,19859276321,19860005989,729668
18000000000,21600000000,19860005989,19867535636,7529647
18000000000,21600000000,19867535636,19868286243,750607
18000000000,21600000000,19868286243,19869673619,1387376
18000000000,21600000000,19869673619,19870381475,707856
18000000000,21600000000,19870381475,19871198664,817189
18000000000,21600000000,19871198664,19871198667,3
18000000000,21600000000,19871198667,19871561027,362360
18000000000,21600000000,19871561027,19872233386,672359
18000000000,21600000000,19872233386,19873012545,779159
18000000000,21600000000,19873012545,19873776384,763839
18000000000,21600000000,19873776384,19873776401,17
18000000000,21600000000,19873776401,19878252301,4475900
18000000000,21600000000,19878252301,19879586505,1334204
18000000000,21600000000,19879586505,19881731064,2144559
18000000000,21600000000,19881731064,19883395372,1664308
18000000000,21600000000,19883395372,19887166088,3770716
18000000000,21600000000,19887166088,19887166131,43
18000000000,21600000000,19887166131,19887166138,7
18000000000,21600000000,19887166138,19895613797,8447659
18000000000,21600000000,19895613797,19897876097,2262300
18000000000,21600000000,19897876097,19897876102,5
18000000000,21600000000,19897876102,19898683602,807500
18000000000,21600000000,19898683602,19899587197,903595
18000000000,21600000000,19899587197,19901156164,1568967
18000000000,21600000000,19901156164,19907480673,6324509
18000000000,21600000000,19907480673,19907505478,24805
18000000000,21600000000,19907505478,19907519384,13906
18000000000,21600000000,19907519384,19909761704,2242320
18000000000,21600000000,19909761704,19909761709,5
18000000000,21600000000,19909761709,19909761741,32
18000000000,21600000000,19909761741,19909761745,4
18000000000,21600000000,19909761745,19909761746,1
18000000000,21600000000,19909761746,19909762305,559
18000000000,21600000000,19909762305,19910527015,764710
18000000000,21600000000,19910527015,19910527070,55
18000000000,21600000000,19910527070,19910527077,7
18000000000,21600000000,19910527077,19911328566,801489
18000000000,21600000000,19911328566,19911328815,249
18000000000,21600000000,19911328815,19911328966,151
18000000000,21600000000,19911328966,19912081780,752814
18000000000,21600000000,19912081780,19912785777,703997
18000000000,21600000000,19912785777,19912785895,118
18000000000,21600000000,19912785895,19912785912,17
18000000000,21600000000,19912785912,19914526074,1740162
18000000000,21600000000,19914526074,19915856305,1330231
18000000000,21600000000,19915856305,19917153216,1296911
18000000000,21600000000,19917153216,19917170837,17621
18000000000,21600000000,19917170837,19917170854,17
18000000000,21600000000,19917170854,19919595899,2425045
18000000000,21600000000,19919595899,19922124593,2528694
18000000000,21600000000,19922124593,19923034326,909733
18000000000,21600000000,19923034326,19924656895,1622569
18000000000,21600000000,19924656895,19924674107,17212
18000000000,21600000000,19924674107,19925784361,1110254
18000000000,21600000000,19925784361,19925784438,77
18000000000,21600000000,19925784438,19925784443,5
18000000000,21600000000,19925784443,19926550369,765926
18000000000,21600000000,19926550369,19928648882,2098513
18000000000,21600000000,19928648882,19931794252,3145370
18000000000,21600000000,19931794252,19933482179,1687927
18000000000,21600000000,19933482179,19933482184,5
18000000000,21600000000,19933482184,19933534198,52014
18000000000,21600000000,19933534198,19934434336,900138
18000000000,21600000000,19934434336,19937295817,2861481
18000000000,21600000000,19937295817,19937295821,4
18000000000,21600000000,19937295821,19937295851,30
18000000000,21600000000,19937295851,19937295856,5
18000000000,21600000000,19937295856,19944873476,7577620
18000000000,21600000000,19944873476,19944878722,5246
18000000000,21600000000,19944878722,19944882978,4256
18000000000,21600000000,19944882978,19944890104,7126
18000000000,21600000000,19944890104,19947520419,2630315
18000000000,21600000000,19947520419,19947520424,5
18000000000,21600000000,19947520424,19947520462,38
18000000000,21600000000,19947520462,19947520466,4
18000000000,21600000000,19947520466,19947520467,1
18000000000,21600000000,19947520467,19947520577,110
18000000000,21600000000,19947520577,19947520580,3
18000000000,21600000000,19947520580,19947520602,22
18000000000,21600000000,19947520602,19947603895,83293
18000000000,21600000000,19947603895,19948319946,716051
18000000000,21600000000,19948319946,19949090668,770722
18000000000,21600000000,19949090668,19949091070,402
18000000000,21600000000,19949091070,19949091151,81
18000000000,21600000000,19949091151,19949092557,1406
18000000000,21600000000,19949092557,19952690723,3598166
18000000000,21600000000,19952690723,19954178489,1487766
18000000000,21600000000,19954178489,19954178749,260
18000000000,21600000000,19954178749,19954178754,5
18000000000,21600000000,19954178754,19954178759,5
18000000000,21600000000,19954178759,19956325125,2146366
18000000000,21600000000,19956325125,19958041419,1716294
18000000000,21600000000,19958041419,19965214767,7173348
18000000000,21600000000,19965214767,19973082480,7867713
18000000000,21600000000,19973082480,19973082484,4
18000000000,21600000000,19973082484,19973082571,87
18000000000,21600000000,19973082571,19973082576,5
18000000000,21600000000,19973082576,19983455005,10372429
18000000000,21600000000,19983455005,19985566334,2111329
18000000000,21600000000,19985566334,19989494352,3928018
18000000000,21600000000,19989494352,19989494389,37
18000000000,21600000000,19989494389,19989494394,5
18000000000,21600000000,19989494394,19990304581,810187
18000000000,21600000000,19990304581,19991756979,1452398
18000000000,21600000000,19991756979,19992532124,775145
18000000000,21600000000,19992532124,19993888209,1356085
18000000000,21600000000,19993888209,20004727793,10839584
18000000000,21600000000,20004727793,20006360044,1632251
18000000000,21600000000,20006360044,20006360093,49
18000000000,21600000000,20006360093,20006360098,5
18000000000,21600000000,20006360098,20006360103,5
18000000000,21600000000,20006360103,20008765976,2405873
18000000000,21600000000,20008765976,20008766123,147
18000000000,21600000000,20008766123,20008766128,5
18000000000,21600000000,20008766128,20010395210,1629082
18000000000,21600000000,20010395210,20012162693,1767483
18000000000,21600000000,20012162693,20024306208,12143515
18000000000,21600000000,20024306208,20027474833,3168625
18000000000,21600000000,20027474833,20027496503,21670
18000000000,21600000000,20027496503,20029042468,1545965
18000000000,21600000000,20029042468,20029042491,23
18000000000,21600000000,20029042491,20035104313,6061822
18000000000,21600000000,20035104313,20047987540,12883227
18000000000,21600000000,20047987540,20049401740,1414200
18000000000,21600000000,20049401740,20050152033,750293
18000000000,21600000000,20050152033,20051735139,1583106
18000000000,21600000000,20051735139,20052507418,772279
18000000000,21600000000,20052507418,20054600533,2093115
18000000000,21600000000,20054600533,20055412574,812041
18000000000,21600000000,20055412574,20056852686,1440112
18000000000,21600000000,20056852686,20057637135,784449
18000000000,21600000000,20057637135,20059058514,1421379
18000000000,21600000000,20059058514,20060472333,1413819
18000000000,21600000000,20060472333,20060472448,115
18000000000,21600000000,20060472448,20060472455,7
18000000000,21600000000,20060472455,20063653203,3180748
18000000000,21600000000,20063653203,20065597076,1943873
18000000000,21600000000,20065597076,20065610031,12955
18000000000,21600000000,20065610031,20067119895,1509864
18000000000,21600000000,20067119895,20078034421,10914526
18000000000,21600000000,20078034421,20078037172,2751
18000000000,21600000000,20078037172,20078039966,2794
18000000000,21600000000,20078039966,20078051219,11253
18000000000,21600000000,20078051219,20078778451,727232
18000000000,21600000000,20078778451,20080135457,1357006
18000000000,21600000000,20080135457,20080135461,4
18000000000,21600000000,20080135461,20080135462,1
18000000000,21600000000,20080135462,20080136016,554
18000000000,21600000000,20080136016,20080136019,3
18000000000,21600000000,20080136019,20080136055,36
18000000000,21600000000,20080136055,20080136230,175
18000000000,21600000000,20080136230,20080857751,721521
18000000000,21600000000,20080857751,20080860514,2763
18000000000,21600000000,20080860514,20082237605,1377091
18000000000,21600000000,20082237605,20082237617,12
18000000000,21600000000,20082237617,20082237768,151
18000000000,21600000000,20082237768,20082246229,8461
18000000000,21600000000,20082246229,20084973255,2727026
18000000000,21600000000,20084973255,20084973267,12
18000000000,21600000000,20084973267,20090014478,5041211
18000000000,21600000000,20090014478,20090038764,24286
18000000000,21600000000,20090038764,20091762457,1723693
18000000000,21600000000,20091762457,20091762467,10
18000000000,21600000000,20091762467,20098307375,6544908
18000000000,21600000000,20098307375,20098307424,49
18000000000,21600000000,20098307424,20098307429,5
18000000000,21600000000,20098307429,20098307434,5
18000000000,21600000000,20098307434,20101720505,3413071
18000000000,21600000000,20101720505,20103364235,1643730
18000000000,21600000000,20103364235,20103407503,43268
18000000000,21600000000,20103407503,20105884744,2477241
18000000000,21600000000,20105884744,20105884924,180
18000000000,21600000000,20105884924,20105884949,25
18000000000,21600000000,20105884949,20109379272,3494323
18000000000,21600000000,20109379272,20112383270,3003998
18000000000,21600000000,20112383270,20113148521,765251
18000000000,21600000000,20113148521,20113148672,151
18000000000,21600000000,20113148672,20113148679,7
18000000000,21600000000,20113148679,20114017485,868806
18000000000,21600000000,20114017485,20115593441,1575956
18000000000,21600000000,20115593441,20115615410,21969
18000000000,21600000000,20115615410,20117161102,1545692
18000000000,21600000000,20117161102,20117161106,4
18000000000,21600000000,20117161106,20118222482,1061376
18000000000,21600000000,20118222482,20119802133,1579651
18000000000,21600000000,20119802133,20121350065,1547932
18000000000,21600000000,20121350065,20127184833,5834768
18000000000,21600000000,20127184833,20127184978,145
18000000000,21600000000,20127184978,20127184997,19
18000000000,21600000000,20127184997,20128022433,837436
18000000000,21600000000,20128022433,20129082502,1060069
18000000000,21600000000,20129082502,20129082572,70
18000000000,21600000000,20129082572,20129082579,7
18000000000,21600000000,20129082579,20129915166,832587
18000000000,21600000000,20129915166,20129915171,5
18000000000,21600000000,20129915171,20130656954,741783
18000000000,21600000000,20130656954,20131446553,789599
18000000000,21600000000,20131446553,20132274888,828335
18000000000,21600000000,20132274888,20133069041,794153
18000000000,21600000000,20133069041,20133069044,3
18000000000,21600000000,20133069044,20133910708,841664
18000000000,21600000000,20133910708,20134646291,735583
18000000000,21600000000,20134646291,20140707957,6061666
18000000000,21600000000,20140707957,20140716444,8487
18000000000,21600000000,20140716444,20143181273,2464829
18000000000,21600000000,20143181273,20143181278,5
18000000000,21600000000,20143181278,20143181326,48
18000000000,21600000000,20143181326,20143181330,4
18000000000,21600000000,20143181330,20143181331,1
18000000000,21600000000,20143181331,20144341640,1160309
18000000000,21600000000,20144341640,20144342049,409
18000000000,21600000000,20144342049,20144342132,83
18000000000,21600000000,20144342132,20153057229,8715097
18000000000,21600000000,20153057229,20155065768,2008539
18000000000,21600000000,20155065768,20155896596,830828
18000000000,21600000000,20155896596,20155896599,3
18000000000,21600000000,20155896599,20155924466,27867
18000000000,21600000000,20155924466,20155924468,2
18000000000,21600000000,20155924468,20156595749,671281
18000000000,21600000000,20156595749,20156596088,339
18000000000,21600000000,20156596088,20157274458,678370
18000000000,21600000000,20157274458,20161825198,4550740
18000000000,21600000000,20161825198,20162604137,778939
18000000000,21600000000,20162604137,20163629828,1025691
18000000000,21600000000,20163629828,20164460931,831103
18000000000,21600000000,20164460931,20165189247,728316
18000000000,21600000000,20165189247,20166700242,1510995
18000000000,21600000000,20166700242,20166700289,47
18000000000,21600000000,20166700289,20166700294,5
18000000000,21600000000,20166700294,20167519613,819319
18000000000,21600000000,20167519613,20167519616,3
18000000000,21600000000,20167519616,20168224250,704634
18000000000,21600000000,20168224250,20177674632,9450382
18000000000,21600000000,20177674632,20177693424,18792
18000000000,21600000000,20177693424,20178443317,749893
18000000000,21600000000,20178443317,20179164707,721390
18000000000,21600000000,20179164707,20179164718,11
18000000000,21600000000,20179164718,20180015092,850374
18000000000,21600000000,20180015092,20181445211,1430119
18000000000,21600000000,20181445211,20188290585,6845374
18000000000,21600000000,20188290585,20188290588,3
18000000000,21600000000,20188290588,20189747074,1456486
18000000000,21600000000,20189747074,20189760468,13394
18000000000,21600000000,20189760468,20192077064,2316596
18000000000,21600000000,20192077064,20202432825,10355761
18000000000,21600000000,20202432825,20202432871,46
18000000000,21600000000,20202432871,20202432878,7
18000000000,21600000000,20202432878,20203258959,826081
18000000000,21600000000,20203258959,20204952854,1693895
18000000000,21600000000,20204952854,20205720852,767998
18000000000,21600000000,20205720852,20205720904,52
18000000000,21600000000,20205720904,20205720917,13
18000000000,21600000000,20205720917,20209102286,3381369
18000000000,21600000000,20209102286,20209102355,69
18000000000,21600000000,20209102355,20209102360,5
18000000000,21600000000,20209102360,20209102365,5
18000000000,21600000000,20209102365,20213346576,4244211
18000000000,21600000000,20213346576,20215689782,2343206
18000000000,21600000000,20215689782,20216487339,797557
18000000000,21600000000,20216487339,20220562934,4075595
18000000000,21600000000,20220562934,20221376310,813376
18000000000,21600000000,20221376310,20222919968,1543658
18000000000,21600000000,20222919968,20225195431,2275463
18000000000,21600000000,20225195431,20225199495,4064
18000000000,21600000000,20225199495,20225207269,7774
18000000000,21600000000,20225207269,20225211803,4534
18000000000,21600000000,20225211803,20225932822,721019
18000000000,21600000000,20225932822,20225932997,175
18000000000,21600000000,20225932997,20225933004,7
18000000000,21600000000,20225933004,20225933350,346
18000000000,21600000000,20225933350,20225933405,55
18000000000,21600000000,20225933405,20225933412,7
18000000000,21600000000,20225933412,20227595360,1661948
18000000000,21600000000,20227595360,20227595365,5
18000000000,21600000000,20227595365,20227595392,27
18000000000,21600000000,20227595392,20227595429,37
18000000000,21600000000,20227595429,20227595433,4
18000000000,21600000000,20227595433,20227595497,64
18000000000,21600000000,20227595497,20228388259,792762
18000000000,21600000000,20228388259,20228389034,775
18000000000,21600000000,20228389034,20235859644,7470610
18000000000,21600000000,20235859644,20237442323,1582679
18000000000,21600000000,20237442323,20243793642,6351319
18000000000,21600000000,20243793642,20245583839,1790197
18000000000,21600000000,20245583839,20246317223,733384
18000000000,21600000000,20246317223,20247187370,870147
18000000000,21600000000,20247187370,20247900493,713123
18000000000,21600000000,20247900493,20249392421,1491928
18000000000,21600000000,20249392421,20249397530,5109
18000000000,21600000000,20249397530,20251832328,2434798
18000000000,21600000000,20251832328,20251832333,5
18000000000,21600000000,20251832333,20251832358,25
18000000000,21600000000,20251832358,20252576157,743799
18000000000,21600000000,20252576157,20260929359,8353202
18000000000,21600000000,20260929359,20261574935,645576
18000000000,21600000000,20261574935,20261581445,6510
18000000000,21600000000,20261581445,20261581646,201
18000000000,21600000000,20261581646,20261581653,7
18000000000,21600000000,20261581653,20262384242,802589
18000000000,21600000000,20262384242,20263088810,704568
18000000000,21600000000,20263088810,20263088814,4
18000000000,21600000000,20263088814,20266316145,3227331
18000000000,21600000000,20266316145,20268552201,2236056
18000000000,21600000000,20268552201,20269965731,1413530
18000000000,21600000000,20269965731,20270651705,685974
18000000000,21600000000,20270651705,20276519324,5867619
18000000000,21600000000,20276519324,20280394841,3875517
18000000000,21600000000,20280394841,20280394895,54
18000000000,21600000000,20280394895,20280394904,9
18000000000,21600000000,20280394904,20282214581,1819677
18000000000,21600000000,20282214581,20285635647,3421066
18000000000,21600000000,20285635647,20285659131,23484
18000000000,21600000000,20285659131,20285659273,142
18000000000,21600000000,20285659273,20285659316,43
18000000000,21600000000,20285659316,20285659859,543
18000000000,21600000000,20285659859,20285659962,103
18000000000,21600000000,20285659962,20285659973,11
18000000000,21600000000,20285659973,20286625612,965639
18000000000,21600000000,20286625612,20287376359,750747
18000000000,21600000000,20287376359,20287376363,4
18000000000,21600000000,20287376363,20288120079,743716
18000000000,21600000000,20288120079,20288961222,841143
18000000000,21600000000,20288961222,20290410014,1448792
18000000000,21600000000,20290410014,20292022168,1612154
18000000000,21600000000,20292022168,20293066401,1044233
18000000000,21600000000,20293066401,20293090677,24276
18000000000,21600000000,20293090677,20293096235,5558
18000000000,21600000000,20293096235,20294571982,1475747
18000000000,21600000000,20294571982,20295341461,769479
18000000000,21600000000,20295341461,20295341472,11
18000000000,21600000000,20295341472,20295341483,11
18000000000,21600000000,20295341483,20296794730,1453247
18000000000,21600000000,20296794730,20298333196,1538466
18000000000,21600000000,20298333196,20298349279,16083
18000000000,21600000000,20298349279,20299844800,1495521
18000000000,21600000000,20299844800,20306332008,6487208
18000000000,21600000000,20306332008,20307200872,868864
18000000000,21600000000,20307200872,20308657242,1456370
18000000000,21600000000,20308657242,20308678645,21403
18000000000,21600000000,20308678645,20308678648,3
18000000000,21600000000,20308678648,20310156416,1477768
18000000000,21600000000,20310156416,20310184865,28449
18000000000,21600000000,20310184865,20310197234,12369
18000000000,21600000000,20310197234,20312337359,2140125
18000000000,21600000000,20312337359,20312337362,3
18000000000,21600000000,20312337362,20312337411,49
18000000000,21600000000,20312337411,20313253378,915967
18000000000,21600000000,20313253378,20317415303,4161925
18000000000,21600000000,20317415303,20317419819,4516
18000000000,21600000000,20317419819,20317419978,159
18000000000,21600000000,20317419978,20317419983,5
18000000000,21600000000,20317419983,20317419988,5
18000000000,21600000000,20317419988,20319891555,2471567
18000000000,21600000000,20319891555,20321380581,1489026
18000000000,21600000000,20321380581,20323560913,2180332
18000000000,21600000000,20323560913,20323567141,6228
18000000000,21600000000,20323567141,20325392532,1825391
18000000000,21600000000,20325392532,20325392535,3
18000000000,21600000000,20325392535,20325392565,30
18000000000,21600000000,20325392565,20325436351,43786
18000000000,21600000000,20325436351,20326151129,714778
18000000000,21600000000,20326151129,20331225937,5074808
18000000000,21600000000,20331225937,20335969002,4743065
18000000000,21600000000,20335969002,20336660355,691353
18000000000,21600000000,20336660355,20336660553,198
18000000000,21600000000,20336660553,20336660578,25
18000000000,21600000000,20336660578,20337493766,833188
18000000000,21600000000,20337493766,20338227344,733578
18000000000,21600000000,20338227344,20338232049,4705
18000000000,21600000000,20338232049,20338236359,4310
18000000000,21600000000,20338236359,20338236505,146
18000000000,21600000000,20338236505,20338236528,23
18000000000,21600000000,20338236528,20340536839,2300311
18000000000,21600000000,20340536839,20340536910,71
18000000000,21600000000,20340536910,20341292282,755372
18000000000,21600000000,20341292282,20342017739,725457
18000000000,21600000000,20342017739,20342787316,769577
18000000000,21600000000,20342787316,20343549242,761926
18000000000,21600000000,20343549242,20344982657,1433415
18000000000,21600000000,20344982657,20344982657,0
18000000000,21600000000,20344982657,20347583512,2600855
18000000000,21600000000,20347583512,20347587110,3598
18000000000,21600000000,20347587110,20349051352,1464242
18000000000,21600000000,20349051352,20349051382,30
18000000000,21600000000,20349051382,20354181698,5130316
18000000000,21600000000,20354181698,20354181777,79
18000000000,21600000000,20354181777,20354181784,7
18000000000,21600000000,20354181784,20355018101,836317
18000000000,21600000000,20355018101,20355732783,714682
18000000000,21600000000,20355732783,20358361676,2628893
18000000000,21600000000,20358361676,20359977667,1615991
18000000000,21600000000,20359977667,20361485512,1507845
18000000000,21600000000,20361485512,20362255267,769755
18000000000,21600000000,20362255267,20362255272,5
18000000000,21600000000,20362255272,20362255273,1
18000000000,21600000000,20362255273,20363012243,756970
18000000000,21600000000,20363012243,20363012577,334
18000000000,21600000000,20363012577,20364891827,1879250
18000000000,21600000000,20364891827,20372007751,7115924
18000000000,21600000000,20372007751,20374180672,2172921
18000000000,21600000000,20374180672,20374180676,4
18000000000,21600000000,20374180676,20374180677,1
18000000000,21600000000,20374180677,20375653318,1472641
18000000000,21600000000,20375653318,20375653644,326
18000000000,21600000000,20375653644,20377130387,1476743
18000000000,21600000000,20377130387,20380427619,3297232
18000000000,21600000000,20380427619,20381184136,756517
18000000000,21600000000,20381184136,20382643085,1458949
18000000000,21600000000,20382643085,20382661799,18714
18000000000,21600000000,20382661799,20384255938,1594139
18000000000,21600000000,20384255938,20384275938,20000
18000000000,21600000000,20384275938,20384280035,4097
18000000000,21600000000,20384280035,20385609096,1329061
18000000000,21600000000,20385609096,20386333058,723962
18000000000,21600000000,20386333058,20386333061,3
18000000000,21600000000,20386333061,20386333083,22
18000000000,21600000000,20386333083,20387023893,690810
18000000000,21600000000,20387023893,20387024270,377
18000000000,21600000000,20387024270,20387056106,31836
18000000000,21600000000,20387056106,20388388188,1332082
18000000000,21600000000,20388388188,20388408851,20663
18000000000,21600000000,20388408851,20392173835,3764984
18000000000,21600000000,20392173835,20392189640,15805
18000000000,21600000000,20392189640,20393456328,1266688
18000000000,21600000000,20393456328,20394312401,856073
18000000000,21600000000,20394312401,20394925897,613496
18000000000,21600000000,20394925897,20396316976,1391079
18000000000,21600000000,20396316976,20396348641,31665
18000000000,21600000000,20396348641,20397674948,1326307
18000000000,21600000000,20397674948,20397702205,27257
18000000000,21600000000,20397702205,20399060955,1358750
18000000000,21600000000,20399060955,20401571350,2510395
18000000000,21600000000,20401571350,20401571352,2
18000000000,21600000000,20401571352,20402584811,1013459
18000000000,21600000000,20402584811,20403302779,717968
18000000000,21600000000,20403302779,20403336231,33452
18000000000,21600000000,20403336231,20403348643,12412
18000000000,21600000000,20403348643,20404118877,770234
18000000000,21600000000,20404118877,20404158633,39756
18000000000,21600000000,20404158633,20404158635,2
18000000000,21600000000,20404158635,20404892184,733549
18000000000,21600000000,20404892184,20404892202,18
18000000000,21600000000,20404892202,20404924648,32446
18000000000,21600000000,20404924648,20405676056,751408
18000000000,21600000000,20405676056,20406494967,818911
18000000000,21600000000,20406494967,20407235019,740052
18000000000,21600000000,20407235019,20407930317,695298
18000000000,21600000000,20407930317,20407996907,66590
18000000000,21600000000,20407996907,20408003101,6194
18000000000,21600000000,20408003101,20408004927,1826
18000000000,21600000000,20408004927,20408007281,2354
18000000000,21600000000,20408007281,20408009551,2270
18000000000,21600000000,20408009551,20408727675,718124
18000000000,21600000000,20408727675,20408727677,2
18000000000,21600000000,20408727677,20409484746,757069
18000000000,21600000000,20409484746,20409484750,4
18000000000,21600000000,20409484750,20409484751,1
18000000000,21600000000,20409484751,20409484771,20
18000000000,21600000000,20409484771,20409484782,11
18000000000,21600000000,20409484782,20409484793,11
18000000000,21600000000,20409484793,20409484805,12
18000000000,21600000000,20409484805,20409484840,35
18000000000,21600000000,20409484840,20410496368,1011528
18000000000,21600000000,20410496368,20410496560,192
18000000000,21600000000,20410496560,20410496572,12
18000000000,21600000000,20410496572,20410521852,25280
18000000000,21600000000,20410521852,20410530607,8755
18000000000,21600000000,20410530607,20412006064,1475457
18000000000,21600000000,20412006064,20412006075,11
18000000000,21600000000,20412006075,20412834591,828516
18000000000,21600000000,20412834591,20413634977,800386
18000000000,21600000000,20413634977,20413635064,87
18000000000,21600000000,20413635064,20413635070,6
18000000000,21600000000,20413635070,20413635076,6
18000000000,21600000000,20413635076,20413635160,84
18000000000,21600000000,20413635160,20413635162,2
18000000000,21600000000,20413635162,20413635164,2
18000000000,21600000000,20413635164,20413635165,1
18000000000,21600000000,20413635165,20414542459,907294
18000000000,21600000000,20414542459,20414542461,2
18000000000,21600000000,20414542461,20415302579,760118
18000000000,21600000000,20415302579,20415302590,11
18000000000,21600000000,20415302590,20416065145,762555
18000000000,21600000000,20416065145,20416898261,833116
18000000000,21600000000,20416898261,20416898263,2
18000000000,21600000000,20416898263,20417650701,752438
18000000000,21600000000,20417650701,20418419762,769061
18000000000,21600000000,20418419762,20418445297,25535
18000000000,21600000000,20418445297,20418445299,2
18000000000,21600000000,20418445299,20419198602,753303
18000000000,21600000000,20419198602,20419198604,2
18000000000,21600000000,20419198604,20419917258,718654
18000000000,21600000000,20419917258,20419982457,65199
18000000000,21600000000,20419982457,20419987457,5000
18000000000,21600000000,20419987457,20421053872,1066415
18000000000,21600000000,20421053872,20421083584,29712
18000000000,21600000000,20421083584,20421785226,701642
18000000000,21600000000,20421785226,20421785237,11
18000000000,21600000000,20421785237,20422579125,793888
18000000000,21600000000,20422579125,20424127772,1548647
18000000000,21600000000,20424127772,20431481558,7353786
18000000000,21600000000,20431481558,20431489710,8152
18000000000,21600000000,20431489710,20432199293,709583
18000000000,21600000000,20432199293,20432204125,4832
18000000000,21600000000,20432204125,20432206598,2473
18000000000,21600000000,20432206598,20432208683,2085
18000000000,21600000000,20432208683,20432211353,2670
18000000000,21600000000,20432211353,20432213712,2359
18000000000,21600000000,20432213712,20432215525,1813
18000000000,21600000000,20432215525,20432220903,5378
18000000000,21600000000,20432220903,20432221018,115
18000000000,21600000000,20432221018,20432221025,7
18000000000,21600000000,20432221025,20433005821,784796
18000000000,21600000000,20433005821,20433032884,27063
18000000000,21600000000,20433032884,20433753539,720655
18000000000,21600000000,20433753539,20433753570,31
18000000000,21600000000,20433753570,20433753594,24
18000000000,21600000000,20433753594,20433753618,24
18000000000,21600000000,20433753618,20433753659,41
18000000000,21600000000,20433753659,20433753692,33
18000000000,21600000000,20433753692,20433753716,24
18000000000,21600000000,20433753716,20433783063,29347
18000000000,21600000000,20433783063,20433783401,338
18000000000,21600000000,20433783401,20433783403,2
18000000000,21600000000,20433783403,20434612086,828683
18000000000,21600000000,20434612086,20434612189,103
18000000000,21600000000,20434612189,20434612196,7
18000000000,21600000000,20434612196,20435469150,856954
18000000000,21600000000,20435469150,20435489710,20560
18000000000,21600000000,20435489710,20436257827,768117
18000000000,21600000000,20436257827,20437013917,756090
18000000000,21600000000,20437013917,20437013919,2
18000000000,21600000000,20437013919,20437767969,754050
18000000000,21600000000,20437767969,20438558509,790540
18000000000,21600000000,20438558509,20440717669,2159160
18000000000,21600000000,20440717669,20441410084,692415
18000000000,21600000000,20441410084,20441751439,341355
18000000000,21600000000,20441751439,20442540921,789482
18000000000,21600000000,20442540921,20443206947,666026
18000000000,21600000000,20443206947,20444265139,1058192
18000000000,21600000000,20444265139,20444265251,112
18000000000,21600000000,20444265251,20445664609,1399358
18000000000,21600000000,20445664609,20446388080,723471
18000000000,21600000000,20446388080,20447112346,724266
18000000000,21600000000,20447112346,20447123885,11539
18000000000,21600000000,20447123885,20449293133,2169248
18000000000,21600000000,20449293133,20454586379,5293246
18000000000,21600000000,20454586379,20454586383,4
18000000000,21600000000,20454586383,20454586398,15
18000000000,21600000000,20454586398,20454587103,705
18000000000,21600000000,20454587103,20455989443,1402340
18000000000,21600000000,20455989443,20455989821,378
18000000000,21600000000,20455989821,20455989826,5
18000000000,21600000000,20455989826,20458248073,2258247
18000000000,21600000000,20458248073,20458253608,5535
18000000000,21600000000,20458253608,20461172796,2919188
18000000000,21600000000,20461172796,20461172805,9
18000000000,21600000000,20461172805,20461172806,1
18000000000,21600000000,20461172806,20461172898,92
18000000000,21600000000,20461172898,20462633253,1460355
18000000000,21600000000,20462633253,20462633617,364
18000000000,21600000000,20462633617,20468752070,6118453
18000000000,21600000000,20468752070,20468752073,3
18000000000,21600000000,20468752073,20469486928,734855
18000000000,21600000000,20469486928,20470219790,732862
18000000000,21600000000,20470219790,20470240609,20819
18000000000,21600000000,20470240609,20470244344,3735
18000000000,21600000000,20470244344,20471760597,1516253
18000000000,21600000000,20471760597,20471760614,17
18000000000,21600000000,20471760614,20476664519,4903905
18000000000,21600000000,20476664519,20476669846,5327
18000000000,21600000000,20476669846,20478107833,1437987
18000000000,21600000000,20478107833,20478107845,12
18000000000,21600000000,20478107845,20483099071,4991226
18000000000,21600000000,20483099071,20483103182,4111
18000000000,21600000000,20483103182,20484565777,1462595
18000000000,21600000000,20484565777,20484566064,287
18000000000,21600000000,20484566064,20485667624,1101560
18000000000,21600000000,20485667624,20488098484,2430860
18000000000,21600000000,20488098484,20493547954,5449470
18000000000,21600000000,20493547954,20495090751,1542797
18000000000,21600000000,20495090751,20495224856,134105
18000000000,21600000000,20495224856,20496132592,907736
18000000000,21600000000,20496132592,20496138562,5970
18000000000,21600000000,20496138562,20496143739,5177
18000000000,21600000000,20496143739,20498117911,1974172
18000000000,21600000000,20498117911,20498117928,17
18000000000,21600000000,20498117928,20498117932,4
18000000000,21600000000,20498117932,20498117982,50
18000000000,21600000000,20498117982,20498117986,4
18000000000,21600000000,20498117986,20498976042,858056
18000000000,21600000000,20498976042,20498976380,338
18000000000,21600000000,20498976380,20499009070,32690
18000000000,21600000000,20499009070,20499009149,79
18000000000,21600000000,20499009149,20499009156,7
18000000000,21600000000,20499009156,20499971453,962297
18000000000,21600000000,20499971453,20499971640,187
18000000000,21600000000,20499971640,20499971647,7
18000000000,21600000000,20499971647,20506218064,6246417
18000000000,21600000000,20506218064,20506218119,55
18000000000,21600000000,20506218119,20506218126,7
18000000000,21600000000,20506218126,20508997572,2779446
18000000000,21600000000,20508997572,20509002362,4790
18000000000,21600000000,20509002362,20509008402,6040
18000000000,21600000000,20509008402,20510482505,1474103
18000000000,21600000000,20510482505,20510482516,11
18000000000,21600000000,20510482516,20510483075,559
18000000000,21600000000,20510483075,20512576405,2093330
18000000000,21600000000,20512576405,20512576502,97
18000000000,21600000000,20512576502,20512576507,5
18000000000,21600000000,20512576507,20512577104,597
18000000000,21600000000,20512577104,20513569968,992864
18000000000,21600000000,20513569968,20516532851,2962883
18000000000,21600000000,20516532851,20517413427,880576
18000000000,21600000000,20517413427,20518226531,813104
18000000000,21600000000,20518226531,20519432740,1206209
18000000000,21600000000,20519432740,20519432867,127
18000000000,21600000000,20519432867,20519432874,7
18000000000,21600000000,20519432874,20521214542,1781668
18000000000,21600000000,20521214542,20522101939,887397
18000000000,21600000000,20522101939,20522129571,27632
18000000000,21600000000,20522129571,20522132858,3287
18000000000,21600000000,20522132858,20522138566,5708
18000000000,21600000000,20522138566,20522148630,10064
18000000000,21600000000,20522148630,20523226330,1077700
18000000000,21600000000,20523226330,20524785139,1558809
18000000000,21600000000,20524785139,20524785143,4
18000000000,21600000000,20524785143,20524785144,1
18000000000,21600000000,20524785144,20524785371,227
18000000000,21600000000,20524785371,20524785375,4
18000000000,21600000000,20524785375,20524785376,1
18000000000,21600000000,20524785376,20524785639,263
18000000000,21600000000,20524785639,20524785670,31
18000000000,21600000000,20524785670,20524785903,233
18000000000,21600000000,20524785903,20526570632,1784729
18000000000,21600000000,20526570632,20526570827,195
18000000000,21600000000,20526570827,20526571048,221
18000000000,21600000000,20526571048,20526576517,5469
18000000000,21600000000,20526576517,20526582052,5535
18000000000,21600000000,20526582052,20531454954,4872902
18000000000,21600000000,20531454954,20533184748,1729794
18000000000,21600000000,20533184748,20534023705,838957
18000000000,21600000000,20534023705,20534952622,928917
18000000000,21600000000,20534952622,20534976557,23935
18000000000,21600000000,20534976557,20534986404,9847
18000000000,21600000000,20534986404,20534992046,5642
18000000000,21600000000,20534992046,20535004075,12029
18000000000,21600000000,20535004075,20538763676,3759601
18000000000,21600000000,20538763676,20538763680,4
18000000000,21600000000,20538763680,20538763681,1
18000000000,21600000000,20538763681,20538763925,244
18000000000,21600000000,20538763925,20538763928,3
18000000000,21600000000,20538763928,20538763971,43
18000000000,21600000000,20538763971,20538763975,4
18000000000,21600000000,20538763975,20538763976,1
18000000000,21600000000,20538763976,20538764190,214
18000000000,21600000000,20538764190,20538764584,394
18000000000,21600000000,20538764584,20540905015,2140431
18000000000,21600000000,20540905015,20540905182,167
18000000000,21600000000,20540905182,20540905584,402
18000000000,21600000000,20540905584,20540911021,5437
18000000000,21600000000,20540911021,20540911167,146
18000000000,21600000000,20540911167,20547270574,6359407
18000000000,21600000000,20547270574,20547336880,66306
18000000000,21600000000,20547336880,20547364396,27516
18000000000,21600000000,20547364396,20547371570,7174
18000000000,21600000000,20547371570,20550779442,3407872
18000000000,21600000000,20550779442,20550779447,5
18000000000,21600000000,20550779447,20550779501,54
18000000000,21600000000,20550779501,20550779505,4
18000000000,21600000000,20550779505,20550779506,1
18000000000,21600000000,20550779506,20550779750,244
18000000000,21600000000,20550779750,20550779753,3
18000000000,21600000000,20550779753,20550779796,43
18000000000,21600000000,20550779796,20552004456,1224660
18000000000,21600000000,20552004456,20552004794,338
18000000000,21600000000,20552004794,20552004947,153
18000000000,21600000000,20552004947,20552010316,5369
18000000000,21600000000,20552010316,20553112293,1101977
18000000000,21600000000,20553112293,20555016331,1904038
18000000000,21600000000,20555016331,20556049426,1033095
18000000000,21600000000,20556049426,20557691087,1641661
18000000000,21600000000,20557691087,20559350008,1658921
18000000000,21600000000,20559350008,20560922784,1572776
18000000000,21600000000,20560922784,20560940211,17427
18000000000,21600000000,20560940211,20562968387,2028176
18000000000,21600000000,20562968387,20564372080,1403693
18000000000,21600000000,20564372080,20566142839,1770759
18000000000,21600000000,20566142839,20567147570,1004731
18000000000,21600000000,20567147570,20568865059,1717489
18000000000,21600000000,20568865059,20569729501,864442
18000000000,21600000000,20569729501,20571492584,1763083
18000000000,21600000000,20571492584,20571524064,31480
18000000000,21600000000,20571524064,20572300960,776896
18000000000,21600000000,20572300960,20573422077,1121117
18000000000,21600000000,20573422077,20581380168,7958091
18000000000,21600000000,20581380168,20583000722,1620554
18000000000,21600000000,20583000722,20583352589,351867
18000000000,21600000000,20583352589,20584194246,841657
18000000000,21600000000,20584194246,20584198406,4160
18000000000,21600000000,20584198406,20585828399,1629993
18000000000,21600000000,20585828399,20585828403,4
18000000000,21600000000,20585828403,20585828415,12
18000000000,21600000000,20585828415,20585857019,28604
18000000000,21600000000,20585857019,20585857206,187
18000000000,21600000000,20585857206,20585857211,5
18000000000,21600000000,20585857211,20586734828,877617
18000000000,21600000000,20586734828,20588685024,1950196
18000000000,21600000000,20588685024,20590232362,1547338
18000000000,21600000000,20590232362,20598018698,7786336
18000000000,21600000000,20598018698,20599562756,1544058
18000000000,21600000000,20599562756,20604905885,5343129
18000000000,21600000000,20604905885,20605924532,1018647
18000000000,21600000000,20605924532,20606642840,718308
18000000000,21600000000,20606642840,20607471377,828537
18000000000,21600000000,20607471377,20608306818,835441
18000000000,21600000000,20608306818,20608309035,2217
18000000000,21600000000,20608309035,20609749593,1440558
18000000000,21600000000,20609749593,20609749610,17
18000000000,21600000000,20609749610,20611421201,1671591
18000000000,21600000000,20611421201,20611421400,199
18000000000,21600000000,20611421400,20611421407,7
18000000000,21600000000,20611421407,20616820647,5399240
18000000000,21600000000,20616820647,20616820774,127
18000000000,21600000000,20616820774,20616820781,7
18000000000,21600000000,20616820781,20620865853,4045072
18000000000,21600000000,20620865853,20620882917,17064
18000000000,21600000000,20620882917,20620885576,2659
18000000000,21600000000,20620885576,20620889080,3504
18000000000,21600000000,20620889080,20622418998,1529918
18000000000,21600000000,20622418998,20622419155,157
18000000000,21600000000,20622419155,20622419336,181
18000000000,21600000000,20622419336,20623576092,1156756
18000000000,21600000000,20623576092,20625164094,1588002
18000000000,21600000000,20625164094,20626053344,889250
18000000000,21600000000,20626053344,20628201916,2148572
18000000000,21600000000,20628201916,20629980277,1778361
18000000000,21600000000,20629980277,20631757899,1777622
18000000000,21600000000,20631757899,20631783031,25132
18000000000,21600000000,20631783031,20632632921,849890
18000000000,21600000000,20632632921,20632633043,122
18000000000,21600000000,20632633043,20632633082,39
18000000000,21600000000,20632633082,20632633227,145
18000000000,21600000000,20632633227,20632633402,175
18000000000,21600000000,20632633402,20632633443,41
18000000000,21600000000,20632633443,20633663090,1029647
18000000000,21600000000,20633663090,20634327480,664390
18000000000,21600000000,20634327480,20636674453,2346973
18000000000,21600000000,20636674453,20636674458,5
18000000000,21600000000,20636674458,20637760231,1085773
18000000000,21600000000,20637760231,20646876178,9115947
18000000000,21600000000,20646876178,20647976107,1099929
18000000000,21600000000,20647976107,20648680067,703960
18000000000,21600000000,20648680067,20648680072,5
18000000000,21600000000,20648680072,20648703418,23346
18000000000,21600000000,20648703418,20648703572,154
18000000000,21600000000,20648703572,20648703579,7
18000000000,21600000000,20648703579,20649591998,888419
18000000000,21600000000,20649591998,20652784338,3192340
18000000000,21600000000,20652784338,20652788594,4256
18000000000,21600000000,20652788594,20654363552,1574958
18000000000,21600000000,20654363552,20654363563,11
18000000000,21600000000,20654363563,20659164711,4801148
18000000000,21600000000,20659164711,20659167241,2530
18000000000,21600000000,20659167241,20659171784,4543
18000000000,21600000000,20659171784,20661341957,2170173
18000000000,21600000000,20661341957,20661341960,3
18000000000,21600000000,20661341960,20661341982,22
18000000000,21600000000,20661341982,20662059215,717233
18000000000,21600000000,20662059215,20667039942,4980727
18000000000,21600000000,20667039942,20668750990,1711048
18000000000,21600000000,20668750990,20671332882,2581892
18000000000,21600000000,20671332882,20671335834,2952
18000000000,21600000000,20671335834,20671340340,4506
18000000000,21600000000,20671340340,20672055833,715493
18000000000,21600000000,20672055833,20673582293,1526460
18000000000,21600000000,20673582293,20673582296,3
18000000000,21600000000,20673582296,20673582346,50
18000000000,21600000000,20673582346,20673582355,9
18000000000,21600000000,20673582355,20674403709,821354
18000000000,21600000000,20674403709,20675252151,848442
18000000000,21600000000,20675252151,20676764057,1511906
18000000000,21600000000,20676764057,20676784083,20026
18000000000,21600000000,20676784083,20684225570,7441487
18000000000,21600000000,20684225570,20684247473,21903
18000000000,21600000000,20684247473,20684247549,76
18000000000,21600000000,20684247549,20684247556,7
18000000000,21600000000,20684247556,20685733331,1485775
18000000000,21600000000,20685733331,20685762579,29248
18000000000,21600000000,20685762579,20686430639,668060
18000000000,21600000000,20686430639,20687954447,1523808
18000000000,21600000000,20687954447,20697991777,10037330
18000000000,21600000000,20697991777,20698754442,762665
18000000000,21600000000,20698754442,20699530530,776088
18000000000,21600000000,20699530530,20700319161,788631
18000000000,21600000000,20700319161,20703686854,3367693
18000000000,21600000000,20703686854,20704418614,731760
18000000000,21600000000,20704418614,20705175912,757298
18000000000,21600000000,20705175912,20705175985,73
18000000000,21600000000,20705175985,20705175991,6
18000000000,21600000000,20705175991,20713205108,8029117
18000000000,21600000000,20713205108,20714778899,1573791
18000000000,21600000000,20714778899,20720848565,6069666
18000000000,21600000000,20720848565,20720862302,13737
18000000000,21600000000,20720862302,20722311331,1449029
18000000000,21600000000,20722311331,20722311341,10
18000000000,21600000000,20722311341,20723062655,751314
18000000000,21600000000,20723062655,20724156667,1094012
18000000000,21600000000,20724156667,20724851806,695139
18000000000,21600000000,20724851806,20725674929,823123
18000000000,21600000000,20725674929,20728100474,2425545
18000000000,21600000000,20728100474,20728945601,845127
18000000000,21600000000,20728945601,20728945632,31
18000000000,21600000000,20728945632,20728945639,7
18000000000,21600000000,20728945639,20730469208,1523569
18000000000,21600000000,20730469208,20731984142,1514934
18000000000,21600000000,20731984142,20733418802,1434660
18000000000,21600000000,20733418802,20733461797,42995
18000000000,21600000000,20733461797,20736085786,2623989
18000000000,21600000000,20736085786,20736085804,18
18000000000,21600000000,20736085804,20741040967,4955163
18000000000,21600000000,20741040967,20741728448,687481
18000000000,21600000000,20741728448,20742418086,689638
18000000000,21600000000,20742418086,20742444390,26304
18000000000,21600000000,20742444390,20744279402,1835012
18000000000,21600000000,20744279402,20747855854,3576452
18000000000,21600000000,20747855854,20747863184,7330
18000000000,21600000000,20747863184,20747866466,3282
18000000000,21600000000,20747866466,20747866665,199
18000000000,21600000000,20747866665,20747866672,7
18000000000,21600000000,20747866672,20747866786,114
18000000000,21600000000,20747866786,20747866788,2
18000000000,21600000000,20747866788,20747866882,94
18000000000,21600000000,20747866882,20749765935,1899053
18000000000,21600000000,20749765935,20749765954,19
18000000000,21600000000,20749765954,20749765964,10
18000000000,21600000000,20749765964,20752132449,2366485
18000000000,21600000000,20752132449,20761336900,9204451
18000000000,21600000000,20761336900,20761340738,3838
18000000000,21600000000,20761340738,20763568139,2227401
18000000000,21600000000,20763568139,20763568192,53
18000000000,21600000000,20763568192,20767179334,3611142
18000000000,21600000000,20767179334,20768844493,1665159
18000000000,21600000000,20768844493,20769694718,850225
18000000000,21600000000,20769694718,20770399742,705024
18000000000,21600000000,20770399742,20771082126,682384
18000000000,21600000000,20771082126,20771096078,13952
18000000000,21600000000,20771096078,20771101427,5349
18000000000,21600000000,20771101427,20771107827,6400
18000000000,21600000000,20771107827,20771798982,691155
18000000000,21600000000,20771798982,20772507038,708056
18000000000,21600000000,20772507038,20772507050,12
18000000000,21600000000,20772507050,20772507061,11
18000000000,21600000000,20772507061,20773357768,850707
18000000000,21600000000,20773357768,20774923387,1565619
18000000000,21600000000,20774923387,20778094948,3171561
18000000000,21600000000,20778094948,20778095038,90
18000000000,21600000000,20778095038,20778095053,15
18000000000,21600000000,20778095053,20785697612,7602559
18000000000,21600000000,20785697612,20786492629,795017
18000000000,21600000000,20786492629,20786492632,3
18000000000,21600000000,20786492632,20787352750,860118
18000000000,21600000000,20787352750,20787352754,4
18000000000,21600000000,20787352754,20787352755,1
18000000000,21600000000,20787352755,20788156526,803771
18000000000,21600000000,20788156526,20788156751,225
18000000000,21600000000,20788156751,20788157201,450
18000000000,21600000000,20788157201,20789142827,985626
18000000000,21600000000,20789142827,20791066103,1923276
18000000000,21600000000,20791066103,20796086361,5020258
18000000000,21600000000,20796086361,20797794775,1708414
18000000000,21600000000,20797794775,20797800289,5514
18000000000,21600000000,20797800289,20797809172,8883
18000000000,21600000000,20797809172,20800164842,2355670
18000000000,21600000000,20800164842,20800164847,5
18000000000,21600000000,20800164847,20800164878,31
18000000000,21600000000,20800164878,20800164883,5
18000000000,21600000000,20800164883,20800164884,1
18000000000,21600000000,20800164884,20800164908,24
18000000000,21600000000,20800164908,20801257674,1092766
18000000000,21600000000,20801257674,20801257679,5
18000000000,21600000000,20801257679,20801257743,64
18000000000,21600000000,20801257743,20801258184,441
18000000000,21600000000,20801258184,20802777926,1519742
18000000000,21600000000,20802777926,20813734488,10956562
18000000000,21600000000,20813734488,20815382489,1648001
18000000000,21600000000,20815382489,20816960812,1578323
18000000000,21600000000,20816960812,20816960905,93
18000000000,21600000000,20816960905,20816960912,7
18000000000,21600000000,20816960912,20816960919,7
18000000000,21600000000,20816960919,20821612676,4651757
18000000000,21600000000,20821612676,20823610635,1997959
18000000000,21600000000,20823610635,20831662155,8051520
18000000000,21600000000,20831662155,20831662725,570
18000000000,21600000000,20831662725,20832570927,908202
18000000000,21600000000,20832570927,20834430990,1860063
18000000000,21600000000,20834430990,20835157170,726180
18000000000,21600000000,20835157170,20835157285,115
18000000000,21600000000,20835157285,20835157292,7
18000000000,21600000000,20835157292,20835157667,375
18000000000,21600000000,20835157667,20836020104,862437
18000000000,21600000000,20836020104,20836094384,74280
18000000000,21600000000,20836094384,20836959023,864639
18000000000,21600000000,20836959023,20836959199,176
18000000000,21600000000,20836959199,20836959206,7
18000000000,21600000000,20836959206,20837839132,879926
18000000000,21600000000,20837839132,20838587402,748270
18000000000,21600000000,20838587402,20839354045,766643
18000000000,21600000000,20839354045,20839354258,213
18000000000,21600000000,20839354258,20839354265,7
18000000000,21600000000,20839354265,20839354272,7
18000000000,21600000000,20839354272,20841128308,1774036
18000000000,21600000000,20841128308,20846910884,5782576
18000000000,21600000000,20846910884,20846914497,3613
18000000000,21600000000,20846914497,20846920593,6096
18000000000,21600000000,20846920593,20847742149,821556
18000000000,21600000000,20847742149,20847742336,187
18000000000,21600000000,20847742336,20847742343,7
18000000000,21600000000,20847742343,20848591535,849192
18000000000,21600000000,20848591535,20848591560,25
18000000000,21600000000,20848591560,20848591564,4
18000000000,21600000000,20848591564,20848591610,46
18000000000,21600000000,20848591610,20850213824,1622214
18000000000,21600000000,20850213824,20854121037,3907213
18000000000,21600000000,20854121037,20860818046,6697009
18000000000,21600000000,20860818046,20860824877,6831
18000000000,21600000000,20860824877,20862259110,1434233
18000000000,21600000000,20862259110,20862978809,719699
18000000000,21600000000,20862978809,20862978814,5
18000000000,21600000000,20862978814,20862978863,49
18000000000,21600000000,20862978863,20864286549,1307686
18000000000,21600000000,20864286549,20865012589,726040
18000000000,21600000000,20865012589,20865737935,725346
18000000000,21600000000,20865737935,20865738072,137
18000000000,21600000000,20865738072,20865738085,13
18000000000,21600000000,20865738085,20866543782,805697
18000000000,21600000000,20866543782,20873445418,6901636
18000000000,21600000000,20873445418,20873470843,25425
18000000000,21600000000,20873470843,20873478544,7701
18000000000,21600000000,20873478544,20875094764,1616220
18000000000,21600000000,20875094764,20875855198,760434
18000000000,21600000000,20875855198,20875855202,4
18000000000,21600000000,20875855202,20875855203,1
18000000000,21600000000,20875855203,20875855243,40
18000000000,21600000000,20875855243,20875855248,5
18000000000,21600000000,20875855248,20875855275,27
18000000000,21600000000,20875855275,20875883703,28428
18000000000,21600000000,20875883703,20875890641,6938
18000000000,21600000000,20875890641,20876654089,763448
18000000000,21600000000,20876654089,20876654134,45
18000000000,21600000000,20876654134,20876654161,27
18000000000,21600000000,20876654161,20877427268,773107
18000000000,21600000000,20877427268,20877427280,12
18000000000,21600000000,20877427280,20881678444,4251164
18000000000,21600000000,20881678444,20881678523,79
18000000000,21600000000,20881678523,20881678530,7
18000000000,21600000000,20881678530,20886195956,4517426
18000000000,21600000000,20886195956,20886245037,49081
18000000000,21600000000,20886245037,20887679427,1434390
18000000000,21600000000,20887679427,20888424020,744593
18000000000,21600000000,20888424020,20888424024,4
18000000000,21600000000,20888424024,20888424025,1
18000000000,21600000000,20888424025,20888424079,54
18000000000,21600000000,20888424079,20888424084,5
18000000000,21600000000,20888424084,20889490122,1066038
18000000000,21600000000,20889490122,20889490213,91
18000000000,21600000000,20889490213,20889490504,291
18000000000,21600000000,20889490504,20889490791,287
18000000000,21600000000,20889490791,20900703520,11212729
18000000000,21600000000,20900703520,20900704405,885
18000000000,21600000000,20900704405,20900704412,7
18000000000,21600000000,20900704412,20900704419,7
18000000000,21600000000,20900704419,20904890224,4185805
18000000000,21600000000,20904890224,20906337665,1447441
18000000000,21600000000,20906337665,20912900975,6563310
18000000000,21600000000,20912900975,20912923756,22781
18000000000,21600000000,20912923756,20914416821,1493065
18000000000,21600000000,20914416821,20915221497,804676
18000000000,21600000000,20915221497,20915221771,274
18000000000,21600000000,20915221771,20915221778,7
18000000000,21600000000,20915221778,20915221785,7
18000000000,21600000000,20915221785,20918051075,2829290
18000000000,21600000000,20918051075,20918051202,127
18000000000,21600000000,20918051202,20918051209,7
18000000000,21600000000,20918051209,20923543355,5492146
18000000000,21600000000,20923543355,20925057462,1514107
18000000000,21600000000,20925057462,20936532170,11474708
18000000000,21600000000,20936532170,20938705536,2173366
18000000000,21600000000,20938705536,20938705541,5
18000000000,21600000000,20938705541,20939475268,769727
18000000000,21600000000,20939475268,20947749023,8273755
18000000000,21600000000,20947749023,20947749076,53
18000000000,21600000000,20947749076,20947749082,6
18000000000,21600000000,20947749082,20947749088,6
18000000000,21600000000,20947749088,20949343893,1594805
18000000000,21600000000,20949343893,20949347414,3521
18000000000,21600000000,20949347414,20950745451,1398037
18000000000,21600000000,20950745451,20950745478,27
18000000000,21600000000,20950745478,20950773589,28111
18000000000,21600000000,20950773589,20952175571,1401982
18000000000,21600000000,20952175571,20956789744,4614173
18000000000,21600000000,20956789744,20956789813,69
18000000000,21600000000,20956789813,20956789820,7
18000000000,21600000000,20956789820,20956789827,7
18000000000,21600000000,20956789827,20958508359,1718532
18000000000,21600000000,20958508359,20959248190,739831
18000000000,21600000000,20959248190,20960646833,1398643
18000000000,21600000000,20960646833,20963561647,2914814
18000000000,21600000000,20963561647,20963561726,79
18000000000,21600000000,20963561726,20963561733,7
18000000000,21600000000,20963561733,20966787660,3225927
18000000000,21600000000,20966787660,20968390512,1602852
18000000000,21600000000,20968390512,20972923845,4533333
18000000000,21600000000,20972923845,20979440873,6517028
18000000000,21600000000,20979440873,20979440876,3
18000000000,21600000000,20979440876,20980204642,763766
18000000000,21600000000,20980204642,20980204728,86
18000000000,21600000000,20980204728,20980204751,23
18000000000,21600000000,20980204751,20981012871,808120
18000000000,21600000000,20981012871,20982467773,1454902
18000000000,21600000000,20982467773,20982467849,76
18000000000,21600000000,20982467849,20982467868,19
18000000000,21600000000,20982467868,20983568158,1100290
18000000000,21600000000,20983568158,20985006925,1438767
18000000000,21600000000,20985006925,20985750146,743221
18000000000,21600000000,20985750146,20985755081,4935
18000000000,21600000000,20985755081,20987559442,1804361
18000000000,21600000000,20987559442,20987559445,3
18000000000,21600000000,20987559445,20988307805,748360
18000000000,21600000000,20988307805,20992599441,4291636
18000000000,21600000000,20992599441,20992599798,357
18000000000,21600000000,20992599798,20992599805,7
18000000000,21600000000,20992599805,20992599812,7
18000000000,21600000000,20992599812,20995067369,2467557
18000000000,21600000000,20995067369,20998203302,3135933
18000000000,21600000000,20998203302,20998205923,2621
18000000000,21600000000,20998205923,21000272632,2066709
18000000000,21600000000,21000272632,21000272703,71
18000000000,21600000000,21000272703,21000272706,3
18000000000,21600000000,21000272706,21001121066,848360
18000000000,21600000000,21001121066,21001931877,810811
18000000000,21600000000,21001931877,21009059161,7127284
18000000000,21600000000,21009059161,21010511185,1452024
18000000000,21600000000,21010511185,21010535565,24380
18000000000,21600000000,21010535565,21012746894,2211329
18000000000,21600000000,21012746894,21012746897,3
18000000000,21600000000,21012746897,21012765755,18858
18000000000,21600000000,21012765755,21013495153,729398
18000000000,21600000000,21013495153,21014241949,746796
18000000000,21600000000,21014241949,21015024509,782560
18000000000,21600000000,21015024509,21017992890,2968381
18000000000,21600000000,21017992890,21018646876,653986
18000000000,21600000000,21018646876,21019640317,993441
18000000000,21600000000,21019640317,21020386428,746111
18000000000,21600000000,21020386428,21021155874,769446
18000000000,21600000000,21021155874,21021821233,665359
18000000000,21600000000,21021821233,21022547648,726415
18000000000,21600000000,21022547648,21022580036,32388
18000000000,21600000000,21022580036,21022592577,12541
18000000000,21600000000,21022592577,21022595411,2834
18000000000,21600000000,21022595411,21024038831,1443420
18000000000,21600000000,21024038831,21024038842,11
18000000000,21600000000,21024038842,21024038864,22
18000000000,21600000000,21024038864,21025627740,1588876
18000000000,21600000000,21025627740,21027081075,1453335
18000000000,21600000000,21027081075,21029540714,2459639
18000000000,21600000000,21029540714,21032251524,2710810
18000000000,21600000000,21032251524,21033829607,1578083
18000000000,21600000000,21033829607,21035432764,1603157
18000000000,21600000000,21035432764,21035453721,20957
18000000000,21600000000,21035453721,21036893523,1439802
18000000000,21600000000,21036893523,21036893534,11
18000000000,21600000000,21036893534,21044290014,7396480
18000000000,21600000000,21044290014,21045734392,1444378
18000000000,21600000000,21045734392,21048040921,2306529
18000000000,21600000000,21048040921,21048040923,2
18000000000,21600000000,21048040923,21049545545,1504622
18000000000,21600000000,21049545545,21052942159,3396614
18000000000,21600000000,21052942159,21054285728,1343569
18000000000,21600000000,21054285728,21058389086,4103358
18000000000,21600000000,21058389086,21058389178,92
18000000000,21600000000,21058389178,21058389185,7
18000000000,21600000000,21058389185,21059226719,837534
18000000000,21600000000,21059226719,21060796089,1569370
18000000000,21600000000,21060796089,21063291846,2495757
18000000000,21600000000,21063291846,21064776332,1484486
18000000000,21600000000,21064776332,21069129522,4353190
18000000000,21600000000,21069129522,21069880123,750601
18000000000,21600000000,21069880123,21071432409,1552286
18000000000,21600000000,21071432409,21071452334,19925
18000000000,21600000000,21071452334,21071456693,4359
18000000000,21600000000,21071456693,21073212689,1755996
18000000000,21600000000,21073212689,21073212706,17
18000000000,21600000000,21073212706,21073979102,766396
18000000000,21600000000,21073979102,21073979129,27
18000000000,21600000000,21073979129,21077655518,3676389
18000000000,21600000000,21077655518,21080436414,2780896
18000000000,21600000000,21080436414,21080436699,285
18000000000,21600000000,21080436699,21080436702,3
18000000000,21600000000,21080436702,21081218669,781967
18000000000,21600000000,21081218669,21081246696,28027
18000000000,21600000000,21081246696,21081246883,187
18000000000,21600000000,21081246883,21081246890,7
18000000000,21600000000,21081246890,21082054233,807343
18000000000,21600000000,21082054233,21084918714,2864481
18000000000,21600000000,21084918714,21084921787,3073
18000000000,21600000000,21084921787,21085638350,716563
18000000000,21600000000,21085638350,21085638353,3
18000000000,21600000000,21085638353,21086375222,736869
18000000000,21600000000,21086375222,21086375441,219
18000000000,21600000000,21086375441,21087179943,804502
18000000000,21600000000,21087179943,21087206727,26784
18000000000,21600000000,21087206727,21088727439,1520712
18000000000,21600000000,21088727439,21088747069,19630
18000000000,21600000000,21088747069,21089492231,745162
18000000000,21600000000,21089492231,21090232431,740200
18000000000,21600000000,21090232431,21090256789,24358
18000000000,21600000000,21090256789,21090261779,4990
18000000000,21600000000,21090261779,21090261954,175
18000000000,21600000000,21090261954,21090261961,7
18000000000,21600000000,21090261961,21091112304,850343
18000000000,21600000000,21091112304,21091896524,784220
18000000000,21600000000,21091896524,21097494301,5597777
18000000000,21600000000,21097494301,21097676196,181895
18000000000,21600000000,21097676196,21097681253,5057
18000000000,21600000000,21097681253,21099890972,2209719
18000000000,21600000000,21099890972,21099890976,4
18000000000,21600000000,21099890976,21099890977,1
18000000000,21600000000,21099890977,21099891093,116
18000000000,21600000000,21099891093,21099891097,4
18000000000,21600000000,21099891097,21099891098,1
18000000000,21600000000,21099891098,21099891187,89
18000000000,21600000000,21099891187,21099891190,3
18000000000,21600000000,21099891190,21100620368,729178
18000000000,21600000000,21100620368,21100621393,1025
18000000000,21600000000,21100621393,21100623781,2388
18000000000,21600000000,21100623781,21100624116,335
18000000000,21600000000,21100624116,21100624128,12
18000000000,21600000000,21100624128,21107678106,7053978
18000000000,21600000000,21107678106,21108441172,763066
18000000000,21600000000,21108441172,21109940549,1499377
18000000000,21600000000,21109940549,21109945924,5375
18000000000,21600000000,21109945924,21109951593,5669
18000000000,21600000000,21109951593,21112427457,2475864
18000000000,21600000000,21112427457,21112427460,3
18000000000,21600000000,21112427460,21112427510,50
18000000000,21600000000,21112427510,21112427532,22
18000000000,21600000000,21112427532,21113148387,720855
18000000000,21600000000,21113148387,21116355230,3206843
18000000000,21600000000,21116355230,21117752893,1397663
18000000000,21600000000,21117752893,21118487048,734155
18000000000,21600000000,21118487048,21119848436,1361388
18000000000,21600000000,21119848436,21119860094,11658
18000000000,21600000000,21119860094,21121225153,1365059
18000000000,21600000000,21121225153,21121914966,689813
18000000000,21600000000,21121914966,21123382706,1467740
18000000000,21600000000,21123382706,21128151589,4768883
18000000000,21600000000,21128151589,21129700344,1548755
18000000000,21600000000,21129700344,21131146704,1446360
18000000000,21600000000,21131146704,21131845251,698547
18000000000,21600000000,21131845251,21131856978,11727
18000000000,21600000000,21131856978,21131857069,91
18000000000,21600000000,21131857069,21131857076,7
18000000000,21600000000,21131857076,21132640529,783453
18000000000,21600000000,21132640529,21133326442,685913
18000000000,21600000000,21133326442,21134037796,711354
18000000000,21600000000,21134037796,21134040434,2638
18000000000,21600000000,21134040434,21134045723,5289
18000000000,21600000000,21134045723,21135456069,1410346
18000000000,21600000000,21135456069,21135456073,4
18000000000,21600000000,21135456073,21135456180,107
18000000000,21600000000,21135456180,21135456191,11
18000000000,21600000000,21135456191,21136206312,750121
18000000000,21600000000,21136206312,21146328613,10122301
18000000000,21600000000,21146328613,21148034162,1705549
18000000000,21600000000,21148034162,21148122975,88813
18000000000,21600000000,21148122975,21152656586,4533611
18000000000,21600000000,21152656586,21152657586,1000
18000000000,21600000000,21152657586,21154965827,2308241
18000000000,21600000000,21154965827,21156431521,1465694
18000000000,21600000000,21156431521,21159000825,2569304
18000000000,21600000000,21159000825,21161067990,2067165
18000000000,21600000000,21161067990,21161067995,5
18000000000,21600000000,21161067995,21161760339,692344
18000000000,21600000000,21161760339,21180799534,19039195
18000000000,21600000000,21180799534,21191943222,11143688
18000000000,21600000000,21191943222,21193357767,1414545
18000000000,21600000000,21193357767,21196311393,2953626
18000000000,21600000000,21196311393,21197940768,1629375
18000000000,21600000000,21197940768,21200169536,2228768
18000000000,21600000000,21200169536,21202671226,2501690
18000000000,21600000000,21202671226,21206501141,3829915
18000000000,21600000000,21206501141,21211817881,5316740
18000000000,21600000000,21211817881,21211818067,186
18000000000,21600000000,21211818067,21211818076,9
18000000000,21600000000,21211818076,21212655340,837264
18000000000,21600000000,21212655340,21212655515,175
18000000000,21600000000,21212655515,21212655522,7
18000000000,21600000000,21212655522,21213457203,801681
18000000000,21600000000,21213457203,21218018527,4561324
18000000000,21600000000,21218018527,21218022864,4337
18000000000,21600000000,21218022864,21219477396,1454532
18000000000,21600000000,21219477396,21219477421,25
18000000000,21600000000,21219477421,21220285437,808016
18000000000,21600000000,21220285437,21220995041,709604
18000000000,21600000000,21220995041,21221719935,724894
18000000000,21600000000,21221719935,21222068540,348605
18000000000,21600000000,21222068540,21222068567,27
18000000000,21600000000,21222068567,21222068572,5
18000000000,21600000000,21222068572,21224285407,2216835
18000000000,21600000000,21224285407,21224285534,127
18000000000,21600000000,21224285534,21224285541,7
18000000000,21600000000,21224285541,21227230758,2945217
18000000000,21600000000,21227230758,21229517057,2286299
18000000000,21600000000,21229517057,21230272583,755526
18000000000,21600000000,21230272583,21231040760,768177
18000000000,21600000000,21231040760,21232564543,1523783
18000000000,21600000000,21232564543,21232564546,3
18000000000,21600000000,21232564546,21233626401,1061855
18000000000,21600000000,21233626401,21233626756,355
18000000000,21600000000,21233626756,21236031383,2404627
18000000000,21600000000,21236031383,21237547262,1515879
18000000000,21600000000,21237547262,21237569029,21767
18000000000,21600000000,21237569029,21237569088,59
18000000000,21600000000,21237569088,21237569093,5
18000000000,21600000000,21237569093,21237569098,5
18000000000,21600000000,21237569098,21238489067,919969
18000000000,21600000000,21238489067,21239214418,725351
18000000000,21600000000,21239214418,21239984402,769984
18000000000,21600000000,21239984402,21240702084,717682
18000000000,21600000000,21240702084,21240733538,31454
18000000000,21600000000,21240733538,21241522662,789124
18000000000,21600000000,21241522662,21243054260,1531598
18000000000,21600000000,21243054260,21243077173,22913
18000000000,21600000000,21243077173,21244903467,1826294
18000000000,21600000000,21244903467,21245690542,787075
18000000000,21600000000,21245690542,21245690545,3
18000000000,21600000000,21245690545,21245690546,1
18000000000,21600000000,21245690546,21245707381,16835
18000000000,21600000000,21245707381,21246478143,770762
18000000000,21600000000,21246478143,21246478143,0
18000000000,21600000000,21246478143,21247305429,827286
18000000000,21600000000,21247305429,21247305739,310
18000000000,21600000000,21247305739,21248105072,799333
18000000000,21600000000,21248105072,21248878272,773200
18000000000,21600000000,21248878272,21255296982,6418710
18000000000,21600000000,21255296982,21255990196,693214
18000000000,21600000000,21255990196,21256007815,17619
18000000000,21600000000,21256007815,21256011923,4108
18000000000,21600000000,21256011923,21256014504,2581
18000000000,21600000000,21256014504,21256014583,79
18000000000,21600000000,21256014583,21256014590,7
18000000000,21600000000,21256014590,21256791889,777299
18000000000,21600000000,21256791889,21256805288,13399
18000000000,21600000000,21256805288,21258264478,1459190
18000000000,21600000000,21258264478,21258264482,4
18000000000,21600000000,21258264482,21258264518,36
18000000000,21600000000,21258264518,21258264532,14
18000000000,21600000000,21258264532,21258981399,716867
18000000000,21600000000,21258981399,21258981760,361
18000000000,21600000000,21258981760,21265216779,6235019
18000000000,21600000000,21265216779,21268090128,2873349
18000000000,21600000000,21268090128,21268096853,6725
18000000000,21600000000,21268096853,21268105284,8431
18000000000,21600000000,21268105284,21270934309,2829025
18000000000,21600000000,21270934309,21270934313,4
18000000000,21600000000,21270934313,21270934349,36
18000000000,21600000000,21270934349,21270934360,11
18000000000,21600000000,21270934360,21273476453,2542093
18000000000,21600000000,21273476453,21275207275,1730822
18000000000,21600000000,21275207275,21276975110,1767835
18000000000,21600000000,21276975110,21276994467,19357
18000000000,21600000000,21276994467,21277769126,774659
18000000000,21600000000,21277769126,21278846191,1077065
18000000000,21600000000,21278846191,21279650790,804599
18000000000,21600000000,21279650790,21279676428,25638
18000000000,21600000000,21279676428,21279676459,31
18000000000,21600000000,21279676459,21279676466,7
18000000000,21600000000,21279676466,21280600435,923969
18000000000,21600000000,21280600435,21283049093,2448658
18000000000,21600000000,21283049093,21283049096,3
18000000000,21600000000,21283049096,21284323042,1273946
18000000000,21600000000,21284323042,21301512196,17189154
18000000000,21600000000,21301512196,21303345781,1833585
18000000000,21600000000,21303345781,21305083995,1738214
18000000000,21600000000,21305083995,21307519097,2435102
18000000000,21600000000,21307519097,21307519100,3
18000000000,21600000000,21307519100,21308319368,800268
18000000000,21600000000,21308319368,21309485248,1165880
18000000000,21600000000,21309485248,21310362477,877229
18000000000,21600000000,21310362477,21310373386,10909
18000000000,21600000000,21310373386,21311124205,750819
18000000000,21600000000,21311124205,21311973481,849276
18000000000,21600000000,21311973481,21312013348,39867
18000000000,21600000000,21312013348,21313055010,1041662
18000000000,21600000000,21313055010,21313825989,770979
18000000000,21600000000,21313825989,21314609715,783726
18000000000,21600000000,21314609715,21315372205,762490
18000000000,21600000000,21315372205,21316170482,798277
18000000000,21600000000,21316170482,21317684005,1513523
18000000000,21600000000,21317684005,21317705257,21252
18000000000,21600000000,21317705257,21317709812,4555
18000000000,21600000000,21317709812,21317712181,2369
18000000000,21600000000,21317712181,21317717140,4959
18000000000,21600000000,21317717140,21317726013,8873
18000000000,21600000000,21317726013,21318459834,733821
18000000000,21600000000,21318459834,21318464519,4685
18000000000,21600000000,21318464519,21319250235,785716
18000000000,21600000000,21319250235,21319250246,11
18000000000,21600000000,21319250246,21319250258,12
18000000000,21600000000,21319250258,21319250269,11
18000000000,21600000000,21319250269,21320392962,1142693
18000000000,21600000000,21320392962,21320392997,35
18000000000,21600000000,21320392997,21325733683,5340686
18000000000,21600000000,21325733683,21326467972,734289
18000000000,21600000000,21326467972,21326468015,43
18000000000,21600000000,21326468015,21326468022,7
18000000000,21600000000,21326468022,21326468380,358
18000000000,21600000000,21326468380,21326468431,51
18000000000,21600000000,21326468431,21326468437,6
18000000000,21600000000,21326468437,21331232260,4763823
18000000000,21600000000,21331232260,21331568807,336547
18000000000,21600000000,21331568807,21331568970,163
18000000000,21600000000,21331568970,21331568977,7
18000000000,21600000000,21331568977,21333117009,1548032
18000000000,21600000000,21333117009,21333117013,4
18000000000,21600000000,21333117013,21333870084,753071
18000000000,21600000000,21333870084,21336274729,2404645
18000000000,21600000000,21336274729,21337036615,761886
18000000000,21600000000,21337036615,21337039795,3180
18000000000,21600000000,21337039795,21337039824,29
18000000000,21600000000,21337039824,21337039826,2
18000000000,21600000000,21337039826,21337797308,757482
18000000000,21600000000,21337797308,21338582804,785496
18000000000,21600000000,21338582804,21338582836,32
18000000000,21600000000,21338582836,21338604148,21312
18000000000,21600000000,21338604148,21339389787,785639
18000000000,21600000000,21339389787,21344272294,4882507
18000000000,21600000000,21344272294,21345796945,1524651
18000000000,21600000000,21345796945,21345821275,24330
18000000000,21600000000,21345821275,21347411371,1590096
18000000000,21600000000,21347411371,21347411371,0
18000000000,21600000000,21347411371,21347420627,9256
18000000000,21600000000,21347420627,21355018400,7597773
18000000000,21600000000,21355018400,21355018792,392
18000000000,21600000000,21355018792,21355019077,285
18000000000,21600000000,21355019077,21356410012,1390935
18000000000,21600000000,21356410012,21356410012,0
18000000000,21600000000,21356410012,21356414537,4525
18000000000,21600000000,21356414537,21357099014,684477
18000000000,21600000000,21357099014,21357102201,3187
18000000000,21600000000,21357102201,21357852625,750424
18000000000,21600000000,21357852625,21359269210,1416585
18000000000,21600000000,21359269210,21359269213,3
18000000000,21600000000,21359269213,21359269242,29
18000000000,21600000000,21359269242,21360122042,852800
18000000000,21600000000,21360122042,21360891975,769933
18000000000,21600000000,21360891975,21360912140,20165
18000000000,21600000000,21360912140,21360912259,119
18000000000,21600000000,21360912259,21360912264,5
18000000000,21600000000,21360912264,21360912269,5
18000000000,21600000000,21360912269,21362523879,1611610
18000000000,21600000000,21362523879,21363585511,1061632
18000000000,21600000000,21363585511,21365012384,1426873
18000000000,21600000000,21365012384,21365029918,17534
18000000000,21600000000,21365029918,21365728006,698088
18000000000,21600000000,21365728006,21365728123,117
18000000000,21600000000,21365728123,21365728128,5
18000000000,21600000000,21365728128,21367157248,1429120
18000000000,21600000000,21367157248,21370051957,2894709
18000000000,21600000000,21370051957,21371630385,1578428
18000000000,21600000000,21371630385,21372321195,690810
18000000000,21600000000,21372321195,21372321198,3
18000000000,21600000000,21372321198,21374088136,1766938
18000000000,21600000000,21374088136,21376174943,2086807
18000000000,21600000000,21376174943,21377497496,1322553
18000000000,21600000000,21377497496,21378844993,1347497
18000000000,21600000000,21378844993,21378859120,14127
18000000000,21600000000,21378859120,21379539951,680831
18000000000,21600000000,21379539951,21380247679,707728
18000000000,21600000000,21380247679,21380941221,693542
18000000000,21600000000,21380941221,21381681602,740381
18000000000,21600000000,21381681602,21381698322,16720
18000000000,21600000000,21381698322,21383122053,1423731
18000000000,21600000000,21383122053,21383122071,18
18000000000,21600000000,21383122071,21383145087,23016
18000000000,21600000000,21383145087,21385054667,1909580
18000000000,21600000000,21385054667,21389114924,4060257
18000000000,21600000000,21389114924,21390520875,1405951
18000000000,21600000000,21390520875,21390536143,15268
18000000000,21600000000,21390536143,21395753428,5217285
18000000000,21600000000,21395753428,21395753542,114
18000000000,21600000000,21395753542,21395753553,11
18000000000,21600000000,21395753553,21399868129,4114576
18000000000,21600000000,21399868129,21405177366,5309237
18000000000,21600000000,21405177366,21407109261,1931895
18000000000,21600000000,21407109261,21410893754,3784493
18000000000,21600000000,21410893754,21410893919,165
18000000000,21600000000,21410893919,21410893926,7
18000000000,21600000000,21410893926,21410894064,138
18000000000,21600000000,21410894064,21410894106,42
18000000000,21600000000,21410894106,21410894112,6
18000000000,21600000000,21410894112,21410894118,6
18000000000,21600000000,21410894118,21412498821,1604703
18000000000,21600000000,21412498821,21416705218,4206397
18000000000,21600000000,21416705218,21418940042,2234824
18000000000,21600000000,21418940042,21418940047,5
18000000000,21600000000,21418940047,21419656295,716248
18000000000,21600000000,21419656295,21421257632,1601337
18000000000,21600000000,21421257632,21422035155,777523
18000000000,21600000000,21422035155,21422035222,67
18000000000,21600000000,21422035222,21422035227,5
18000000000,21600000000,21422035227,21422829016,793789
18000000000,21600000000,21422829016,21425078747,2249731
18000000000,21600000000,21425078747,21425078838,91
18000000000,21600000000,21425078838,21425078845,7
18000000000,21600000000,21425078845,21429036026,3957181
18000000000,21600000000,21429036026,21429745012,708986
18000000000,21600000000,21429745012,21429745091,79
18000000000,21600000000,21429745091,21429745098,7
18000000000,21600000000,21429745098,21430612716,867618
18000000000,21600000000,21430612716,21430612721,5
18000000000,21600000000,21430612721,21430644190,31469
18000000000,21600000000,21430644190,21431320700,676510
18000000000,21600000000,21431320700,21436275344,4954644
18000000000,21600000000,21436275344,21436713093,437749
18000000000,21600000000,21436713093,21438242113,1529020
18000000000,21600000000,21438242113,21438272533,30420
18000000000,21600000000,21438272533,21438275062,2529
18000000000,21600000000,21438275062,21438275482,420
18000000000,21600000000,21438275482,21439808560,1533078
18000000000,21600000000,21439808560,21441277689,1469129
18000000000,21600000000,21441277689,21441946953,669264
18000000000,21600000000,21441946953,21441950534,3581
18000000000,21600000000,21441950534,21442580133,629599
18000000000,21600000000,21442580133,21443993519,1413386
18000000000,21600000000,21443993519,21443993524,5
18000000000,21600000000,21443993524,21443993564,40
18000000000,21600000000,21443993564,21444658686,665122
18000000000,21600000000,21444658686,21444912838,254152
18000000000,21600000000,21444912838,21444912929,91
18000000000,21600000000,21444912929,21444912936,7
18000000000,21600000000,21444912936,21445699673,786737
18000000000,21600000000,21445699673,21446505074,805401
18000000000,21600000000,21446505074,21446509105,4031
18000000000,21600000000,21446509105,21448448779,1939674
18000000000,21600000000,21448448779,21448448802,23
18000000000,21600000000,21448448802,21449184244,735442
18000000000,21600000000,21449184244,21451375735,2191491
18000000000,21600000000,21451375735,21452751692,1375957
18000000000,21600000000,21452751692,21455575426,2823734
18000000000,21600000000,21455575426,21455584531,9105
18000000000,21600000000,21455584531,21455589827,5296
18000000000,21600000000,21455589827,21457611572,2021745
18000000000,21600000000,21457611572,21457611577,5
18000000000,21600000000,21457611577,21457611621,44
18000000000,21600000000,21457611621,21457611644,23
18000000000,21600000000,21457611644,21458383347,771703
18000000000,21600000000,21458383347,21459466109,1082762
18000000000,21600000000,21459466109,21461022085,1555976
18000000000,21600000000,21461022085,21461051273,29188
18000000000,21600000000,21461051273,21461755766,704493
18000000000,21600000000,21461755766,21462497110,741344
18000000000,21600000000,21462497110,21463367942,870832
18000000000,21600000000,21463367942,21466565752,3197810
18000000000,21600000000,21466565752,21467343075,777323
18000000000,21600000000,21467343075,21467343191,116
18000000000,21600000000,21467343191,21467343198,7
18000000000,21600000000,21467343198,21467343207,9
18000000000,21600000000,21467343207,21468083613,740406
18000000000,21600000000,21468083613,21468108545,24932
18000000000,21600000000,21468108545,21468111737,3192
18000000000,21600000000,21468111737,21469239541,1127804
18000000000,21600000000,21469239541,21470710011,1470470
18000000000,21600000000,21470710011,21470710037,26
18000000000,21600000000,21470710037,21472149783,1439746
18000000000,21600000000,21472149783,21473581055,1431272
18000000000,21600000000,21473581055,21478090205,4509150
18000000000,21600000000,21478090205,21478094282,4077
18000000000,21600000000,21478094282,21479563733,1469451
18000000000,21600000000,21479563733,21479563756,23
18000000000,21600000000,21479563756,21480628478,1064722
18000000000,21600000000,21480628478,21480633902,5424
18000000000,21600000000,21480633902,21482141613,1507711
18000000000,21600000000,21482141613,21482141913,300
18000000000,21600000000,21482141913,21486903310,4761397
18000000000,21600000000,21486903310,21488364639,1461329
18000000000,21600000000,21488364639,21495244283,6879644
18000000000,21600000000,21495244283,21496671426,1427143
18000000000,21600000000,21496671426,21505039463,8368037
18000000000,21600000000,21505039463,21505056832,17369
18000000000,21600000000,21505056832,21505056876,44
18000000000,21600000000,21505056876,21505057075,199
18000000000,21600000000,21505057075,21505057082,7
18000000000,21600000000,21505057082,21506757275,1700193
18000000000,21600000000,21506757275,21508421216,1663941
18000000000,21600000000,21508421216,21508421293,77
18000000000,21600000000,21508421293,21508421298,5
18000000000,21600000000,21508421298,21518350106,9928808
18000000000,21600000000,21518350106,21518361415,11309
18000000000,21600000000,21518361415,21520536836,2175421
18000000000,21600000000,21520536836,21520536840,4
18000000000,21600000000,21520536840,21520536841,1
18000000000,21600000000,21520536841,21520536842,1
18000000000,21600000000,21520536842,21520537242,400
18000000000,21600000000,21520537242,21521279797,742555
18000000000,21600000000,21521279797,21522052031,772234
18000000000,21600000000,21522052031,21522052182,151
18000000000,21600000000,21522052182,21522058198,6016
18000000000,21600000000,21522058198,21524327953,2269755
18000000000,21600000000,21524327953,21525074110,746157
18000000000,21600000000,21525074110,21525858110,784000
18000000000,21600000000,21525858110,21526580006,721896
18000000000,21600000000,21526580006,21527305129,725123
18000000000,21600000000,21527305129,21528796390,1491261
18000000000,21600000000,21528796390,21529625508,829118
18000000000,21600000000,21529625508,21530392071,766563
18000000000,21600000000,21530392071,21531155819,763748
18000000000,21600000000,21531155819,21531947369,791550
18000000000,21600000000,21531947369,21531979303,31934
18000000000,21600000000,21531979303,21532790488,811185
18000000000,21600000000,21532790488,21533847320,1056832
18000000000,21600000000,21533847320,21535077007,1229687
18000000000,21600000000,21535077007,21538727042,3650035
18000000000,21600000000,21538727042,21540208060,1481018
18000000000,21600000000,21540208060,21540222821,14761
18000000000,21600000000,21540222821,21541738932,1516111
18000000000,21600000000,21541738932,21544515864,2776932
18000000000,21600000000,21544515864,21546060654,1544790
18000000000,21600000000,21546060654,21550897700,4837046
18000000000,21600000000,21550897700,21552299690,1401990
18000000000,21600000000,21552299690,21554749132,2449442
18000000000,21600000000,21554749132,21555412094,662962
18000000000,21600000000,21555412094,21555417562,5468
18000000000,21600000000,21555417562,21556140742,723180
18000000000,21600000000,21556140742,21556821391,680649
18000000000,21600000000,21556821391,21565915896,9094505
18000000000,21600000000,21565915896,21565915982,86
18000000000,21600000000,21565915982,21565915987,5
18000000000,21600000000,21565915987,21568798177,2882190
18000000000,21600000000,21568798177,21568798285,108
18000000000,21600000000,21568798285,21568798290,5
18000000000,21600000000,21568798290,21570213263,1414973
18000000000,21600000000,21570213263,21580906249,10692986
18000000000,21600000000,21580906249,21582221636,1315387
18000000000,21600000000,21582221636,21584556778,2335142
18000000000,21600000000,21584556778,21584556884,106
18000000000,21600000000,21584556884,21584556891,7
18000000000,21600000000,21584556891,21584557280,389
18000000000,21600000000,21584557280,21585325770,768490
18000000000,21600000000,21585325770,21586068920,743150
18000000000,21600000000,21586068920,21587956788,1887868
18000000000,21600000000,21587956788,21588729875,773087
18000000000,21600000000,21588729875,21590236797,1506922
18000000000,21600000000,21590236797,21591053663,816866
18000000000,21600000000,21591053663,21591973643,919980
18000000000,21600000000,21591973643,21591973674,31
18000000000,21600000000,21591973674,21591973681,7
18000000000,21600000000,21591973681,21592768337,794656
18000000000,21600000000,21592768337,21597064314,4295977
18000000000,21600000000,21597064314,21598855835,1791521
18000000000,21600000000,21598855835,21599565792,709957
18000000000,21600000000,21599565792,21599569651,3859
21600000000,25200000000,21601072475,21601072508,33
21600000000,25200000000,21601072508,21601980619,908111
21600000000,25200000000,21601980619,21601986703,6084
21600000000,25200000000,21601986703,21601986842,139
21600000000,25200000000,21601986842,21601986847,5
21600000000,25200000000,21601986847,21601986852,5
21600000000,25200000000,21601986852,21603781302,1794450
21600000000,25200000000,21603781302,21605333077,1551775
21600000000,25200000000,21605333077,21605333534,457
21600000000,25200000000,21605333534,21605333539,5
21600000000,25200000000,21605333539,21608064205,2730666
21600000000,25200000000,21608064205,21609897257,1833052
21600000000,25200000000,21609897257,21609919053,21796
21600000000,25200000000,21609919053,21611496805,1577752
21600000000,25200000000,21611496805,21612273768,776963
21600000000,25200000000,21612273768,21613878714,1604946
21600000000,25200000000,21613878714,21615575855,1697141
21600000000,25200000000,21615575855,21615579736,3881
21600000000,25200000000,21615579736,21615579779,43
21600000000,25200000000,21615579779,21615579786,7
21600000000,25200000000,21615579786,21616499152,919366
21600000000,25200000000,21616499152,21617358598,859446
21600000000,25200000000,21617358598,21617403369,44771
21600000000,25200000000,21617403369,21618193279,789910
21600000000,25200000000,21618193279,21618971462,778183
21600000000,25200000000,21618971462,21618997879,26417
21600000000,25200000000,21618997879,21619002673,4794
21600000000,25200000000,21619002673,21619006451,3778
21600000000,25200000000,21619006451,21619008509,2058
21600000000,25200000000,21619008509,21621673890,2665381
21600000000,25200000000,21621673890,21621673895,5
21600000000,25200000000,21621673895,21621673896,1
21600000000,25200000000,21621673896,21621673932,36
21600000000,25200000000,21621673932,21621673936,4
21600000000,25200000000,21621673936,21621673937,1
21600000000,25200000000,21621673937,21621673995,58
21600000000,25200000000,21621673995,21621674031,36
21600000000,25200000000,21621674031,21621698348,24317
21600000000,25200000000,21621698348,21623123192,1424844
21600000000,25200000000,21623123192,21623123626,434
21600000000,25200000000,21623123626,21623124495,869
21600000000,25200000000,21623124495,21623124507,12
21600000000,25200000000,21623124507,21623867348,742841
21600000000,25200000000,21623867348,21626436379,2569031
21600000000,25200000000,21626436379,21627270734,834355
21600000000,25200000000,21627270734,21628093014,822280
21600000000,25200000000,21628093014,21631733478,3640464
21600000000,25200000000,21631733478,21631738129,4651
21600000000,25200000000,21631738129,21631740209,2080
21600000000,25200000000,21631740209,21631743946,3737
21600000000,25200000000,21631743946,21633992069,2248123
21600000000,25200000000,21633992069,21633992095,26
21600000000,25200000000,21633992095,21633992104,9
21600000000,25200000000,21633992104,21633992115,11
21600000000,25200000000,21633992115,21638465193,4473078
21600000000,25200000000,21638465193,21638465726,533
21600000000,25200000000,21638465726,21640127188,1661462
21600000000,25200000000,21640127188,21640127714,526
21600000000,25200000000,21640127714,21640127719,5
21600000000,25200000000,21640127719,21640127724,5
21600000000,25200000000,21640127724,21644423619,4295895
21600000000,25200000000,21644423619,21644426861,3242
21600000000,25200000000,21644426861,21645955243,1528382
21600000000,25200000000,21645955243,21645955260,17
21600000000,25200000000,21645955260,21646833375,878115
21600000000,25200000000,21646833375,21648310000,1476625
21600000000,25200000000,21648310000,21653999776,5689776
21600000000,25200000000,21653999776,21653999778,2
21600000000,25200000000,21653999778,21655491610,1491832
21600000000,25200000000,21655491610,21657128890,1637280
21600000000,25200000000,21657128890,21657129290,400
21600000000,25200000000,21657129290,21659228945,2099655
21600000000,25200000000,21659228945,21668157634,8928689
21600000000,25200000000,21668157634,21668973285,815651
21600000000,25200000000,21668973285,21668977359,4074
21600000000,25200000000,21668977359,21668980131,2772
21600000000,25200000000,21668980131,21670578222,1598091
21600000000,25200000000,21670578222,21670578245,23
21600000000,25200000000,21670578245,21679585631,9007386
21600000000,25200000000,21679585631,21681005315,1419684
21600000000,25200000000,21681005315,21684855298,3849983
21600000000,25200000000,21684855298,21684860954,5656
21600000000,25200000000,21684860954,21684860957,3
21600000000,25200000000,21684860957,21686616607,1755650
21600000000,25200000000,21686616607,21686616618,11
21600000000,25200000000,21686616618,21686635566,18948
21600000000,25200000000,21686635566,21686712980,77414
21600000000,25200000000,21686712980,21686713069,89
21600000000,25200000000,21686713069,21686713074,5
21600000000,25200000000,21686713074,21686713079,5
21600000000,25200000000,21686713079,21688116102,1403023
21600000000,25200000000,21688116102,21693191459,5075357
21600000000,25200000000,21693191459,21694622441,1430982
21600000000,25200000000,21694622441,21694623537,1096
21600000000,25200000000,21694623537,21694623548,11
21600000000,25200000000,21694623548,21695402469,778921
21600000000,25200000000,21695402469,21695402474,5
21600000000,25200000000,21695402474,21695402475,1
21600000000,25200000000,21695402475,21695826611,424136
21600000000,25200000000,21695826611,21695826662,51
21600000000,25200000000,21695826662,21695826668,6
21600000000,25200000000,21695826668,21697384409,1557741
21600000000,25200000000,21697384409,21697400743,16334
21600000000,25200000000,21697400743,21698070295,669552
21600000000,25200000000,21698070295,21699516400,1446105
21600000000,25200000000,21699516400,21700449977,933577
21600000000,25200000000,21700449977,21701937608,1487631
21600000000,25200000000,21701937608,21701966014,28406
21600000000,25200000000,21701966014,21703567463,1601449
21600000000,25200000000,21703567463,21703567542,79
21600000000,25200000000,21703567542,21703567549,7
21600000000,25200000000,21703567549,21706472599,2905050
21600000000,25200000000,21706472599,21708509085,2036486
21600000000,25200000000,21708509085,21708509089,4
21600000000,25200000000,21708509089,21708509090,1
21600000000,25200000000,21708509090,21709315422,806332
21600000000,25200000000,21709315422,21709315573,151
21600000000,25200000000,21709315573,21709612758,297185
21600000000,25200000000,21709612758,21709612758,0
21600000000,25200000000,21709612758,21712596561,2983803
21600000000,25200000000,21712596561,21712619061,22500
21600000000,25200000000,21712619061,21713440058,820997
21600000000,25200000000,21713440058,21714246919,806861
21600000000,25200000000,21714246919,21714246967,48
21600000000,25200000000,21714246967,21715241719,994752
21600000000,25200000000,21715241719,21715984994,743275
21600000000,25200000000,21715984994,21715985097,103
21600000000,25200000000,21715985097,21715985104,7
21600000000,25200000000,21715985104,21716861953,876849
21600000000,25200000000,21716861953,21716965982,104029
21600000000,25200000000,21716965982,21716966086,104
21600000000,25200000000,21716966086,21717814457,848371
21600000000,25200000000,21717814457,21719003480,1189023
21600000000,25200000000,21719003480,21719016678,13198
21600000000,25200000000,21719016678,21719834815,818137
21600000000,25200000000,21719834815,21720731011,896196
21600000000,25200000000,21720731011,21720731015,4
21600000000,25200000000,21720731015,21720731016,1
21600000000,25200000000,21720731016,21720731530,514
21600000000,25200000000,21720731530,21720731534,4
21600000000,25200000000,21720731534,21720731535,1
21600000000,25200000000,21720731535,21721593262,861727
21600000000,25200000000,21721593262,21721593583,321
21600000000,25200000000,21721593583,21721593755,172
21600000000,25200000000,21721593755,21721601883,8128
21600000000,25200000000,21721601883,21721937494,335611
21600000000,25200000000,21721937494,21723695167,1757673
21600000000,25200000000,21723695167,21723695170,3
21600000000,25200000000,21723695170,21724604499,909329
21600000000,25200000000,21724604499,21724628341,23842
21600000000,25200000000,21724628341,21724631888,3547
21600000000,25200000000,21724631888,21724631915,27
21600000000,25200000000,21724631915,21724631920,5
21600000000,25200000000,21724631920,21725511082,879162
21600000000,25200000000,21725511082,21726347556,836474
21600000000,25200000000,21726347556,21726347568,12
21600000000,25200000000,21726347568,21727989665,1642097
21600000000,25200000000,21727989665,21730117666,2128001
21600000000,25200000000,21730117666,21730942501,824835
21600000000,25200000000,21730942501,21730948685,6184
21600000000,25200000000,21730948685,21730948860,175
21600000000,25200000000,21730948860,21730948867,7
21600000000,25200000000,21730948867,21732711203,1762336
21600000000,25200000000,21732711203,21732711207,4
21600000000,25200000000,21732711207,21732741391,30184
21600000000,25200000000,21732741391,21732741391,0
21600000000,25200000000,21732741391,21732749825,8434
21600000000,25200000000,21732749825,21733542563,792738
21600000000,25200000000,21733542563,21733566531,23968
21600000000,25200000000,21733566531,21733581308,14777
21600000000,25200000000,21733581308,21734367234,785926
21600000000,25200000000,21734367234,21734385168,17934
21600000000,25200000000,21734385168,21735218094,832926
21600000000,25200000000,21735218094,21735218105,11
21600000000,25200000000,21735218105,21736027444,809339
21600000000,25200000000,21736027444,21740225179,4197735
21600000000,25200000000,21740225179,21742208750,1983571
21600000000,25200000000,21742208750,21743057696,848946
21600000000,25200000000,21743057696,21743857778,800082
21600000000,25200000000,21743857778,21743862664,4886
21600000000,25200000000,21743862664,21743865186,2522
21600000000,25200000000,21743865186,21743881876,16690
21600000000,25200000000,21743881876,21744752722,870846
21600000000,25200000000,21744752722,21744899326,146604
21600000000,25200000000,21744899326,21744909847,10521
21600000000,25200000000,21744909847,21744910020,173
21600000000,25200000000,21744910020,21744910026,6
21600000000,25200000000,21744910026,21745806589,896563
21600000000,25200000000,21745806589,21746101441,294852
21600000000,25200000000,21746101441,21746101556,115
21600000000,25200000000,21746101556,21746101563,7
21600000000,25200000000,21746101563,21747049226,947663
21600000000,25200000000,21747049226,21747049229,3
21600000000,25200000000,21747049229,21747049252,23
21600000000,25200000000,21747049252,21747049276,24
21600000000,25200000000,21747049276,21748023046,973770
21600000000,25200000000,21748023046,21748023407,361
21600000000,25200000000,21748023407,21748023437,30
21600000000,25200000000,21748023437,21748065337,41900
21600000000,25200000000,21748065337,21756049359,7984022
21600000000,25200000000,21756049359,21757742096,1692737
21600000000,25200000000,21757742096,21757742099,3
21600000000,25200000000,21757742099,21758560153,818054
21600000000,25200000000,21758560153,21761975600,3415447
21600000000,25200000000,21761975600,21761981248,5648
21600000000,25200000000,21761981248,21763585797,1604549
21600000000,25200000000,21763585797,21765215652,1629855
21600000000,25200000000,21765215652,21765215667,15
21600000000,25200000000,21765215667,21765245428,29761
21600000000,25200000000,21765245428,21766841779,1596351
21600000000,25200000000,21766841779,21768999539,2157760
21600000000,25200000000,21768999539,21769764621,765082
21600000000,25200000000,21769764621,21769792788,28167
21600000000,25200000000,21769792788,21772193854,2401066
21600000000,25200000000,21772193854,21772193857,3
21600000000,25200000000,21772193857,21772193933,76
21600000000,25200000000,21772193933,21772988918,794985
21600000000,25200000000,21772988918,21775144833,2155915
21600000000,25200000000,21775144833,21775958588,813755
21600000000,25200000000,21775958588,21775958631,43
21600000000,25200000000,21775958631,21775958638,7
21600000000,25200000000,21775958638,21782242771,6284133
21600000000,25200000000,21782242771,21783021505,778734
21600000000,25200000000,21783021505,21783707844,686339
21600000000,25200000000,21783707844,21786981686,3273842
21600000000,25200000000,21786981686,21786981887,201
21600000000,25200000000,21786981887,21786981894,7
21600000000,25200000000,21786981894,21787839444,857550
21600000000,25200000000,21787839444,21788648589,809145
21600000000,25200000000,21788648589,21790984426,2335837
21600000000,25200000000,21790984426,21791784773,800347
21600000000,25200000000,21791784773,21793334619,1549846
21600000000,25200000000,21793334619,21793352159,17540
21600000000,25200000000,21793352159,21794080373,728214
21600000000,25200000000,21794080373,21796659462,2579089
21600000000,25200000000,21796659462,21796659465,3
21600000000,25200000000,21796659465,21797479347,819882
21600000000,25200000000,21797479347,21798267943,788596
21600000000,25200000000,21798267943,21799781018,1513075
21600000000,25200000000,21799781018,21799803620,22602
21600000000,25200000000,21799803620,21800604915,801295
21600000000,25200000000,21800604915,21800609463,4548
21600000000,25200000000,21800609463,21801306631,697168
21600000000,25200000000,21801306631,21801330844,24213
21600000000,25200000000,21801330844,21801330951,107
21600000000,25200000000,21801330951,21801330956,5
21600000000,25200000000,21801330956,21802106251,775295
21600000000,25200000000,21802106251,21802106269,18
21600000000,25200000000,21802106269,21802143155,36886
21600000000,25200000000,21802143155,21802151956,8801
21600000000,25200000000,21802151956,21802151999,43
21600000000,25200000000,21802151999,21802152006,7
21600000000,25200000000,21802152006,21802152443,437
21600000000,25200000000,21802152443,21802152552,109
21600000000,25200000000,21802152552,21802152557,5
21600000000,25200000000,21802152557,21802152562,5
21600000000,25200000000,21802152562,21803855335,1702773
21600000000,25200000000,21803855335,21805982165,2126830
21600000000,25200000000,21805982165,21806890624,908459
21600000000,25200000000,21806890624,21806910435,19811
21600000000,25200000000,21806910435,21807668270,757835
21600000000,25200000000,21807668270,21808556491,888221
21600000000,25200000000,21808556491,21809321760,765269
21600000000,25200000000,21809321760,21809321763,3
21600000000,25200000000,21809321763,21809321829,66
21600000000,25200000000,21809321829,21810128403,806574
21600000000,25200000000,21810128403,21812497467,2369064
21600000000,25200000000,21812497467,21813194239,696772
21600000000,25200000000,21813194239,21813200081,5842
21600000000,25200000000,21813200081,21813200169,88
21600000000,25200000000,21813200169,21813200174,5
21600000000,25200000000,21813200174,21813200181,7
21600000000,25200000000,21813200181,21813955326,755145
21600000000,25200000000,21813955326,21814685241,729915
21600000000,25200000000,21814685241,21815491745,806504
21600000000,25200000000,21815491745,21815495656,3911
21600000000,25200000000,21815495656,21817350213,1854557
21600000000,25200000000,21817350213,21817350248,35
21600000000,25200000000,21817350248,21817375136,24888
21600000000,25200000000,21817375136,21817383963,8827
21600000000,25200000000,21817383963,21817384586,623
21600000000,25200000000,21817384586,21817384617,31
21600000000,25200000000,21817384617,21817384643,26
21600000000,25200000000,21817384643,21817384782,139
21600000000,25200000000,21817384782,21817384789,7
21600000000,25200000000,21817384789,21818313777,928988
21600000000,25200000000,21818313777,21819114620,800843
21600000000,25200000000,21819114620,21819131905,17285
21600000000,25200000000,21819131905,21819146952,15047
21600000000,25200000000,21819146952,21819918040,771088
21600000000,25200000000,21819918040,21819943912,25872
21600000000,25200000000,21819943912,21820624234,680322
21600000000,25200000000,21820624234,21821343135,718901
21600000000,25200000000,21821343135,21821343171,36
21600000000,25200000000,21821343171,21822063598,720427
21600000000,25200000000,21822063598,21824213970,2150372
21600000000,25200000000,21824213970,21824239482,25512
21600000000,25200000000,21824239482,21824243187,3705
21600000000,25200000000,21824243187,21824246715,3528
21600000000,25200000000,21824246715,21824998492,751777
21600000000,25200000000,21824998492,21825008589,10097
21600000000,25200000000,21825008589,21825008635,46
21600000000,25200000000,21825008635,21825787050,778415
21600000000,25200000000,21825787050,21826539755,752705
21600000000,25200000000,21826539755,21826539767,12
21600000000,25200000000,21826539767,21826539779,12
21600000000,25200000000,21826539779,21826556814,17035
21600000000,25200000000,21826556814,21826890087,333273
21600000000,25200000000,21826890087,21827590376,700289
21600000000,25200000000,21827590376,21827590419,43
21600000000,25200000000,21827590419,21828319190,728771
21600000000,25200000000,21828319190,21828319202,12
21600000000,25200000000,21828319202,21828338004,18802
21600000000,25200000000,21828338004,21829085450,747446
21600000000,25200000000,21829085450,21831916270,2830820
21600000000,25200000000,21831916270,21831938607,22337
21600000000,25200000000,21831938607,21831957255,18648
21600000000,25200000000,21831957255,21832702700,745445
21600000000,25200000000,21832702700,21833441842,739142
21600000000,25200000000,21833441842,21833442231,389
21600000000,25200000000,21833442231,21836670545,3228314
21600000000,25200000000,21836670545,21838334782,1664237
21600000000,25200000000,21838334782,21838447371,112589
21600000000,25200000000,21838447371,21838450217,2846
21600000000,25200000000,21838450217,21839179418,729201
21600000000,25200000000,21839179418,21839203187,23769
21600000000,25200000000,21839203187,21839203566,379
21600000000,25200000000,21839203566,21839203571,5
21600000000,25200000000,21839203571,21840026192,822621
21600000000,25200000000,21840026192,21840750250,724058
21600000000,25200000000,21840750250,21841489966,739716
21600000000,25200000000,21841489966,21844370898,2880932
21600000000,25200000000,21844370898,21844387612,16714
21600000000,25200000000,21844387612,21844391665,4053
21600000000,25200000000,21844391665,21844394296,2631
21600000000,25200000000,21844394296,21844397505,3209
21600000000,25200000000,21844397505,21846623548,2226043
21600000000,25200000000,21846623548,21846623560,12
21600000000,25200000000,21846623560,21846623572,12
21600000000,25200000000,21846623572,21846623590,18
21600000000,25200000000,21846623590,21846639759,16169
21600000000,25200000000,21846639759,21848016164,1376405
21600000000,25200000000,21848016164,21851482475,3466311
21600000000,25200000000,21851482475,21852183779,701304
21600000000,25200000000,21852183779,21852816164,632385
21600000000,25200000000,21852816164,21853705683,889519
21600000000,25200000000,21853705683,21859754389,6048706
21600000000,25200000000,21859754389,21860539477,785088
21600000000,25200000000,21860539477,21860539631,154
21600000000,25200000000,21860539631,21860539644,13
21600000000,25200000000,21860539644,21865603132,5063488
21600000000,25200000000,21865603132,21866334151,731019
21600000000,25200000000,21866334151,21867067876,733725
21600000000,25200000000,21867067876,21867983057,915181
21600000000,25200000000,21867983057,21869461876,1478819
21600000000,25200000000,21869461876,21872784704,3322828
21600000000,25200000000,21872784704,21875709525,2924821
21600000000,25200000000,21875709525,21875709743,218
21600000000,25200000000,21875709743,21875709758,15
21600000000,25200000000,21875709758,21875710738,980
21600000000,25200000000,21875710738,21876525166,814428
21600000000,25200000000,21876525166,21883097223,6572057
21600000000,25200000000,21883097223,21885192806,2095583
21600000000,25200000000,21885192806,21885192811,5
21600000000,25200000000,21885192811,21886052615,859804
21600000000,25200000000,21886052615,21886052619,4
21600000000,25200000000,21886052619,21886918979,866360
21600000000,25200000000,21886918979,21888676645,1757666
21600000000,25200000000,21888676645,21888677239,594
21600000000,25200000000,21888677239,21888677244,5
21600000000,25200000000,21888677244,21888677249,5
21600000000,25200000000,21888677249,21894718096,6040847
21600000000,25200000000,21894718096,21894718173,77
21600000000,25200000000,21894718173,21894718178,5
21600000000,25200000000,21894718178,21895505565,787387
21600000000,25200000000,21895505565,21904540824,9035259
21600000000,25200000000,21904540824,21909863219,5322395
21600000000,25200000000,21909863219,21909869358,6139
21600000000,25200000000,21909869358,21911308879,1439521
21600000000,25200000000,21911308879,21911308883,4
21600000000,25200000000,21911308883,21911308884,1
21600000000,25200000000,21911308884,21911309392,508
21600000000,25200000000,21911309392,21912081334,771942
21600000000,25200000000,21912081334,21912081509,175
21600000000,25200000000,21912081509,21914212841,2131332
21600000000,25200000000,21914212841,21915784859,1572018
21600000000,25200000000,21915784859,21918912073,3127214
21600000000,25200000000,21918912073,21918912140,67
21600000000,25200000000,21918912140,21918912147,7
21600000000,25200000000,21918912147,21920032580,1120433
21600000000,25200000000,21920032580,21920844965,812385
21600000000,25200000000,21920844965,21921611600,766635
21600000000,25200000000,21921611600,21921641095,29495
21600000000,25200000000,21921641095,21922380267,739172
21600000000,25200000000,21922380267,21923173214,792947
21600000000,25200000000,21923173214,21923194980,21766
21600000000,25200000000,21923194980,21923201017,6037
21600000000,25200000000,21923201017,21923201584,567
21600000000,25200000000,21923201584,21923349544,147960
21600000000,25200000000,21923349544,21926178010,2828466
21600000000,25200000000,21926178010,21927785243,1607233
21600000000,25200000000,21927785243,21930965528,3180285
21600000000,25200000000,21930965528,21930965531,3
21600000000,25200000000,21930965531,21931784224,818693
21600000000,25200000000,21931784224,21932555329,771105
21600000000,25200000000,21932555329,21933434429,879100
21600000000,25200000000,21933434429,21934216468,782039
21600000000,25200000000,21934216468,21934216619,151
21600000000,25200000000,21934216619,21934216626,7
21600000000,25200000000,21934216626,21937917977,3701351
21600000000,25200000000,21937917977,21938709520,791543
21600000000,25200000000,21938709520,21943564595,4855075
21600000000,25200000000,21943564595,21943565204,609
21600000000,25200000000,21943565204,21943565215,11
21600000000,25200000000,21943565215,21943565220,5
21600000000,25200000000,21943565220,21949721155,6155935
21600000000,25200000000,21949721155,21949721191,36
21600000000,25200000000,21949721191,21949721198,7
21600000000,25200000000,21949721198,21951349722,1628524
21600000000,25200000000,21951349722,21952867426,1517704
21600000000,25200000000,21952867426,21954253645,1386219
21600000000,25200000000,21954253645,21957033655,2780010
21600000000,25200000000,21957033655,21957033747,92
21600000000,25200000000,21957033747,21957762744,728997
21600000000,25200000000,21957762744,21958160907,398163
21600000000,25200000000,21958160907,21958160954,47
21600000000,25200000000,21958160954,21958160959,5
21600000000,25200000000,21958160959,21958924282,763323
21600000000,25200000000,21958924282,21958924284,2
21600000000,25200000000,21958924284,21959633372,709088
21600000000,25200000000,21959633372,21959633427,55
21600000000,25200000000,21959633427,21959633434,7
21600000000,25200000000,21959633434,21960573258,939824
21600000000,25200000000,21960573258,21962137536,1564278
21600000000,25200000000,21962137536,21962917035,779499
21600000000,25200000000,21962917035,21963630347,713312
21600000000,25200000000,21963630347,21964422631,792284
21600000000,25200000000,21964422631,21965220512,797881
21600000000,25200000000,21965220512,21966862876,1642364
21600000000,25200000000,21966862876,21967781949,919073
21600000000,25200000000,21967781949,21971631324,3849375
21600000000,25200000000,21971631324,21972429340,798016
21600000000,25200000000,21972429340,21973138077,708737
21600000000,25200000000,21973138077,21973883512,745435
21600000000,25200000000,21973883512,21973906351,22839
21600000000,25200000000,21973906351,21974609037,702686
21600000000,25200000000,21974609037,21975320563,711526
21600000000,25200000000,21975320563,21975324557,3994
21600000000,25200000000,21975324557,21976080925,756368
21600000000,25200000000,21976080925,21976891655,810730
21600000000,25200000000,21976891655,21976915745,24090
21600000000,25200000000,21976915745,21977762379,846634
21600000000,25200000000,21977762379,21978554172,791793
21600000000,25200000000,21978554172,21979369202,815030
21600000000,25200000000,21979369202,21981461845,2092643
21600000000,25200000000,21981461845,21983116458,1654613
21600000000,25200000000,21983116458,21984025036,908578
21600000000,25200000000,21984025036,21986602403,2577367
21600000000,25200000000,21986602403,21990398256,3795853
21600000000,25200000000,21990398256,21990398259,3
21600000000,25200000000,21990398259,21992176254,1777995
21600000000,25200000000,21992176254,21992971988,795734
21600000000,25200000000,21992971988,21993783200,811212
21600000000,25200000000,21993783200,21993798621,15421
21600000000,25200000000,21993798621,21993798685,64
21600000000,25200000000,21993798685,21993798691,6
21600000000,25200000000,21993798691,21993798697,6
21600000000,25200000000,21993798697,21994521800,723103
21600000000,25200000000,21994521800,21995284357,762557
21600000000,25200000000,21995284357,22004288222,9003865
21600000000,25200000000,22004288222,22005900828,1612606
21600000000,25200000000,22005900828,22007696225,1795397
21600000000,25200000000,22007696225,22009553208,1856983
21600000000,25200000000,22009553208,22011148684,1595476
21600000000,25200000000,22011148684,22011779959,631275
21600000000,25200000000,22011779959,22011837645,57686
21600000000,25200000000,22011837645,22013772431,1934786
21600000000,25200000000,22013772431,22014627886,855455
21600000000,25200000000,22014627886,22014641250,13364
21600000000,25200000000,22014641250,22015509976,868726
21600000000,25200000000,22015509976,22016287185,777209
21600000000,25200000000,22016287185,22017342708,1055523
21600000000,25200000000,22017342708,22020905787,3563079
21600000000,25200000000,22020905787,22020905791,4
21600000000,25200000000,22020905791,22020905792,1
21600000000,25200000000,22020905792,22020905793,1
21600000000,25200000000,22020905793,22021578071,672278
21600000000,25200000000,22021578071,22021578295,224
21600000000,25200000000,22021578295,22021578464,169
21600000000,25200000000,22021578464,22034879055,13300591
21600000000,25200000000,22034879055,22039991619,5112564
21600000000,25200000000,22039991619,22039992636,1017
21600000000,25200000000,22039992636,22039992683,47
21600000000,25200000000,22039992683,22041583558,1590875
21600000000,25200000000,22041583558,22042974363,1390805
21600000000,25200000000,22042974363,22046607595,3633232
21600000000,25200000000,22046607595,22046607794,199
21600000000,25200000000,22046607794,22046607801,7
21600000000,25200000000,22046607801,22048129309,1521508
21600000000,25200000000,22048129309,22048143732,14423
21600000000,25200000000,22048143732,22049372094,1228362
21600000000,25200000000,22049372094,22050595250,1223156
21600000000,25200000000,22050595250,22050609621,14371
21600000000,25200000000,22050609621,22050609623,2
21600000000,25200000000,22050609623,22051305235,695612
21600000000,25200000000,22051305235,22051967277,662042
21600000000,25200000000,22051967277,22051967300,23
21600000000,25200000000,22051967300,22052641756,674456
21600000000,25200000000,22052641756,22053389827,748071
21600000000,25200000000,22053389827,22055039834,1650007
21600000000,25200000000,22055039834,22066600096,11560262
21600000000,25200000000,22066600096,22067657827,1057731
21600000000,25200000000,22067657827,22068375547,717720
21600000000,25200000000,22068375547,22068408872,33325
21600000000,25200000000,22068408872,22068408876,4
21600000000,25200000000,22068408876,22068408913,37
21600000000,25200000000,22068408913,22068408918,5
21600000000,25200000000,22068408918,22069191929,783011
21600000000,25200000000,22069191929,22069230809,38880
21600000000,25200000000,22069230809,22071500683,2269874
21600000000,25200000000,22071500683,22071500882,199
21600000000,25200000000,22071500882,22071500889,7
21600000000,25200000000,22071500889,22076200579,4699690
21600000000,25200000000,22076200579,22076200581,2
21600000000,25200000000,22076200581,22078023435,1822854
21600000000,25200000000,22078023435,22078773630,750195
21600000000,25200000000,22078773630,22078778064,4434
21600000000,25200000000,22078778064,22078787128,9064
21600000000,25200000000,22078787128,22082343681,3556553
21600000000,25200000000,22082343681,22082343704,23
21600000000,25200000000,22082343704,22082382933,39229
21600000000,25200000000,22082382933,22084903691,2520758
21600000000,25200000000,22084903691,22085650665,746974
21600000000,25200000000,22085650665,22086366008,715343
21600000000,25200000000,22086366008,22091932439,5566431
21600000000,25200000000,22091932439,22094272187,2339748
21600000000,25200000000,22094272187,22094272246,59
21600000000,25200000000,22094272246,22094272251,5
21600000000,25200000000,22094272251,22094272256,5
21600000000,25200000000,22094272256,22097355062,3082806
21600000000,25200000000,22097355062,22097355153,91
21600000000,25200000000,22097355153,22097355160,7
21600000000,25200000000,22097355160,22097355239,79
21600000000,25200000000,22097355239,22097355295,56
21600000000,25200000000,22097355295,22097355302,7
21600000000,25200000000,22097355302,22100800490,3445188
21600000000,25200000000,22100800490,22100804021,3531
21600000000,25200000000,22100804021,22100806109,2088
21600000000,25200000000,22100806109,22102264273,1458164
21600000000,25200000000,22102264273,22102264285,12
21600000000,25200000000,22102264285,22102264297,12
21600000000,25200000000,22102264297,22103066888,802591
21600000000,25200000000,22103066888,22109963658,6896770
21600000000,25200000000,22109963658,22113502973,3539315
21600000000,25200000000,22113502973,22113517700,14727
21600000000,25200000000,22113517700,22115620098,2102398
21600000000,25200000000,22115620098,22115620110,12
21600000000,25200000000,22115620110,22116003618,383508
21600000000,25200000000,22116003618,22116003794,176
21600000000,25200000000,22116003794,22116003801,7
21600000000,25200000000,22116003801,22119859147,3855346
21600000000,25200000000,22119859147,22121653490,1794343
21600000000,25200000000,22121653490,22127899759,6246269
21600000000,25200000000,22127899759,22129638441,1738682
21600000000,25200000000,22129638441,22131597842,1959401
21600000000,25200000000,22131597842,22132507291,909449
21600000000,25200000000,22132507291,22134184824,1677533
21600000000,25200000000,22134184824,22137595903,3411079
21600000000,25200000000,22137595903,22137602399,6496
21600000000,25200000000,22137602399,22139256313,1653914
21600000000,25200000000,22139256313,22139256325,12
21600000000,25200000000,22139256325,22145810401,6554076
21600000000,25200000000,22145810401,22149716125,3905724
21600000000,25200000000,22149716125,22150435769,719644
21600000000,25200000000,22150435769,22150435872,103
21600000000,25200000000,22150435872,22150435879,7
21600000000,25200000000,22150435879,22151260658,824779
21600000000,25200000000,22151260658,22160398486,9137828
21600000000,25200000000,22160398486,22160398565,79
21600000000,25200000000,22160398565,22160398572,7
21600000000,25200000000,22160398572,22168256834,7858262
21600000000,25200000000,22168256834,22169915393,1658559
21600000000,25200000000,22169915393,22171603864,1688471
21600000000,25200000000,22171603864,22173556608,1952744
21600000000,25200000000,22173556608,22173585081,28473
21600000000,25200000000,22173585081,22175044177,1459096
21600000000,25200000000,22175044177,22175044181,4
21600000000,25200000000,22175044181,22175045201,1020
21600000000,25200000000,22175045201,22175997452,952251
21600000000,25200000000,22175997452,22176817607,820155
21600000000,25200000000,22176817607,22181356941,4539334
21600000000,25200000000,22181356941,22181357047,106
21600000000,25200000000,22181357047,22181357052,5
21600000000,25200000000,22181357052,22185514350,4157298
21600000000,25200000000,22185514350,22186403084,888734
21600000000,25200000000,22186403084,22187244412,841328
21600000000,25200000000,22187244412,22188049617,805205
21600000000,25200000000,22188049617,22188066449,16832
21600000000,25200000000,22188066449,22188080458,14009
21600000000,25200000000,22188080458,22188080912,454
21600000000,25200000000,22188080912,22188080925,13
21600000000,25200000000,22188080925,22188987935,907010
21600000000,25200000000,22188987935,22189782946,795011
21600000000,25200000000,22189782946,22189891679,108733
21600000000,25200000000,22189891679,22190711767,820088
21600000000,25200000000,22190711767,22191547009,835242
21600000000,25200000000,22191547009,22192336127,789118
21600000000,25200000000,22192336127,22193054001,717874
21600000000,25200000000,22193054001,22197953512,4899511
21600000000,25200000000,22197953512,22199339752,1386240
21600000000,25200000000,22199339752,22199381718,41966
21600000000,25200000000,22199381718,22201034719,1653001
21600000000,25200000000,22201034719,22201972173,937454
21600000000,25200000000,22201972173,22203681627,1709454
21600000000,25200000000,22203681627,22206725764,3044137
21600000000,25200000000,22206725764,22208635949,1910185
21600000000,25200000000,22208635949,22208636096,147
21600000000,25200000000,22208636096,22208636101,5
21600000000,25200000000,22208636101,22211787481,3151380
21600000000,25200000000,22211787481,22213132627,1345146
21600000000,25200000000,22213132627,22213132631,4
21600000000,25200000000,22213132631,22213132632,1
21600000000,25200000000,22213132632,22213846172,713540
21600000000,25200000000,22213846172,22213846333,161
21600000000,25200000000,22213846333,22213987263,140930
21600000000,25200000000,22213987263,22213987340,77
21600000000,25200000000,22213987340,22213987345,5
21600000000,25200000000,22213987345,22218673167,4685822
21600000000,25200000000,22218673167,22219010680,337513
21600000000,25200000000,22219010680,22219010859,179
21600000000,25200000000,22219010859,22219010864,5
21600000000,25200000000,22219010864,22219010869,5
21600000000,25200000000,22219010869,22219838683,827814
21600000000,25200000000,22219838683,22220883025,1044342
21600000000,25200000000,22220883025,22221632763,749738
21600000000,25200000000,22221632763,22222461669,828906
21600000000,25200000000,22222461669,22223873662,1411993
21600000000,25200000000,22223873662,22223901275,27613
21600000000,25200000000,22223901275,22223915247,13972
21600000000,25200000000,22223915247,22224907102,991855
21600000000,25200000000,22224907102,22224915868,8766
21600000000,25200000000,22224915868,22225687218,771350
21600000000,25200000000,22225687218,22225687222,4
21600000000,25200000000,22225687222,22225687223,1
21600000000,25200000000,22225687223,22225705050,17827
21600000000,25200000000,22225705050,22225717049,11999
21600000000,25200000000,22225717049,22226600806,883757
21600000000,25200000000,22226600806,22226600957,151
21600000000,25200000000,22226600957,22226600974,17
21600000000,25200000000,22226600974,22226601000,26
21600000000,25200000000,22226601000,22227516304,915304
21600000000,25200000000,22227516304,22227516316,12
21600000000,25200000000,22227516316,22227540366,24050
21600000000,25200000000,22227540366,22227545274,4908
21600000000,25200000000,22227545274,22228356994,811720
21600000000,25200000000,22228356994,22229143749,786755
21600000000,25200000000,22229143749,22229143767,18
21600000000,25200000000,22229143767,22230403336,1259569
21600000000,25200000000,22230403336,22230433099,29763
21600000000,25200000000,22230433099,22231234766,801667
21600000000,25200000000,22231234766,22232100430,865664
21600000000,25200000000,22232100430,22232975956,875526
21600000000,25200000000,22232975956,22233863867,887911
21600000000,25200000000,22233863867,22233888811,24944
21600000000,25200000000,22233888811,22233900673,11862
21600000000,25200000000,22233900673,22235522718,1622045
21600000000,25200000000,22235522718,22235522736,18
21600000000,25200000000,22235522736,22235561198,38462
21600000000,25200000000,22235561198,22235561400,202
21600000000,25200000000,22235561400,22235561408,8
21600000000,25200000000,22235561408,22236499708,938300
21600000000,25200000000,22236499708,22236520417,20709
21600000000,25200000000,22236520417,22236523032,2615
21600000000,25200000000,22236523032,22238109382,1586350
21600000000,25200000000,22238109382,22238109394,12
21600000000,25200000000,22238109394,22238859667,750273
21600000000,25200000000,22238859667,22238859842,175
21600000000,25200000000,22238859842,22238859849,7
21600000000,25200000000,22238859849,22242452553,3592704
21600000000,25200000000,22242452553,22242474702,22149
21600000000,25200000000,22242474702,22242474889,187
21600000000,25200000000,22242474889,22242474896,7
21600000000,25200000000,22242474896,22244370008,1895112
21600000000,25200000000,22244370008,22244396416,26408
21600000000,25200000000,22244396416,22245223814,827398
21600000000,25200000000,22245223814,22246039173,815359
21600000000,25200000000,22246039173,22248545483,2506310
21600000000,25200000000,22248545483,22248569526,24043
21600000000,25200000000,22248569526,22250286570,1717044
21600000000,25200000000,22250286570,22250286580,10
21600000000,25200000000,22250286580,22252983681,2697101
21600000000,25200000000,22252983681,22254941602,1957921
21600000000,25200000000,22254941602,22254961016,19414
21600000000,25200000000,22254961016,22256367202,1406186
21600000000,25200000000,22256367202,22257140489,773287
21600000000,25200000000,22257140489,22257140491,2
21600000000,25200000000,22257140491,22257860973,720482
21600000000,25200000000,22257860973,22258584283,723310
21600000000,25200000000,22258584283,22260973493,2389210
21600000000,25200000000,22260973493,22260975867,2374
21600000000,25200000000,22260975867,22260977830,1963
21600000000,25200000000,22260977830,22262081354,1103524
21600000000,25200000000,22262081354,22262081606,252
21600000000,25200000000,22262081606,22262893716,812110
21600000000,25200000000,22262893716,22262893739,23
21600000000,25200000000,22262893739,22262893762,23
21600000000,25200000000,22262893762,22263737679,843917
21600000000,25200000000,22263737679,22263737793,114
21600000000,25200000000,22263737793,22263737810,17
21600000000,25200000000,22263737810,22265479358,1741548
21600000000,25200000000,22265479358,22266992825,1513467
21600000000,25200000000,22266992825,22271230078,4237253
21600000000,25200000000,22271230078,22271232051,1973
21600000000,25200000000,22271232051,22271232056,5
21600000000,25200000000,22271232056,22271232105,49
21600000000,25200000000,22271232105,22274196320,2964215
21600000000,25200000000,22274196320,22274207546,11226
21600000000,25200000000,22274207546,22274211279,3733
21600000000,25200000000,22274211279,22275009333,798054
21600000000,25200000000,22275009333,22275009798,465
21600000000,25200000000,22275009798,22275811218,801420
21600000000,25200000000,22275811218,22275811429,211
21600000000,25200000000,22275811429,22275811720,291
21600000000,25200000000,22275811720,22275844933,33213
21600000000,25200000000,22275844933,22275845882,949
21600000000,25200000000,22275845882,22275845907,25
21600000000,25200000000,22275845907,22279022924,3177017
21600000000,25200000000,22279022924,22279022972,48
21600000000,25200000000,22279022972,22279023019,47
21600000000,25200000000,22279023019,22279023024,5
21600000000,25200000000,22279023024,22280795671,1772647
21600000000,25200000000,22280795671,22280795803,132
21600000000,25200000000,22280795803,22280795850,47
21600000000,25200000000,22280795850,22280795855,5
21600000000,25200000000,22280795855,22282519030,1723175
21600000000,25200000000,22282519030,22284444767,1925737
21600000000,25200000000,22284444767,22286652876,2208109
21600000000,25200000000,22286652876,22286664275,11399
21600000000,25200000000,22286664275,22286676647,12372
21600000000,25200000000,22286676647,22286679265,2618
21600000000,25200000000,22286679265,22287407128,727863
21600000000,25200000000,22287407128,22288966994,1559866
21600000000,25200000000,22288966994,22288967012,18
21600000000,25200000000,22288967012,22288967016,4
21600000000,25200000000,22288967016,22288967017,1
21600000000,25200000000,22288967017,22288967167,150
21600000000,25200000000,22288967167,22288967177,10
21600000000,25200000000,22288967177,22288987050,19873
21600000000,25200000000,22288987050,22288992755,5705
21600000000,25200000000,22288992755,22290513567,1520812
21600000000,25200000000,22290513567,22290513725,158
21600000000,25200000000,22290513725,22291314610,800885
21600000000,25200000000,22291314610,22291314651,41
21600000000,25200000000,22291314651,22291331904,17253
21600000000,25200000000,22291331904,22291346408,14504
21600000000,25200000000,22291346408,22291346411,3
21600000000,25200000000,22291346411,22292888394,1541983
21600000000,25200000000,22292888394,22292888412,18
21600000000,25200000000,22292888412,22293699159,810747
21600000000,25200000000,22293699159,22295529034,1829875
21600000000,25200000000,22295529034,22295589507,60473
21600000000,25200000000,22295589507,22297169372,1579865
21600000000,25200000000,22297169372,22298690861,1521489
21600000000,25200000000,22298690861,22298730132,39271
21600000000,25200000000,22298730132,22298732518,2386
21600000000,25200000000,22298732518,22298735107,2589
21600000000,25200000000,22298735107,22298736954,1847
21600000000,25200000000,22298736954,22298738665,1711
21600000000,25200000000,22298738665,22300333082,1594417
21600000000,25200000000,22300333082,22300333119,37
21600000000,25200000000,22300333119,22300333136,17
21600000000,25200000000,22300333136,22300333147,11
21600000000,25200000000,22300333147,22300333160,13
21600000000,25200000000,22300333160,22300333184,24
21600000000,25200000000,22300333184,22300358840,25656
21600000000,25200000000,22300358840,22300359097,257
21600000000,25200000000,22300359097,22300359124,27
21600000000,25200000000,22300359124,22301164962,805838
21600000000,25200000000,22301164962,22302704503,1539541
21600000000,25200000000,22302704503,22303570881,866378
21600000000,25200000000,22303570881,22303574100,3219
21600000000,25200000000,22303574100,22304325794,751694
21600000000,25200000000,22304325794,22304329451,3657
21600000000,25200000000,22304329451,22305429557,1100106
21600000000,25200000000,22305429557,22305429679,122
21600000000,25200000000,22305429679,22305449923,20244
21600000000,25200000000,22305449923,22306252678,802755
21600000000,25200000000,22306252678,22306252690,12
21600000000,25200000000,22306252690,22306274434,21744
21600000000,25200000000,22306274434,22307039852,765418
21600000000,25200000000,22307039852,22307058616,18764
21600000000,25200000000,22307058616,22307861192,802576
21600000000,25200000000,22307861192,22307884941,23749
21600000000,25200000000,22307884941,22308649382,764441
21600000000,25200000000,22308649382,22309486569,837187
21600000000,25200000000,22309486569,22310250098,763529
21600000000,25200000000,22310250098,22310255598,5500
21600000000,25200000000,22310255598,22311783499,1527901
21600000000,25200000000,22311783499,22311786332,2833
21600000000,25200000000,22311786332,22312471379,685047
21600000000,25200000000,22312471379,22312489987,18608
21600000000,25200000000,22312489987,22312502030,12043
21600000000,25200000000,22312502030,22313254270,752240
21600000000,25200000000,22313254270,22313254438,168
21600000000,25200000000,22313254438,22314072031,817593
21600000000,25200000000,22314072031,22314093240,21209
21600000000,25200000000,22314093240,22314102934,9694
21600000000,25200000000,22314102934,22315967576,1864642
21600000000,25200000000,22315967576,22316738191,770615
21600000000,25200000000,22316738191,22317552400,814209
21600000000,25200000000,22317552400,22318301552,749152
21600000000,25200000000,22318301552,22319177794,876242
21600000000,25200000000,22319177794,22319194324,16530
21600000000,25200000000,22319194324,22320756895,1562571
21600000000,25200000000,22320756895,22322544585,1787690
21600000000,25200000000,22322544585,22322544979,394
21600000000,25200000000,22322544979,22322544983,4
21600000000,25200000000,22322544983,22322544988,5
21600000000,25200000000,22322544988,22322544995,7
21600000000,25200000000,22322544995,22322545002,7
21600000000,25200000000,22322545002,22323597182,1052180
21600000000,25200000000,22323597182,22325182527,1585345
21600000000,25200000000,22325182527,22332564609,7382082
21600000000,25200000000,22332564609,22336509299,3944690
21600000000,25200000000,22336509299,22336534525,25226
21600000000,25200000000,22336534525,22338389124,1854599
21600000000,25200000000,22338389124,22338389129,5
21600000000,25200000000,22338389129,22338389130,1
21600000000,25200000000,22338389130,22338389184,54
21600000000,25200000000,22338389184,22338413592,24408
21600000000,25200000000,22338413592,22339195483,781891
21600000000,25200000000,22339195483,22339195551,68
21600000000,25200000000,22339195551,22340028289,832738
21600000000,25200000000,22340028289,22342528761,2500472
21600000000,25200000000,22342528761,22345687441,3158680
21600000000,25200000000,22345687441,22347507708,1820267
21600000000,25200000000,22347507708,22348530299,1022591
21600000000,25200000000,22348530299,22348530666,367
21600000000,25200000000,22348530666,22348530671,5
21600000000,25200000000,22348530671,22348530680,9
21600000000,25200000000,22348530680,22349351916,821236
21600000000,25200000000,22349351916,22349386536,34620
21600000000,25200000000,22349386536,22352364991,2978455
21600000000,25200000000,22352364991,22352364995,4
21600000000,25200000000,22352364995,22352364996,1
21600000000,25200000000,22352364996,22352365147,151
21600000000,25200000000,22352365147,22358266582,5901435
21600000000,25200000000,22358266582,22358266810,228
21600000000,25200000000,22358266810,22362017356,3750546
21600000000,25200000000,22362017356,22362057412,40056
21600000000,25200000000,22362057412,22362086174,28762
21600000000,25200000000,22362086174,22362131899,45725
21600000000,25200000000,22362131899,22362132608,709
21600000000,25200000000,22362132608,22362132627,19
21600000000,25200000000,22362132627,22362132650,23
21600000000,25200000000,22362132650,22363069877,937227
21600000000,25200000000,22363069877,22364540678,1470801
21600000000,25200000000,22364540678,22364540682,4
21600000000,25200000000,22364540682,22364540683,1
21600000000,25200000000,22364540683,22364540716,33
21600000000,25200000000,22364540716,22364540733,17
21600000000,25200000000,22364540733,22365494277,953544
21600000000,25200000000,22365494277,22365494452,175
21600000000,25200000000,22365494452,22365494469,17
21600000000,25200000000,22365494469,22367365175,1870706
21600000000,25200000000,22367365175,22376703950,9338775
21600000000,25200000000,22376703950,22376732832,28882
21600000000,25200000000,22376732832,22376742710,9878
21600000000,25200000000,22376742710,22377697256,954546
21600000000,25200000000,22377697256,22378478533,781277
21600000000,25200000000,22378478533,22378478562,29
21600000000,25200000000,22378478562,22379393719,915157
21600000000,25200000000,22379393719,22381462495,2068776
21600000000,25200000000,22381462495,22387506510,6044015
21600000000,25200000000,22387506510,22387549430,42920
21600000000,25200000000,22387549430,22387552182,2752
21600000000,25200000000,22387552182,22387554656,2474
21600000000,25200000000,22387554656,22387575311,20655
21600000000,25200000000,22387575311,22390114143,2538832
21600000000,25200000000,22390114143,22390114178,35
21600000000,25200000000,22390114178,22390114188,10
21600000000,25200000000,22390114188,22390114200,12
21600000000,25200000000,22390114200,22390114212,12
21600000000,25200000000,22390114212,22391255761,1141549
21600000000,25200000000,22391255761,22404896257,13640496
21600000000,25200000000,22404896257,22404896559,302
21600000000,25200000000,22404896559,22404896578,19
21600000000,25200000000,22404896578,22405782109,885531
21600000000,25200000000,22405782109,22405782222,113
21600000000,25200000000,22405782222,22405782227,5
21600000000,25200000000,22405782227,22405782232,5
21600000000,25200000000,22405782232,22406707965,925733
21600000000,25200000000,22406707965,22406707969,4
21600000000,25200000000,22406707969,22408563909,1855940
21600000000,25200000000,22408563909,22409377834,813925
21600000000,25200000000,22409377834,22411027279,1649445
21600000000,25200000000,22411027279,22412593804,1566525
21600000000,25200000000,22412593804,22412975615,381811
21600000000,25200000000,22412975615,22412976064,449
21600000000,25200000000,22412976064,22412976069,5
21600000000,25200000000,22412976069,22412976074,5
21600000000,25200000000,22412976074,22413851043,874969
21600000000,25200000000,22413851043,22413857998,6955
21600000000,25200000000,22413857998,22413883743,25745
21600000000,25200000000,22413883743,22414712765,829022
21600000000,25200000000,22414712765,22414714795,2030
21600000000,25200000000,22414714795,22415477476,762681
21600000000,25200000000,22415477476,22415477493,17
21600000000,25200000000,22415477493,22415520488,42995
21600000000,25200000000,22415520488,22416258975,738487
21600000000,25200000000,22416258975,22416258986,11
21600000000,25200000000,22416258986,22416288356,29370
21600000000,25200000000,22416288356,22417005963,717607
21600000000,25200000000,22417005963,22417027665,21702
21600000000,25200000000,22417027665,22417038370,10705
21600000000,25200000000,22417038370,22417846905,808535
21600000000,25200000000,22417846905,22418622543,775638
21600000000,25200000000,22418622543,22419472311,849768
21600000000,25200000000,22419472311,22419639668,167357
21600000000,25200000000,22419639668,22420422003,782335
21600000000,25200000000,22420422003,22420429735,7732
21600000000,25200000000,22420429735,22420429792,57
21600000000,25200000000,22420429792,22420429797,5
21600000000,25200000000,22420429797,22421219105,789308
21600000000,25200000000,22421219105,22421998768,779663
21600000000,25200000000,22421998768,22422972097,973329
21600000000,25200000000,22422972097,22424732857,1760760
21600000000,25200000000,22424732857,22425487144,754287
21600000000,25200000000,22425487144,22425518304,31160
21600000000,25200000000,22425518304,22425518373,69
21600000000,25200000000,22425518373,22425518378,5
21600000000,25200000000,22425518378,22425518385,7
21600000000,25200000000,22425518385,22426437321,918936
21600000000,25200000000,22426437321,22427261962,824641
21600000000,25200000000,22427261962,22429676823,2414861
21600000000,25200000000,22429676823,22430494864,818041
21600000000,25200000000,22430494864,22431325325,830461
21600000000,25200000000,22431325325,22432143596,818271
21600000000,25200000000,22432143596,22432879839,736243
21600000000,25200000000,22432879839,22432913799,33960
21600000000,25200000000,22432913799,22435422342,2508543
21600000000,25200000000,22435422342,22436298214,875872
21600000000,25200000000,22436298214,22436310378,12164
21600000000,25200000000,22436310378,22436310380,2
21600000000,25200000000,22436310380,22437118419,808039
21600000000,25200000000,22437118419,22437124833,6414
21600000000,25200000000,22437124833,22437133948,9115
21600000000,25200000000,22437133948,22437136630,2682
21600000000,25200000000,22437136630,22437897776,761146
21600000000,25200000000,22437897776,22437897969,193
21600000000,25200000000,22437897969,22438657980,760011
21600000000,25200000000,22438657980,22438658000,20
21600000000,25200000000,22438658000,22439412290,754290
21600000000,25200000000,22439412290,22439412294,4
21600000000,25200000000,22439412294,22439412295,1
21600000000,25200000000,22439412295,22439412296,1
21600000000,25200000000,22439412296,22439412335,39
21600000000,25200000000,22439412335,22439412346,11
21600000000,25200000000,22439412346,22439444397,32051
21600000000,25200000000,22439444397,22440196741,752344
21600000000,25200000000,22440196741,22440196892,151
21600000000,25200000000,22440196892,22440196910,18
21600000000,25200000000,22440196910,22440946371,749461
21600000000,25200000000,22440946371,22443418079,2471708
21600000000,25200000000,22443418079,22444953992,1535913
21600000000,25200000000,22444953992,22444977532,23540
21600000000,25200000000,22444977532,22444977767,235
21600000000,25200000000,22444977767,22449768161,4790394
21600000000,25200000000,22449768161,22449786307,18146
21600000000,25200000000,22449786307,22449788795,2488
21600000000,25200000000,22449788795,22450536764,747969
21600000000,25200000000,22450536764,22452173124,1636360
21600000000,25200000000,22452173124,22452173177,53
21600000000,25200000000,22452173177,22452173180,3
21600000000,25200000000,22452173180,22452173288,108
21600000000,25200000000,22452173288,22452935018,761730
21600000000,25200000000,22452935018,22453039964,104946
21600000000,25200000000,22453039964,22453047895,7931
21600000000,25200000000,22453047895,22453047910,15
21600000000,25200000000,22453047910,22453781873,733963
21600000000,25200000000,22453781873,22454523129,741256
21600000000,25200000000,22454523129,22454567094,43965
21600000000,25200000000,22454567094,22457446733,2879639
21600000000,25200000000,22457446733,22457477232,30499
21600000000,25200000000,22457477232,22458458603,981371
21600000000,25200000000,22458458603,22459198585,739982
21600000000,25200000000,22459198585,22461548794,2350209
21600000000,25200000000,22461548794,22461554078,5284
21600000000,25200000000,22461554078,22462361696,807618
21600000000,25200000000,22462361696,22463864818,1503122
21600000000,25200000000,22463864818,22463864830,12
21600000000,25200000000,22463864830,22464686923,822093
21600000000,25200000000,22464686923,22464686927,4
21600000000,25200000000,22464686927,22464686928,1
21600000000,25200000000,22464686928,22464686929,1
21600000000,25200000000,22464686929,22466420508,1733579
21600000000,25200000000,22466420508,22466420679,171
21600000000,25200000000,22466420679,22467539724,1119045
21600000000,25200000000,22467539724,22470302976,2763252
21600000000,25200000000,22470302976,22470303507,531
21600000000,25200000000,22470303507,22474945840,4642333
21600000000,25200000000,22474945840,22474951272,5432
21600000000,25200000000,22474951272,22474955023,3751
21600000000,25200000000,22474955023,22474957440,2417
21600000000,25200000000,22474957440,22475794292,836852
21600000000,25200000000,22475794292,22476716101,921809
21600000000,25200000000,22476716101,22476716113,12
21600000000,25200000000,22476716113,22476716124,11
21600000000,25200000000,22476716124,22476716135,11
21600000000,25200000000,22476716135,22477645417,929282
21600000000,25200000000,22477645417,22488201564,10556147
21600000000,25200000000,22488201564,22488209124,7560
21600000000,25200000000,22488209124,22489688324,1479200
21600000000,25200000000,22489688324,22494187936,4499612
21600000000,25200000000,22494187936,22494188243,307
21600000000,25200000000,22494188243,22494188250,7
21600000000,25200000000,22494188250,22495208443,1020193
21600000000,25200000000,22495208443,22495208512,69
21600000000,25200000000,22495208512,22495208517,5
21600000000,25200000000,22495208517,22495208522,5
21600000000,25200000000,22495208522,22500261748,5053226
21600000000,25200000000,22500261748,22502278551,2016803
21600000000,25200000000,22502278551,22502278555,4
21600000000,25200000000,22502278555,22502278556,1
21600000000,25200000000,22502278556,22502304482,25926
21600000000,25200000000,22502304482,22503042064,737582
21600000000,25200000000,22503042064,22503042222,158
21600000000,25200000000,22503042222,22503225795,183573
21600000000,25200000000,22503225795,22503995228,769433
21600000000,25200000000,22503995228,22504758365,763137
21600000000,25200000000,22504758365,22504784384,26019
21600000000,25200000000,22504784384,22504784503,119
21600000000,25200000000,22504784503,22504784508,5
21600000000,25200000000,22504784508,22504784513,5
21600000000,25200000000,22504784513,22505763589,979076
21600000000,25200000000,22505763589,22506573132,809543
21600000000,25200000000,22506573132,22507446264,873132
21600000000,25200000000,22507446264,22507446291,27
21600000000,25200000000,22507446291,22509089857,1643566
21600000000,25200000000,22509089857,22509089865,8
21600000000,25200000000,22509089865,22513536489,4446624
21600000000,25200000000,22513536489,22513538913,2424
21600000000,25200000000,22513538913,22513541586,2673
21600000000,25200000000,22513541586,22514264968,723382
21600000000,25200000000,22514264968,22514269756,4788
21600000000,25200000000,22514269756,22515036385,766629
21600000000,25200000000,22515036385,22515036398,13
21600000000,25200000000,22515036398,22515036423,25
21600000000,25200000000,22515036423,22515036427,4
21600000000,25200000000,22515036427,22515799241,762814
21600000000,25200000000,22515799241,22515799997,756
21600000000,25200000000,22515799997,22515800008,11
21600000000,25200000000,22515800008,22516629310,829302
21600000000,25200000000,22516629310,22520344742,3715432
21600000000,25200000000,22520344742,22520344828,86
21600000000,25200000000,22520344828,22520344835,7
21600000000,25200000000,22520344835,22521099944,755109
21600000000,25200000000,22521099944,22521819666,719722
21600000000,25200000000,22521819666,22522649406,829740
21600000000,25200000000,22522649406,22524485922,1836516
21600000000,25200000000,22524485922,22526298488,1812566
21600000000,25200000000,22526298488,22526301883,3395
21600000000,25200000000,22526301883,22526348404,46521
21600000000,25200000000,22526348404,22527983035,1634631
21600000000,25200000000,22527983035,22527983039,4
21600000000,25200000000,22527983039,22527983040,1
21600000000,25200000000,22527983040,22527983041,1
21600000000,25200000000,22527983041,22527983074,33
21600000000,25200000000,22527983074,22527983078,4
21600000000,25200000000,22527983078,22527983079,1
21600000000,25200000000,22527983079,22527983106,27
21600000000,25200000000,22527983106,22528826381,843275
21600000000,25200000000,22528826381,22528826533,152
21600000000,25200000000,22528826533,22528826556,23
21600000000,25200000000,22528826556,22528826587,31
21600000000,25200000000,22528826587,22528826938,351
21600000000,25200000000,22528826938,22537179942,8353004
21600000000,25200000000,22537179942,22538255267,1075325
21600000000,25200000000,22538255267,22538255396,129
21600000000,25200000000,22538255396,22538255401,5
21600000000,25200000000,22538255401,22538255406,5
21600000000,25200000000,22538255406,22538255507,101
21600000000,25200000000,22538255507,22539904642,1649135
21600000000,25200000000,22539904642,22540386152,481510
21600000000,25200000000,22540386152,22540528208,142056
21600000000,25200000000,22540528208,22541153349,625141
21600000000,25200000000,22541153349,22543772873,2619524
21600000000,25200000000,22543772873,22543772946,73
21600000000,25200000000,22543772946,22544749294,976348
21600000000,25200000000,22544749294,22544749296,2
21600000000,25200000000,22544749296,22546272739,1523443
21600000000,25200000000,22546272739,22547077579,804840
21600000000,25200000000,22547077579,22548647681,1570102
21600000000,25200000000,22548647681,22551650027,3002346
21600000000,25200000000,22551650027,22552503155,853128
21600000000,25200000000,22552503155,22552511116,7961
21600000000,25200000000,22552511116,22552519021,7905
21600000000,25200000000,22552519021,22552523104,4083
21600000000,25200000000,22552523104,22553348637,825533
21600000000,25200000000,22553348637,22553355794,7157
21600000000,25200000000,22553355794,22553355937,143
21600000000,25200000000,22553355937,22554145663,789726
21600000000,25200000000,22554145663,22554145698,35
21600000000,25200000000,22554145698,22554146843,1145
21600000000,25200000000,22554146843,22554146847,4
21600000000,25200000000,22554146847,22554146848,1
21600000000,25200000000,22554146848,22554146893,45
21600000000,25200000000,22554146893,22554146897,4
21600000000,25200000000,22554146897,22555056425,909528
21600000000,25200000000,22555056425,22555056636,211
21600000000,25200000000,22555056636,22555056667,31
21600000000,25200000000,22555056667,22555056869,202
21600000000,25200000000,22555056869,22555954370,897501
21600000000,25200000000,22555954370,22557445655,1491285
21600000000,25200000000,22557445655,22561004814,3559159
21600000000,25200000000,22561004814,22561198852,194038
21600000000,25200000000,22561198852,22561202996,4144
21600000000,25200000000,22561202996,22562787887,1584891
21600000000,25200000000,22562787887,22562787898,11
21600000000,25200000000,22562787898,22562787910,12
21600000000,25200000000,22562787910,22563661212,873302
21600000000,25200000000,22563661212,22565163488,1502276
21600000000,25200000000,22565163488,22565187269,23781
21600000000,25200000000,22565187269,22565192553,5284
21600000000,25200000000,22565192553,22565891171,698618
21600000000,25200000000,22565891171,22565913377,22206
21600000000,25200000000,22565913377,22565913380,3
21600000000,25200000000,22565913380,22566596958,683578
21600000000,25200000000,22566596958,22566596962,4
21600000000,25200000000,22566596962,22566596963,1
21600000000,25200000000,22566596963,22566596983,20
21600000000,25200000000,22566596983,22567389666,792683
21600000000,25200000000,22567389666,22567389677,11
21600000000,25200000000,22567389677,22567389853,176
21600000000,25200000000,22567389853,22567389869,16
21600000000,25200000000,22567389869,22567439384,49515
21600000000,25200000000,22567439384,22568161457,722073
21600000000,25200000000,22568161457,22569022151,860694
21600000000,25200000000,22569022151,22569867091,844940
21600000000,25200000000,22569867091,22569898647,31556
21600000000,25200000000,22569898647,22571087781,1189134
21600000000,25200000000,22571087781,22571928247,840466
21600000000,25200000000,22571928247,22571934921,6674
21600000000,25200000000,22571934921,22571939843,4922
21600000000,25200000000,22571939843,22571939900,57
21600000000,25200000000,22571939900,22571939905,5
21600000000,25200000000,22571939905,22573538262,1598357
21600000000,25200000000,22573538262,22573539953,1691
21600000000,25200000000,22573539953,22578362811,4822858
21600000000,25200000000,22578362811,22579711624,1348813
21600000000,25200000000,22579711624,22586423563,6711939
21600000000,25200000000,22586423563,22586423702,139
21600000000,25200000000,22586423702,22586423707,5
21600000000,25200000000,22586423707,22586423712,5
21600000000,25200000000,22586423712,22588242665,1818953
21600000000,25200000000,22588242665,22588242668,3
21600000000,25200000000,22588242668,22589711813,1469145
21600000000,25200000000,22589711813,22603068429,13356616
21600000000,25200000000,22603068429,22613249393,10180964
21600000000,25200000000,22613249393,22614002351,752958
21600000000,25200000000,22614002351,22614002355,4
21600000000,25200000000,22614002355,22614002440,85
21600000000,25200000000,22614002440,22614002449,9
21600000000,25200000000,22614002449,22614803739,801290
21600000000,25200000000,22614803739,22615952297,1148558
21600000000,25200000000,22615952297,22615978253,25956
21600000000,25200000000,22615978253,22617413278,1435025
21600000000,25200000000,22617413278,22617413367,89
21600000000,25200000000,22617413367,22618249881,836514
21600000000,25200000000,22618249881,22619677254,1427373
21600000000,25200000000,22619677254,22620451259,774005
21600000000,25200000000,22620451259,22621887516,1436257
21600000000,25200000000,22621887516,22621912879,25363
21600000000,25200000000,22621912879,22622648535,735656
21600000000,25200000000,22622648535,22623490220,841685
21600000000,25200000000,22623490220,22624226750,736530
21600000000,25200000000,22624226750,22626757260,2530510
21600000000,25200000000,22626757260,22628232527,1475267
21600000000,25200000000,22628232527,22631281594,3049067
21600000000,25200000000,22631281594,22631281594,0
21600000000,25200000000,22631281594,22631364850,83256
21600000000,25200000000,22631364850,22640774555,9409705
21600000000,25200000000,22640774555,22640774654,99
21600000000,25200000000,22640774654,22640774659,5
21600000000,25200000000,22640774659,22640774664,5
21600000000,25200000000,22640774664,22644585749,3811085
21600000000,25200000000,22644585749,22646114388,1528639
21600000000,25200000000,22646114388,22647562432,1448044
21600000000,25200000000,22647562432,22651615166,4052734
21600000000,25200000000,22651615166,22651615556,390
21600000000,25200000000,22651615556,22651615561,5
21600000000,25200000000,22651615561,22651615566,5
21600000000,25200000000,22651615566,22655929375,4313809
21600000000,25200000000,22655929375,22656736787,807412
21600000000,25200000000,22656736787,22661087279,4350492
21600000000,25200000000,22661087279,22661117687,30408
21600000000,25200000000,22661117687,22661120473,2786
21600000000,25200000000,22661120473,22661123195,2722
21600000000,25200000000,22661123195,22662597174,1473979
21600000000,25200000000,22662597174,22662597185,11
21600000000,25200000000,22662597185,22662597204,19
21600000000,25200000000,22662597204,22662597215,11
21600000000,25200000000,22662597215,22663582661,985446
21600000000,25200000000,22663582661,22664299613,716952
21600000000,25200000000,22664299613,22665038347,738734
21600000000,25200000000,22665038347,22665038374,27
21600000000,25200000000,22665038374,22665038379,5
21600000000,25200000000,22665038379,22665890844,852465
21600000000,25200000000,22665890844,22665890869,25
21600000000,25200000000,22665890869,22666646020,755151
21600000000,25200000000,22666646020,22667357966,711946
21600000000,25200000000,22667357966,22667357991,25
21600000000,25200000000,22667357991,22668127346,769355
21600000000,25200000000,22668127346,22670089522,1962176
21600000000,25200000000,22670089522,22670089610,88
21600000000,25200000000,22670089610,22671720448,1630838
21600000000,25200000000,22671720448,22671720522,74
21600000000,25200000000,22671720522,22672565235,844713
21600000000,25200000000,22672565235,22675120165,2554930
21600000000,25200000000,22675120165,22675120456,291
21600000000,25200000000,22675120456,22675151844,31388
21600000000,25200000000,22675151844,22675153159,1315
21600000000,25200000000,22675153159,22676896659,1743500
21600000000,25200000000,22676896659,22685435063,8538404
21600000000,25200000000,22685435063,22686965536,1530473
21600000000,25200000000,22686965536,22687747307,781771
21600000000,25200000000,22687747307,22687747406,99
21600000000,25200000000,22687747406,22695375777,7628371
21600000000,25200000000,22695375777,22695375890,113
21600000000,25200000000,22695375890,22695376007,117
21600000000,25200000000,22695376007,22695376012,5
21600000000,25200000000,22695376012,22697911154,2535142
21600000000,25200000000,22697911154,22697913629,2475
21600000000,25200000000,22697913629,22697915667,2038
21600000000,25200000000,22697915667,22697917962,2295
21600000000,25200000000,22697917962,22699386399,1468437
21600000000,25200000000,22699386399,22699386410,11
21600000000,25200000000,22699386410,22699386422,12
21600000000,25200000000,22699386422,22699386434,12
21600000000,25200000000,22699386434,22701968077,2581643
21600000000,25200000000,22701968077,22708588984,6620907
21600000000,25200000000,22708588984,22711816564,3227580
21600000000,25200000000,22711816564,22712174933,358369
21600000000,25200000000,22712174933,22712175157,224
21600000000,25200000000,22712175157,22712175172,15
21600000000,25200000000,22712175172,22713175801,1000629
21600000000,25200000000,22713175801,22713180057,4256
21600000000,25200000000,22713180057,22713209080,29023
21600000000,25200000000,22713209080,22713218442,9362
21600000000,25200000000,22713218442,22713221493,3051
21600000000,25200000000,22713221493,22713224202,2709
21600000000,25200000000,22713224202,22714032930,808728
21600000000,25200000000,22714032930,22714834511,801581
21600000000,25200000000,22714834511,22714834535,24
21600000000,25200000000,22714834535,22714834539,4
21600000000,25200000000,22714834539,22714834592,53
21600000000,25200000000,22714834592,22714834604,12
21600000000,25200000000,22714834604,22714834616,12
21600000000,25200000000,22714834616,22714834628,12
21600000000,25200000000,22714834628,22714864628,30000
21600000000,25200000000,22714864628,22715639177,774549
21600000000,25200000000,22715639177,22716426008,786831
21600000000,25200000000,22716426008,22720387003,3960995
21600000000,25200000000,22720387003,22721953108,1566105
21600000000,25200000000,22721953108,22724581219,2628111
21600000000,25200000000,22724581219,22726054964,1473745
21600000000,25200000000,22726054964,22726904484,849520
21600000000,25200000000,22726904484,22728439299,1534815
21600000000,25200000000,22728439299,22736237132,7797833
21600000000,25200000000,22736237132,22736237182,50
21600000000,25200000000,22736237182,22741993057,5755875
21600000000,25200000000,22741993057,22741993505,448
21600000000,25200000000,22741993505,22741993510,5
21600000000,25200000000,22741993510,22749403540,7410030
21600000000,25200000000,22749403540,22750104224,700684
21600000000,25200000000,22750104224,22750108247,4023
21600000000,25200000000,22750108247,22750823860,715613
21600000000,25200000000,22750823860,22751547822,723962
21600000000,25200000000,22751547822,22751547826,4
21600000000,25200000000,22751547826,22751547845,19
21600000000,25200000000,22751547845,22752290031,742186
21600000000,25200000000,22752290031,22753732446,1442415
21600000000,25200000000,22753732446,22754439938,707492
21600000000,25200000000,22754439938,22755105191,665253
21600000000,25200000000,22755105191,22755120538,15347
21600000000,25200000000,22755120538,22755130384,9846
21600000000,25200000000,22755130384,22755934925,804541
21600000000,25200000000,22755934925,22756973073,1038148
21600000000,25200000000,22756973073,22756997347,24274
21600000000,25200000000,22756997347,22758477439,1480092
21600000000,25200000000,22758477439,22760766289,2288850
21600000000,25200000000,22760766289,22762260282,1493993
21600000000,25200000000,22762260282,22762286534,26252
21600000000,25200000000,22762286534,22762289684,3150
21600000000,25200000000,22762289684,22763793786,1504102
21600000000,25200000000,22763793786,22763793804,18
21600000000,25200000000,22763793804,22763793808,4
21600000000,25200000000,22763793808,22763793809,1
21600000000,25200000000,22763793809,22763793810,1
21600000000,25200000000,22763793810,22764581891,788081
21600000000,25200000000,22764581891,22764582042,151
21600000000,25200000000,22764582042,22764582083,41
21600000000,25200000000,22764582083,22764995208,413125
21600000000,25200000000,22764995208,22770618249,5623041
21600000000,25200000000,22770618249,22771361133,742884
21600000000,25200000000,22771361133,22772730961,1369828
21600000000,25200000000,22772730961,22774113304,1382343
21600000000,25200000000,22774113304,22774802181,688877
21600000000,25200000000,22774802181,22775562787,760606
21600000000,25200000000,22775562787,22776280214,717427
21600000000,25200000000,22776280214,22781100286,4820072
21600000000,25200000000,22781100286,22784312740,3212454
21600000000,25200000000,22784312740,22785052473,739733
21600000000,25200000000,22785052473,22786513617,1461144
21600000000,25200000000,22786513617,22787206295,692678
21600000000,25200000000,22787206295,22787215050,8755
21600000000,25200000000,22787215050,22787215089,39
21600000000,25200000000,22787215089,22787215094,5
21600000000,25200000000,22787215094,22787215099,5
21600000000,25200000000,22787215099,22788041310,826211
21600000000,25200000000,22788041310,22788041531,221
21600000000,25200000000,22788041531,22788041608,77
21600000000,25200000000,22788041608,22788041613,5
21600000000,25200000000,22788041613,22789074301,1032688
21600000000,25200000000,22789074301,22789074305,4
21600000000,25200000000,22789074305,22789074306,1
21600000000,25200000000,22789074306,22789097732,23426
21600000000,25200000000,22789097732,22789106717,8985
21600000000,25200000000,22789106717,22789872133,765416
21600000000,25200000000,22789872133,22789872298,165
21600000000,25200000000,22789872298,22790604776,732478
21600000000,25200000000,22790604776,22790644620,39844
21600000000,25200000000,22790644620,22791370364,725744
21600000000,25200000000,22791370364,22793605788,2235424
21600000000,25200000000,22793605788,22794310427,704639
21600000000,25200000000,22794310427,22796990420,2679993
21600000000,25200000000,22796990420,22797014753,24333
21600000000,25200000000,22797014753,22798605907,1591154
21600000000,25200000000,22798605907,22802833759,4227852
21600000000,25200000000,22802833759,22802833818,59
21600000000,25200000000,22802833818,22802833823,5
21600000000,25200000000,22802833823,22802833828,5
21600000000,25200000000,22802833828,22811865323,9031495
21600000000,25200000000,22811865323,22811865353,30
21600000000,25200000000,22811865353,22811865356,3
21600000000,25200000000,22811865356,22815854835,3989479
21600000000,25200000000,22815854835,22815854932,97
21600000000,25200000000,22815854932,22815866576,11644
21600000000,25200000000,22815866576,22821396796,5530220
21600000000,25200000000,22821396796,22822989845,1593049
21600000000,25200000000,22822989845,22823005949,16104
21600000000,25200000000,22823005949,22823010184,4235
21600000000,25200000000,22823010184,22823025752,15568
21600000000,25200000000,22823025752,22824562174,1536422
21600000000,25200000000,22824562174,22824562192,18
21600000000,25200000000,22824562192,22824902099,339907
21600000000,25200000000,22824902099,22824906619,4520
21600000000,25200000000,22824906619,22824909081,2462
21600000000,25200000000,22824909081,22826376215,1467134
21600000000,25200000000,22826376215,22826376226,11
21600000000,25200000000,22826376226,22826376239,13
21600000000,25200000000,22826376239,22827114269,738030
21600000000,25200000000,22827114269,22827114964,695
21600000000,25200000000,22827114964,22827114997,33
21600000000,25200000000,22827114997,22834471194,7356197
21600000000,25200000000,22834471194,22834471302,108
21600000000,25200000000,22834471302,22834471308,6
21600000000,25200000000,22834471308,22836877477,2406169
21600000000,25200000000,22836877477,22837794378,916901
21600000000,25200000000,22837794378,22839367878,1573500
21600000000,25200000000,22839367878,22839371371,3493
21600000000,25200000000,22839371371,22839373905,2534
21600000000,25200000000,22839373905,22839376679,2774
21600000000,25200000000,22839376679,22840861029,1484350
21600000000,25200000000,22840861029,22841591923,730894
21600000000,25200000000,22841591923,22841593309,1386
21600000000,25200000000,22841593309,22841593333,24
21600000000,25200000000,22841593333,22841593351,18
21600000000,25200000000,22841593351,22844523256,2929905
21600000000,25200000000,22844523256,22844695835,172579
21600000000,25200000000,22844695835,22846412145,1716310
21600000000,25200000000,22846412145,22846514225,102080
21600000000,25200000000,22846514225,22846514285,60
21600000000,25200000000,22846514285,22846514290,5
21600000000,25200000000,22846514290,22846514295,5
21600000000,25200000000,22846514295,22848599925,2085630
21600000000,25200000000,22848599925,22848599927,2
21600000000,25200000000,22848599927,22850223060,1623133
21600000000,25200000000,22850223060,22851947671,1724611
21600000000,25200000000,22851947671,22851956304,8633
21600000000,25200000000,22851956304,22851963555,7251
21600000000,25200000000,22851963555,22853822238,1858683
21600000000,25200000000,22853822238,22853822263,25
21600000000,25200000000,22853822263,22853822267,4
21600000000,25200000000,22853822267,22853822268,1
21600000000,25200000000,22853822268,22853822299,31
21600000000,25200000000,22853822299,22853822303,4
21600000000,25200000000,22853822303,22853822304,1
21600000000,25200000000,22853822304,22854297676,475372
21600000000,25200000000,22854297676,22854297715,39
21600000000,25200000000,22854297715,22854297720,5
21600000000,25200000000,22854297720,22854297725,5
21600000000,25200000000,22854297725,22855072673,774948
21600000000,25200000000,22855072673,22855072704,31
21600000000,25200000000,22855072704,22855072916,212
21600000000,25200000000,22855072916,22855073092,176
21600000000,25200000000,22855073092,22858469961,3396869
21600000000,25200000000,22858469961,22859313170,843209
21600000000,25200000000,22859313170,22864695592,5382422
21600000000,25200000000,22864695592,22864715228,19636
21600000000,25200000000,22864715228,22866236086,1520858
21600000000,25200000000,22866236086,22866236090,4
21600000000,25200000000,22866236090,22867007540,771450
21600000000,25200000000,22867007540,22867064547,57007
21600000000,25200000000,22867064547,22867064550,3
21600000000,25200000000,22867064550,22868710727,1646177
21600000000,25200000000,22868710727,22873041398,4330671
21600000000,25200000000,22873041398,22875071454,2030056
21600000000,25200000000,22875071454,22875940926,869472
21600000000,25200000000,22875940926,22875967504,26578
21600000000,25200000000,22875967504,22875977572,10068
21600000000,25200000000,22875977572,22875977609,37
21600000000,25200000000,22875977609,22875977614,5
21600000000,25200000000,22875977614,22876862249,884635
21600000000,25200000000,22876862249,22876865598,3349
21600000000,25200000000,22876865598,22877639308,773710
21600000000,25200000000,22877639308,22877639320,12
21600000000,25200000000,22877639320,22878420844,781524
21600000000,25200000000,22878420844,22878420862,18
21600000000,25200000000,22878420862,22880765050,2344188
21600000000,25200000000,22880765050,22880765053,3
21600000000,25200000000,22880765053,22882349030,1583977
21600000000,25200000000,22882349030,22888670867,6321837
21600000000,25200000000,22888670867,22889544585,873718
21600000000,25200000000,22889544585,22889555286,10701
21600000000,25200000000,22889555286,22891166196,1610910
21600000000,25200000000,22891166196,22891166200,4
21600000000,25200000000,22891166200,22891166201,1
21600000000,25200000000,22891166201,22891166234,33
21600000000,25200000000,22891166234,22891198934,32700
21600000000,25200000000,22891198934,22892051896,852962
21600000000,25200000000,22892051896,22892052106,210
21600000000,25200000000,22892052106,22893199761,1147655
21600000000,25200000000,22893199761,22893242117,42356
21600000000,25200000000,22893242117,22893242325,208
21600000000,25200000000,22893242325,22893242330,5
21600000000,25200000000,22893242330,22897175889,3933559
21600000000,25200000000,22897175889,22902405702,5229813
21600000000,25200000000,22902405702,22904347544,1941842
21600000000,25200000000,22904347544,22906062268,1714724
21600000000,25200000000,22906062268,22909683343,3621075
21600000000,25200000000,22909683343,22909683422,79
21600000000,25200000000,22909683422,22909683427,5
21600000000,25200000000,22909683427,22909683432,5
21600000000,25200000000,22909683432,22910716790,1033358
21600000000,25200000000,22910716790,22913896507,3179717
21600000000,25200000000,22913896507,22913899139,2632
21600000000,25200000000,22913899139,22914588347,689208
21600000000,25200000000,22914588347,22914588424,77
21600000000,25200000000,22914588424,22914588429,5
21600000000,25200000000,22914588429,22915293522,705093
21600000000,25200000000,22915293522,22915293545,23
21600000000,25200000000,22915293545,22915382392,88847
21600000000,25200000000,22915382392,22918703489,3321097
21600000000,25200000000,22918703489,22922742859,4039370
21600000000,25200000000,22922742859,22924318567,1575708
21600000000,25200000000,22924318567,22925813257,1494690
21600000000,25200000000,22925813257,22926527631,714374
21600000000,25200000000,22926527631,22928088834,1561203
21600000000,25200000000,22928088834,22928974976,886142
21600000000,25200000000,22928974976,22930111131,1136155
21600000000,25200000000,22930111131,22930882368,771237
21600000000,25200000000,22930882368,22931650895,768527
21600000000,25200000000,22931650895,22932514432,863537
21600000000,25200000000,22932514432,22932514519,87
21600000000,25200000000,22932514519,22932514524,5
21600000000,25200000000,22932514524,22933297656,783132
21600000000,25200000000,22933297656,22937781003,4483347
21600000000,25200000000,22937781003,22937787812,6809
21600000000,25200000000,22937787812,22939217267,1429455
21600000000,25200000000,22939217267,22939217271,4
21600000000,25200000000,22939217271,22939217289,18
21600000000,25200000000,22939217289,22939236252,18963
21600000000,25200000000,22939236252,22939975151,738899
21600000000,25200000000,22939975151,22942565220,2590069
21600000000,25200000000,22942565220,22942565224,4
21600000000,25200000000,22942565224,22942565279,55
21600000000,25200000000,22942565279,22942565290,11
21600000000,25200000000,22942565290,22946317241,3751951
21600000000,25200000000,22946317241,22946317268,27
21600000000,25200000000,22946317268,22946317273,5
21600000000,25200000000,22946317273,22947917768,1600495
21600000000,25200000000,22947917768,22947930530,12762
21600000000,25200000000,22947930530,22947936509,5979
21600000000,25200000000,22947936509,22948691107,754598
21600000000,25200000000,22948691107,22948696997,5890
21600000000,25200000000,22948696997,22949410091,713094
21600000000,25200000000,22949410091,22949410109,18
21600000000,25200000000,22949410109,22949410122,13
21600000000,25200000000,22949410122,22950171254,761132
21600000000,25200000000,22950171254,22950171265,11
21600000000,25200000000,22950171265,22951282327,1111062
21600000000,25200000000,22951282327,22954266244,2983917
21600000000,25200000000,22954266244,22955776499,1510255
21600000000,25200000000,22955776499,22955947224,170725
21600000000,25200000000,22955947224,22955953622,6398
21600000000,25200000000,22955953622,22959633702,3680080
21600000000,25200000000,22959633702,22962796000,3162298
21600000000,25200000000,22962796000,22964352071,1556071
21600000000,25200000000,22964352071,22964355566,3495
21600000000,25200000000,22964355566,22964358113,2547
21600000000,25200000000,22964358113,22964365724,7611
21600000000,25200000000,22964365724,22964367514,1790
21600000000,25200000000,22964367514,22965034761,667247
21600000000,25200000000,22965034761,22965769188,734427
21600000000,25200000000,22965769188,22965769192,4
21600000000,25200000000,22965769192,22965769193,1
21600000000,25200000000,22965769193,22965769233,40
21600000000,25200000000,22965769233,22965769249,16
21600000000,25200000000,22965769249,22965769261,12
21600000000,25200000000,22965769261,22965769273,12
21600000000,25200000000,22965769273,22966500323,731050
21600000000,25200000000,22966500323,22966500475,152
21600000000,25200000000,22966500475,22966526334,25859
21600000000,25200000000,22966526334,22968221160,1694826
21600000000,25200000000,22968221160,22974303963,6082803
21600000000,25200000000,22974303963,22975891348,1587385
21600000000,25200000000,22975891348,22976640778,749430
21600000000,25200000000,22976640778,22978086083,1445305
21600000000,25200000000,22978086083,22981962536,3876453
21600000000,25200000000,22981962536,22982746941,784405
21600000000,25200000000,22982746941,22989319443,6572502
21600000000,25200000000,22989319443,22990901362,1581919
21600000000,25200000000,22990901362,22990901366,4
21600000000,25200000000,22990901366,22990940393,39027
21600000000,25200000000,22990940393,22991671783,731390
21600000000,25200000000,22991671783,22991701941,30158
21600000000,25200000000,22991701941,22991702038,97
21600000000,25200000000,22991702038,22991702043,5
21600000000,25200000000,22991702043,22994480546,2778503
21600000000,25200000000,22994480546,22995193828,713282
21600000000,25200000000,22995193828,22995193925,97
21600000000,25200000000,22995193925,22995193930,5
21600000000,25200000000,22995193930,22995986271,792341
21600000000,25200000000,22995986271,22996839181,852910
21600000000,25200000000,22996839181,22996839237,56
21600000000,25200000000,22996839237,22997698988,859751
21600000000,25200000000,22997698988,22999225640,1526652
21600000000,25200000000,22999225640,22999248871,23231
21600000000,25200000000,22999248871,23001520721,2271850
21600000000,25200000000,23001520721,23002970075,1449354
21600000000,25200000000,23002970075,23002992667,22592
21600000000,25200000000,23002992667,23004914474,1921807
21600000000,25200000000,23004914474,23006873125,1958651
21600000000,25200000000,23006873125,23007729409,856284
21600000000,25200000000,23007729409,23007729476,67
21600000000,25200000000,23007729476,23007729481,5
21600000000,25200000000,23007729481,23009476510,1747029
21600000000,25200000000,23009476510,23009486221,9711
21600000000,25200000000,23009486221,23011088215,1601994
21600000000,25200000000,23011088215,23011890923,802708
21600000000,25200000000,23011890923,23011899405,8482
21600000000,25200000000,23011899405,23011899462,57
21600000000,25200000000,23011899462,23011899467,5
21600000000,25200000000,23011899467,23013521255,1621788
21600000000,25200000000,23013521255,23013643315,122060
21600000000,25200000000,23013643315,23013648619,5304
21600000000,25200000000,23013648619,23013652496,3877
21600000000,25200000000,23013652496,23013652623,127
21600000000,25200000000,23013652623,23015301221,1648598
21600000000,25200000000,23015301221,23015301245,24
21600000000,25200000000,23015301245,23015678810,377565
21600000000,25200000000,23015678810,23015678910,100
21600000000,25200000000,23015678910,23015678915,5
21600000000,25200000000,23015678915,23015678920,5
21600000000,25200000000,23015678920,23016697517,1018597
21600000000,25200000000,23016697517,23016697616,99
21600000000,25200000000,23016697616,23016697621,5
21600000000,25200000000,23016697621,23016697626,5
21600000000,25200000000,23016697626,23026328433,9630807
21600000000,25200000000,23026328433,23027981663,1653230
21600000000,25200000000,23027981663,23027987214,5551
21600000000,25200000000,23027987214,23029501682,1514468
21600000000,25200000000,23029501682,23029501699,17
21600000000,25200000000,23029501699,23030340345,838646
21600000000,25200000000,23030340345,23030347812,7467
21600000000,25200000000,23030347812,23031899542,1551730
21600000000,25200000000,23031899542,23031901754,2212
21600000000,25200000000,23031901754,23032003463,101709
21600000000,25200000000,23032003463,23035994854,3991391
21600000000,25200000000,23035994854,23037886175,1891321
21600000000,25200000000,23037886175,23039422673,1536498
21600000000,25200000000,23039422673,23045003109,5580436
21600000000,25200000000,23045003109,23046685643,1682534
21600000000,25200000000,23046685643,23050097053,3411410
21600000000,25200000000,23050097053,23050097297,244
21600000000,25200000000,23050097297,23050097310,13
21600000000,25200000000,23050097310,23053774456,3677146
21600000000,25200000000,23053774456,23053774523,67
21600000000,25200000000,23053774523,23053774528,5
21600000000,25200000000,23053774528,23062248639,8474111
21600000000,25200000000,23062248639,23063751790,1503151
21600000000,25200000000,23063751790,23064889714,1137924
21600000000,25200000000,23064889714,23066335945,1446231
21600000000,25200000000,23066335945,23068008971,1673026
21600000000,25200000000,23068008971,23069065136,1056165
21600000000,25200000000,23069065136,23074068405,5003269
21600000000,25200000000,23074068405,23074071136,2731
21600000000,25200000000,23074071136,23074073940,2804
21600000000,25200000000,23074073940,23074075665,1725
21600000000,25200000000,23074075665,23074819946,744281
21600000000,25200000000,23074819946,23075540473,720527
21600000000,25200000000,23075540473,23075540485,12
21600000000,25200000000,23075540485,23075540497,12
21600000000,25200000000,23075540497,23075540509,12
21600000000,25200000000,23075540509,23076243660,703151
21600000000,25200000000,23076243660,23078463758,2220098
21600000000,25200000000,23078463758,23078482441,18683
21600000000,25200000000,23078482441,23078482488,47
21600000000,25200000000,23078482488,23078482493,5
21600000000,25200000000,23078482493,23079213685,731192
21600000000,25200000000,23079213685,23080242540,1028855
21600000000,25200000000,23080242540,23085283568,5041028
21600000000,25200000000,23085283568,23086626077,1342509
21600000000,25200000000,23086626077,23087995432,1369355
21600000000,25200000000,23087995432,23088069167,73735
21600000000,25200000000,23088069167,23088751619,682452
21600000000,25200000000,23088751619,23089450598,698979
21600000000,25200000000,23089450598,23089486988,36390
21600000000,25200000000,23089486988,23090199181,712193
21600000000,25200000000,23090199181,23090228748,29567
21600000000,25200000000,23090228748,23091976092,1747344
21600000000,25200000000,23091976092,23092686152,710060
21600000000,25200000000,23092686152,23093407876,721724
21600000000,25200000000,23093407876,23093408003,127
21600000000,25200000000,23093408003,23093408008,5
21600000000,25200000000,23093408008,23094256863,848855
21600000000,25200000000,23094256863,23094404962,148099
21600000000,25200000000,23094404962,23095095761,690799
21600000000,25200000000,23095095761,23095120416,24655
21600000000,25200000000,23095120416,23095120463,47
21600000000,25200000000,23095120463,23095120468,5
21600000000,25200000000,23095120468,23096593392,1472924
21600000000,25200000000,23096593392,23097363348,769956
21600000000,25200000000,23097363348,23098078169,714821
21600000000,25200000000,23098078169,23101062817,2984648
21600000000,25200000000,23101062817,23101062821,4
21600000000,25200000000,23101062821,23101062898,77
21600000000,25200000000,23101062898,23101062903,5
21600000000,25200000000,23101062903,23101921974,859071
21600000000,25200000000,23101921974,23102609086,687112
21600000000,25200000000,23102609086,23103345938,736852
21600000000,25200000000,23103345938,23103345938,0
21600000000,25200000000,23103345938,23105553536,2207598
21600000000,25200000000,23105553536,23105553551,15
21600000000,25200000000,23105553551,23107075456,1521905
21600000000,25200000000,23107075456,23108514741,1439285
21600000000,25200000000,23108514741,23108534549,19808
21600000000,25200000000,23108534549,23109260600,726051
21600000000,25200000000,23109260600,23109953108,692508
21600000000,25200000000,23109953108,23110820539,867431
21600000000,25200000000,23110820539,23110837003,16464
21600000000,25200000000,23110837003,23112526787,1689784
21600000000,25200000000,23112526787,23112586196,59409
21600000000,25200000000,23112586196,23112590499,4303
21600000000,25200000000,23112590499,23112592552,2053
21600000000,25200000000,23112592552,23113308411,715859
21600000000,25200000000,23113308411,23113978908,670497
21600000000,25200000000,23113978908,23113978912,4
21600000000,25200000000,23113978912,23113978913,1
21600000000,25200000000,23113978913,23113978932,19
21600000000,25200000000,23113978932,23113978943,11
21600000000,25200000000,23113978943,23114696623,717680
21600000000,25200000000,23114696623,23114696798,175
21600000000,25200000000,23114696798,23114697587,789
21600000000,25200000000,23114697587,23116066899,1369312
21600000000,25200000000,23116066899,23117524440,1457541
21600000000,25200000000,23117524440,23117524679,239
21600000000,25200000000,23117524679,23117524684,5
21600000000,25200000000,23117524684,23118279024,754340
21600000000,25200000000,23118279024,23119723261,1444237
21600000000,25200000000,23119723261,23122980791,3257530
21600000000,25200000000,23122980791,23124900064,1919273
21600000000,25200000000,23124900064,23124905087,5023
21600000000,25200000000,23124905087,23124908372,3285
21600000000,25200000000,23124908372,23124910678,2306
21600000000,25200000000,23124910678,23124913125,2447
21600000000,25200000000,23124913125,23126194152,1281027
21600000000,25200000000,23126194152,23126194163,11
21600000000,25200000000,23126194163,23126194183,20
21600000000,25200000000,23126194183,23126194193,10
21600000000,25200000000,23126194193,23126194204,11
21600000000,25200000000,23126194204,23129722958,3528754
21600000000,25200000000,23129722958,23129734926,11968
21600000000,25200000000,23129734926,23130545139,810213
21600000000,25200000000,23130545139,23131362846,817707
21600000000,25200000000,23131362846,23131383411,20565
21600000000,25200000000,23131383411,23132184107,800696
21600000000,25200000000,23132184107,23132926215,742108
21600000000,25200000000,23132926215,23133754670,828455
21600000000,25200000000,23133754670,23133833795,79125
21600000000,25200000000,23133833795,23133833795,0
21600000000,25200000000,23133833795,23133849295,15500
21600000000,25200000000,23133849295,23133889919,40624
21600000000,25200000000,23133889919,23134989768,1099849
21600000000,25200000000,23134989768,23134993556,3788
21600000000,25200000000,23134993556,23135852625,859069
21600000000,25200000000,23135852625,23135852643,18
21600000000,25200000000,23135852643,23136032131,179488
21600000000,25200000000,23136032131,23136032133,2
21600000000,25200000000,23136032133,23136803922,771789
21600000000,25200000000,23136803922,23136803934,12
21600000000,25200000000,23136803934,23136830765,26831
21600000000,25200000000,23136830765,23137583791,753026
21600000000,25200000000,23137583791,23137663384,79593
21600000000,25200000000,23137663384,23137667103,3719
21600000000,25200000000,23137667103,23137669255,2152
21600000000,25200000000,23137669255,23137671088,1833
21600000000,25200000000,23137671088,23138403206,732118
21600000000,25200000000,23138403206,23139174883,771677
21600000000,25200000000,23139174883,23139174887,4
21600000000,25200000000,23139174887,23139174896,9
21600000000,25200000000,23139174896,23139174909,13
21600000000,25200000000,23139174909,23139174921,12
21600000000,25200000000,23139174921,23139941200,766279
21600000000,25200000000,23139941200,23141458844,1517644
21600000000,25200000000,23141458844,23142985580,1526736
21600000000,25200000000,23142985580,23146765905,3780325
21600000000,25200000000,23146765905,23151596740,4830835
21600000000,25200000000,23151596740,23151601045,4305
21600000000,25200000000,23151601045,23151602933,1888
21600000000,25200000000,23151602933,23151607194,4261
21600000000,25200000000,23151607194,23151609099,1905
21600000000,25200000000,23151609099,23153076386,1467287
21600000000,25200000000,23153076386,23153076405,19
21600000000,25200000000,23153076405,23153076428,23
21600000000,25200000000,23153076428,23153076432,4
21600000000,25200000000,23153076432,23153076433,1
21600000000,25200000000,23153076433,23153076445,12
21600000000,25200000000,23153076445,23153076636,191
21600000000,25200000000,23153076636,23153076640,4
21600000000,25200000000,23153076640,23153106939,30299
21600000000,25200000000,23153106939,23153166254,59315
21600000000,25200000000,23153166254,23153849126,682872
21600000000,25200000000,23153849126,23153849151,25
21600000000,25200000000,23153849151,23153849202,51
21600000000,25200000000,23153849202,23154980195,1130993
21600000000,25200000000,23154980195,23157529004,2548809
21600000000,25200000000,23157529004,23158228860,699856
21600000000,25200000000,23158228860,23158233319,4459
21600000000,25200000000,23158233319,23158233326,7
21600000000,25200000000,23158233326,23161418548,3185222
21600000000,25200000000,23161418548,23161418757,209
21600000000,25200000000,23161418757,23161418762,5
21600000000,25200000000,23161418762,23161418769,7
21600000000,25200000000,23161418769,23162982950,1564181
21600000000,25200000000,23162982950,23163771957,789007
21600000000,25200000000,23163771957,23163774978,3021
21600000000,25200000000,23163774978,23165234729,1459751
21600000000,25200000000,23165234729,23165234913,184
21600000000,25200000000,23165234913,23165234917,4
21600000000,25200000000,23165234917,23165261021,26104
21600000000,25200000000,23165261021,23165964043,703022
21600000000,25200000000,23165964043,23165987254,23211
21600000000,25200000000,23165987254,23166711132,723878
21600000000,25200000000,23166711132,23170393702,3682570
21600000000,25200000000,23170393702,23171287647,893945
21600000000,25200000000,23171287647,23173897309,2609662
21600000000,25200000000,23173897309,23173904345,7036
21600000000,25200000000,23173904345,23173904382,37
21600000000,25200000000,23173904382,23173904387,5
21600000000,25200000000,23173904387,23175494872,1590485
21600000000,25200000000,23175494872,23176271856,776984
21600000000,25200000000,23176271856,23176274959,3103
21600000000,25200000000,23176274959,23177672148,1397189
21600000000,25200000000,23177672148,23177672361,213
21600000000,25200000000,23177672361,23178412756,740395
21600000000,25200000000,23178412756,23180146515,1733759
21600000000,25200000000,23180146515,23180854509,707994
21600000000,25200000000,23180854509,23180854512,3
21600000000,25200000000,23180854512,23182391154,1536642
21600000000,25200000000,23182391154,23183278259,887105
21600000000,25200000000,23183278259,23184897052,1618793
21600000000,25200000000,23184897052,23184897219,167
21600000000,25200000000,23184897219,23185758968,861749
21600000000,25200000000,23185758968,23190869701,5110733
21600000000,25200000000,23190869701,23190879921,10220
21600000000,25200000000,23190879921,23192269000,1389079
21600000000,25200000000,23192269000,23198586788,6317788
21600000000,25200000000,23198586788,23199436487,849699
21600000000,25200000000,23199436487,23200282990,846503
21600000000,25200000000,23200282990,23200292321,9331
21600000000,25200000000,23200292321,23200640521,348200
21600000000,25200000000,23200640521,23200640712,191
21600000000,25200000000,23200640712,23202366591,1725879
21600000000,25200000000,23202366591,23202366609,18
21600000000,25200000000,23202366609,23202403802,37193
21600000000,25200000000,23202403802,23213779260,11375458
21600000000,25200000000,23213779260,23215345863,1566603
21600000000,25200000000,23215345863,23215397800,51937
21600000000,25200000000,23215397800,23216160964,763164
21600000000,25200000000,23216160964,23223787010,7626046
21600000000,25200000000,23223787010,23223792281,5271
21600000000,25200000000,23223792281,23224582077,789796
21600000000,25200000000,23224582077,23225219320,637243
21600000000,25200000000,23225219320,23225242800,23480
21600000000,25200000000,23225242800,23225871118,628318
21600000000,25200000000,23225871118,23225903128,32010
21600000000,25200000000,23225903128,23225912492,9364
21600000000,25200000000,23225912492,23226527958,615466
21600000000,25200000000,23226527958,23227341250,813292
21600000000,25200000000,23227341250,23227341254,4
21600000000,25200000000,23227341254,23227341670,416
21600000000,25200000000,23227341670,23227341674,4
21600000000,25200000000,23227341674,23228797359,1455685
21600000000,25200000000,23228797359,23228805973,8614
21600000000,25200000000,23228805973,23231814946,3008973
21600000000,25200000000,23231814946,23232616442,801496
21600000000,25200000000,23232616442,23232616446,4
21600000000,25200000000,23232616446,23232616461,15
21600000000,25200000000,23232616461,23233507469,891008
21600000000,25200000000,23233507469,23237345841,3838372
21600000000,25200000000,23237345841,23237394653,48812
21600000000,25200000000,23237394653,23237776487,381834
21600000000,25200000000,23237776487,23240811084,3034597
21600000000,25200000000,23240811084,23240811088,4
21600000000,25200000000,23240811088,23240811089,1
21600000000,25200000000,23240811089,23240811121,32
21600000000,25200000000,23240811121,23240811133,12
21600000000,25200000000,23240811133,23240858246,47113
21600000000,25200000000,23240858246,23240858293,47
21600000000,25200000000,23240858293,23240858298,5
21600000000,25200000000,23240858298,23241720006,861708
21600000000,25200000000,23241720006,23241720206,200
21600000000,25200000000,23241720206,23241754221,34015
21600000000,25200000000,23241754221,23243450008,1695787
21600000000,25200000000,23243450008,23243450012,4
21600000000,25200000000,23243450012,23243450102,90
21600000000,25200000000,23243450102,23243450107,5
21600000000,25200000000,23243450107,23244536258,1086151
21600000000,25200000000,23244536258,23246206319,1670061
21600000000,25200000000,23246206319,23248382406,2176087
21600000000,25200000000,23248382406,23248389085,6679
21600000000,25200000000,23248389085,23249178911,789826
21600000000,25200000000,23249178911,23250013330,834419
21600000000,25200000000,23250013330,23250030186,16856
21600000000,25200000000,23250030186,23250042118,11932
21600000000,25200000000,23250042118,23251797075,1754957
21600000000,25200000000,23251797075,23251797079,4
21600000000,25200000000,23251797079,23252662721,865642
21600000000,25200000000,23252662721,23252686417,23696
21600000000,25200000000,23252686417,23252686564,147
21600000000,25200000000,23252686564,23252686571,7
21600000000,25200000000,23252686571,23252686578,7
21600000000,25200000000,23252686578,23253594135,907557
21600000000,25200000000,23253594135,23253594224,89
21600000000,25200000000,23253594224,23253594229,5
21600000000,25200000000,23253594229,23253594234,5
21600000000,25200000000,23253594234,23255652671,2058437
21600000000,25200000000,23255652671,23255670831,18160
21600000000,25200000000,23255670831,23257546783,1875952
21600000000,25200000000,23257546783,23261008216,3461433
21600000000,25200000000,23261008216,23261018205,9989
21600000000,25200000000,23261018205,23261020715,2510
21600000000,25200000000,23261020715,23261941320,920605
21600000000,25200000000,23261941320,23262919115,977795
21600000000,25200000000,23262919115,23262919132,17
21600000000,25200000000,23262919132,23262919149,17
21600000000,25200000000,23262919149,23263618524,699375
21600000000,25200000000,23263618524,23263620540,2016
21600000000,25200000000,23263620540,23263623719,3179
21600000000,25200000000,23263623719,23265453836,1830117
21600000000,25200000000,23265453836,23265453861,25
21600000000,25200000000,23265453861,23265453886,25
21600000000,25200000000,23265453886,23265533101,79215
21600000000,25200000000,23265533101,23265538295,5194
21600000000,25200000000,23265538295,23265542995,4700
21600000000,25200000000,23265542995,23267221995,1679000
21600000000,25200000000,23267221995,23267222641,646
21600000000,25200000000,23267222641,23267223284,643
21600000000,25200000000,23267223284,23267302262,78978
21600000000,25200000000,23267302262,23268993802,1691540
21600000000,25200000000,23268993802,23276786971,7793169
21600000000,25200000000,23276786971,23276790073,3102
21600000000,25200000000,23276790073,23276794714,4641
21600000000,25200000000,23276794714,23277616033,821319
21600000000,25200000000,23277616033,23277624327,8294
21600000000,25200000000,23277624327,23278415580,791253
21600000000,25200000000,23278415580,23278415592,12
21600000000,25200000000,23278415592,23278415607,15
21600000000,25200000000,23278415607,23278459718,44111
21600000000,25200000000,23278459718,23278459966,248
21600000000,25200000000,23278459966,23278459976,10
21600000000,25200000000,23278459976,23279375408,915432
21600000000,25200000000,23279375408,23279375419,11
21600000000,25200000000,23279375419,23281405134,2029715
21600000000,25200000000,23281405134,23281405404,270
21600000000,25200000000,23281405404,23285841338,4435934
21600000000,25200000000,23285841338,23285841426,88
21600000000,25200000000,23285841426,23285841431,5
21600000000,25200000000,23285841431,23286716006,874575
21600000000,25200000000,23286716006,23286716195,189
21600000000,25200000000,23286716195,23286716200,5
21600000000,25200000000,23286716200,23286716205,5
21600000000,25200000000,23286716205,23287737762,1021557
21600000000,25200000000,23287737762,23289685815,1948053
21600000000,25200000000,23289685815,23291736177,2050362
21600000000,25200000000,23291736177,23291740958,4781
21600000000,25200000000,23291740958,23291743130,2172
21600000000,25200000000,23291743130,23291745059,1929
21600000000,25200000000,23291745059,23293333893,1588834
21600000000,25200000000,23293333893,23293333906,13
21600000000,25200000000,23293333906,23293333918,12
21600000000,25200000000,23293333918,23293333930,12
21600000000,25200000000,23293333930,23295809038,2475108
21600000000,25200000000,23295809038,23297348391,1539353
21600000000,25200000000,23297348391,23298142721,794330
21600000000,25200000000,23298142721,23298161850,19129
21600000000,25200000000,23298161850,23299055324,893474
21600000000,25200000000,23299055324,23299894102,838778
21600000000,25200000000,23299894102,23299894155,53
21600000000,25200000000,23299894155,23300860520,966365
21600000000,25200000000,23300860520,23300883335,22815
21600000000,25200000000,23300883335,23301680955,797620
21600000000,25200000000,23301680955,23302800129,1119174
21600000000,25200000000,23302800129,23302845382,45253
21600000000,25200000000,23302845382,23302845929,547
21600000000,25200000000,23302845929,23302845934,5
21600000000,25200000000,23302845934,23303765745,919811
21600000000,25200000000,23303765745,23303841104,75359
21600000000,25200000000,23303841104,23305684569,1843465
21600000000,25200000000,23305684569,23305996453,311884
21600000000,25200000000,23305996453,23311811948,5815495
21600000000,25200000000,23311811948,23317218277,5406329
21600000000,25200000000,23317218277,23319063345,1845068
21600000000,25200000000,23319063345,23324734073,5670728
21600000000,25200000000,23324734073,23326381266,1647193
21600000000,25200000000,23326381266,23327174091,792825
21600000000,25200000000,23327174091,23327175293,1202
21600000000,25200000000,23327175293,23327175310,17
21600000000,25200000000,23327175310,23328905890,1730580
21600000000,25200000000,23328905890,23339612511,10706621
21600000000,25200000000,23339612511,23339612514,3
21600000000,25200000000,23339612514,23341169227,1556713
21600000000,25200000000,23341169227,23341173402,4175
21600000000,25200000000,23341173402,23341175666,2264
21600000000,25200000000,23341175666,23341178050,2384
21600000000,25200000000,23341178050,23343395773,2217723
21600000000,25200000000,23343395773,23343395792,19
21600000000,25200000000,23343395792,23343395815,23
21600000000,25200000000,23343395815,23343395845,30
21600000000,25200000000,23343395845,23346954468,3558623
21600000000,25200000000,23346954468,23346954556,88
21600000000,25200000000,23346954556,23346954563,7
21600000000,25200000000,23346954563,23352107094,5152531
21600000000,25200000000,23352107094,23352990921,883827
21600000000,25200000000,23352990921,23353807103,816182
21600000000,25200000000,23353807103,23353823709,16606
21600000000,25200000000,23353823709,23353828097,4388
21600000000,25200000000,23353828097,23354614578,786481
21600000000,25200000000,23354614578,23357353101,2738523
21600000000,25200000000,23357353101,23357353364,263
21600000000,25200000000,23357353364,23361040094,3686730
21600000000,25200000000,23361040094,23362657074,1616980
21600000000,25200000000,23362657074,23363507170,850096
21600000000,25200000000,23363507170,23364301160,793990
21600000000,25200000000,23364301160,23365688521,1387361
21600000000,25200000000,23365688521,23365799335,110814
21600000000,25200000000,23365799335,23366736971,937636
21600000000,25200000000,23366736971,23366767823,30852
21600000000,25200000000,23366767823,23367963692,1195869
21600000000,25200000000,23367963692,23368874489,910797
21600000000,25200000000,23368874489,23369859546,985057
21600000000,25200000000,23369859546,23376334758,6475212
21600000000,25200000000,23376334758,23378288331,1953573
21600000000,25200000000,23378288331,23384434731,6146400
21600000000,25200000000,23384434731,23384434858,127
21600000000,25200000000,23384434858,23384434863,5
21600000000,25200000000,23384434863,23386244803,1809940
21600000000,25200000000,23386244803,23387975428,1730625
21600000000,25200000000,23387975428,23389206529,1231101
21600000000,25200000000,23389206529,23402124593,12918064
21600000000,25200000000,23402124593,23403895494,1770901
21600000000,25200000000,23403895494,23404774528,879034
21600000000,25200000000,23404774528,23406630341,1855813
21600000000,25200000000,23406630341,23407575562,945221
21600000000,25200000000,23407575562,23408538304,962742
21600000000,25200000000,23408538304,23409441558,903254
21600000000,25200000000,23409441558,23409480108,38550
21600000000,25200000000,23409480108,23409480949,841
21600000000,25200000000,23409480949,23409480952,3
21600000000,25200000000,23409480952,23411674325,2193373
21600000000,25200000000,23411674325,23415290200,3615875
21600000000,25200000000,23415290200,23417005890,1715690
21600000000,25200000000,23417005890,23422560092,5554202
21600000000,25200000000,23422560092,23422596363,36271
21600000000,25200000000,23422596363,23422599117,2754
21600000000,25200000000,23422599117,23422602235,3118
21600000000,25200000000,23422602235,23423492306,890071
21600000000,25200000000,23423492306,23424298122,805816
21600000000,25200000000,23424298122,23424298133,11
21600000000,25200000000,23424298133,23424298144,11
21600000000,25200000000,23424298144,23424298155,11
21600000000,25200000000,23424298155,23426167599,1869444
21600000000,25200000000,23426167599,23427307158,1139559
21600000000,25200000000,23427307158,23428379522,1072364
21600000000,25200000000,23428379522,23429267767,888245
21600000000,25200000000,23429267767,23430133306,865539
21600000000,25200000000,23430133306,23435993408,5860102
21600000000,25200000000,23435993408,23435993495,87
21600000000,25200000000,23435993495,23435993500,5
21600000000,25200000000,23435993500,23438228545,2235045
21600000000,25200000000,23438228545,23438228572,27
21600000000,25200000000,23438228572,23438228577,5
21600000000,25200000000,23438228577,23440248760,2020183
21600000000,25200000000,23440248760,23442182433,1933673
21600000000,25200000000,23442182433,23444413676,2231243
21600000000,25200000000,23444413676,23444413814,138
21600000000,25200000000,23444413814,23444413819,5
21600000000,25200000000,23444413819,23448899572,4485753
21600000000,25200000000,23448899572,23451518489,2618917
21600000000,25200000000,23451518489,23454312040,2793551
21600000000,25200000000,23454312040,23454323883,11843
21600000000,25200000000,23454323883,23456219265,1895382
21600000000,25200000000,23456219265,23456219269,4
21600000000,25200000000,23456219269,23456219270,1
21600000000,25200000000,23456219270,23456219303,33
21600000000,25200000000,23456219303,23456239918,20615
21600000000,25200000000,23456239918,23456239920,2
21600000000,25200000000,23456239920,23457045886,805966
21600000000,25200000000,23457045886,23457046091,205
21600000000,25200000000,23457046091,23457086000,39909
21600000000,25200000000,23457086000,23457944460,858460
21600000000,25200000000,23457944460,23463629952,5685492
21600000000,25200000000,23463629952,23463646885,16933
21600000000,25200000000,23463646885,23463646912,27
21600000000,25200000000,23463646912,23463646917,5
21600000000,25200000000,23463646917,23464540971,894054
21600000000,25200000000,23464540971,23465435204,894233
21600000000,25200000000,23465435204,23465825113,389909
21600000000,25200000000,23465825113,23466637002,811889
21600000000,25200000000,23466637002,23466680787,43785
21600000000,25200000000,23466680787,23467544397,863610
21600000000,25200000000,23467544397,23467556269,11872
21600000000,25200000000,23467556269,23468339196,782927
21600000000,25200000000,23468339196,23468369347,30151
21600000000,25200000000,23468369347,23468370323,976
21600000000,25200000000,23468370323,23468370335,12
21600000000,25200000000,23468370335,23469382405,1012070
21600000000,25200000000,23469382405,23469382429,24
21600000000,25200000000,23469382429,23472231024,2848595
21600000000,25200000000,23472231024,23473978922,1747898
21600000000,25200000000,23473978922,23474001150,22228
21600000000,25200000000,23474001150,23474007464,6314
21600000000,25200000000,23474007464,23474816744,809280
21600000000,25200000000,23474816744,23475664840,848096
21600000000,25200000000,23475664840,23479386123,3721283
21600000000,25200000000,23479386123,23480248587,862464
21600000000,25200000000,23480248587,23480274399,25812
21600000000,25200000000,23480274399,23481159603,885204
21600000000,25200000000,23481159603,23482050165,890562
21600000000,25200000000,23482050165,23482929627,879462
21600000000,25200000000,23482929627,23482929883,256
21600000000,25200000000,23482929883,23482929898,15
21600000000,25200000000,23482929898,23484942547,2012649
21600000000,25200000000,23484942547,23487411522,2468975
21600000000,25200000000,23487411522,23489340145,1928623
21600000000,25200000000,23489340145,23490185294,845149
21600000000,25200000000,23490185294,23490185376,82
21600000000,25200000000,23490185376,23491025166,839790
21600000000,25200000000,23491025166,23491025397,231
21600000000,25200000000,23491025397,23491025400,3
21600000000,25200000000,23491025400,23492534597,1509197
21600000000,25200000000,23492534597,23492551395,16798
21600000000,25200000000,23492551395,23493410323,858928
21600000000,25200000000,23493410323,23494238018,827695
21600000000,25200000000,23494238018,23495766691,1528673
21600000000,25200000000,23495766691,23496739473,972782
21600000000,25200000000,23496739473,23500111375,3371902
21600000000,25200000000,23500111375,23502274557,2163182
21600000000,25200000000,23502274557,23506988225,4713668
21600000000,25200000000,23506988225,23506988312,87
21600000000,25200000000,23506988312,23506988317,5
21600000000,25200000000,23506988317,23509798516,2810199
21600000000,25200000000,23509798516,23510550675,752159
21600000000,25200000000,23510550675,23511348019,797344
21600000000,25200000000,23511348019,23513298346,1950327
21600000000,25200000000,23513298346,23514765420,1467074
21600000000,25200000000,23514765420,23515594308,828888
21600000000,25200000000,23515594308,23516357775,763467
21600000000,25200000000,23516357775,23516397985,40210
21600000000,25200000000,23516397985,23517956242,1558257
21600000000,25200000000,23517956242,23517956246,4
21600000000,25200000000,23517956246,23517956247,1
21600000000,25200000000,23517956247,23518724328,768081
21600000000,25200000000,23518724328,23518724353,25
21600000000,25200000000,23518724353,23518755629,31276
21600000000,25200000000,23518755629,23520501853,1746224
21600000000,25200000000,23520501853,23523373311,2871458
21600000000,25200000000,23523373311,23523373659,348
21600000000,25200000000,23523373659,23523373665,6
21600000000,25200000000,23523373665,23528671952,5298287
21600000000,25200000000,23528671952,23528693765,21813
21600000000,25200000000,23528693765,23530504960,1811195
21600000000,25200000000,23530504960,23531241751,736791
21600000000,25200000000,23531241751,23531241755,4
21600000000,25200000000,23531241755,23531241774,19
21600000000,25200000000,23531241774,23531689504,447730
21600000000,25200000000,23531689504,23532450191,760687
21600000000,25200000000,23532450191,23533166788,716597
21600000000,25200000000,23533166788,23534746082,1579294
21600000000,25200000000,23534746082,23537861091,3115009
21600000000,25200000000,23537861091,23542405524,4544433
21600000000,25200000000,23542405524,23544059999,1654475
21600000000,25200000000,23544059999,23546574074,2514075
21600000000,25200000000,23546574074,23546574317,243
21600000000,25200000000,23546574317,23548178265,1603948
21600000000,25200000000,23548178265,23549614238,1435973
21600000000,25200000000,23549614238,23550402778,788540
21600000000,25200000000,23550402778,23554868518,4465740
21600000000,25200000000,23554868518,23557647497,2778979
21600000000,25200000000,23557647497,23557647634,137
21600000000,25200000000,23557647634,23557647639,5
21600000000,25200000000,23557647639,23561017358,3369719
21600000000,25200000000,23561017358,23562508942,1491584
21600000000,25200000000,23562508942,23562875212,366270
21600000000,25200000000,23562875212,23562875326,114
21600000000,25200000000,23562875326,23562875330,4
21600000000,25200000000,23562875330,23562875367,37
21600000000,25200000000,23562875367,23562875372,5
21600000000,25200000000,23562875372,23564599523,1724151
21600000000,25200000000,23564599523,23564602753,3230
21600000000,25200000000,23564602753,23566045748,1442995
21600000000,25200000000,23566045748,23566045752,4
21600000000,25200000000,23566045752,23566045809,57
21600000000,25200000000,23566045809,23566804274,758465
21600000000,25200000000,23566804274,23571374412,4570138
21600000000,25200000000,23571374412,23572733237,1358825
21600000000,25200000000,23572733237,23572749149,15912
21600000000,25200000000,23572749149,23573467243,718094
21600000000,25200000000,23573467243,23575313941,1846698
21600000000,25200000000,23575313941,23575970601,656660
21600000000,25200000000,23575970601,23576718810,748209
21600000000,25200000000,23576718810,23578198384,1479574
21600000000,25200000000,23578198384,23578896961,698577
21600000000,25200000000,23578896961,23578897008,47
21600000000,25200000000,23578897008,23578897013,5
21600000000,25200000000,23578897013,23579647878,750865
21600000000,25200000000,23579647878,23581157936,1510058
21600000000,25200000000,23581157936,23582728126,1570190
21600000000,25200000000,23582728126,23587527603,4799477
21600000000,25200000000,23587527603,23587527631,28
21600000000,25200000000,23587527631,23587527636,5
21600000000,25200000000,23587527636,23592866624,5338988
21600000000,25200000000,23592866624,23594399998,1533374
21600000000,25200000000,23594399998,23595173442,773444
21600000000,25200000000,23595173442,23595988316,814874
21600000000,25200000000,23595988316,23595989441,1125
21600000000,25200000000,23595989441,23595989873,432
21600000000,25200000000,23595989873,23595989970,97
21600000000,25200000000,23595989970,23595989975,5
21600000000,25200000000,23595989975,23596842544,852569
21600000000,25200000000,23596842544,23598074559,1232015
21600000000,25200000000,23598074559,23598964108,889549
21600000000,25200000000,23598964108,23599747090,782982
21600000000,25200000000,23599747090,23600606618,859528
21600000000,25200000000,23600606618,23601397553,790935
21600000000,25200000000,23601397553,23602237690,840137
21600000000,25200000000,23602237690,23602237729,39
21600000000,25200000000,23602237729,23602237734,5
21600000000,25200000000,23602237734,23602237739,5
21600000000,25200000000,23602237739,23603106401,868662
21600000000,25200000000,23603106401,23603124496,18095
21600000000,25200000000,23603124496,23605403684,2279188
21600000000,25200000000,23605403684,23605403687,3
21600000000,25200000000,23605403687,23605403688,1
21600000000,25200000000,23605403688,23605403689,1
21600000000,25200000000,23605403689,23606208745,805056
21600000000,25200000000,23606208745,23606208945,200
21600000000,25200000000,23606208945,23606215768,6823
21600000000,25200000000,23606215768,23606461825,246057
21600000000,25200000000,23606461825,23607955524,1493699
21600000000,25200000000,23607955524,23609024035,1068511
21600000000,25200000000,23609024035,23609769867,745832
21600000000,25200000000,23609769867,23610521164,751297
21600000000,25200000000,23610521164,23611285702,764538
21600000000,25200000000,23611285702,23616845489,5559787
21600000000,25200000000,23616845489,23616845536,47
21600000000,25200000000,23616845536,23616845541,5
21600000000,25200000000,23616845541,23618845000,1999459
21600000000,25200000000,23618845000,23621829611,2984611
21600000000,25200000000,23621829611,23623236094,1406483
21600000000,25200000000,23623236094,23627360547,4124453
21600000000,25200000000,23627360547,23628937462,1576915
21600000000,25200000000,23628937462,23629999263,1061801
21600000000,25200000000,23629999263,23630798523,799260
21600000000,25200000000,23630798523,23638204080,7405557
21600000000,25200000000,23638204080,23639705852,1501772
21600000000,25200000000,23639705852,23641534205,1828353
21600000000,25200000000,23641534205,23642318394,784189
21600000000,25200000000,23642318394,23643751006,1432612
21600000000,25200000000,23643751006,23649432012,5681006
21600000000,25200000000,23649432012,23652686442,3254430
21600000000,25200000000,23652686442,23652691089,4647
21600000000,25200000000,23652691089,23653516485,825396
21600000000,25200000000,23653516485,23654219893,703408
21600000000,25200000000,23654219893,23654219910,17
21600000000,25200000000,23654219910,23654246169,26259
21600000000,25200000000,23654246169,23657326897,3080728
21600000000,25200000000,23657326897,23657326937,40
21600000000,25200000000,23657326937,23657326942,5
21600000000,25200000000,23657326942,23662420042,5093100
21600000000,25200000000,23662420042,23663866911,1446869
21600000000,25200000000,23663866911,23664892319,1025408
21600000000,25200000000,23664892319,23664897469,5150
21600000000,25200000000,23664897469,23666281514,1384045
21600000000,25200000000,23666281514,23666281525,11
21600000000,25200000000,23666281525,23670625773,4344248
21600000000,25200000000,23670625773,23673340196,2714423
21600000000,25200000000,23673340196,23673340265,69
21600000000,25200000000,23673340265,23673340270,5
21600000000,25200000000,23673340270,23673340275,5
21600000000,25200000000,23673340275,23677259635,3919360
21600000000,25200000000,23677259635,23678828351,1568716
21600000000,25200000000,23678828351,23687523120,8694769
21600000000,25200000000,23687523120,23689146580,1623460
21600000000,25200000000,23689146580,23689971315,824735
21600000000,25200000000,23689971315,23691454563,1483248
21600000000,25200000000,23691454563,23701039278,9584715
21600000000,25200000000,23701039278,23701970661,931383
21600000000,25200000000,23701970661,23702739065,768404
21600000000,25200000000,23702739065,23702739069,4
21600000000,25200000000,23702739069,23703458101,719032
21600000000,25200000000,23703458101,23703458339,238
21600000000,25200000000,23703458339,23705227495,1769156
21600000000,25200000000,23705227495,23706826309,1598814
21600000000,25200000000,23706826309,23709769077,2942768
21600000000,25200000000,23709769077,23709769114,37
21600000000,25200000000,23709769114,23709769119,5
21600000000,25200000000,23709769119,23710545172,776053
21600000000,25200000000,23710545172,23710572518,27346
21600000000,25200000000,23710572518,23712122114,1549596
21600000000,25200000000,23712122114,23712896072,773958
21600000000,25200000000,23712896072,23714227093,1331021
21600000000,25200000000,23714227093,23715291867,1064774
21600000000,25200000000,23715291867,23716614374,1322507
21600000000,25200000000,23716614374,23716614378,4
21600000000,25200000000,23716614378,23716614379,1
21600000000,25200000000,23716614379,23717404199,789820
21600000000,25200000000,23717404199,23717404230,31
21600000000,25200000000,23717404230,23718978239,1574009
21600000000,25200000000,23718978239,23725963437,6985198
21600000000,25200000000,23725963437,23727429956,1466519
21600000000,25200000000,23727429956,23727454225,24269
21600000000,25200000000,23727454225,23727465310,11085
21600000000,25200000000,23727465310,23727468970,3660
21600000000,25200000000,23727468970,23728160962,691992
21600000000,25200000000,23728160962,23728833350,672388
21600000000,25200000000,23728833350,23728833361,11
21600000000,25200000000,23728833361,23729591356,757995
21600000000,25200000000,23729591356,23730269733,678377
21600000000,25200000000,23730269733,23730269735,2
21600000000,25200000000,23730269735,23730902817,633082
21600000000,25200000000,23730902817,23731629049,726232
21600000000,25200000000,23731629049,23739686567,8057518
21600000000,25200000000,23739686567,23739691792,5225
21600000000,25200000000,23739691792,23741089565,1397773
21600000000,25200000000,23741089565,23741090395,830
21600000000,25200000000,23741090395,23741090399,4
21600000000,25200000000,23741090399,23741845853,755454
21600000000,25200000000,23741845853,23745010178,3164325
21600000000,25200000000,23745010178,23746437344,1427166
21600000000,25200000000,23746437344,23746459230,21886
21600000000,25200000000,23746459230,23747163783,704553
21600000000,25200000000,23747163783,23748156442,992659
21600000000,25200000000,23748156442,23748894660,738218
21600000000,25200000000,23748894660,23751892576,2997916
21600000000,25200000000,23751892576,23753342256,1449680
21600000000,25200000000,23753342256,23754987092,1644836
21600000000,25200000000,23754987092,23754987095,3
21600000000,25200000000,23754987095,23756362797,1375702
21600000000,25200000000,23756362797,23760578047,4215250
21600000000,25200000000,23760578047,23762115683,1537636
21600000000,25200000000,23762115683,23762141651,25968
21600000000,25200000000,23762141651,23762141654,3
21600000000,25200000000,23762141654,23763630169,1488515
21600000000,25200000000,23763630169,23765897151,2266982
21600000000,25200000000,23765897151,23765897558,407
21600000000,25200000000,23765897558,23765897563,5
21600000000,25200000000,23765897563,23775717461,9819898
21600000000,25200000000,23775717461,23777430269,1712808
21600000000,25200000000,23777430269,23777438275,8006
21600000000,25200000000,23777438275,23778843222,1404947
21600000000,25200000000,23778843222,23778843226,4
21600000000,25200000000,23778843226,23778843290,64
21600000000,25200000000,23778843290,23778843294,4
21600000000,25200000000,23778843294,23779596086,752792
21600000000,25200000000,23779596086,23779596879,793
21600000000,25200000000,23779596879,23779678172,81293
21600000000,25200000000,23779678172,23779678271,99
21600000000,25200000000,23779678271,23779678276,5
21600000000,25200000000,23779678276,23779678281,5
21600000000,25200000000,23779678281,23781541362,1863081
21600000000,25200000000,23781541362,23781567262,25900
21600000000,25200000000,23781567262,23783111954,1544692
21600000000,25200000000,23783111954,23784922825,1810871
21600000000,25200000000,23784922825,23785666548,743723
21600000000,25200000000,23785666548,23786425585,759037
21600000000,25200000000,23786425585,23789660405,3234820
21600000000,25200000000,23789660405,23791483715,1823310
21600000000,25200000000,23791483715,23792238073,754358
21600000000,25200000000,23792238073,23793751935,1513862
21600000000,25200000000,23793751935,23794532200,780265
21600000000,25200000000,23794532200,23796050625,1518425
21600000000,25200000000,23796050625,23798381881,2331256
21600000000,25200000000,23798381881,23798381930,49
21600000000,25200000000,23798381930,23798381935,5
21600000000,25200000000,23798381935,23798381940,5
21600000000,25200000000,23798381940,23801231072,2849132
21600000000,25200000000,23801231072,23801231072,0
21600000000,25200000000,23801231072,23803033905,1802833
21600000000,25200000000,23803033905,23804575167,1541262
21600000000,25200000000,23804575167,23804575171,4
21600000000,25200000000,23804575171,23804575172,1
21600000000,25200000000,23804575172,23804575173,1
21600000000,25200000000,23804575173,23805354101,778928
21600000000,25200000000,23805354101,23805354300,199
21600000000,25200000000,23805354300,23805355521,1221
21600000000,25200000000,23805355521,23807697764,2342243
21600000000,25200000000,23807697764,23809244017,1546253
21600000000,25200000000,23809244017,23810724227,1480210
21600000000,25200000000,23810724227,23812784294,2060067
21600000000,25200000000,23812784294,23814312396,1528102
21600000000,25200000000,23814312396,23815919593,1607197
21600000000,25200000000,23815919593,23815922059,2466
21600000000,25200000000,23815922059,23817534150,1612091
21600000000,25200000000,23817534150,23817534175,25
21600000000,25200000000,23817534175,23817534179,4
21600000000,25200000000,23817534179,23818348799,814620
21600000000,25200000000,23818348799,23818393409,44610
21600000000,25200000000,23818393409,23819959052,1565643
21600000000,25200000000,23819959052,23825506819,5547767
21600000000,25200000000,23825506819,23827674368,2167549
21600000000,25200000000,23827674368,23830609780,2935412
21600000000,25200000000,23830609780,23836525191,5915411
21600000000,25200000000,23836525191,23839998383,3473192
21600000000,25200000000,23839998383,23841533440,1535057
21600000000,25200000000,23841533440,23848492374,6958934
21600000000,25200000000,23848492374,23852202581,3710207
21600000000,25200000000,23852202581,23856716769,4514188
21600000000,25200000000,23856716769,23858732925,2016156
21600000000,25200000000,23858732925,23862996753,4263828
21600000000,25200000000,23862996753,23864916080,1919327
21600000000,25200000000,23864916080,23864929847,13767
21600000000,25200000000,23864929847,23864929874,27
21600000000,25200000000,23864929874,23864929879,5
21600000000,25200000000,23864929879,23872324767,7394888
21600000000,25200000000,23872324767,23872325203,436
21600000000,25200000000,23872325203,23872325240,37
21600000000,25200000000,23872325240,23872325245,5
21600000000,25200000000,23872325245,23875054396,2729151
21600000000,25200000000,23875054396,23875054396,0
21600000000,25200000000,23875054396,23875086743,32347
21600000000,25200000000,23875086743,23875743357,656614
21600000000,25200000000,23875743357,23886502846,10759489
21600000000,25200000000,23886502846,23887278851,776005
21600000000,25200000000,23887278851,23888765890,1487039
21600000000,25200000000,23888765890,23891312999,2547109
21600000000,25200000000,23891312999,23892079742,766743
21600000000,25200000000,23892079742,23892818761,739019
21600000000,25200000000,23892818761,23892831398,12637
21600000000,25200000000,23892831398,23893554666,723268
21600000000,25200000000,23893554666,23894301870,747204
21600000000,25200000000,23894301870,23895016668,714798
21600000000,25200000000,23895016668,23895016682,14
21600000000,25200000000,23895016682,23895016695,13
21600000000,25200000000,23895016695,23897878590,2861895
21600000000,25200000000,23897878590,23897878639,49
21600000000,25200000000,23897878639,23897878644,5
21600000000,25200000000,23897878644,23897878649,5
21600000000,25200000000,23897878649,23899409915,1531266
21600000000,25200000000,23899409915,23902060921,2651006
21600000000,25200000000,23902060921,23903437613,1376692
21600000000,25200000000,23903437613,23911696555,8258942
21600000000,25200000000,23911696555,23917681838,5985283
21600000000,25200000000,23917681838,23917682029,191
21600000000,25200000000,23917682029,23917682037,8
21600000000,25200000000,23917682037,23917682045,8
21600000000,25200000000,23917682045,23920660024,2977979
21600000000,25200000000,23920660024,23922060771,1400747
21600000000,25200000000,23922060771,23948211870,26151099
21600000000,25200000000,23948211870,23950406673,2194803
21600000000,25200000000,23950406673,23950406673,0
21600000000,25200000000,23950406673,23953312037,2905364
21600000000,25200000000,23953312037,23953312064,27
21600000000,25200000000,23953312064,23954881233,1569169
21600000000,25200000000,23954881233,23956671030,1789797
21600000000,25200000000,23956671030,23956671030,0
21600000000,25200000000,23956671030,23959573639,2902609
21600000000,25200000000,23959573639,23959573676,37
21600000000,25200000000,23959573676,23959573681,5
21600000000,25200000000,23959573681,23960382996,809315
21600000000,25200000000,23960382996,23960415464,32468
21600000000,25200000000,23960415464,23961812355,1396891
21600000000,25200000000,23961812355,23961812366,11
21600000000,25200000000,23961812366,23963290129,1477763
21600000000,25200000000,23963290129,23963305342,15213
21600000000,25200000000,23963305342,23964892100,1586758
21600000000,25200000000,23964892100,23964892100,0
21600000000,25200000000,23964892100,23964897886,5786
21600000000,25200000000,23964897886,23966714468,1816582
21600000000,25200000000,23966714468,23972950385,6235917
21600000000,25200000000,23972950385,23972950512,127
21600000000,25200000000,23972950512,23972950517,5
21600000000,25200000000,23972950517,23974603802,1653285
21600000000,25200000000,23974603802,23975353708,749906
21600000000,25200000000,23975353708,23975353725,17
21600000000,25200000000,23975353725,23975353897,172
21600000000,25200000000,23975353897,23975353903,6
21600000000,25200000000,23975353903,23986041557,10687654
21600000000,25200000000,23986041557,23986041557,0
21600000000,25200000000,23986041557,23990263939,4222382
21600000000,25200000000,23990263939,23990965671,701732
21600000000,25200000000,23990965671,23991629713,664042
21600000000,25200000000,23991629713,23991630100,387
21600000000,25200000000,23991630100,23991630105,5
21600000000,25200000000,23991630105,23992414131,784026
21600000000,25200000000,23992414131,23992451125,36994
21600000000,25200000000,23992451125,23992451362,237
21600000000,25200000000,23992451362,23992451367,5
21600000000,25200000000,23992451367,23992451460,93
21600000000,25200000000,23992451460,23995047288,2595828
21600000000,25200000000,23995047288,23995047375,87
21600000000,25200000000,23995047375,23995047380,5
21600000000,25200000000,23995047380,23995811318,763938
21600000000,25200000000,23995811318,23996594336,783018
21600000000,25200000000,23996594336,23997288776,694440
21600000000,25200000000,23997288776,23997288776,0
21600000000,25200000000,23997288776,23999063656,1774880
21600000000,25200000000,23999063656,24001450176,2386520
21600000000,25200000000,24001450176,24003022762,1572586
21600000000,25200000000,24003022762,24003867038,844276
21600000000,25200000000,24003867038,24005453745,1586707
21600000000,25200000000,24005453745,24005468384,14639
21600000000,25200000000,24005468384,24006259457,791073
21600000000,25200000000,24006259457,24006263424,3967
21600000000,25200000000,24006263424,24006263424,0
21600000000,25200000000,24006263424,24006961606,698182
21600000000,25200000000,24006961606,24006985450,23844
21600000000,25200000000,24006985450,24006986575,1125
21600000000,25200000000,24006986575,24006986580,5
21600000000,25200000000,24006986580,24006986585,5
21600000000,25200000000,24006986585,24007932758,946173
21600000000,25200000000,24007932758,24007958517,25759
21600000000,25200000000,24007958517,24008006477,47960
21600000000,25200000000,24008006477,24008010924,4447
21600000000,25200000000,24008010924,24008013238,2314
21600000000,25200000000,24008013238,24009779425,1766187
21600000000,25200000000,24009779425,24009780369,944
21600000000,25200000000,24009780369,24012049660,2269291
21600000000,25200000000,24012049660,24013569535,1519875
21600000000,25200000000,24013569535,24013588430,18895
21600000000,25200000000,24013588430,24014378034,789604
21600000000,25200000000,24014378034,24015335480,957446
21600000000,25200000000,24015335480,24016948255,1612775
21600000000,25200000000,24016948255,24016969374,21119
21600000000,25200000000,24016969374,24022573781,5604407
21600000000,25200000000,24022573781,24022577348,3567
21600000000,25200000000,24022577348,24022579353,2005
21600000000,25200000000,24022579353,24022581320,1967
21600000000,25200000000,24022581320,24022583688,2368
21600000000,25200000000,24022583688,24022586097,2409
21600000000,25200000000,24022586097,24023992267,1406170
21600000000,25200000000,24023992267,24023992293,26
21600000000,25200000000,24023992293,24023992303,10
21600000000,25200000000,24023992303,24023992314,11
21600000000,25200000000,24023992314,24023992326,12
21600000000,25200000000,24023992326,24023992338,12
21600000000,25200000000,24023992338,24024897408,905070
21600000000,25200000000,24024897408,24024897495,87
21600000000,25200000000,24024897495,24024897500,5
21600000000,25200000000,24024897500,24026453076,1555576
21600000000,25200000000,24026453076,24026453273,197
21600000000,25200000000,24026453273,24026453278,5
21600000000,25200000000,24026453278,24028137545,1684267
21600000000,25200000000,24028137545,24028884008,746463
21600000000,25200000000,24028884008,24028888784,4776
21600000000,25200000000,24028888784,24028889781,997
21600000000,25200000000,24028889781,24028889786,5
21600000000,25200000000,24028889786,24029628305,738519
21600000000,25200000000,24029628305,24030889976,1261671
21600000000,25200000000,24030889976,24031643007,753031
21600000000,25200000000,24031643007,24033253222,1610215
21600000000,25200000000,24033253222,24034850604,1597382
21600000000,25200000000,24034850604,24034855537,4933
21600000000,25200000000,24034855537,24035698255,842718
21600000000,25200000000,24035698255,24036506201,807946
21600000000,25200000000,24036506201,24036506224,23
21600000000,25200000000,24036506224,24037332502,826278
21600000000,25200000000,24037332502,24037338386,5884
21600000000,25200000000,24037338386,24037338388,2
21600000000,25200000000,24037338388,24038973691,1635303
21600000000,25200000000,24038973691,24038973719,28
21600000000,25200000000,24038973719,24039832034,858315
21600000000,25200000000,24039832034,24041697595,1865561
21600000000,25200000000,24041697595,24042595379,897784
21600000000,25200000000,24042595379,24043562939,967560
21600000000,25200000000,24043562939,24044365746,802807
21600000000,25200000000,24044365746,24045082821,717075
21600000000,25200000000,24045082821,24045103772,20951
21600000000,25200000000,24045103772,24045887155,783383
21600000000,25200000000,24045887155,24045897068,9913
21600000000,25200000000,24045897068,24046607846,710778
21600000000,25200000000,24046607846,24047400856,793010
21600000000,25200000000,24047400856,24047419280,18424
21600000000,25200000000,24047419280,24048831904,1412624
21600000000,25200000000,24048831904,24051063924,2232020
21600000000,25200000000,24051063924,24056272165,5208241
21600000000,25200000000,24056272165,24056272552,387
21600000000,25200000000,24056272552,24058483282,2210730
21600000000,25200000000,24058483282,24063816131,5332849
21600000000,25200000000,24063816131,24072205582,8389451
21600000000,25200000000,24072205582,24079642141,7436559
21600000000,25200000000,24079642141,24079642144,3
21600000000,25200000000,24079642144,24080968570,1326426
21600000000,25200000000,24080968570,24081711339,742769
21600000000,25200000000,24081711339,24081721725,10386
21600000000,25200000000,24081721725,24081728853,7128
21600000000,25200000000,24081728853,24081738613,9760
21600000000,25200000000,24081738613,24085122888,3384275
21600000000,25200000000,24085122888,24085122892,4
21600000000,25200000000,24085122892,24085122893,1
21600000000,25200000000,24085122893,24085122894,1
21600000000,25200000000,24085122894,24085122957,63
21600000000,25200000000,24085122957,24085122961,4
21600000000,25200000000,24085122961,24085122962,1
21600000000,25200000000,24085122962,24085122963,1
21600000000,25200000000,24085122963,24085122990,27
21600000000,25200000000,24085122990,24085122994,4
21600000000,25200000000,24085122994,24085122995,1
21600000000,25200000000,24085122995,24085123086,91
21600000000,25200000000,24085123086,24085123090,4
21600000000,25200000000,24085123090,24085123091,1
21600000000,25200000000,24085123091,24086197003,1073912
21600000000,25200000000,24086197003,24086197160,157
21600000000,25200000000,24086197160,24086197614,454
21600000000,25200000000,24086197614,24086197765,151
21600000000,25200000000,24086197765,24086197789,24
21600000000,25200000000,24086197789,24086198378,589
21600000000,25200000000,24086198378,24086199380,1002
21600000000,25200000000,24086199380,24086199708,328
21600000000,25200000000,24086199708,24086200279,571
21600000000,25200000000,24086200279,24086200291,12
21600000000,25200000000,24086200291,24087178818,978527
21600000000,25200000000,24087178818,24087859699,680881
21600000000,25200000000,24087859699,24088479146,619447
21600000000,25200000000,24088479146,24089136283,657137
21600000000,25200000000,24089136283,24089157818,21535
21600000000,25200000000,24089157818,24089157907,89
21600000000,25200000000,24089157907,24089157912,5
21600000000,25200000000,24089157912,24089157917,5
21600000000,25200000000,24089157917,24094190499,5032582
21600000000,25200000000,24094190499,24094211374,20875
21600000000,25200000000,24094211374,24095776125,1564751
21600000000,25200000000,24095776125,24095776143,18
21600000000,25200000000,24095776143,24095776147,4
21600000000,25200000000,24095776147,24097083791,1307644
21600000000,25200000000,24097083791,24100661201,3577410
21600000000,25200000000,24100661201,24100661348,147
21600000000,25200000000,24100661348,24100661353,5
21600000000,25200000000,24100661353,24102080998,1419645
21600000000,25200000000,24102080998,24103522897,1441899
21600000000,25200000000,24103522897,24104204015,681118
21600000000,25200000000,24104204015,24104204019,4
21600000000,25200000000,24104204019,24104986808,782789
21600000000,25200000000,24104986808,24104986820,12
21600000000,25200000000,24104986820,24107987704,3000884
21600000000,25200000000,24107987704,24109715562,1727858
21600000000,25200000000,24109715562,24112580898,2865336
21600000000,25200000000,24112580898,24113294180,713282
21600000000,25200000000,24113294180,24114759001,1464821
21600000000,25200000000,24114759001,24115500344,741343
21600000000,25200000000,24115500344,24117162038,1661694
21600000000,25200000000,24117162038,24118332481,1170443
21600000000,25200000000,24118332481,24119849339,1516858
21600000000,25200000000,24119849339,24119849343,4
21600000000,25200000000,24119849343,24119849344,1
21600000000,25200000000,24119849344,24120696275,846931
21600000000,25200000000,24120696275,24120698454,2179
21600000000,25200000000,24120698454,24120916788,218334
21600000000,25200000000,24120916788,24122690273,1773485
21600000000,25200000000,24122690273,24123542399,852126
21600000000,25200000000,24123542399,24124363241,820842
21600000000,25200000000,24124363241,24124363244,3
21600000000,25200000000,24124363244,24125231590,868346
21600000000,25200000000,24125231590,24126120293,888703
21600000000,25200000000,24126120293,24129844479,3724186
21600000000,25200000000,24129844479,24129851163,6684
21600000000,25200000000,24129851163,24131443971,1592808
21600000000,25200000000,24131443971,24131443983,12
21600000000,25200000000,24131443983,24139152582,7708599
21600000000,25200000000,24139152582,24139976998,824416
21600000000,25200000000,24139976998,24141583375,1606377
21600000000,25200000000,24141583375,24141583422,47
21600000000,25200000000,24141583422,24141583427,5
21600000000,25200000000,24141583427,24142400683,817256
21600000000,25200000000,24142400683,24143877620,1476937
21600000000,25200000000,24143877620,24154701071,10823451
21600000000,25200000000,24154701071,24155483526,782455
21600000000,25200000000,24155483526,24165921169,10437643
21600000000,25200000000,24165921169,24165927355,6186
21600000000,25200000000,24165927355,24165927404,49
21600000000,25200000000,24165927404,24165927409,5
21600000000,25200000000,24165927409,24165927414,5
21600000000,25200000000,24165927414,24167510119,1582705
21600000000,25200000000,24167510119,24176675170,9165051
21600000000,25200000000,24176675170,24177432660,757490
21600000000,25200000000,24177432660,24177432738,78
21600000000,25200000000,24177432738,24177432743,5
21600000000,25200000000,24177432743,24178282676,849933
21600000000,25200000000,24178282676,24178288724,6048
21600000000,25200000000,24178288724,24179773279,1484555
21600000000,25200000000,24179773279,24183841094,4067815
21600000000,25200000000,24183841094,24185269531,1428437
21600000000,25200000000,24185269531,24202065311,16795780
21600000000,25200000000,24202065311,24203090249,1024938
21600000000,25200000000,24203090249,24203731424,641175
21600000000,25200000000,24203731424,24209789702,6058278
21600000000,25200000000,24209789702,24210512501,722799
21600000000,25200000000,24210512501,24210518560,6059
21600000000,25200000000,24210518560,24211777544,1258984
21600000000,25200000000,24211777544,24220572418,8794874
21600000000,25200000000,24220572418,24221935569,1363151
21600000000,25200000000,24221935569,24226793805,4858236
21600000000,25200000000,24226793805,24228251139,1457334
21600000000,25200000000,24228251139,24231362775,3111636
21600000000,25200000000,24231362775,24237530660,6167885
21600000000,25200000000,24237530660,24238852897,1322237
21600000000,25200000000,24238852897,24238852901,4
21600000000,25200000000,24238852901,24239524743,671842
21600000000,25200000000,24239524743,24242403171,2878428
21600000000,25200000000,24242403171,24243224388,821217
21600000000,25200000000,24243224388,24244027026,802638
21600000000,25200000000,24244027026,24250512861,6485835
21600000000,25200000000,24250512861,24251286269,773408
21600000000,25200000000,24251286269,24251290039,3770
21600000000,25200000000,24251290039,24251292685,2646
21600000000,25200000000,24251292685,24252642485,1349800
21600000000,25200000000,24252642485,24252642513,28
21600000000,25200000000,24252642513,24252642518,5
21600000000,25200000000,24252642518,24252642519,1
21600000000,25200000000,24252642519,24252642520,1
21600000000,25200000000,24252642520,24252642545,25
21600000000,25200000000,24252642545,24252657591,15046
21600000000,25200000000,24252657591,24253310280,652689
21600000000,25200000000,24253310280,24253310431,151
21600000000,25200000000,24253310431,24253310565,134
21600000000,25200000000,24253310565,24254020298,709733
21600000000,25200000000,24254020298,24273192689,19172391
21600000000,25200000000,24273192689,24273192896,207
21600000000,25200000000,24273192896,24273192901,5
21600000000,25200000000,24273192901,24277403469,4210568
21600000000,25200000000,24277403469,24286743468,9339999
21600000000,25200000000,24286743468,24288331786,1588318
21600000000,25200000000,24288331786,24289050699,718913
21600000000,25200000000,24289050699,24290746281,1695582
21600000000,25200000000,24290746281,24296451639,5705358
21600000000,25200000000,24296451639,24297862117,1410478
21600000000,25200000000,24297862117,24302679105,4816988
21600000000,25200000000,24302679105,24304137456,1458351
21600000000,25200000000,24304137456,24307227539,3090083
21600000000,25200000000,24307227539,24307227576,37
21600000000,25200000000,24307227576,24307227581,5
21600000000,25200000000,24307227581,24311583379,4355798
21600000000,25200000000,24311583379,24311583518,139
21600000000,25200000000,24311583518,24311583523,5
21600000000,25200000000,24311583523,24311583528,5
21600000000,25200000000,24311583528,24312499173,915645
21600000000,25200000000,24312499173,24314012583,1513410
21600000000,25200000000,24314012583,24319938138,5925555
21600000000,25200000000,24319938138,24328410752,8472614
21600000000,25200000000,24328410752,24332191809,3781057
21600000000,25200000000,24332191809,24332191878,69
21600000000,25200000000,24332191878,24332191883,5
21600000000,25200000000,24332191883,24332191888,5
21600000000,25200000000,24332191888,24333218464,1026576
21600000000,25200000000,24333218464,24336900155,3681691
21600000000,25200000000,24336900155,24338439221,1539066
21600000000,25200000000,24338439221,24339945102,1505881
21600000000,25200000000,24339945102,24345971599,6026497
21600000000,25200000000,24345971599,24350198864,4227265
21600000000,25200000000,24350198864,24350204264,5400
21600000000,25200000000,24350204264,24351586437,1382173
21600000000,25200000000,24351586437,24351586454,17
21600000000,25200000000,24351586454,24351607672,21218
21600000000,25200000000,24351607672,24352267072,659400
21600000000,25200000000,24352267072,24353590512,1323440
21600000000,25200000000,24353590512,24363205140,9614628
21600000000,25200000000,24363205140,24364699180,1494040
21600000000,25200000000,24364699180,24364699182,2
21600000000,25200000000,24364699182,24366399325,1700143
21600000000,25200000000,24366399325,24372213953,5814628
21600000000,25200000000,24372213953,24372858806,644853
21600000000,25200000000,24372858806,24373550576,691770
21600000000,25200000000,24373550576,24373564518,13942
21600000000,25200000000,24373564518,24374241729,677211
21600000000,25200000000,24374241729,24374272301,30572
21600000000,25200000000,24374272301,24374906141,633840
21600000000,25200000000,24374906141,24375598471,692330
21600000000,25200000000,24375598471,24394810796,19212325
21600000000,25200000000,24394810796,24394810799,3
21600000000,25200000000,24394810799,24398292429,3481630
21600000000,25200000000,24398292429,24403463073,5170644
21600000000,25200000000,24403463073,24408717914,5254841
21600000000,25200000000,24408717914,24408732926,15012
21600000000,25200000000,24408732926,24410498425,1765499
21600000000,25200000000,24410498425,24410518368,19943
21600000000,25200000000,24410518368,24421176728,10658360
21600000000,25200000000,24421176728,24421186972,10244
21600000000,25200000000,24421186972,24422666505,1479533
21600000000,25200000000,24422666505,24422666509,4
21600000000,25200000000,24422666509,24423385168,718659
21600000000,25200000000,24423385168,24423405356,20188
21600000000,25200000000,24423405356,24424774688,1369332
21600000000,25200000000,24424774688,24425511846,737158
21600000000,25200000000,24425511846,24426258620,746774
21600000000,25200000000,24426258620,24426954452,695832
21600000000,25200000000,24426954452,24427627789,673337
21600000000,25200000000,24427627789,24427627866,77
21600000000,25200000000,24427627866,24427627871,5
21600000000,25200000000,24427627871,24432959373,5331502
21600000000,25200000000,24432959373,24432991438,32065
21600000000,25200000000,24432991438,24434296607,1305169
21600000000,25200000000,24434296607,24434296612,5
21600000000,25200000000,24434296612,24434296641,29
21600000000,25200000000,24434296641,24434974623,677982
21600000000,25200000000,24434974623,24434974628,5
21600000000,25200000000,24434974628,24435659765,685137
21600000000,25200000000,24435659765,24439729587,4069822
21600000000,25200000000,24439729587,24441388773,1659186
21600000000,25200000000,24441388773,24442081310,692537
21600000000,25200000000,24442081310,24443352680,1271370
21600000000,25200000000,24443352680,24443415552,62872
21600000000,25200000000,24443415552,24445548125,2132573
21600000000,25200000000,24445548125,24446910910,1362785
21600000000,25200000000,24446910910,24451029933,4119023
21600000000,25200000000,24451029933,24452723742,1693809
21600000000,25200000000,24452723742,24453401761,678019
21600000000,25200000000,24453401761,24454826620,1424859
21600000000,25200000000,24454826620,24460405582,5578962
21600000000,25200000000,24460405582,24460406150,568
21600000000,25200000000,24460406150,24461271357,865207
21600000000,25200000000,24461271357,24471020395,9749038
21600000000,25200000000,24471020395,24471020491,96
21600000000,25200000000,24471020491,24471020498,7
21600000000,25200000000,24471020498,24475688016,4667518
21600000000,25200000000,24475688016,24477106995,1418979
21600000000,25200000000,24477106995,24484281051,7174056
21600000000,25200000000,24484281051,24489108667,4827616
21600000000,25200000000,24489108667,24497277609,8168942
21600000000,25200000000,24497277609,24526387304,29109695
21600000000,25200000000,24526387304,24526391351,4047
21600000000,25200000000,24526391351,24528013314,1621963
21600000000,25200000000,24528013314,24528013341,27
21600000000,25200000000,24528013341,24529347727,1334386
21600000000,25200000000,24529347727,24533101376,3753649
21600000000,25200000000,24533101376,24535029341,1927965
21600000000,25200000000,24535029341,24542025070,6995729
21600000000,25200000000,24542025070,24542025207,137
21600000000,25200000000,24542025207,24542025212,5
21600000000,25200000000,24542025212,24543504253,1479041
21600000000,25200000000,24543504253,24544946330,1442077
21600000000,25200000000,24544946330,24553491101,8544771
21600000000,25200000000,24553491101,24554988121,1497020
21600000000,25200000000,24554988121,24555677548,689427
21600000000,25200000000,24555677548,24556404375,726827
21600000000,25200000000,24556404375,24557126906,722531
21600000000,25200000000,24557126906,24562203320,5076414
21600000000,25200000000,24562203320,24563538384,1335064
21600000000,25200000000,24563538384,24571119843,7581459
21600000000,25200000000,24571119843,24572569582,1449739
21600000000,25200000000,24572569582,24576661066,4091484
21600000000,25200000000,24576661066,24578098203,1437137
21600000000,25200000000,24578098203,24579647917,1549714
21600000000,25200000000,24579647917,24588505365,8857448
21600000000,25200000000,24588505365,24589173426,668061
21600000000,25200000000,24589173426,24589919383,745957
21600000000,25200000000,24589919383,24590653462,734079
21600000000,25200000000,24590653462,24594326107,3672645
21600000000,25200000000,24594326107,24609002749,14676642
21600000000,25200000000,24609002749,24616355146,7352397
21600000000,25200000000,24616355146,24617091785,736639
21600000000,25200000000,24617091785,24617094645,2860
21600000000,25200000000,24617094645,24617793177,698532
21600000000,25200000000,24617793177,24618468071,674894
21600000000,25200000000,24618468071,24618468082,11
21600000000,25200000000,24618468082,24621405784,2937702
21600000000,25200000000,24621405784,24621410224,4440
21600000000,25200000000,24621410224,24621412500,2276
21600000000,25200000000,24621412500,24622761751,1349251
21600000000,25200000000,24622761751,24622761762,11
21600000000,25200000000,24622761762,24622761773,11
21600000000,25200000000,24622761773,24633293383,10531610
21600000000,25200000000,24633293383,24634821750,1528367
21600000000,25200000000,24634821750,24636553492,1731742
21600000000,25200000000,24636553492,24636553494,2
21600000000,25200000000,24636553494,24637937384,1383890
21600000000,25200000000,24637937384,24645625236,7687852
21600000000,25200000000,24645625236,24649296070,3670834
21600000000,25200000000,24649296070,24653071133,3775063
21600000000,25200000000,24653071133,24653071136,3
21600000000,25200000000,24653071136,24653766515,695379
21600000000,25200000000,24653766515,24654490634,724119
21600000000,25200000000,24654490634,24657516930,3026296
21600000000,25200000000,24657516930,24667480408,9963478
21600000000,25200000000,24667480408,24668981562,1501154
21600000000,25200000000,24668981562,24670784242,1802680
21600000000,25200000000,24670784242,24670784246,4
21600000000,25200000000,24670784246,24670784247,1
21600000000,25200000000,24670784247,24671470857,686610
21600000000,25200000000,24671470857,24671473257,2400
21600000000,25200000000,24671473257,24671549341,76084
21600000000,25200000000,24671549341,24671549344,3
21600000000,25200000000,24671549344,24672980206,1430862
21600000000,25200000000,24672980206,24677312051,4331845
21600000000,25200000000,24677312051,24680423007,3110956
21600000000,25200000000,24680423007,24680423123,116
21600000000,25200000000,24680423123,24681558430,1135307
21600000000,25200000000,24681558430,24681565749,7319
21600000000,25200000000,24681565749,24683045254,1479505
21600000000,25200000000,24683045254,24683045285,31
21600000000,25200000000,24683045285,24684601866,1556581
21600000000,25200000000,24684601866,24691313053,6711187
21600000000,25200000000,24691313053,24692716863,1403810
21600000000,25200000000,24692716863,24698434184,5717321
21600000000,25200000000,24698434184,24699212008,777824
21600000000,25200000000,24699212008,24700630808,1418800
21600000000,25200000000,24700630808,24700648024,17216
21600000000,25200000000,24700648024,24701974485,1326461
21600000000,25200000000,24701974485,24703030610,1056125
21600000000,25200000000,24703030610,24704448138,1417528
21600000000,25200000000,24704448138,24705243530,795392
21600000000,25200000000,24705243530,24705259652,16122
21600000000,25200000000,24705259652,24706609922,1350270
21600000000,25200000000,24706609922,24707459618,849696
21600000000,25200000000,24707459618,24708119120,659502
21600000000,25200000000,24708119120,24708119199,79
21600000000,25200000000,24708119199,24708119204,5
21600000000,25200000000,24708119204,24708119209,5
21600000000,25200000000,24708119209,24715085974,6966765
21600000000,25200000000,24715085974,24716701435,1615461
21600000000,25200000000,24716701435,24716721215,19780
21600000000,25200000000,24716721215,24717451794,730579
21600000000,25200000000,24717451794,24718197045,745251
21600000000,25200000000,24718197045,24718995748,798703
21600000000,25200000000,24718995748,24721350653,2354905
21600000000,25200000000,24721350653,24722919354,1568701
21600000000,25200000000,24722919354,24724065129,1145775
21600000000,25200000000,24724065129,24724813379,748250
21600000000,25200000000,24724813379,24724842073,28694
21600000000,25200000000,24724842073,24725586822,744749
21600000000,25200000000,24725586822,24726381780,794958
21600000000,25200000000,24726381780,24726420525,38745
21600000000,25200000000,24726420525,24727994675,1574150
21600000000,25200000000,24727994675,24729492285,1497610
21600000000,25200000000,24729492285,24730967039,1474754
21600000000,25200000000,24730967039,24739289929,8322890
21600000000,25200000000,24739289929,24740767439,1477510
21600000000,25200000000,24740767439,24741569058,801619
21600000000,25200000000,24741569058,24741588892,19834
21600000000,25200000000,24741588892,24741588960,68
21600000000,25200000000,24741588960,24741589067,107
21600000000,25200000000,24741589067,24741589072,5
21600000000,25200000000,24741589072,24742378267,789195
21600000000,25200000000,24742378267,24742382351,4084
21600000000,25200000000,24742382351,24743234559,852208
21600000000,25200000000,24743234559,24744052865,818306
21600000000,25200000000,24744052865,24744052869,4
21600000000,25200000000,24744052869,24744052870,1
21600000000,25200000000,24744052870,24744052978,108
21600000000,25200000000,24744052978,24745637756,1584778
21600000000,25200000000,24745637756,24745640223,2467
21600000000,25200000000,24745640223,24745761721,121498
21600000000,25200000000,24745761721,24747664742,1903021
21600000000,25200000000,24747664742,24752472148,4807406
21600000000,25200000000,24752472148,24755778326,3306178
21600000000,25200000000,24755778326,24757894485,2116159
21600000000,25200000000,24757894485,24758633067,738582
21600000000,25200000000,24758633067,24758652609,19542
21600000000,25200000000,24758652609,24760134457,1481848
21600000000,25200000000,24760134457,24760884166,749709
21600000000,25200000000,24760884166,24762223390,1339224
21600000000,25200000000,24762223390,24777004903,14781513
21600000000,25200000000,24777004903,24788046440,11041537
21600000000,25200000000,24788046440,24789737866,1691426
21600000000,25200000000,24789737866,24793230078,3492212
21600000000,25200000000,24793230078,24793230081,3
21600000000,25200000000,24793230081,24794656753,1426672
21600000000,25200000000,24794656753,24796846058,2189305
21600000000,25200000000,24796846058,24812717451,15871393
21600000000,25200000000,24812717451,24817638085,4920634
21600000000,25200000000,24817638085,24819052963,1414878
21600000000,25200000000,24819052963,24825688318,6635355
21600000000,25200000000,24825688318,24827121537,1433219
21600000000,25200000000,24827121537,24844520861,17399324
21600000000,25200000000,24844520861,24852330091,7809230
21600000000,25200000000,24852330091,24852347620,17529
21600000000,25200000000,24852347620,24852991350,643730
21600000000,25200000000,24852991350,24852999120,7770
21600000000,25200000000,24852999120,24853680338,681218
21600000000,25200000000,24853680338,24853680349,11
21600000000,25200000000,24853680349,24854607063,926714
21600000000,25200000000,24854607063,24854607074,11
21600000000,25200000000,24854607074,24862853824,8246750
21600000000,25200000000,24862853824,24864393214,1539390
21600000000,25200000000,24864393214,24864393218,4
21600000000,25200000000,24864393218,24865944250,1551032
21600000000,25200000000,24865944250,24865985259,41009
21600000000,25200000000,24865985259,24866790086,804827
21600000000,25200000000,24866790086,24866791590,1504
21600000000,25200000000,24866791590,24866791595,5
21600000000,25200000000,24866791595,24866791606,11
21600000000,25200000000,24866791606,24867656676,865070
21600000000,25200000000,24867656676,24872920422,5263746
21600000000,25200000000,24872920422,24882552895,9632473
21600000000,25200000000,24882552895,24882552898,3
21600000000,25200000000,24882552898,24884287926,1735028
21600000000,25200000000,24884287926,24892888414,8600488
21600000000,25200000000,24892888414,24897225671,4337257
21600000000,25200000000,24897225671,24902671562,5445891
21600000000,25200000000,24902671562,24902679752,8190
21600000000,25200000000,24902679752,24904121065,1441313
21600000000,25200000000,24904121065,24904122053,988
21600000000,25200000000,24904122053,24904194951,72898
21600000000,25200000000,24904194951,24904200351,5400
21600000000,25200000000,24904200351,24904218517,18166
21600000000,25200000000,24904218517,24905663467,1444950
21600000000,25200000000,24905663467,24905663489,22
21600000000,25200000000,24905663489,24910554577,4891088
21600000000,25200000000,24910554577,24910559150,4573
21600000000,25200000000,24910559150,24910562047,2897
21600000000,25200000000,24910562047,24911976480,1414433
21600000000,25200000000,24911976480,24911976492,12
21600000000,25200000000,24911976492,24911976503,11
21600000000,25200000000,24911976503,24912695937,719434
21600000000,25200000000,24912695937,24914182357,1486420
21600000000,25200000000,24914182357,24920909350,6726993
21600000000,25200000000,24920909350,24922372638,1463288
21600000000,25200000000,24922372638,24923873060,1500422
21600000000,25200000000,24923873060,24930126405,6253345
21600000000,25200000000,24930126405,24930126407,2
21600000000,25200000000,24930126407,24931550612,1424205
21600000000,25200000000,24931550612,24932216017,665405
21600000000,25200000000,24932216017,24934390853,2174836
21600000000,25200000000,24934390853,24934391042,189
21600000000,25200000000,24934391042,24934391047,5
21600000000,25200000000,24934391047,24934391052,5
21600000000,25200000000,24934391052,24940078419,5687367
21600000000,25200000000,24940078419,24941492061,1413642
21600000000,25200000000,24941492061,24941505869,13808
21600000000,25200000000,24941505869,24941510673,4804
21600000000,25200000000,24941510673,24942997023,1486350
21600000000,25200000000,24942997023,24946390931,3393908
21600000000,25200000000,24946390931,24947118387,727456
21600000000,25200000000,24947118387,24947876817,758430
21600000000,25200000000,24947876817,24948623354,746537
21600000000,25200000000,24948623354,24949334828,711474
21600000000,25200000000,24949334828,24951091997,1757169
21600000000,25200000000,24951091997,24955211417,4119420
21600000000,25200000000,24955211417,24955927133,715716
21600000000,25200000000,24955927133,24955927136,3
21600000000,25200000000,24955927136,24956648485,721349
21600000000,25200000000,24956648485,24957338245,689760
21600000000,25200000000,24957338245,24957356622,18377
21600000000,25200000000,24957356622,24957362049,5427
21600000000,25200000000,24957362049,24957362228,179
21600000000,25200000000,24957362228,24957362233,5
21600000000,25200000000,24957362233,24957362238,5
21600000000,25200000000,24957362238,24958864294,1502056
21600000000,25200000000,24958864294,24963305659,4441365
21600000000,25200000000,24963305659,24963986620,680961
21600000000,25200000000,24963986620,24966740669,2754049
21600000000,25200000000,24966740669,24970124483,3383814
21600000000,25200000000,24970124483,24970788386,663903
21600000000,25200000000,24970788386,24970791241,2855
21600000000,25200000000,24970791241,24972188460,1397219
21600000000,25200000000,24972188460,24972201511,13051
21600000000,25200000000,24972201511,24972206755,5244
21600000000,25200000000,24972206755,24973938579,1731824
21600000000,25200000000,24973938579,24980662157,6723578
21600000000,25200000000,24980662157,24982061384,1399227
21600000000,25200000000,24982061384,24982061882,498
21600000000,25200000000,24982061882,24982061888,6
21600000000,25200000000,24982061888,24984075786,2013898
21600000000,25200000000,24984075786,24984825347,749561
21600000000,25200000000,24984825347,24986374586,1549239
21600000000,25200000000,24986374586,24990840952,4466366
21600000000,25200000000,24990840952,24995147119,4306167
21600000000,25200000000,24995147119,24995147196,77
21600000000,25200000000,24995147196,24995147201,5
21600000000,25200000000,24995147201,25002561396,7414195
21600000000,25200000000,25002561396,25004343897,1782501
21600000000,25200000000,25004343897,25005848926,1505029
21600000000,25200000000,25005848926,25005864743,15817
21600000000,25200000000,25005864743,25007690100,1825357
21600000000,25200000000,25007690100,25007712912,22812
21600000000,25200000000,25007712912,25008448208,735296
21600000000,25200000000,25008448208,25008453498,5290
21600000000,25200000000,25008453498,25009195735,742237
21600000000,25200000000,25009195735,25010228804,1033069
21600000000,25200000000,25010228804,25010228829,25
21600000000,25200000000,25010228829,25010975043,746214
21600000000,25200000000,25010975043,25013117160,2142117
21600000000,25200000000,25013117160,25021248897,8131737
21600000000,25200000000,25021248897,25025031030,3782133
21600000000,25200000000,25025031030,25025065623,34593
21600000000,25200000000,25025065623,25025903188,837565
21600000000,25200000000,25025903188,25025903305,117
21600000000,25200000000,25025903305,25025903310,5
21600000000,25200000000,25025903310,25029205289,3301979
21600000000,25200000000,25029205289,25030551833,1346544
21600000000,25200000000,25030551833,25038177494,7625661
21600000000,25200000000,25038177494,25038510350,332856
21600000000,25200000000,25038510350,25038510469,119
21600000000,25200000000,25038510469,25038510474,5
21600000000,25200000000,25038510474,25038510479,5
21600000000,25200000000,25038510479,25039949210,1438731
21600000000,25200000000,25039949210,25040693612,744402
21600000000,25200000000,25040693612,25042103102,1409490
21600000000,25200000000,25042103102,25042172819,69717
21600000000,25200000000,25042172819,25043548745,1375926
21600000000,25200000000,25043548745,25045582617,2033872
21600000000,25200000000,25045582617,25051933702,6351085
21600000000,25200000000,25051933702,25052671341,737639
21600000000,25200000000,25052671341,25054070724,1399383
21600000000,25200000000,25054070724,25056160334,2089610
21600000000,25200000000,25056160334,25057670345,1510011
21600000000,25200000000,25057670345,25057670501,156
21600000000,25200000000,25057670501,25057670506,5
21600000000,25200000000,25057670506,25059091203,1420697
21600000000,25200000000,25059091203,25060132222,1041019
21600000000,25200000000,25060132222,25060783806,651584
21600000000,25200000000,25060783806,25061448795,664989
21600000000,25200000000,25061448795,25070005883,8557088
21600000000,25200000000,25070005883,25071821216,1815333
21600000000,25200000000,25071821216,25074322063,2500847
21600000000,25200000000,25074322063,25074323106,1043
21600000000,25200000000,25074323106,25080268573,5945467
21600000000,25200000000,25080268573,25081516197,1247624
21600000000,25200000000,25081516197,25089737542,8221345
21600000000,25200000000,25089737542,25096304722,6567180
21600000000,25200000000,25096304722,25096304817,95
21600000000,25200000000,25096304817,25096304822,5
21600000000,25200000000,25096304822,25102330476,6025654
21600000000,25200000000,25102330476,25104146162,1815686
21600000000,25200000000,25104146162,25108302630,4156468
21600000000,25200000000,25108302630,25109637802,1335172
21600000000,25200000000,25109637802,25110348957,711155
21600000000,25200000000,25110348957,25111734126,1385169
21600000000,25200000000,25111734126,25114414491,2680365
21600000000,25200000000,25114414491,25114417064,2573
21600000000,25200000000,25114417064,25115924098,1507034
21600000000,25200000000,25115924098,25115924102,4
21600000000,25200000000,25115924102,25115924103,1
21600000000,25200000000,25115924103,25115924104,1
21600000000,25200000000,25115924104,25115924133,29
21600000000,25200000000,25115924133,25116677769,753636
21600000000,25200000000,25116677769,25116678148,379
21600000000,25200000000,25116678148,25116678493,345
21600000000,25200000000,25116678493,25134315143,17636650
21600000000,25200000000,25134315143,25135986082,1670939
21600000000,25200000000,25135986082,25139982065,3995983
21600000000,25200000000,25139982065,25139982184,119
21600000000,25200000000,25139982184,25139982189,5
21600000000,25200000000,25139982189,25139982194,5
21600000000,25200000000,25139982194,25140842824,860630
21600000000,25200000000,25140842824,25140842861,37
21600000000,25200000000,25140842861,25140842866,5
21600000000,25200000000,25140842866,25161721224,20878358
21600000000,25200000000,25161721224,25162425922,704698
21600000000,25200000000,25162425922,25163119309,693387
21600000000,25200000000,25163119309,25173141028,10021719
21600000000,25200000000,25173141028,25173141126,98
21600000000,25200000000,25173141126,25173141131,5
21600000000,25200000000,25173141131,25173806028,664897
21600000000,25200000000,25173806028,25174463895,657867
21600000000,25200000000,25174463895,25175827328,1363433
21600000000,25200000000,25175827328,25175941393,114065
21600000000,25200000000,25175941393,25183567524,7626131
21600000000,25200000000,25183567524,25184206981,639457
21600000000,25200000000,25184206981,25185591907,1384926
21600000000,25200000000,25185591907,25185606926,15019
21600000000,25200000000,25185606926,25186998744,1391818
21600000000,25200000000,25186998744,25187708848,710104
21600000000,25200000000,25187708848,25187715272,6424
21600000000,25200000000,25187715272,25189407595,1692323
21600000000,25200000000,25189407595,25189407613,18
21600000000,25200000000,25189407613,25190204214,796601
21600000000,25200000000,25190204214,25191542925,1338711
21600000000,25200000000,25191542925,25196469959,4927034
21600000000,25200000000,25196469959,25196470081,122
21600000000,25200000000,25196470081,25196470086,5
21600000000,25200000000,25196470086,25197349959,879873
21600000000,25200000000,25197349959,25199089225,1739266
25200000000,28800000000,25206223849,25212893534,6669685
25200000000,28800000000,25212893534,25214223167,1329633
25200000000,28800000000,25214223167,25230789853,16566686
25200000000,28800000000,25230789853,25231498300,708447
25200000000,28800000000,25231498300,25232182720,684420
25200000000,28800000000,25232182720,25232910938,728218
25200000000,28800000000,25232910938,25234335631,1424693
25200000000,28800000000,25234335631,25234340561,4930
25200000000,28800000000,25234340561,25235757294,1416733
25200000000,28800000000,25235757294,25235757315,21
25200000000,28800000000,25235757315,25235993976,236661
25200000000,28800000000,25235993976,25256294253,20300277
25200000000,28800000000,25256294253,25258090820,1796567
25200000000,28800000000,25258090820,25259661828,1571008
25200000000,28800000000,25259661828,25259661839,11
25200000000,28800000000,25259661839,25268995479,9333640
25200000000,28800000000,25268995479,25269908809,913330
25200000000,28800000000,25269908809,25269908914,105
25200000000,28800000000,25269908914,25270788302,879388
25200000000,28800000000,25270788302,25281993148,11204846
25200000000,28800000000,25281993148,25282782146,788998
25200000000,28800000000,25282782146,25282782148,2
25200000000,28800000000,25282782148,25283558635,776487
25200000000,28800000000,25283558635,25283585734,27099
25200000000,28800000000,25283585734,25284388796,803062
25200000000,28800000000,25284388796,25286112592,1723796
25200000000,28800000000,25286112592,25291646516,5533924
25200000000,28800000000,25291646516,25302180439,10533923
25200000000,28800000000,25302180439,25304522519,2342080
25200000000,28800000000,25304522519,25314461762,9939243
25200000000,28800000000,25314461762,25315841150,1379388
25200000000,28800000000,25315841150,25315910287,69137
25200000000,28800000000,25315910287,25315910290,3
25200000000,28800000000,25315910290,25317135616,1225326
25200000000,28800000000,25317135616,25324966926,7831310
25200000000,28800000000,25324966926,25324972596,5670
25200000000,28800000000,25324972596,25325661260,688664
25200000000,28800000000,25325661260,25325675311,14051
25200000000,28800000000,25325675311,25326375847,700536
25200000000,28800000000,25326375847,25326375858,11
25200000000,28800000000,25326375858,25326410570,34712
25200000000,28800000000,25326410570,25327141743,731173
25200000000,28800000000,25327141743,25327843676,701933
25200000000,28800000000,25327843676,25327937277,93601
25200000000,28800000000,25327937277,25327942722,5445
25200000000,28800000000,25327942722,25328634289,691567
25200000000,28800000000,25328634289,25329335232,700943
25200000000,28800000000,25329335232,25329335243,11
25200000000,28800000000,25329335243,25343110571,13775328
25200000000,28800000000,25343110571,25344559861,1449290
25200000000,28800000000,25344559861,25350410202,5850341
25200000000,28800000000,25350410202,25352591768,2181566
25200000000,28800000000,25352591768,25354336403,1744635
25200000000,28800000000,25354336403,25354336408,5
25200000000,28800000000,25354336408,25354361243,24835
25200000000,28800000000,25354361243,25354361370,127
25200000000,28800000000,25354361370,25354361375,5
25200000000,28800000000,25354361375,25354361999,624
25200000000,28800000000,25354361999,25355138769,776770
25200000000,28800000000,25355138769,25356088698,949929
25200000000,28800000000,25356088698,25356088754,56
25200000000,28800000000,25356088754,25356088761,7
25200000000,28800000000,25356088761,25366987363,10898602
25200000000,28800000000,25366987363,25367761690,774327
25200000000,28800000000,25367761690,25368491298,729608
25200000000,28800000000,25368491298,25369210178,718880
25200000000,28800000000,25369210178,25369227149,16971
25200000000,28800000000,25369227149,25369960538,733389
25200000000,28800000000,25369960538,25369973464,12926
25200000000,28800000000,25369973464,25370665759,692295
25200000000,28800000000,25370665759,25371408496,742737
25200000000,28800000000,25371408496,25371408514,18
25200000000,28800000000,25371408514,25376631824,5223310
25200000000,28800000000,25376631824,25378076660,1444836
25200000000,28800000000,25378076660,25380761380,2684720
25200000000,28800000000,25380761380,25382095849,1334469
25200000000,28800000000,25382095849,25382792034,696185
25200000000,28800000000,25382792034,25382792037,3
25200000000,28800000000,25382792037,25384141128,1349091
25200000000,28800000000,25384141128,25384793619,652491
25200000000,28800000000,25384793619,25402946509,18152890
25200000000,28800000000,25402946509,25402960980,14471
25200000000,28800000000,25402960980,25404347747,1386767
25200000000,28800000000,25404347747,25404347761,14
25200000000,28800000000,25404347761,25406452757,2104996
25200000000,28800000000,25406452757,25408496085,2043328
25200000000,28800000000,25408496085,25410177024,1680939
25200000000,28800000000,25410177024,25411776907,1599883
25200000000,28800000000,25411776907,25423574813,11797906
25200000000,28800000000,25423574813,25424931105,1356292
25200000000,28800000000,25424931105,25426968710,2037605
25200000000,28800000000,25426968710,25428354184,1385474
25200000000,28800000000,25428354184,25435716949,7362765
25200000000,28800000000,25435716949,25449679082,13962133
25200000000,28800000000,25449679082,25452864640,3185558
25200000000,28800000000,25452864640,25458509170,5644530
25200000000,28800000000,25458509170,25461988012,3478842
25200000000,28800000000,25461988012,25462018960,30948
25200000000,28800000000,25462018960,25463719567,1700607
25200000000,28800000000,25463719567,25463719572,5
25200000000,28800000000,25463719572,25464478960,759388
25200000000,28800000000,25464478960,25464478964,4
25200000000,28800000000,25464478964,25465556621,1077657
25200000000,28800000000,25465556621,25467561744,2005123
25200000000,28800000000,25467561744,25468911213,1349469
25200000000,28800000000,25468911213,25471788722,2877509
25200000000,28800000000,25471788722,25471788887,165
25200000000,28800000000,25471788887,25471788895,8
25200000000,28800000000,25471788895,25471788903,8
25200000000,28800000000,25471788903,25486076847,14287944
25200000000,28800000000,25486076847,25488067955,1991108
25200000000,28800000000,25488067955,25488067958,3
25200000000,28800000000,25488067958,25488789635,721677
25200000000,28800000000,25488789635,25488843362,53727
25200000000,28800000000,25488843362,25490224691,1381329
25200000000,28800000000,25490224691,25490925531,700840
25200000000,28800000000,25490925531,25492362107,1436576
25200000000,28800000000,25492362107,25493055465,693358
25200000000,28800000000,25493055465,25494930000,1874535
25200000000,28800000000,25494930000,25494951048,21048
25200000000,28800000000,25494951048,25494951612,564
25200000000,28800000000,25494951612,25496695306,1743694
25200000000,28800000000,25496695306,25498002787,1307481
25200000000,28800000000,25498002787,25499326431,1323644
25200000000,28800000000,25499326431,25503245358,3918927
25200000000,28800000000,25503245358,25504568714,1323356
25200000000,28800000000,25504568714,25525492080,20923366
25200000000,28800000000,25525492080,25526901352,1409272
25200000000,28800000000,25526901352,25531784764,4883412
25200000000,28800000000,25531784764,25531788505,3741
25200000000,28800000000,25531788505,25531788508,3
25200000000,28800000000,25531788508,25533336069,1547561
25200000000,28800000000,25533336069,25533336080,11
25200000000,28800000000,25533336080,25533357672,21592
25200000000,28800000000,25533357672,25534878806,1521134
25200000000,28800000000,25534878806,25537942004,3063198
25200000000,28800000000,25537942004,25539610172,1668168
25200000000,28800000000,25539610172,25546235138,6624966
25200000000,28800000000,25546235138,25547561261,1326123
25200000000,28800000000,25547561261,25553256010,5694749
25200000000,28800000000,25553256010,25554239524,983514
25200000000,28800000000,25554239524,25555569282,1329758
25200000000,28800000000,25555569282,25556936830,1367548
25200000000,28800000000,25556936830,25570031900,13095070
25200000000,28800000000,25570031900,25570031902,2
25200000000,28800000000,25570031902,25571783187,1751285
25200000000,28800000000,25571783187,25578448954,6665767
25200000000,28800000000,25578448954,25578449094,140
25200000000,28800000000,25578449094,25578449099,5
25200000000,28800000000,25578449099,25578449104,5
25200000000,28800000000,25578449104,25597936327,19487223
25200000000,28800000000,25597936327,25604550673,6614346
25200000000,28800000000,25604550673,25604550676,3
25200000000,28800000000,25604550676,25605966988,1416312
25200000000,28800000000,25605966988,25605986951,19963
25200000000,28800000000,25605986951,25607388612,1401661
25200000000,28800000000,25607388612,25611738745,4350133
25200000000,28800000000,25611738745,25613156103,1417358
25200000000,28800000000,25613156103,25614732702,1576599
25200000000,28800000000,25614732702,25614732706,4
25200000000,28800000000,25614732706,25616772307,2039601
25200000000,28800000000,25616772307,25618966549,2194242
25200000000,28800000000,25618966549,25620323304,1356755
25200000000,28800000000,25620323304,25620363613,40309
25200000000,28800000000,25620363613,25621961293,1597680
25200000000,28800000000,25621961293,25627449205,5487912
25200000000,28800000000,25627449205,25629208794,1759589
25200000000,28800000000,25629208794,25629208796,2
25200000000,28800000000,25629208796,25630875134,1666338
25200000000,28800000000,25630875134,25634624060,3748926
25200000000,28800000000,25634624060,25640450247,5826187
25200000000,28800000000,25640450247,25642534121,2083874
25200000000,28800000000,25642534121,25642536637,2516
25200000000,28800000000,25642536637,25643934690,1398053
25200000000,28800000000,25643934690,25643934704,14
25200000000,28800000000,25643934704,25654732978,10798274
25200000000,28800000000,25654732978,25656934058,2201080
25200000000,28800000000,25656934058,25657721009,786951
25200000000,28800000000,25657721009,25659678404,1957395
25200000000,28800000000,25659678404,25660493480,815076
25200000000,28800000000,25660493480,25660499632,6152
25200000000,28800000000,25660499632,25662055878,1556246
25200000000,28800000000,25662055878,25662055888,10
25200000000,28800000000,25662055888,25664242559,2186671
25200000000,28800000000,25664242559,25665634766,1392207
25200000000,28800000000,25665634766,25666326657,691891
25200000000,28800000000,25666326657,25667013208,686551
25200000000,28800000000,25667013208,25667724735,711527
25200000000,28800000000,25667724735,25669301024,1576289
25200000000,28800000000,25669301024,25671700135,2399111
25200000000,28800000000,25671700135,25671737325,37190
25200000000,28800000000,25671737325,25673230036,1492711
25200000000,28800000000,25673230036,25673230054,18
25200000000,28800000000,25673230054,25673245952,15898
25200000000,28800000000,25673245952,25675035789,1789837
25200000000,28800000000,25675035789,25675052079,16290
25200000000,28800000000,25675052079,25675053519,1440
25200000000,28800000000,25675053519,25675053525,6
25200000000,28800000000,25675053525,25675053531,6
25200000000,28800000000,25675053531,25677754010,2700479
25200000000,28800000000,25677754010,25682322557,4568547
25200000000,28800000000,25682322557,25683100543,777986
25200000000,28800000000,25683100543,25683954000,853457
25200000000,28800000000,25683954000,25683954106,106
25200000000,28800000000,25683954106,25683954113,7
25200000000,28800000000,25683954113,25684828474,874361
25200000000,28800000000,25684828474,25690543579,5715105
25200000000,28800000000,25690543579,25690543666,87
25200000000,28800000000,25690543666,25690543671,5
25200000000,28800000000,25690543671,25690543992,321
25200000000,28800000000,25690543992,25691444142,900150
25200000000,28800000000,25691444142,25692315553,871411
25200000000,28800000000,25692315553,25693446666,1131113
25200000000,28800000000,25693446666,25694208889,762223
25200000000,28800000000,25694208889,25696590492,2381603
25200000000,28800000000,25696590492,25699719702,3129210
25200000000,28800000000,25699719702,25699719706,4
25200000000,28800000000,25699719706,25701254867,1535161
25200000000,28800000000,25701254867,25702045621,790754
25200000000,28800000000,25702045621,25703314537,1268916
25200000000,28800000000,25703314537,25704110592,796055
25200000000,28800000000,25704110592,25704960179,849587
25200000000,28800000000,25704960179,25706536636,1576457
25200000000,28800000000,25706536636,25706626326,89690
25200000000,28800000000,25706626326,25707399466,773140
25200000000,28800000000,25707399466,25709050303,1650837
25200000000,28800000000,25709050303,25711922704,2872401
25200000000,28800000000,25711922704,25713405085,1482381
25200000000,28800000000,25713405085,25716135806,2730721
25200000000,28800000000,25716135806,25717692122,1556316
25200000000,28800000000,25717692122,25718535420,843298
25200000000,28800000000,25718535420,25720293752,1758332
25200000000,28800000000,25720293752,25722052301,1758549
25200000000,28800000000,25722052301,25728127668,6075367
25200000000,28800000000,25728127668,25728132545,4877
25200000000,28800000000,25728132545,25729594779,1462234
25200000000,28800000000,25729594779,25729594804,25
25200000000,28800000000,25729594804,25731959325,2364521
25200000000,28800000000,25731959325,25731959464,139
25200000000,28800000000,25731959464,25732833716,874252
25200000000,28800000000,25732833716,25735108755,2275039
25200000000,28800000000,25735108755,25740053329,4944574
25200000000,28800000000,25740053329,25740053407,78
25200000000,28800000000,25740053407,25740053412,5
25200000000,28800000000,25740053412,25740828128,774716
25200000000,28800000000,25740828128,25740849916,21788
25200000000,28800000000,25740849916,25744107125,3257209
25200000000,28800000000,25744107125,25744111553,4428
25200000000,28800000000,25744111553,25755593646,11482093
25200000000,28800000000,25755593646,25757211292,1617646
25200000000,28800000000,25757211292,25758227146,1015854
25200000000,28800000000,25758227146,25759590746,1363600
25200000000,28800000000,25759590746,25760416666,825920
25200000000,28800000000,25760416666,25761768460,1351794
25200000000,28800000000,25761768460,25762467529,699069
25200000000,28800000000,25762467529,25763205872,738343
25200000000,28800000000,25763205872,25764625712,1419840
25200000000,28800000000,25764625712,25764626285,573
25200000000,28800000000,25764626285,25780716967,16090682
25200000000,28800000000,25780716967,25782416105,1699138
25200000000,28800000000,25782416105,25785255251,2839146
25200000000,28800000000,25785255251,25802550632,17295381
25200000000,28800000000,25802550632,25804157982,1607350
25200000000,28800000000,25804157982,25805877795,1719813
25200000000,28800000000,25805877795,25809658737,3780942
25200000000,28800000000,25809658737,25816430648,6771911
25200000000,28800000000,25816430648,25816430685,37
25200000000,28800000000,25816430685,25816430690,5
25200000000,28800000000,25816430690,25821487805,5057115
25200000000,28800000000,25821487805,25823366361,1878556
25200000000,28800000000,25823366361,25826657052,3290691
25200000000,28800000000,25826657052,25826677142,20090
25200000000,28800000000,25826677142,25828178036,1500894
25200000000,28800000000,25828178036,25828178047,11
25200000000,28800000000,25828178047,25829787342,1609295
25200000000,28800000000,25829787342,25831383776,1596434
25200000000,28800000000,25831383776,25832149447,765671
25200000000,28800000000,25832149447,25833994341,1844894
25200000000,28800000000,25833994341,25836910961,2916620
25200000000,28800000000,25836910961,25837658792,747831
25200000000,28800000000,25837658792,25838387277,728485
25200000000,28800000000,25838387277,25839211806,824529
25200000000,28800000000,25839211806,25840861753,1649947
25200000000,28800000000,25840861753,25842373748,1511995
25200000000,28800000000,25842373748,25842391893,18145
25200000000,28800000000,25842391893,25842393021,1128
25200000000,28800000000,25842393021,25842393026,5
25200000000,28800000000,25842393026,25842393035,9
25200000000,28800000000,25842393035,25844813393,2420358
25200000000,28800000000,25844813393,25845620602,807209
25200000000,28800000000,25845620602,25845620604,2
25200000000,28800000000,25845620604,25847294403,1673799
25200000000,28800000000,25847294403,25852810997,5516594
25200000000,28800000000,25852810997,25855269766,2458769
25200000000,28800000000,25855269766,25858911665,3641899
25200000000,28800000000,25858911665,25859630606,718941
25200000000,28800000000,25859630606,25860474352,843746
25200000000,28800000000,25860474352,25862746348,2271996
25200000000,28800000000,25862746348,25864896704,2150356
25200000000,28800000000,25864896704,25864896863,159
25200000000,28800000000,25864896863,25864896868,5
25200000000,28800000000,25864896868,25865765934,869066
25200000000,28800000000,25865765934,25867526202,1760268
25200000000,28800000000,25867526202,25874485290,6959088
25200000000,28800000000,25874485290,25878607587,4122297
25200000000,28800000000,25878607587,25878609630,2043
25200000000,28800000000,25878609630,25878611821,2191
25200000000,28800000000,25878611821,25880189856,1578035
25200000000,28800000000,25880189856,25880189867,11
25200000000,28800000000,25880189867,25880189879,12
25200000000,28800000000,25880189879,25881073621,883742
25200000000,28800000000,25881073621,25883497272,2423651
25200000000,28800000000,25883497272,25885111240,1613968
25200000000,28800000000,25885111240,25890978189,5866949
25200000000,28800000000,25890978189,25890992288,14099
25200000000,28800000000,25890992288,25890994447,2159
25200000000,28800000000,25890994447,25892432224,1437777
25200000000,28800000000,25892432224,25892432242,18
25200000000,28800000000,25892432242,25892432253,11
25200000000,28800000000,25892432253,25905017457,12585204
25200000000,28800000000,25905017457,25907211859,2194402
25200000000,28800000000,25907211859,25908818255,1606396
25200000000,28800000000,25908818255,25908842532,24277
25200000000,28800000000,25908842532,25910795243,1952711
25200000000,28800000000,25910795243,25914694156,3898913
25200000000,28800000000,25914694156,25914694275,119
25200000000,28800000000,25914694275,25914694280,5
25200000000,28800000000,25914694280,25914694285,5
25200000000,28800000000,25914694285,25916909570,2215285
25200000000,28800000000,25916909570,25919752336,2842766
25200000000,28800000000,25919752336,25922578555,2826219
25200000000,28800000000,25922578555,25924019017,1440462
25200000000,28800000000,25924019017,25926375188,2356171
25200000000,28800000000,25926375188,25927851433,1476245
25200000000,28800000000,25927851433,25928590474,739041
25200000000,28800000000,25928590474,25929993928,1403454
25200000000,28800000000,25929993928,25935202773,5208845
25200000000,28800000000,25935202773,25935977831,775058
25200000000,28800000000,25935977831,25937450055,1472224
25200000000,28800000000,25937450055,25944918647,7468592
25200000000,28800000000,25944918647,25948743388,3824741
25200000000,28800000000,25948743388,25950299389,1556001
25200000000,28800000000,25950299389,25966013570,15714181
25200000000,28800000000,25966013570,25967386289,1372719
25200000000,28800000000,25967386289,25970852080,3465791
25200000000,28800000000,25970852080,25970852271,191
25200000000,28800000000,25970852271,25971666861,814590
25200000000,28800000000,25971666861,25973166348,1499487
25200000000,28800000000,25973166348,25986230921,13064573
25200000000,28800000000,25986230921,25993652213,7421292
25200000000,28800000000,25993652213,25993652216,3
25200000000,28800000000,25993652216,25994331717,679501
25200000000,28800000000,25994331717,25995065969,734252
25200000000,28800000000,25995065969,25995090088,24119
25200000000,28800000000,25995090088,26008388330,13298242
25200000000,28800000000,26008388330,26012889256,4500926
25200000000,28800000000,26012889256,26015354074,2464818
25200000000,28800000000,26015354074,26027421778,12067704
25200000000,28800000000,26027421778,26029173395,1751617
25200000000,28800000000,26029173395,26030637034,1463639
25200000000,28800000000,26030637034,26043526586,12889552
25200000000,28800000000,26043526586,26043560194,33608
25200000000,28800000000,26043560194,26044283711,723517
25200000000,28800000000,26044283711,26044307506,23795
25200000000,28800000000,26044307506,26044310767,3261
25200000000,28800000000,26044310767,26045050205,739438
25200000000,28800000000,26045050205,26045050216,11
25200000000,28800000000,26045050216,26045785583,735367
25200000000,28800000000,26045785583,26045785594,11
25200000000,28800000000,26045785594,26050514364,4728770
25200000000,28800000000,26050514364,26050531137,16773
25200000000,28800000000,26050531137,26051938609,1407472
25200000000,28800000000,26051938609,26051938620,11
25200000000,28800000000,26051938620,26063038652,11100032
25200000000,28800000000,26063038652,26063042895,4243
25200000000,28800000000,26063042895,26063045444,2549
25200000000,28800000000,26063045444,26064571472,1526028
25200000000,28800000000,26064571472,26064571517,45
25200000000,28800000000,26064571517,26064571521,4
25200000000,28800000000,26064571521,26064571728,207
25200000000,28800000000,26064571728,26065546394,974666
25200000000,28800000000,26065546394,26068052648,2506254
25200000000,28800000000,26068052648,26068812438,759790
25200000000,28800000000,26068812438,26070633526,1821088
25200000000,28800000000,26070633526,26072115226,1481700
25200000000,28800000000,26072115226,26072115229,3
25200000000,28800000000,26072115229,26073634586,1519357
25200000000,28800000000,26073634586,26081433951,7799365
25200000000,28800000000,26081433951,26094326656,12892705
25200000000,28800000000,26094326656,26095706436,1379780
25200000000,28800000000,26095706436,26095724842,18406
25200000000,28800000000,26095724842,26096457509,732667
25200000000,28800000000,26096457509,26096457591,82
25200000000,28800000000,26096457591,26096457596,5
25200000000,28800000000,26096457596,26096457729,133
25200000000,28800000000,26096457729,26097280180,822451
25200000000,28800000000,26097280180,26098038941,758761
25200000000,28800000000,26098038941,26098808181,769240
25200000000,28800000000,26098808181,26099550515,742334
25200000000,28800000000,26099550515,26100317175,766660
25200000000,28800000000,26100317175,26100317179,4
25200000000,28800000000,26100317179,26100317180,1
25200000000,28800000000,26100317180,26101140539,823359
25200000000,28800000000,26101140539,26101140564,25
25200000000,28800000000,26101140564,26102260971,1120407
25200000000,28800000000,26102260971,26103015713,754742
25200000000,28800000000,26103015713,26103719924,704211
25200000000,28800000000,26103719924,26104526845,806921
25200000000,28800000000,26104526845,26104554467,27622
25200000000,28800000000,26104554467,26106049008,1494541
25200000000,28800000000,26106049008,26106049207,199
25200000000,28800000000,26106049207,26106049212,5
25200000000,28800000000,26106049212,26106049217,5
25200000000,28800000000,26106049217,26106049726,509
25200000000,28800000000,26106049726,26107639491,1589765
25200000000,28800000000,26107639491,26111458071,3818580
25200000000,28800000000,26111458071,26111484654,26583
25200000000,28800000000,26111484654,26111487901,3247
25200000000,28800000000,26111487901,26111490294,2393
25200000000,28800000000,26111490294,26113344818,1854524
25200000000,28800000000,26113344818,26113344841,23
25200000000,28800000000,26113344841,26113344913,72
25200000000,28800000000,26113344913,26113344937,24
25200000000,28800000000,26113344937,26117194722,3849785
25200000000,28800000000,26117194722,26118675614,1480892
25200000000,28800000000,26118675614,26119392512,716898
25200000000,28800000000,26119392512,26120086297,693785
25200000000,28800000000,26120086297,26120769756,683459
25200000000,28800000000,26120769756,26121530912,761156
25200000000,28800000000,26121530912,26122267201,736289
25200000000,28800000000,26122267201,26123938938,1671737
25200000000,28800000000,26123938938,26123961250,22312
25200000000,28800000000,26123961250,26125642764,1681514
25200000000,28800000000,26125642764,26129854338,4211574
25200000000,28800000000,26129854338,26129854340,2
25200000000,28800000000,26129854340,26130553601,699261
25200000000,28800000000,26130553601,26131332692,779091
25200000000,28800000000,26131332692,26135436344,4103652
25200000000,28800000000,26135436344,26136232475,796131
25200000000,28800000000,26136232475,26137022624,790149
25200000000,28800000000,26137022624,26138559054,1536430
25200000000,28800000000,26138559054,26138956220,397166
25200000000,28800000000,26138956220,26140589033,1632813
25200000000,28800000000,26140589033,26140610790,21757
25200000000,28800000000,26140610790,26142026557,1415767
25200000000,28800000000,26142026557,26145387192,3360635
25200000000,28800000000,26145387192,26145402755,15563
25200000000,28800000000,26145402755,26146995014,1592259
25200000000,28800000000,26146995014,26146995014,0
25200000000,28800000000,26146995014,26150821282,3826268
25200000000,28800000000,26150821282,26151633214,811932
25200000000,28800000000,26151633214,26152446864,813650
25200000000,28800000000,26152446864,26152469576,22712
25200000000,28800000000,26152469576,26156131097,3661521
25200000000,28800000000,26156131097,26157612211,1481114
25200000000,28800000000,26157612211,26158455670,843459
25200000000,28800000000,26158455670,26158455707,37
25200000000,28800000000,26158455707,26158455712,5
25200000000,28800000000,26158455712,26166007573,7551861
25200000000,28800000000,26166007573,26166007576,3
25200000000,28800000000,26166007576,26167456795,1449219
25200000000,28800000000,26167456795,26170616665,3159870
25200000000,28800000000,26170616665,26171372185,755520
25200000000,28800000000,26171372185,26171372769,584
25200000000,28800000000,26171372769,26171372774,5
25200000000,28800000000,26171372774,26171372779,5
25200000000,28800000000,26171372779,26171373239,460
25200000000,28800000000,26171373239,26176373012,4999773
25200000000,28800000000,26176373012,26178216721,1843709
25200000000,28800000000,26178216721,26179829855,1613134
25200000000,28800000000,26179829855,26180845511,1015656
25200000000,28800000000,26180845511,26196000520,15155009
25200000000,28800000000,26196000520,26213682078,17681558
25200000000,28800000000,26213682078,26213682145,67
25200000000,28800000000,26213682145,26213682150,5
25200000000,28800000000,26213682150,26227911318,14229168
25200000000,28800000000,26227911318,26229414380,1503062
25200000000,28800000000,26229414380,26230497483,1083103
25200000000,28800000000,26230497483,26231966627,1469144
25200000000,28800000000,26231966627,26232764685,798058
25200000000,28800000000,26232764685,26234265000,1500315
25200000000,28800000000,26234265000,26242147741,7882741
25200000000,28800000000,26242147741,26242147817,76
25200000000,28800000000,26242147817,26242147824,7
25200000000,28800000000,26242147824,26245590399,3442575
25200000000,28800000000,26245590399,26249272516,3682117
25200000000,28800000000,26249272516,26251919153,2646637
25200000000,28800000000,26251919153,26253369672,1450519
25200000000,28800000000,26253369672,26259957448,6587776
25200000000,28800000000,26259957448,26259961603,4155
25200000000,28800000000,26259961603,26259964005,2402
25200000000,28800000000,26259964005,26259965817,1812
25200000000,28800000000,26259965817,26262054640,2088823
25200000000,28800000000,26262054640,26262054652,12
25200000000,28800000000,26262054652,26262054664,12
25200000000,28800000000,26262054664,26262054676,12
25200000000,28800000000,26262054676,26274185604,12130928
25200000000,28800000000,26274185604,26276275175,2089571
25200000000,28800000000,26276275175,26276275294,119
25200000000,28800000000,26276275294,26276275299,5
25200000000,28800000000,26276275299,26276275304,5
25200000000,28800000000,26276275304,26277976523,1701219
25200000000,28800000000,26277976523,26286699117,8722594
25200000000,28800000000,26286699117,26288343566,1644449
25200000000,28800000000,26288343566,26289207279,863713
25200000000,28800000000,26289207279,26290062132,854853
25200000000,28800000000,26290062132,26290834289,772157
25200000000,28800000000,26290834289,26291610237,775948
25200000000,28800000000,26291610237,26293190048,1579811
25200000000,28800000000,26293190048,26295461158,2271110
25200000000,28800000000,26295461158,26295461161,3
25200000000,28800000000,26295461161,26297372783,1911622
25200000000,28800000000,26297372783,26297395758,22975
25200000000,28800000000,26297395758,26297399118,3360
25200000000,28800000000,26297399118,26298955848,1556730
25200000000,28800000000,26298955848,26298955861,13
25200000000,28800000000,26298955861,26309854167,10898306
25200000000,28800000000,26309854167,26309858820,4653
25200000000,28800000000,26309858820,26311490717,1631897
25200000000,28800000000,26311490717,26311490736,19
25200000000,28800000000,26311490736,26315202678,3711942
25200000000,28800000000,26315202678,26316807660,1604982
25200000000,28800000000,26316807660,26319663272,2855612
25200000000,28800000000,26319663272,26320559101,895829
25200000000,28800000000,26320559101,26328742701,8183600
25200000000,28800000000,26328742701,26330622497,1879796
25200000000,28800000000,26330622497,26334320511,3698014
25200000000,28800000000,26334320511,26337871063,3550552
25200000000,28800000000,26337871063,26344641729,6770666
25200000000,28800000000,26344641729,26345597116,955387
25200000000,28800000000,26345597116,26349819994,4222878
25200000000,28800000000,26349819994,26349820051,57
25200000000,28800000000,26349820051,26349820056,5
25200000000,28800000000,26349820056,26349820087,31
25200000000,28800000000,26349820087,26349820174,87
25200000000,28800000000,26349820174,26349820179,5
25200000000,28800000000,26349820179,26351762244,1942065
25200000000,28800000000,26351762244,26353287335,1525091
25200000000,28800000000,26353287335,26357960271,4672936
25200000000,28800000000,26357960271,26357964926,4655
25200000000,28800000000,26357964926,26358755547,790621
25200000000,28800000000,26358755547,26358755712,165
25200000000,28800000000,26358755712,26359606083,850371
25200000000,28800000000,26359606083,26366431649,6825566
25200000000,28800000000,26366431649,26368058947,1627298
25200000000,28800000000,26368058947,26368871659,812712
25200000000,28800000000,26368871659,26368879559,7900
25200000000,28800000000,26368879559,26368879931,372
25200000000,28800000000,26368879931,26370393970,1514039
25200000000,28800000000,26370393970,26370422834,28864
25200000000,28800000000,26370422834,26371209602,786768
25200000000,28800000000,26371209602,26372064174,854572
25200000000,28800000000,26372064174,26373188730,1124556
25200000000,28800000000,26373188730,26374070428,881698
25200000000,28800000000,26374070428,26375743277,1672849
25200000000,28800000000,26375743277,26375940543,197266
25200000000,28800000000,26375940543,26377540535,1599992
25200000000,28800000000,26377540535,26378489133,948598
25200000000,28800000000,26378489133,26380148905,1659772
25200000000,28800000000,26380148905,26382542514,2393609
25200000000,28800000000,26382542514,26383851981,1309467
25200000000,28800000000,26383851981,26383856979,4998
25200000000,28800000000,26383856979,26384672502,815523
25200000000,28800000000,26384672502,26385425337,752835
25200000000,28800000000,26385425337,26385425508,171
25200000000,28800000000,26385425508,26385452218,26710
25200000000,28800000000,26385452218,26385452267,49
25200000000,28800000000,26385452267,26385452272,5
25200000000,28800000000,26385452272,26386343907,891635
25200000000,28800000000,26386343907,26399576339,13232432
25200000000,28800000000,26399576339,26402046247,2469908
25200000000,28800000000,26402046247,26402046386,139
25200000000,28800000000,26402046386,26402046391,5
25200000000,28800000000,26402046391,26402046396,5
25200000000,28800000000,26402046396,26405601518,3555122
25200000000,28800000000,26405601518,26408483043,2881525
25200000000,28800000000,26408483043,26408483905,862
25200000000,28800000000,26408483905,26410150134,1666229
25200000000,28800000000,26410150134,26410977532,827398
25200000000,28800000000,26410977532,26411731789,754257
25200000000,28800000000,26411731789,26411766547,34758
25200000000,28800000000,26411766547,26411766644,97
25200000000,28800000000,26411766644,26411781135,14491
25200000000,28800000000,26411781135,26412610157,829022
25200000000,28800000000,26412610157,26412657345,47188
25200000000,28800000000,26412657345,26413454555,797210
25200000000,28800000000,26413454555,26414369270,914715
25200000000,28800000000,26414369270,26414398219,28949
25200000000,28800000000,26414398219,26416412783,2014564
25200000000,28800000000,26416412783,26416436750,23967
25200000000,28800000000,26416436750,26418133686,1696936
25200000000,28800000000,26418133686,26419305983,1172297
25200000000,28800000000,26419305983,26419312094,6111
25200000000,28800000000,26419312094,26420921380,1609286
25200000000,28800000000,26420921380,26424055824,3134444
25200000000,28800000000,26424055824,26424909801,853977
25200000000,28800000000,26424909801,26424912756,2955
25200000000,28800000000,26424912756,26424915235,2479
25200000000,28800000000,26424915235,26426746934,1831699
25200000000,28800000000,26426746934,26426746946,12
25200000000,28800000000,26426746946,26426746989,43
25200000000,28800000000,26426746989,26426747982,993
25200000000,28800000000,26426747982,26433318219,6570237
25200000000,28800000000,26433318219,26435095096,1776877
25200000000,28800000000,26435095096,26435244162,149066
25200000000,28800000000,26435244162,26435244164,2
25200000000,28800000000,26435244164,26437150522,1906358
25200000000,28800000000,26437150522,26440332268,3181746
25200000000,28800000000,26440332268,26445107936,4775668
25200000000,28800000000,26445107936,26445108162,226
25200000000,28800000000,26445108162,26449775320,4667158
25200000000,28800000000,26449775320,26454910662,5135342
25200000000,28800000000,26454910662,26462571736,7661074
25200000000,28800000000,26462571736,26463951716,1379980
25200000000,28800000000,26463951716,26466804039,2852323
25200000000,28800000000,26466804039,26466804300,261
25200000000,28800000000,26466804300,26467515643,711343
25200000000,28800000000,26467515643,26467515646,3
25200000000,28800000000,26467515646,26468903645,1387999
25200000000,28800000000,26468903645,26471590195,2686550
25200000000,28800000000,26471590195,26475191226,3601031
25200000000,28800000000,26475191226,26475196172,4946
25200000000,28800000000,26475196172,26475198293,2121
25200000000,28800000000,26475198293,26475200369,2076
25200000000,28800000000,26475200369,26475202633,2264
25200000000,28800000000,26475202633,26476052399,849766
25200000000,28800000000,26476052399,26476795227,742828
25200000000,28800000000,26476795227,26476795440,213
25200000000,28800000000,26476795440,26476795452,12
25200000000,28800000000,26476795452,26476795464,12
25200000000,28800000000,26476795464,26476795476,12
25200000000,28800000000,26476795476,26477518679,723203
25200000000,28800000000,26477518679,26488313483,10794804
25200000000,28800000000,26488313483,26488332750,19267
25200000000,28800000000,26488332750,26488332829,79
25200000000,28800000000,26488332829,26488332834,5
25200000000,28800000000,26488332834,26488332839,5
25200000000,28800000000,26488332839,26489886300,1553461
25200000000,28800000000,26489886300,26493673290,3786990
25200000000,28800000000,26493673290,26493673294,4
25200000000,28800000000,26493673294,26493673400,106
25200000000,28800000000,26493673400,26496786252,3112852
25200000000,28800000000,26496786252,26503166306,6380054
25200000000,28800000000,26503166306,26504715081,1548775
25200000000,28800000000,26504715081,26505464564,749483
25200000000,28800000000,26505464564,26506819399,1354835
25200000000,28800000000,26506819399,26509733411,2914012
25200000000,28800000000,26509733411,26509733604,193
25200000000,28800000000,26509733604,26515686905,5953301
25200000000,28800000000,26515686905,26517066586,1379681
25200000000,28800000000,26517066586,26520652218,3585632
25200000000,28800000000,26520652218,26536025053,15372835
25200000000,28800000000,26536025053,26537492771,1467718
25200000000,28800000000,26537492771,26539670264,2177493
25200000000,28800000000,26539670264,26540365803,695539
25200000000,28800000000,26540365803,26541029307,663504
25200000000,28800000000,26541029307,26541042450,13143
25200000000,28800000000,26541042450,26541747070,704620
25200000000,28800000000,26541747070,26541759929,12859
25200000000,28800000000,26541759929,26541764158,4229
25200000000,28800000000,26541764158,26542424095,659937
25200000000,28800000000,26542424095,26543096690,672595
25200000000,28800000000,26543096690,26547862201,4765511
25200000000,28800000000,26547862201,26547865251,3050
25200000000,28800000000,26547865251,26548562835,697584
25200000000,28800000000,26548562835,26548562872,37
25200000000,28800000000,26548562872,26548562877,5
25200000000,28800000000,26548562877,26549235688,672811
25200000000,28800000000,26549235688,26549235699,11
25200000000,28800000000,26549235699,26560325022,11089323
25200000000,28800000000,26560325022,26561680142,1355120
25200000000,28800000000,26561680142,26563071495,1391353
25200000000,28800000000,26563071495,26566847051,3775556
25200000000,28800000000,26566847051,26567889590,1042539
25200000000,28800000000,26567889590,26588873302,20983712
25200000000,28800000000,26588873302,26592166755,3293453
25200000000,28800000000,26592166755,26593563530,1396775
25200000000,28800000000,26593563530,26595837266,2273736
25200000000,28800000000,26595837266,26596572799,735533
25200000000,28800000000,26596572799,26596572876,77
25200000000,28800000000,26596572876,26596572881,5
25200000000,28800000000,26596572881,26597427136,854255
25200000000,28800000000,26597427136,26597586873,159737
25200000000,28800000000,26597586873,26599048617,1461744
25200000000,28800000000,26599048617,26600206138,1157521
25200000000,28800000000,26600206138,26601521520,1315382
25200000000,28800000000,26601521520,26602171521,650001
25200000000,28800000000,26602171521,26602890199,718678
25200000000,28800000000,26602890199,26603527045,636846
25200000000,28800000000,26603527045,26603539385,12340
25200000000,28800000000,26603539385,26604303080,763695
25200000000,28800000000,26604303080,26605630663,1327583
25200000000,28800000000,26605630663,26606431084,800421
25200000000,28800000000,26606431084,26608006444,1575360
25200000000,28800000000,26608006444,26608022177,15733
25200000000,28800000000,26608022177,26608024522,2345
25200000000,28800000000,26608024522,26609557674,1533152
25200000000,28800000000,26609557674,26609557839,165
25200000000,28800000000,26609557839,26609557946,107
25200000000,28800000000,26609557946,26612070273,2512327
25200000000,28800000000,26612070273,26613338704,1268431
25200000000,28800000000,26613338704,26614045902,707198
25200000000,28800000000,26614045902,26621448139,7402237
25200000000,28800000000,26621448139,26622964151,1516012
25200000000,28800000000,26622964151,26632574247,9610096
25200000000,28800000000,26632574247,26634325611,1751364
25200000000,28800000000,26634325611,26634333660,8049
25200000000,28800000000,26634333660,26634334401,741
25200000000,28800000000,26634334401,26635132372,797971
25200000000,28800000000,26635132372,26635132411,39
25200000000,28800000000,26635132411,26635132416,5
25200000000,28800000000,26635132416,26635132421,5
25200000000,28800000000,26635132421,26636086113,953692
25200000000,28800000000,26636086113,26640929842,4843729
25200000000,28800000000,26640929842,26644127714,3197872
25200000000,28800000000,26644127714,26644150216,22502
25200000000,28800000000,26644150216,26644166026,15810
25200000000,28800000000,26644166026,26645547220,1381194
25200000000,28800000000,26645547220,26645547233,13
25200000000,28800000000,26645547233,26649886009,4338776
25200000000,28800000000,26649886009,26650519924,633915
25200000000,28800000000,26650519924,26654116974,3597050
25200000000,28800000000,26654116974,26656297116,2180142
25200000000,28800000000,26656297116,26657863369,1566253
25200000000,28800000000,26657863369,26659506092,1642723
25200000000,28800000000,26659506092,26660286085,779993
25200000000,28800000000,26660286085,26661792938,1506853
25200000000,28800000000,26661792938,26663154787,1361849
25200000000,28800000000,26663154787,26663154854,67
25200000000,28800000000,26663154854,26663154859,5
25200000000,28800000000,26663154859,26668750610,5595751
25200000000,28800000000,26668750610,26676621641,7871031
25200000000,28800000000,26676621641,26683730994,7109353
25200000000,28800000000,26683730994,26684510596,779602
25200000000,28800000000,26684510596,26684514413,3817
25200000000,28800000000,26684514413,26685537923,1023510
25200000000,28800000000,26685537923,26685537960,37
25200000000,28800000000,26685537960,26685537965,5
25200000000,28800000000,26685537965,26686313842,775877
25200000000,28800000000,26686313842,26687060875,747033
25200000000,28800000000,26687060875,26688424525,1363650
25200000000,28800000000,26688424525,26691497930,3073405
25200000000,28800000000,26691497930,26692685298,1187368
25200000000,28800000000,26692685298,26692689331,4033
25200000000,28800000000,26692689331,26692691273,1942
25200000000,28800000000,26692691273,26692693436,2163
25200000000,28800000000,26692693436,26695048463,2355027
25200000000,28800000000,26695048463,26695048475,12
25200000000,28800000000,26695048475,26695048487,12
25200000000,28800000000,26695048487,26695048511,24
25200000000,28800000000,26695048511,26695048515,4
25200000000,28800000000,26695048515,26695048516,1
25200000000,28800000000,26695048516,26695048517,1
25200000000,28800000000,26695048517,26695787536,739019
25200000000,28800000000,26695787536,26695787735,199
25200000000,28800000000,26695787735,26695787932,197
25200000000,28800000000,26695787932,26700206758,4418826
25200000000,28800000000,26700206758,26702658980,2452222
25200000000,28800000000,26702658980,26705790682,3131702
25200000000,28800000000,26705790682,26706693272,902590
25200000000,28800000000,26706693272,26707022477,329205
25200000000,28800000000,26707022477,26708465088,1442611
25200000000,28800000000,26708465088,26712531902,4066814
25200000000,28800000000,26712531902,26715394848,2862946
25200000000,28800000000,26715394848,26716817531,1422683
25200000000,28800000000,26716817531,26716842463,24932
25200000000,28800000000,26716842463,26718711720,1869257
25200000000,28800000000,26718711720,26720493327,1781607
25200000000,28800000000,26720493327,26722258663,1765336
25200000000,28800000000,26722258663,26728302465,6043802
25200000000,28800000000,26728302465,26730720198,2417733
25200000000,28800000000,26730720198,26730720198,0
25200000000,28800000000,26730720198,26730753590,33392
25200000000,28800000000,26730753590,26732260039,1506449
25200000000,28800000000,26732260039,26733135275,875236
25200000000,28800000000,26733135275,26733137377,2102
25200000000,28800000000,26733137377,26733139070,1693
25200000000,28800000000,26733139070,26733141256,2186
25200000000,28800000000,26733141256,26734816898,1675642
25200000000,28800000000,26734816898,26734816924,26
25200000000,28800000000,26734816924,26734816934,10
25200000000,28800000000,26734816934,26734816967,33
25200000000,28800000000,26734816967,26740437131,5620164
25200000000,28800000000,26740437131,26743587274,3150143
25200000000,28800000000,26743587274,26745017021,1429747
25200000000,28800000000,26745017021,26745017023,2
25200000000,28800000000,26745017023,26745741492,724469
25200000000,28800000000,26745741492,26745767509,26017
25200000000,28800000000,26745767509,26745769661,2152
25200000000,28800000000,26745769661,26746404738,635077
25200000000,28800000000,26746404738,26747090820,686082
25200000000,28800000000,26747090820,26747090824,4
25200000000,28800000000,26747090824,26747090825,1
25200000000,28800000000,26747090825,26747090843,18
25200000000,28800000000,26747090843,26747090854,11
25200000000,28800000000,26747090854,26747108412,17558
25200000000,28800000000,26747108412,26747768494,660082
25200000000,28800000000,26747768494,26747768525,31
25200000000,28800000000,26747768525,26748486103,717578
25200000000,28800000000,26748486103,26749956457,1470354
25200000000,28800000000,26749956457,26749956457,0
25200000000,28800000000,26749956457,26757289088,7332631
25200000000,28800000000,26757289088,26758774995,1485907
25200000000,28800000000,26758774995,26760323619,1548624
25200000000,28800000000,26760323619,26760692538,368919
25200000000,28800000000,26760692538,26761440500,747962
25200000000,28800000000,26761440500,26761440505,5
25200000000,28800000000,26761440505,26761440506,1
25200000000,28800000000,26761440506,26764308173,2867667
25200000000,28800000000,26764308173,26764308191,18
25200000000,28800000000,26764308191,26771988273,7680082
25200000000,28800000000,26771988273,26772728890,740617
25200000000,28800000000,26772728890,26772728890,0
25200000000,28800000000,26772728890,26775459137,2730247
25200000000,28800000000,26775459137,26776881713,1422576
25200000000,28800000000,26776881713,26776881716,3
25200000000,28800000000,26776881716,26778271667,1389951
25200000000,28800000000,26778271667,26785031827,6760160
25200000000,28800000000,26785031827,26785041566,9739
25200000000,28800000000,26785041566,26787407780,2366214
25200000000,28800000000,26787407780,26787409851,2071
25200000000,28800000000,26787409851,26787951388,541537
25200000000,28800000000,26787951388,26788805636,854248
25200000000,28800000000,26788805636,26790492796,1687160
25200000000,28800000000,26790492796,26795473845,4981049
25200000000,28800000000,26795473845,26796385093,911248
25200000000,28800000000,26796385093,26798120203,1735110
25200000000,28800000000,26798120203,26800806226,2686023
25200000000,28800000000,26800806226,26804870502,4064276
25200000000,28800000000,26804870502,26809909429,5038927
25200000000,28800000000,26809909429,26809909577,148
25200000000,28800000000,26809909577,26809909582,5
25200000000,28800000000,26809909582,26809910335,753
25200000000,28800000000,26809910335,26811886240,1975905
25200000000,28800000000,26811886240,26819473018,7586778
25200000000,28800000000,26819473018,26822130611,2657593
25200000000,28800000000,26822130611,26822137285,6674
25200000000,28800000000,26822137285,26823025828,888543
25200000000,28800000000,26823025828,26823839628,813800
25200000000,28800000000,26823839628,26823854881,15253
25200000000,28800000000,26823854881,26823861252,6371
25200000000,28800000000,26823861252,26823861350,98
25200000000,28800000000,26823861350,26823861355,5
25200000000,28800000000,26823861355,26823861364,9
25200000000,28800000000,26823861364,26824833586,972222
25200000000,28800000000,26824833586,26825682247,848661
25200000000,28800000000,26825682247,26834340964,8658717
25200000000,28800000000,26834340964,26838074170,3733206
25200000000,28800000000,26838074170,26839986090,1911920
25200000000,28800000000,26839986090,26839991448,5358
25200000000,28800000000,26839991448,26841657500,1666052
25200000000,28800000000,26841657500,26842512615,855115
25200000000,28800000000,26842512615,26843337975,825360
25200000000,28800000000,26843337975,26844134746,796771
25200000000,28800000000,26844134746,26845005624,870878
25200000000,28800000000,26845005624,26845794859,789235
25200000000,28800000000,26845794859,26846737314,942455
25200000000,28800000000,26846737314,26848542955,1805641
25200000000,28800000000,26848542955,26848542955,0
25200000000,28800000000,26848542955,26854573529,6030574
25200000000,28800000000,26854573529,26854580015,6486
25200000000,28800000000,26854580015,26856363314,1783299
25200000000,28800000000,26856363314,26856363325,11
25200000000,28800000000,26856363325,26856397894,34569
25200000000,28800000000,26856397894,26857255379,857485
25200000000,28800000000,26857255379,26858110781,855402
25200000000,28800000000,26858110781,26858142717,31936
25200000000,28800000000,26858142717,26858147155,4438
25200000000,28800000000,26858147155,26858993575,846420
25200000000,28800000000,26858993575,26859019263,25688
25200000000,28800000000,26859019263,26859376373,357110
25200000000,28800000000,26859376373,26860282268,905895
25200000000,28800000000,26860282268,26860282280,12
25200000000,28800000000,26860282280,26860341092,58812
25200000000,28800000000,26860341092,26861112851,771759
25200000000,28800000000,26861112851,26861922551,809700
25200000000,28800000000,26861922551,26861946469,23918
25200000000,28800000000,26861946469,26862790756,844287
25200000000,28800000000,26862790756,26863674558,883802
25200000000,28800000000,26863674558,26864521268,846710
25200000000,28800000000,26864521268,26864645982,124714
25200000000,28800000000,26864645982,26866373693,1727711
25200000000,28800000000,26866373693,26867319624,945931
25200000000,28800000000,26867319624,26869067475,1747851
25200000000,28800000000,26869067475,26871122070,2054595
25200000000,28800000000,26871122070,26872766019,1643949
25200000000,28800000000,26872766019,26873667861,901842
25200000000,28800000000,26873667861,26874327196,659335
25200000000,28800000000,26874327196,26874327277,81
25200000000,28800000000,26874327277,26874327346,69
25200000000,28800000000,26874327346,26874327351,5
25200000000,28800000000,26874327351,26874327356,5
25200000000,28800000000,26874327356,26875368484,1041128
25200000000,28800000000,26875368484,26875372537,4053
25200000000,28800000000,26875372537,26876334690,962153
25200000000,28800000000,26876334690,26877243068,908378
25200000000,28800000000,26877243068,26877264206,21138
25200000000,28800000000,26877264206,26878183777,919571
25200000000,28800000000,26878183777,26880977124,2793347
25200000000,28800000000,26880977124,26883870612,2893488
25200000000,28800000000,26883870612,26885719096,1848484
25200000000,28800000000,26885719096,26886513315,794219
25200000000,28800000000,26886513315,26887351943,838628
25200000000,28800000000,26887351943,26887369383,17440
25200000000,28800000000,26887369383,26888189662,820279
25200000000,28800000000,26888189662,26888206498,16836
25200000000,28800000000,26888206498,26889099830,893332
25200000000,28800000000,26889099830,26889889565,789735
25200000000,28800000000,26889889565,26889890072,507
25200000000,28800000000,26889890072,26892849362,2959290
25200000000,28800000000,26892849362,26904856318,12006956
25200000000,28800000000,26904856318,26904856335,17
25200000000,28800000000,26904856335,26904866382,10047
25200000000,28800000000,26904866382,26917196004,12329622
25200000000,28800000000,26917196004,26919005193,1809189
25200000000,28800000000,26919005193,26919005197,4
25200000000,28800000000,26919005197,26919005198,1
25200000000,28800000000,26919005198,26919005199,1
25200000000,28800000000,26919005199,26919867865,862666
25200000000,28800000000,26919867865,26919868092,227
25200000000,28800000000,26919868092,26919868349,257
25200000000,28800000000,26919868349,26920823907,955558
25200000000,28800000000,26920823907,26922471811,1647904
25200000000,28800000000,26922471811,26922509302,37491
25200000000,28800000000,26922509302,26924736827,2227525
25200000000,28800000000,26924736827,26924742162,5335
25200000000,28800000000,26924742162,26926313895,1571733
25200000000,28800000000,26926313895,26926329817,15922
25200000000,28800000000,26926329817,26927976012,1646195
25200000000,28800000000,26927976012,26928011503,35491
25200000000,28800000000,26928011503,26929710123,1698620
25200000000,28800000000,26929710123,26929734747,24624
25200000000,28800000000,26929734747,26929739412,4665
25200000000,28800000000,26929739412,26929742589,3177
25200000000,28800000000,26929742589,26929744935,2346
25200000000,28800000000,26929744935,26931491333,1746398
25200000000,28800000000,26931491333,26931491345,12
25200000000,28800000000,26931491345,26931491357,12
25200000000,28800000000,26931491357,26931491368,11
25200000000,28800000000,26931491368,26931531641,40273
25200000000,28800000000,26931531641,26933282165,1750524
25200000000,28800000000,26933282165,26935079061,1796896
25200000000,28800000000,26935079061,26937063566,1984505
25200000000,28800000000,26937063566,26937083367,19801
25200000000,28800000000,26937083367,26938545211,1461844
25200000000,28800000000,26938545211,26942404363,3859152
25200000000,28800000000,26942404363,26942404365,2
25200000000,28800000000,26942404365,26944118162,1713797
25200000000,28800000000,26944118162,26944153458,35296
25200000000,28800000000,26944153458,26944153460,2
25200000000,28800000000,26944153460,26945713676,1560216
25200000000,28800000000,26945713676,26950850260,5136584
25200000000,28800000000,26950850260,26950850262,2
25200000000,28800000000,26950850262,26950850357,95
25200000000,28800000000,26950850357,26952508905,1658548
25200000000,28800000000,26952508905,26954548591,2039686
25200000000,28800000000,26954548591,26954565159,16568
25200000000,28800000000,26954565159,26954567798,2639
25200000000,28800000000,26954567798,26954570056,2258
25200000000,28800000000,26954570056,26954570058,2
25200000000,28800000000,26954570058,26955321266,751208
25200000000,28800000000,26955321266,26955321268,2
25200000000,28800000000,26955321268,26955321282,14
25200000000,28800000000,26955321282,26955321284,2
25200000000,28800000000,26955321284,26955988461,667177
25200000000,28800000000,26955988461,26955988471,10
25200000000,28800000000,26955988471,26955988482,11
25200000000,28800000000,26955988482,26955988493,11
25200000000,28800000000,26955988493,26956680788,692295
25200000000,28800000000,26956680788,26956680799,11
25200000000,28800000000,26956680799,26957650293,969494
25200000000,28800000000,26957650293,26957650295,2
25200000000,28800000000,26957650295,26957650483,188
25200000000,28800000000,26957650483,26957650510,27
25200000000,28800000000,26957650510,26957650515,5
25200000000,28800000000,26957650515,26958505587,855072
25200000000,28800000000,26958505587,26958505589,2
25200000000,28800000000,26958505589,26959204374,698785
25200000000,28800000000,26959204374,26959966670,762296
25200000000,28800000000,26959966670,26959987349,20679
25200000000,28800000000,26959987349,26959987351,2
25200000000,28800000000,26959987351,26963552170,3564819
25200000000,28800000000,26963552170,26969680879,6128709
25200000000,28800000000,26969680879,26970380016,699137
25200000000,28800000000,26970380016,26971983459,1603443
25200000000,28800000000,26971983459,26973506789,1523330
25200000000,28800000000,26973506789,26973525473,18684
25200000000,28800000000,26973525473,26973525593,120
25200000000,28800000000,26973525593,26973525701,108
25200000000,28800000000,26973525701,26974441857,916156
25200000000,28800000000,26974441857,26977730170,3288313
25200000000,28800000000,26977730170,26978837952,1107782
25200000000,28800000000,26978837952,26978866428,28476
25200000000,28800000000,26978866428,26980387599,1521171
25200000000,28800000000,26980387599,26980387612,13
25200000000,28800000000,26980387612,26980404452,16840
25200000000,28800000000,26980404452,26981169638,765186
25200000000,28800000000,26981169638,26985059996,3890358
25200000000,28800000000,26985059996,26987312747,2252751
25200000000,28800000000,26987312747,26989141610,1828863
25200000000,28800000000,26989141610,26989896455,754845
25200000000,28800000000,26989896455,26989896457,2
25200000000,28800000000,26989896457,26991445320,1548863
25200000000,28800000000,26991445320,26998620043,7174723
25200000000,28800000000,26998620043,27003504598,4884555
25200000000,28800000000,27003504598,27005818107,2313509
25200000000,28800000000,27005818107,27005820072,1965
25200000000,28800000000,27005820072,27006563526,743454
25200000000,28800000000,27006563526,27007265079,701553
25200000000,28800000000,27007265079,27007265090,11
25200000000,28800000000,27007265090,27007294336,29246
25200000000,28800000000,27007294336,27007295577,1241
25200000000,28800000000,27007295577,27007295584,7
25200000000,28800000000,27007295584,27008053128,757544
25200000000,28800000000,27008053128,27008104951,51823
25200000000,28800000000,27008104951,27009705913,1600962
25200000000,28800000000,27009705913,27014986871,5280958
25200000000,28800000000,27014986871,27015633008,646137
25200000000,28800000000,27015633008,27015645897,12889
25200000000,28800000000,27015645897,27015653540,7643
25200000000,28800000000,27015653540,27015656270,2730
25200000000,28800000000,27015656270,27015660936,4666
25200000000,28800000000,27015660936,27015662829,1893
25200000000,28800000000,27015662829,27016365384,702555
25200000000,28800000000,27016365384,27016379438,14054
25200000000,28800000000,27016379438,27017981812,1602374
25200000000,28800000000,27017981812,27017981823,11
25200000000,28800000000,27017981823,27017981847,24
25200000000,28800000000,27017981847,27017981851,4
25200000000,28800000000,27017981851,27017981852,1
25200000000,28800000000,27017981852,27017981853,1
25200000000,28800000000,27017981853,27017981872,19
25200000000,28800000000,27017981872,27017981883,11
25200000000,28800000000,27017981883,27017981894,11
25200000000,28800000000,27017981894,27018791381,809487
25200000000,28800000000,27018791381,27018791406,25
25200000000,28800000000,27018791406,27018791583,177
25200000000,28800000000,27018791583,27018791601,18
25200000000,28800000000,27018791601,27029562463,10770862
25200000000,28800000000,27029562463,27029565083,2620
25200000000,28800000000,27029565083,27030898193,1333110
25200000000,28800000000,27030898193,27030898205,12
25200000000,28800000000,27030898205,27031611082,712877
25200000000,28800000000,27031611082,27031611084,2
25200000000,28800000000,27031611084,27032626399,1015315
25200000000,28800000000,27032626399,27032632300,5901
25200000000,28800000000,27032632300,27033460456,828156
25200000000,28800000000,27033460456,27034269094,808638
25200000000,28800000000,27034269094,27035211261,942167
25200000000,28800000000,27035211261,27035217282,6021
25200000000,28800000000,27035217282,27035217285,3
25200000000,28800000000,27035217285,27036954616,1737331
25200000000,28800000000,27036954616,27036954628,12
25200000000,28800000000,27036954628,27041709068,4754440
25200000000,28800000000,27041709068,27043650999,1941931
25200000000,28800000000,27043650999,27052511176,8860177
25200000000,28800000000,27052511176,27053380512,869336
25200000000,28800000000,27053380512,27054656290,1275778
25200000000,28800000000,27054656290,27054690284,33994
25200000000,28800000000,27054690284,27054696568,6284
25200000000,28800000000,27054696568,27054697158,590
25200000000,28800000000,27054697158,27054697163,5
25200000000,28800000000,27054697163,27055657309,960146
25200000000,28800000000,27055657309,27056318428,661119
25200000000,28800000000,27056318428,27056318432,4
25200000000,28800000000,27056318432,27056533874,215442
25200000000,28800000000,27056533874,27056605883,72009
25200000000,28800000000,27056605883,27057267566,661683
25200000000,28800000000,27057267566,27058084243,816677
25200000000,28800000000,27058084243,27059508918,1424675
25200000000,28800000000,27059508918,27059508984,66
25200000000,28800000000,27059508984,27061861907,2352923
25200000000,28800000000,27061861907,27066086546,4224639
25200000000,28800000000,27066086546,27069081196,2994650
25200000000,28800000000,27069081196,27071321242,2240046
25200000000,28800000000,27071321242,27071375992,54750
25200000000,28800000000,27071375992,27071375995,3
25200000000,28800000000,27071375995,27074288368,2912373
25200000000,28800000000,27074288368,27078901854,4613486
25200000000,28800000000,27078901854,27078907021,5167
25200000000,28800000000,27078907021,27079650295,743274
25200000000,28800000000,27079650295,27081108437,1458142
25200000000,28800000000,27081108437,27081108447,10
25200000000,28800000000,27081108447,27081155387,46940
25200000000,28800000000,27081155387,27082620598,1465211
25200000000,28800000000,27082620598,27083447393,826795
25200000000,28800000000,27083447393,27083533856,86463
25200000000,28800000000,27083533856,27084908555,1374699
25200000000,28800000000,27084908555,27087958853,3050298
25200000000,28800000000,27087958853,27089310882,1352029
25200000000,28800000000,27089310882,27090035733,724851
25200000000,28800000000,27090035733,27090077634,41901
25200000000,28800000000,27090077634,27096647854,6570220
25200000000,28800000000,27096647854,27096674481,26627
25200000000,28800000000,27096674481,27097381141,706660
25200000000,28800000000,27097381141,27098243726,862585
25200000000,28800000000,27098243726,27098470524,226798
25200000000,28800000000,27098470524,27098470593,69
25200000000,28800000000,27098470593,27098470598,5
25200000000,28800000000,27098470598,27098470603,5
25200000000,28800000000,27098470603,27101836569,3365966
25200000000,28800000000,27101836569,27103019693,1183124
25200000000,28800000000,27103019693,27109854127,6834434
25200000000,28800000000,27109854127,27111691770,1837643
25200000000,28800000000,27111691770,27111837802,146032
25200000000,28800000000,27111837802,27114231440,2393638
25200000000,28800000000,27114231440,27114275257,43817
25200000000,28800000000,27114275257,27116696649,2421392
25200000000,28800000000,27116696649,27116843176,146527
25200000000,28800000000,27116843176,27118774314,1931138
25200000000,28800000000,27118774314,27118774318,4
25200000000,28800000000,27118774318,27118836360,62042
25200000000,28800000000,27118836360,27119850680,1014320
25200000000,28800000000,27119850680,27121195679,1344999
25200000000,28800000000,27121195679,27124868644,3672965
25200000000,28800000000,27124868644,27124868648,4
25200000000,28800000000,27124868648,27124868663,15
25200000000,28800000000,27124868663,27124871024,2361
25200000000,28800000000,27124871024,27129238601,4367577
25200000000,28800000000,27129238601,27131048432,1809831
25200000000,28800000000,27131048432,27132024953,976521
25200000000,28800000000,27132024953,27132056157,31204
25200000000,28800000000,27132056157,27135378888,3322731
25200000000,28800000000,27135378888,27135378900,12
25200000000,28800000000,27135378900,27136468683,1089783
25200000000,28800000000,27136468683,27138676800,2208117
25200000000,28800000000,27138676800,27144916940,6240140
25200000000,28800000000,27144916940,27145844127,927187
25200000000,28800000000,27145844127,27150737848,4893721
25200000000,28800000000,27150737848,27150737851,3
25200000000,28800000000,27150737851,27151539743,801892
25200000000,28800000000,27151539743,27152333106,793363
25200000000,28800000000,27152333106,27155289890,2956784
25200000000,28800000000,27155289890,27155296021,6131
25200000000,28800000000,27155296021,27155299328,3307
25200000000,28800000000,27155299328,27157006753,1707425
25200000000,28800000000,27157006753,27157006765,12
25200000000,28800000000,27157006765,27159855788,2849023
25200000000,28800000000,27159855788,27161680958,1825170
25200000000,28800000000,27161680958,27167636676,5955718
25200000000,28800000000,27167636676,27167642064,5388
25200000000,28800000000,27167642064,27169210478,1568414
25200000000,28800000000,27169210478,27169210503,25
25200000000,28800000000,27169210503,27170763524,1553021
25200000000,28800000000,27170763524,27170763613,89
25200000000,28800000000,27170763613,27170763618,5
25200000000,28800000000,27170763618,27170763623,5
25200000000,28800000000,27170763623,27172571219,1807596
25200000000,28800000000,27172571219,27179751583,7180364
25200000000,28800000000,27179751583,27181284132,1532549
25200000000,28800000000,27181284132,27181341176,57044
25200000000,28800000000,27181341176,27183046398,1705222
25200000000,28800000000,27183046398,27184612545,1566147
25200000000,28800000000,27184612545,27186178674,1566129
25200000000,28800000000,27186178674,27188098515,1919841
25200000000,28800000000,27188098515,27188967178,868663
25200000000,28800000000,27188967178,27188967441,263
25200000000,28800000000,27188967441,27189762849,795408
25200000000,28800000000,27189762849,27191437578,1674729
25200000000,28800000000,27191437578,27191437627,49
25200000000,28800000000,27191437627,27191437632,5
25200000000,28800000000,27191437632,27191437637,5
25200000000,28800000000,27191437637,27192205096,767459
25200000000,28800000000,27192205096,27192210510,5414
25200000000,28800000000,27192210510,27192213076,2566
25200000000,28800000000,27192213076,27192215380,2304
25200000000,28800000000,27192215380,27193761206,1545826
25200000000,28800000000,27193761206,27193761219,13
25200000000,28800000000,27193761219,27193761231,12
25200000000,28800000000,27193761231,27193761243,12
25200000000,28800000000,27193761243,27194583504,822261
25200000000,28800000000,27194583504,27197167116,2583612
25200000000,28800000000,27197167116,27201974132,4807016
25200000000,28800000000,27201974132,27202697676,723544
25200000000,28800000000,27202697676,27204895158,2197482
25200000000,28800000000,27204895158,27206303139,1407981
25200000000,28800000000,27206303139,27208187545,1884406
25200000000,28800000000,27208187545,27209618376,1430831
25200000000,28800000000,27209618376,27216794939,7176563
25200000000,28800000000,27216794939,27218320344,1525405
25200000000,28800000000,27218320344,27218320349,5
25200000000,28800000000,27218320349,27219365382,1045033
25200000000,28800000000,27219365382,27226465779,7100397
25200000000,28800000000,27226465779,27227200656,734877
25200000000,28800000000,27227200656,27228607811,1407155
25200000000,28800000000,27228607811,27229265471,657660
25200000000,28800000000,27229265471,27230881031,1615560
25200000000,28800000000,27230881031,27232190089,1309058
25200000000,28800000000,27232190089,27237587947,5397858
25200000000,28800000000,27237587947,27239053702,1465755
25200000000,28800000000,27239053702,27241562512,2508810
25200000000,28800000000,27241562512,27242957094,1394582
25200000000,28800000000,27242957094,27243676071,718977
25200000000,28800000000,27243676071,27245161222,1485151
25200000000,28800000000,27245161222,27253642019,8480797
25200000000,28800000000,27253642019,27254988227,1346208
25200000000,28800000000,27254988227,27257738109,2749882
25200000000,28800000000,27257738109,27266966175,9228066
25200000000,28800000000,27266966175,27301496281,34530106
25200000000,28800000000,27301496281,27301501791,5510
25200000000,28800000000,27301501791,27302285882,784091
25200000000,28800000000,27302285882,27303004694,718812
25200000000,28800000000,27303004694,27303005404,710
25200000000,28800000000,27303005404,27303055359,49955
25200000000,28800000000,27303055359,27303065137,9778
25200000000,28800000000,27303065137,27303793076,727939
25200000000,28800000000,27303793076,27303847175,54099
25200000000,28800000000,27303847175,27303854253,7078
25200000000,28800000000,27303854253,27304546112,691859
25200000000,28800000000,27304546112,27304546131,19
25200000000,28800000000,27304546131,27304569542,23411
25200000000,28800000000,27304569542,27305285600,716058
25200000000,28800000000,27305285600,27305285631,31
25200000000,28800000000,27305285631,27305308494,22863
25200000000,28800000000,27305308494,27305308614,120
25200000000,28800000000,27305308614,27306129888,821274
25200000000,28800000000,27306129888,27306189720,59832
25200000000,28800000000,27306189720,27306549710,359990
25200000000,28800000000,27306549710,27308123049,1573339
25200000000,28800000000,27308123049,27314761881,6638832
25200000000,28800000000,27314761881,27315444432,682551
25200000000,28800000000,27315444432,27316156020,711588
25200000000,28800000000,27316156020,27316816082,660062
25200000000,28800000000,27316816082,27316829387,13305
25200000000,28800000000,27316829387,27316829456,69
25200000000,28800000000,27316829456,27316829461,5
25200000000,28800000000,27316829461,27316829466,5
25200000000,28800000000,27316829466,27326230089,9400623
25200000000,28800000000,27326230089,27326918272,688183
25200000000,28800000000,27326918272,27326918274,2
25200000000,28800000000,27326918274,27328647087,1728813
25200000000,28800000000,27328647087,27329342527,695440
25200000000,28800000000,27329342527,27329342531,4
25200000000,28800000000,27329342531,27329342568,37
25200000000,28800000000,27329342568,27329342573,5
25200000000,28800000000,27329342573,27331497877,2155304
25200000000,28800000000,27331497877,27331497881,4
25200000000,28800000000,27331497881,27331497968,87
25200000000,28800000000,27331497968,27331497973,5
25200000000,28800000000,27331497973,27332940735,1442762
25200000000,28800000000,27332940735,27333674993,734258
25200000000,28800000000,27333674993,27333675121,128
25200000000,28800000000,27333675121,27333675128,7
25200000000,28800000000,27333675128,27333675133,5
25200000000,28800000000,27333675133,27337280850,3605717
25200000000,28800000000,27337280850,27337280900,50
25200000000,28800000000,27337280900,27337280905,5
25200000000,28800000000,27337280905,27337280910,5
25200000000,28800000000,27337280910,27341161655,3880745
25200000000,28800000000,27341161655,27341163878,2223
25200000000,28800000000,27341163878,27341980225,816347
25200000000,28800000000,27341980225,27342750557,770332
25200000000,28800000000,27342750557,27342750582,25
25200000000,28800000000,27342750582,27342750586,4
25200000000,28800000000,27342750586,27342791543,40957
25200000000,28800000000,27342791543,27343564648,773105
25200000000,28800000000,27343564648,27349520184,5955536
25200000000,28800000000,27349520184,27354269755,4749571
25200000000,28800000000,27354269755,27354281513,11758
25200000000,28800000000,27354281513,27354284913,3400
25200000000,28800000000,27354284913,27355500529,1215616
25200000000,28800000000,27355500529,27355500544,15
25200000000,28800000000,27355500544,27355500731,187
25200000000,28800000000,27355500731,27356139993,639262
25200000000,28800000000,27356139993,27358074337,1934344
25200000000,28800000000,27358074337,27358083646,9309
25200000000,28800000000,27358083646,27358723201,639555
25200000000,28800000000,27358723201,27359378632,655431
25200000000,28800000000,27359378632,27359378642,10
25200000000,28800000000,27359378642,27360061882,683240
25200000000,28800000000,27360061882,27360079671,17789
25200000000,28800000000,27360079671,27361929355,1849684
25200000000,28800000000,27361929355,27362623135,693780
25200000000,28800000000,27362623135,27363978536,1355401
25200000000,28800000000,27363978536,27365310468,1331932
25200000000,28800000000,27365310468,27365315565,5097
25200000000,28800000000,27365315565,27365315568,3
25200000000,28800000000,27365315568,27366601565,1285997
25200000000,28800000000,27366601565,27366601589,24
25200000000,28800000000,27366601589,27366636391,34802
25200000000,28800000000,27366636391,27366639919,3528
25200000000,28800000000,27366639919,27368015489,1375570
25200000000,28800000000,27368015489,27368016367,878
25200000000,28800000000,27368016367,27368054868,38501
25200000000,28800000000,27368054868,27369423452,1368584
25200000000,28800000000,27369423452,27375544783,6121331
25200000000,28800000000,27375544783,27375544786,3
25200000000,28800000000,27375544786,27376946622,1401836
25200000000,28800000000,27376946622,27378987312,2040690
25200000000,28800000000,27378987312,27380320588,1333276
25200000000,28800000000,27380320588,27380320592,4
25200000000,28800000000,27380320592,27380320593,1
25200000000,28800000000,27380320593,27380950980,630387
25200000000,28800000000,27380950980,27380951005,25
25200000000,28800000000,27380951005,27380981078,30073
25200000000,28800000000,27380981078,27380981135,57
25200000000,28800000000,27380981135,27380981140,5
25200000000,28800000000,27380981140,27381657541,676401
25200000000,28800000000,27381657541,27382061226,403685
25200000000,28800000000,27382061226,27383495093,1433867
25200000000,28800000000,27383495093,27384263078,767985
25200000000,28800000000,27384263078,27387891908,3628830
25200000000,28800000000,27387891908,27389207319,1315411
25200000000,28800000000,27389207319,27391251755,2044436
25200000000,28800000000,27391251755,27391252062,307
25200000000,28800000000,27391252062,27391252067,5
25200000000,28800000000,27391252067,27394548963,3296896
25200000000,28800000000,27394548963,27394554527,5564
25200000000,28800000000,27394554527,27396035030,1480503
25200000000,28800000000,27396035030,27396810896,775866
25200000000,28800000000,27396810896,27396817721,6825
25200000000,28800000000,27396817721,27400377210,3559489
25200000000,28800000000,27400377210,27400467086,89876
25200000000,28800000000,27400467086,27402555096,2088010
25200000000,28800000000,27402555096,27402561774,6678
25200000000,28800000000,27402561774,27404532334,1970560
25200000000,28800000000,27404532334,27405269830,737496
25200000000,28800000000,27405269830,27406709257,1439427
25200000000,28800000000,27406709257,27407539513,830256
25200000000,28800000000,27407539513,27409261123,1721610
25200000000,28800000000,27409261123,27409308915,47792
25200000000,28800000000,27409308915,27411112642,1803727
25200000000,28800000000,27411112642,27413558941,2446299
25200000000,28800000000,27413558941,27413628635,69694
25200000000,28800000000,27413628635,27414654257,1025622
25200000000,28800000000,27414654257,27415946047,1291790
25200000000,28800000000,27415946047,27416601153,655106
25200000000,28800000000,27416601153,27416702590,101437
25200000000,28800000000,27416702590,27417440883,738293
25200000000,28800000000,27417440883,27419110898,1670015
25200000000,28800000000,27419110898,27419110935,37
25200000000,28800000000,27419110935,27420074438,963503
25200000000,28800000000,27420074438,27421730066,1655628
25200000000,28800000000,27421730066,27423514461,1784395
25200000000,28800000000,27423514461,27425294306,1779845
25200000000,28800000000,27425294306,27428406255,3111949
25200000000,28800000000,27428406255,27428415549,9294
25200000000,28800000000,27428415549,27429267438,851889
25200000000,28800000000,27429267438,27430156966,889528
25200000000,28800000000,27430156966,27430156990,24
25200000000,28800000000,27430156990,27431063929,906939
25200000000,28800000000,27431063929,27431099021,35092
25200000000,28800000000,27431099021,27444898360,13799339
25200000000,28800000000,27444898360,27446519815,1621455
25200000000,28800000000,27446519815,27452472969,5953154
25200000000,28800000000,27452472969,27454048764,1575795
25200000000,28800000000,27454048764,27465859692,11810928
25200000000,28800000000,27465859692,27466710239,850547
25200000000,28800000000,27466710239,27468187053,1476814
25200000000,28800000000,27468187053,27470149329,1962276
25200000000,28800000000,27470149329,27470149388,59
25200000000,28800000000,27470149388,27470149393,5
25200000000,28800000000,27470149393,27470149398,5
25200000000,28800000000,27470149398,27479134790,8985392
25200000000,28800000000,27479134790,27479152970,18180
25200000000,28800000000,27479152970,27480934994,1782024
25200000000,28800000000,27480934994,27480935006,12
25200000000,28800000000,27480935006,27480951409,16403
25200000000,28800000000,27480951409,27482462232,1510823
25200000000,28800000000,27482462232,27484006044,1543812
25200000000,28800000000,27484006044,27484802367,796323
25200000000,28800000000,27484802367,27484810239,7872
25200000000,28800000000,27484810239,27485649209,838970
25200000000,28800000000,27485649209,27485680604,31395
25200000000,28800000000,27485680604,27486417995,737391
25200000000,28800000000,27486417995,27486418019,24
25200000000,28800000000,27486418019,27487214230,796211
25200000000,28800000000,27487214230,27487238642,24412
25200000000,28800000000,27487238642,27492709929,5471287
25200000000,28800000000,27492709929,27492733916,23987
25200000000,28800000000,27492733916,27494185557,1451641
25200000000,28800000000,27494185557,27494185591,34
25200000000,28800000000,27494185591,27497078445,2892854
25200000000,28800000000,27497078445,27497812997,734552
25200000000,28800000000,27497812997,27497813124,127
25200000000,28800000000,27497813124,27497813129,5
25200000000,28800000000,27497813129,27500126896,2313767
25200000000,28800000000,27500126896,27501910001,1783105
25200000000,28800000000,27501910001,27507063004,5153003
25200000000,28800000000,27507063004,27512507809,5444805
25200000000,28800000000,27512507809,27514027314,1519505
25200000000,28800000000,27514027314,27514060855,33541
25200000000,28800000000,27514060855,27515676258,1615403
25200000000,28800000000,27515676258,27515713115,36857
25200000000,28800000000,27515713115,27517532475,1819360
25200000000,28800000000,27517532475,27519480595,1948120
25200000000,28800000000,27519480595,27519480599,4
25200000000,28800000000,27519480599,27520331314,850715
25200000000,28800000000,27520331314,27520361969,30655
25200000000,28800000000,27520361969,27522186543,1824574
25200000000,28800000000,27522186543,27522193106,6563
25200000000,28800000000,27522193106,27522193124,18
25200000000,28800000000,27522193124,27523556076,1362952
25200000000,28800000000,27523556076,27526354774,2798698
25200000000,28800000000,27526354774,27526389541,34767
25200000000,28800000000,27526389541,27527116138,726597
25200000000,28800000000,27527116138,27527141934,25796
25200000000,28800000000,27527141934,27527864788,722854
25200000000,28800000000,27527864788,27530172865,2308077
25200000000,28800000000,27530172865,27530177432,4567
25200000000,28800000000,27530177432,27530180992,3560
25200000000,28800000000,27530180992,27532680665,2499673
25200000000,28800000000,27532680665,27532680700,35
25200000000,28800000000,27532680700,27532680724,24
25200000000,28800000000,27532680724,27535126789,2446065
25200000000,28800000000,27535126789,27536786455,1659666
25200000000,28800000000,27536786455,27537654041,867586
25200000000,28800000000,27537654041,27544938729,7284688
25200000000,28800000000,27544938729,27549545360,4606631
25200000000,28800000000,27549545360,27549550833,5473
25200000000,28800000000,27549550833,27550346853,796020
25200000000,28800000000,27550346853,27551134988,788135
25200000000,28800000000,27551134988,27554332875,3197887
25200000000,28800000000,27554332875,27555608063,1275188
25200000000,28800000000,27555608063,27559589424,3981361
25200000000,28800000000,27559589424,27562572982,2983558
25200000000,28800000000,27562572982,27566337639,3764657
25200000000,28800000000,27566337639,27574234366,7896727
25200000000,28800000000,27574234366,27588402585,14168219
25200000000,28800000000,27588402585,27595091235,6688650
25200000000,28800000000,27595091235,27595091261,26
25200000000,28800000000,27595091261,27595091268,7
25200000000,28800000000,27595091268,27601672797,6581529
25200000000,28800000000,27601672797,27604137309,2464512
25200000000,28800000000,27604137309,27605500548,1363239
25200000000,28800000000,27605500548,27606556221,1055673
25200000000,28800000000,27606556221,27606566211,9990
25200000000,28800000000,27606566211,27606566288,77
25200000000,28800000000,27606566288,27606566293,5
25200000000,28800000000,27606566293,27608133892,1567599
25200000000,28800000000,27608133892,27609007816,873924
25200000000,28800000000,27609007816,27609008031,215
25200000000,28800000000,27609008031,27613667960,4659929
25200000000,28800000000,27613667960,27616008282,2340322
25200000000,28800000000,27616008282,27617873469,1865187
25200000000,28800000000,27617873469,27623420727,5547258
25200000000,28800000000,27623420727,27624894996,1474269
25200000000,28800000000,27624894996,27626351434,1456438
25200000000,28800000000,27626351434,27627420221,1068787
25200000000,28800000000,27627420221,27628116435,696214
25200000000,28800000000,27628116435,27629628439,1512004
25200000000,28800000000,27629628439,27630353784,725345
25200000000,28800000000,27630353784,27631116842,763058
25200000000,28800000000,27631116842,27631116846,4
25200000000,28800000000,27631116846,27631116883,37
25200000000,28800000000,27631116883,27631116888,5
25200000000,28800000000,27631116888,27634354254,3237366
25200000000,28800000000,27634354254,27634354360,106
25200000000,28800000000,27634354360,27639950096,5595736
25200000000,28800000000,27639950096,27639954266,4170
25200000000,28800000000,27639954266,27639957335,3069
25200000000,28800000000,27639957335,27639959481,2146
25200000000,28800000000,27639959481,27639961429,1948
25200000000,28800000000,27639961429,27641262750,1301321
25200000000,28800000000,27641262750,27641262760,10
25200000000,28800000000,27641262760,27641262771,11
25200000000,28800000000,27641262771,27641262790,19
25200000000,28800000000,27641262790,27641262813,23
25200000000,28800000000,27641262813,27641280623,17810
25200000000,28800000000,27641280623,27645001667,3721044
25200000000,28800000000,27645001667,27651675825,6674158
25200000000,28800000000,27651675825,27651713431,37606
25200000000,28800000000,27651713431,27652978217,1264786
25200000000,28800000000,27652978217,27652978228,11
25200000000,28800000000,27652978228,27654318182,1339954
25200000000,28800000000,27654318182,27654330802,12620
25200000000,28800000000,27654330802,27654332893,2091
25200000000,28800000000,27654332893,27654335317,2424
25200000000,28800000000,27654335317,27655635167,1299850
25200000000,28800000000,27655635167,27655635207,40
25200000000,28800000000,27655635207,27655635224,17
25200000000,28800000000,27655635224,27656393041,757817
25200000000,28800000000,27656393041,27657725170,1332129
25200000000,28800000000,27657725170,27659492392,1767222
25200000000,28800000000,27659492392,27659516130,23738
25200000000,28800000000,27659516130,27659516132,2
25200000000,28800000000,27659516132,27660977869,1461737
25200000000,28800000000,27660977869,27666690015,5712146
25200000000,28800000000,27666690015,27666698433,8418
25200000000,28800000000,27666698433,27666701125,2692
25200000000,28800000000,27666701125,27666705615,4490
25200000000,28800000000,27666705615,27666707785,2170
25200000000,28800000000,27666707785,27666711785,4000
25200000000,28800000000,27666711785,27666713923,2138
25200000000,28800000000,27666713923,27667416890,702967
25200000000,28800000000,27667416890,27668141305,724415
25200000000,28800000000,27668141305,27668141329,24
25200000000,28800000000,27668141329,27668141333,4
25200000000,28800000000,27668141333,27668141334,1
25200000000,28800000000,27668141334,27668141335,1
25200000000,28800000000,27668141335,27668141383,48
25200000000,28800000000,27668141383,27668141394,11
25200000000,28800000000,27668141394,27668141406,12
25200000000,28800000000,27668141406,27668141418,12
25200000000,28800000000,27668141418,27668141429,11
25200000000,28800000000,27668141429,27669152352,1010923
25200000000,28800000000,27669152352,27669152550,198
25200000000,28800000000,27669152550,27669152812,262
25200000000,28800000000,27669152812,27669196445,43633
25200000000,28800000000,27669196445,27669196472,27
25200000000,28800000000,27669196472,27669196477,5
25200000000,28800000000,27669196477,27674750321,5553844
25200000000,28800000000,27674750321,27674750457,136
25200000000,28800000000,27674750457,27679757497,5007040
25200000000,28800000000,27679757497,27679761924,4427
25200000000,28800000000,27679761924,27679768883,6959
25200000000,28800000000,27679768883,27679772796,3913
25200000000,28800000000,27679772796,27679774682,1886
25200000000,28800000000,27679774682,27679778116,3434
25200000000,28800000000,27679778116,27679780098,1982
25200000000,28800000000,27679780098,27679785399,5301
25200000000,28800000000,27679785399,27679787729,2330
25200000000,28800000000,27679787729,27681148084,1360355
25200000000,28800000000,27681148084,27681148088,4
25200000000,28800000000,27681148088,27681148089,1
25200000000,28800000000,27681148089,27681148090,1
25200000000,28800000000,27681148090,27681148160,70
25200000000,28800000000,27681148160,27681148184,24
25200000000,28800000000,27681148184,27681148208,24
25200000000,28800000000,27681148208,27681148232,24
25200000000,28800000000,27681148232,27681148256,24
25200000000,28800000000,27681148256,27681148280,24
25200000000,28800000000,27681148280,27681148304,24
25200000000,28800000000,27681148304,27681148327,23
25200000000,28800000000,27681148327,27681148331,4
25200000000,28800000000,27681148331,27681820437,672106
25200000000,28800000000,27681820437,27681820741,304
25200000000,28800000000,27681820741,27681821347,606
25200000000,28800000000,27681821347,27681821390,43
25200000000,28800000000,27681821390,27684651713,2830323
25200000000,28800000000,27684651713,27685336696,684983
25200000000,28800000000,27685336696,27686163841,827145
25200000000,28800000000,27686163841,27687075533,911692
25200000000,28800000000,27687075533,27692218181,5142648
25200000000,28800000000,27692218181,27692220976,2795
25200000000,28800000000,27692220976,27692228902,7926
25200000000,28800000000,27692228902,27692235911,7009
25200000000,28800000000,27692235911,27692246474,10563
25200000000,28800000000,27692246474,27692992308,745834
25200000000,28800000000,27692992308,27693673281,680973
25200000000,28800000000,27693673281,27693673285,4
25200000000,28800000000,27693673285,27693673286,1
25200000000,28800000000,27693673286,27693673287,1
25200000000,28800000000,27693673287,27693673344,57
25200000000,28800000000,27693673344,27693673509,165
25200000000,28800000000,27693673509,27693673513,4
25200000000,28800000000,27693673513,27693673514,1
25200000000,28800000000,27693673514,27694325808,652294
25200000000,28800000000,27694325808,27694326107,299
25200000000,28800000000,27694326107,27694326683,576
25200000000,28800000000,27694326683,27694327574,891
25200000000,28800000000,27694327574,27694327586,12
25200000000,28800000000,27694327586,27696638340,2310754
25200000000,28800000000,27696638340,27698923765,2285425
25200000000,28800000000,27698923765,27699708407,784642
25200000000,28800000000,27699708407,27702257769,2549362
25200000000,28800000000,27702257769,27702257772,3
25200000000,28800000000,27702257772,27704258496,2000724
25200000000,28800000000,27704258496,27705726171,1467675
25200000000,28800000000,27705726171,27705730401,4230
25200000000,28800000000,27705730401,27705732945,2544
25200000000,28800000000,27705732945,27705735239,2294
25200000000,28800000000,27705735239,27705737258,2019
25200000000,28800000000,27705737258,27707148034,1410776
25200000000,28800000000,27707148034,27707148052,18
25200000000,28800000000,27707148052,27707148076,24
25200000000,28800000000,27707148076,27707148100,24
25200000000,28800000000,27707148100,27707148111,11
25200000000,28800000000,27707148111,27709285810,2137699
25200000000,28800000000,27709285810,27709999853,714043
25200000000,28800000000,27709999853,27718510676,8510823
25200000000,28800000000,27718510676,27719991428,1480752
25200000000,28800000000,27719991428,27726701530,6710102
25200000000,28800000000,27726701530,27727472888,771358
25200000000,28800000000,27727472888,27731783649,4310761
25200000000,28800000000,27731783649,27731805051,21402
25200000000,28800000000,27731805051,27733313872,1508821
25200000000,28800000000,27733313872,27733313876,4
25200000000,28800000000,27733313876,27733313877,1
25200000000,28800000000,27733313877,27733313878,1
25200000000,28800000000,27733313878,27733314071,193
25200000000,28800000000,27733314071,27733680636,366565
25200000000,28800000000,27733680636,27734422985,742349
25200000000,28800000000,27734422985,27734423105,120
25200000000,28800000000,27734423105,27734428131,5026
25200000000,28800000000,27734428131,27743758765,9330634
25200000000,28800000000,27743758765,27743765816,7051
25200000000,28800000000,27743765816,27743768105,2289
25200000000,28800000000,27743768105,27745629774,1861669
25200000000,28800000000,27745629774,27745629778,4
25200000000,28800000000,27745629778,27745629811,33
25200000000,28800000000,27745629811,27745629841,30
25200000000,28800000000,27745629841,27745656441,26600
25200000000,28800000000,27745656441,27746395257,738816
25200000000,28800000000,27746395257,27747308565,913308
25200000000,28800000000,27747308565,27747333072,24507
25200000000,28800000000,27747333072,27747336766,3694
25200000000,28800000000,27747336766,27749533169,2196403
25200000000,28800000000,27749533169,27749533186,17
25200000000,28800000000,27749533186,27755969177,6435991
25200000000,28800000000,27755969177,27755971750,2573
25200000000,28800000000,27755971750,27755977372,5622
25200000000,28800000000,27755977372,27755980724,3352
25200000000,28800000000,27755980724,27755986265,5541
25200000000,28800000000,27755986265,27755993459,7194
25200000000,28800000000,27755993459,27756002366,8907
25200000000,28800000000,27756002366,27756014243,11877
25200000000,28800000000,27756014243,27756025404,11161
25200000000,28800000000,27756025404,27756031787,6383
25200000000,28800000000,27756031787,27758456141,2424354
25200000000,28800000000,27758456141,27758456145,4
25200000000,28800000000,27758456145,27758456146,1
25200000000,28800000000,27758456146,27758456373,227
25200000000,28800000000,27758456373,27758456377,4
25200000000,28800000000,27758456377,27758456378,1
25200000000,28800000000,27758456378,27758456605,227
25200000000,28800000000,27758456605,27758456609,4
25200000000,28800000000,27758456609,27758456610,1
25200000000,28800000000,27758456610,27758456844,234
25200000000,28800000000,27758456844,27758456868,24
25200000000,28800000000,27758456868,27758457022,154
25200000000,28800000000,27758457022,27758457162,140
25200000000,28800000000,27758457162,27758462608,5446
25200000000,28800000000,27758462608,27758468061,5453
25200000000,28800000000,27758468061,27758893688,425627
25200000000,28800000000,27758893688,27759609879,716191
25200000000,28800000000,27759609879,27760376978,767099
25200000000,28800000000,27760376978,27760377164,186
25200000000,28800000000,27760377164,27760377390,226
25200000000,28800000000,27760377390,27760377530,140
25200000000,28800000000,27760377530,27760382940,5410
25200000000,28800000000,27760382940,27760388354,5414
25200000000,28800000000,27760388354,27760733720,345366
25200000000,28800000000,27760733720,27760808467,74747
25200000000,28800000000,27760808467,27762343914,1535447
25200000000,28800000000,27762343914,27762343974,60
25200000000,28800000000,27762343974,27762369618,25644
25200000000,28800000000,27762369618,27763171698,802080
25200000000,28800000000,27763171698,27763171715,17
25200000000,28800000000,27763171715,27764380195,1208480
25200000000,28800000000,27764380195,27764388373,8178
25200000000,28800000000,27764388373,27766392381,2004008
25200000000,28800000000,27766392381,27768065459,1673078
25200000000,28800000000,27768065459,27768077758,12299
25200000000,28800000000,27768077758,27769791140,1713382
25200000000,28800000000,27769791140,27769791293,153
25200000000,28800000000,27769791293,27780527672,10736379
25200000000,28800000000,27780527672,27780527711,39
25200000000,28800000000,27780527711,27780527716,5
25200000000,28800000000,27780527716,27780527721,5
25200000000,28800000000,27780527721,27782159225,1631504
25200000000,28800000000,27782159225,27782921787,762562
25200000000,28800000000,27782921787,27783619728,697941
25200000000,28800000000,27783619728,27783619732,4
25200000000,28800000000,27783619732,27783647749,28017
25200000000,28800000000,27783647749,27784504303,856554
25200000000,28800000000,27784504303,27785418717,914414
25200000000,28800000000,27785418717,27785440702,21985
25200000000,28800000000,27785440702,27787123878,1683176
25200000000,28800000000,27787123878,27794305605,7181727
25200000000,28800000000,27794305605,27794329171,23566
25200000000,28800000000,27794329171,27795799787,1470616
25200000000,28800000000,27795799787,27795799791,4
25200000000,28800000000,27795799791,27795799860,69
25200000000,28800000000,27795799860,27796622551,822691
25200000000,28800000000,27796622551,27798331260,1708709
25200000000,28800000000,27798331260,27798338214,6954
25200000000,28800000000,27798338214,27800006641,1668427
25200000000,28800000000,27800006641,27804901930,4895289
25200000000,28800000000,27804901930,27804901933,3
25200000000,28800000000,27804901933,27806346204,1444271
25200000000,28800000000,27806346204,27806362742,16538
25200000000,28800000000,27806362742,27807937703,1574961
25200000000,28800000000,27807937703,27808740775,803072
25200000000,28800000000,27808740775,27814101462,5360687
25200000000,28800000000,27814101462,27814967690,866228
25200000000,28800000000,27814967690,27818178362,3210672
25200000000,28800000000,27818178362,27819748945,1570583
25200000000,28800000000,27819748945,27826684178,6935233
25200000000,28800000000,27826684178,27828303765,1619587
25200000000,28800000000,27828303765,27829114997,811232
25200000000,28800000000,27829114997,27844612576,15497579
25200000000,28800000000,27844612576,27846095236,1482660
25200000000,28800000000,27846095236,27848405941,2310705
25200000000,28800000000,27848405941,27850041640,1635699
25200000000,28800000000,27850041640,27856774163,6732523
25200000000,28800000000,27856774163,27856778126,3963
25200000000,28800000000,27856778126,27856781034,2908
25200000000,28800000000,27856781034,27856783849,2815
25200000000,28800000000,27856783849,27857486235,702386
25200000000,28800000000,27857486235,27858215344,729109
25200000000,28800000000,27858215344,27858215362,18
25200000000,28800000000,27858215362,27858215574,212
25200000000,28800000000,27858215574,27858215748,174
25200000000,28800000000,27858215748,27858977499,761751
25200000000,28800000000,27858977499,27858999476,21977
25200000000,28800000000,27858999476,27871474053,12474577
25200000000,28800000000,27871474053,27871474308,255
25200000000,28800000000,27871474308,27871474321,13
25200000000,28800000000,27871474321,27876358046,4883725
25200000000,28800000000,27876358046,27881060794,4702748
25200000000,28800000000,27881060794,27885115621,4054827
25200000000,28800000000,27885115621,27887057832,1942211
25200000000,28800000000,27887057832,27888638906,1581074
25200000000,28800000000,27888638906,27892429103,3790197
25200000000,28800000000,27892429103,27894007783,1578680
25200000000,28800000000,27894007783,27894007787,4
25200000000,28800000000,27894007787,27894691389,683602
25200000000,28800000000,27894691389,27895421653,730264
25200000000,28800000000,27895421653,27896155078,733425
25200000000,28800000000,27896155078,27897013256,858178
25200000000,28800000000,27897013256,27897013547,291
25200000000,28800000000,27897013547,27897013552,5
25200000000,28800000000,27897013552,27898152237,1138685
25200000000,28800000000,27898152237,27902668419,4516182
25200000000,28800000000,27902668419,27902668624,205
25200000000,28800000000,27902668624,27902668633,9
25200000000,28800000000,27902668633,27907760346,5091713
25200000000,28800000000,27907760346,27909501886,1741540
25200000000,28800000000,27909501886,27910280359,778473
25200000000,28800000000,27910280359,27910281088,729
25200000000,28800000000,27910281088,27911810069,1528981
25200000000,28800000000,27911810069,27911810438,369
25200000000,28800000000,27911810438,27911810443,5
25200000000,28800000000,27911810443,27913520282,1709839
25200000000,28800000000,27913520282,27914314276,793994
25200000000,28800000000,27914314276,27914314291,15
25200000000,28800000000,27914314291,27919240757,4926466
25200000000,28800000000,27919240757,27920716115,1475358
25200000000,28800000000,27920716115,27928862085,8145970
25200000000,28800000000,27928862085,27928862087,2
25200000000,28800000000,27928862087,27929562871,700784
25200000000,28800000000,27929562871,27930322944,760073
25200000000,28800000000,27930322944,27931762317,1439373
25200000000,28800000000,27931762317,27932500534,738217
25200000000,28800000000,27932500534,27932500551,17
25200000000,28800000000,27932500551,27932510582,10031
25200000000,28800000000,27932510582,27933661551,1150969
25200000000,28800000000,27933661551,27933661555,4
25200000000,28800000000,27933661555,27933661556,1
25200000000,28800000000,27933661556,27933661557,1
25200000000,28800000000,27933661557,27935518677,1857120
25200000000,28800000000,27935518677,27935518702,25
25200000000,28800000000,27935518702,27935518878,176
25200000000,28800000000,27935518878,27936295726,776848
25200000000,28800000000,27936295726,27937845975,1550249
25200000000,28800000000,27937845975,27943996363,6150388
25200000000,28800000000,27943996363,27945787164,1790801
25200000000,28800000000,27945787164,27946692504,905340
25200000000,28800000000,27946692504,27946728284,35780
25200000000,28800000000,27946728284,27948328302,1600018
25200000000,28800000000,27948328302,27948355102,26800
25200000000,28800000000,27948355102,27949877861,1522759
25200000000,28800000000,27949877861,27949895789,17928
25200000000,28800000000,27949895789,27951768507,1872718
25200000000,28800000000,27951768507,27951787936,19429
25200000000,28800000000,27951787936,27951792047,4111
25200000000,28800000000,27951792047,27951792084,37
25200000000,28800000000,27951792084,27951792089,5
25200000000,28800000000,27951792089,27953323374,1531285
25200000000,28800000000,27953323374,27953345158,21784
25200000000,28800000000,27953345158,27954988399,1643241
25200000000,28800000000,27954988399,27955002958,14559
25200000000,28800000000,27955002958,27956538819,1535861
25200000000,28800000000,27956538819,27956566499,27680
25200000000,28800000000,27956566499,27958148981,1582482
25200000000,28800000000,27958148981,27958956398,807417
25200000000,28800000000,27958956398,27959715204,758806
25200000000,28800000000,27959715204,27959725869,10665
25200000000,28800000000,27959725869,27961430997,1705128
25200000000,28800000000,27961430997,27961430997,0
25200000000,28800000000,27961430997,27961454896,23899
25200000000,28800000000,27961454896,27961868185,413289
25200000000,28800000000,27961868185,27965402021,3533836
25200000000,28800000000,27965402021,27965402024,3
25200000000,28800000000,27965402024,27966672356,1270332
25200000000,28800000000,27966672356,27966672367,11
25200000000,28800000000,27966672367,27967425576,753209
25200000000,28800000000,27967425576,27967446429,20853
25200000000,28800000000,27967446429,27967447174,745
25200000000,28800000000,27967447174,27967447181,7
25200000000,28800000000,27967447181,27967447188,7
25200000000,28800000000,27967447188,27967447590,402
25200000000,28800000000,27967447590,27968382431,934841
25200000000,28800000000,27968382431,27969788574,1406143
25200000000,28800000000,27969788574,27971316339,1527765
25200000000,28800000000,27971316339,27971316406,67
25200000000,28800000000,27971316406,27971316411,5
25200000000,28800000000,27971316411,27972562528,1246117
25200000000,28800000000,27972562528,27972562530,2
25200000000,28800000000,27972562530,27974232380,1669850
25200000000,28800000000,27974232380,27975912996,1680616
25200000000,28800000000,27975912996,27975912998,2
25200000000,28800000000,27975912998,27976744541,831543
25200000000,28800000000,27976744541,27976744543,2
25200000000,28800000000,27976744543,27977505177,760634
25200000000,28800000000,27977505177,27977530655,25478
25200000000,28800000000,27977530655,27977530657,2
25200000000,28800000000,27977530657,27978346770,816113
25200000000,28800000000,27978346770,27979179941,833171
25200000000,28800000000,27979179941,27980717806,1537865
25200000000,28800000000,27980717806,27980722394,4588
25200000000,28800000000,27980722394,27980727943,5549
25200000000,28800000000,27980727943,27980730309,2366
25200000000,28800000000,27980730309,27982173810,1443501
25200000000,28800000000,27982173810,27982173834,24
25200000000,28800000000,27982173834,27982173857,23
25200000000,28800000000,27982173857,27982173861,4
25200000000,28800000000,27982173861,27982173909,48
25200000000,28800000000,27982173909,27982202889,28980
25200000000,28800000000,27982202889,27982892844,689955
25200000000,28800000000,27982892844,27982915318,22474
25200000000,28800000000,27982915318,27983242026,326708
25200000000,28800000000,27983242026,27983242028,2
25200000000,28800000000,27983242028,27983242122,94
25200000000,28800000000,27983242122,27983242124,2
25200000000,28800000000,27983242124,27983242128,4
25200000000,28800000000,27983242128,27983987814,745686
25200000000,28800000000,27983987814,27984003560,15746
25200000000,28800000000,27984003560,27984009126,5566
25200000000,28800000000,27984009126,27984009545,419
25200000000,28800000000,27984009545,27984009552,7
25200000000,28800000000,27984009552,27984009559,7
25200000000,28800000000,27984009559,27984863665,854106
25200000000,28800000000,27984863665,27984863676,11
25200000000,28800000000,27984863676,27984863687,11
25200000000,28800000000,27984863687,27984881816,18129
25200000000,28800000000,27984881816,27985864951,983135
25200000000,28800000000,27985864951,27985923441,58490
25200000000,28800000000,27985923441,27985923443,2
25200000000,28800000000,27985923443,27986877328,953885
25200000000,28800000000,27986877328,27987824614,947286
25200000000,28800000000,27987824614,27987862400,37786
25200000000,28800000000,27987862400,27987870372,7972
25200000000,28800000000,27987870372,27988708524,838152
25200000000,28800000000,27988708524,27988708526,2
25200000000,28800000000,27988708526,27989466405,757879
25200000000,28800000000,27989466405,27989466423,18
25200000000,28800000000,27989466423,27990280206,813783
25200000000,28800000000,27990280206,27990297911,17705
25200000000,28800000000,27990297911,27990306146,8235
25200000000,28800000000,27990306146,27991039690,733544
25200000000,28800000000,27991039690,27991837653,797963
25200000000,28800000000,27991837653,27992675923,838270
25200000000,28800000000,27992675923,27992704858,28935
25200000000,28800000000,27992704858,27993506318,801460
25200000000,28800000000,27993506318,27993863809,357491
25200000000,28800000000,27993863809,27993863811,2
25200000000,28800000000,27993863811,27993863956,145
25200000000,28800000000,27993863956,27994715089,851133
25200000000,28800000000,27994715089,27994715266,177
25200000000,28800000000,27994715266,27995492174,776908
25200000000,28800000000,27995492174,27998603669,3111495
25200000000,28800000000,27998603669,28002435354,3831685
25200000000,28800000000,28002435354,28003599122,1163768
25200000000,28800000000,28003599122,28004694943,1095821
25200000000,28800000000,28004694943,28005467678,772735
25200000000,28800000000,28005467678,28005490188,22510
25200000000,28800000000,28005490188,28006216812,726624
25200000000,28800000000,28006216812,28006946680,729868
25200000000,28800000000,28006946680,28006946685,5
25200000000,28800000000,28006946685,28007701636,754951
25200000000,28800000000,28007701636,28007701641,5
25200000000,28800000000,28007701641,28007724402,22761
25200000000,28800000000,28007724402,28007724406,4
25200000000,28800000000,28007724406,28007724463,57
25200000000,28800000000,28007724463,28007724468,5
25200000000,28800000000,28007724468,28008618863,894395
25200000000,28800000000,28008618863,28011802287,3183424
25200000000,28800000000,28011802287,28011802289,2
25200000000,28800000000,28011802289,28012629753,827464
25200000000,28800000000,28012629753,28013353064,723311
25200000000,28800000000,28013353064,28013370079,17015
25200000000,28800000000,28013370079,28014847994,1477915
25200000000,28800000000,28014847994,28015201856,353862
25200000000,28800000000,28015201856,28015202045,189
25200000000,28800000000,28015202045,28017584567,2382522
25200000000,28800000000,28017584567,28019006458,1421891
25200000000,28800000000,28019006458,28019762802,756344
25200000000,28800000000,28019762802,28022578934,2816132
25200000000,28800000000,28022578934,28023334599,755665
25200000000,28800000000,28023334599,28024012629,678030
25200000000,28800000000,28024012629,28024707851,695222
25200000000,28800000000,28024707851,28034170250,9462399
25200000000,28800000000,28034170250,28034170811,561
25200000000,28800000000,28034170811,28035805445,1634634
25200000000,28800000000,28035805445,28040000477,4195032
25200000000,28800000000,28040000477,28041552581,1552104
25200000000,28800000000,28041552581,28043800156,2247575
25200000000,28800000000,28043800156,28043804394,4238
25200000000,28800000000,28043804394,28043806777,2383
25200000000,28800000000,28043806777,28045614811,1808034
25200000000,28800000000,28045614811,28045614835,24
25200000000,28800000000,28045614835,28048925074,3310239
25200000000,28800000000,28048925074,28048925147,73
25200000000,28800000000,28048925147,28048925649,502
25200000000,28800000000,28048925649,28048925656,7
25200000000,28800000000,28048925656,28048925663,7
25200000000,28800000000,28048925663,28055947240,7021577
25200000000,28800000000,28055947240,28056793353,846113
25200000000,28800000000,28056793353,28056793472,119
25200000000,28800000000,28056793472,28056793477,5
25200000000,28800000000,28056793477,28056793482,5
25200000000,28800000000,28056793482,28056794063,581
25200000000,28800000000,28056794063,28056794106,43
25200000000,28800000000,28056794106,28056794113,7
25200000000,28800000000,28056794113,28061558273,4764160
25200000000,28800000000,28061558273,28064272654,2714381
25200000000,28800000000,28064272654,28065752265,1479611
25200000000,28800000000,28065752265,28065752466,201
25200000000,28800000000,28065752466,28065752473,7
25200000000,28800000000,28065752473,28065752480,7
25200000000,28800000000,28065752480,28072606116,6853636
25200000000,28800000000,28072606116,28073402460,796344
25200000000,28800000000,28073402460,28074209237,806777
25200000000,28800000000,28074209237,28075904687,1695450
25200000000,28800000000,28075904687,28076680103,775416
25200000000,28800000000,28076680103,28076680310,207
25200000000,28800000000,28076680310,28076680315,5
25200000000,28800000000,28076680315,28077635731,955416
25200000000,28800000000,28077635731,28078422696,786965
25200000000,28800000000,28078422696,28079080659,657963
25200000000,28800000000,28079080659,28081691608,2610949
25200000000,28800000000,28081691608,28084817621,3126013
25200000000,28800000000,28084817621,28086449322,1631701
25200000000,28800000000,28086449322,28091165685,4716363
25200000000,28800000000,28091165685,28093450449,2284764
25200000000,28800000000,28093450449,28093450453,4
25200000000,28800000000,28093450453,28094384458,934005
25200000000,28800000000,28094384458,28094608237,223779
25200000000,28800000000,28094608237,28096247570,1639333
25200000000,28800000000,28096247570,28104596591,8349021
25200000000,28800000000,28104596591,28104909809,313218
25200000000,28800000000,28104909809,28105946695,1036886
25200000000,28800000000,28105946695,28105946731,36
25200000000,28800000000,28105946731,28105946738,7
25200000000,28800000000,28105946738,28106822558,875820
25200000000,28800000000,28106822558,28106877893,55335
25200000000,28800000000,28106877893,28106878040,147
25200000000,28800000000,28106878040,28106878045,5
25200000000,28800000000,28106878045,28110313495,3435450
25200000000,28800000000,28110313495,28115319080,5005585
25200000000,28800000000,28115319080,28117004253,1685173
25200000000,28800000000,28117004253,28117004257,4
25200000000,28800000000,28117004257,28117004258,1
25200000000,28800000000,28117004258,28117004259,1
25200000000,28800000000,28117004259,28117864181,859922
25200000000,28800000000,28117864181,28117864206,25
25200000000,28800000000,28117864206,28117864400,194
25200000000,28800000000,28117864400,28117929171,64771
25200000000,28800000000,28117929171,28128408957,10479786
25200000000,28800000000,28128408957,28128409003,46
25200000000,28800000000,28128409003,28128409010,7
25200000000,28800000000,28128409010,28128409017,7
25200000000,28800000000,28128409017,28130935646,2526629
25200000000,28800000000,28130935646,28130936262,616
25200000000,28800000000,28130936262,28130936299,37
25200000000,28800000000,28130936299,28139265849,8329550
25200000000,28800000000,28139265849,28139268916,3067
25200000000,28800000000,28139268916,28139269093,177
25200000000,28800000000,28139269093,28139269100,7
25200000000,28800000000,28139269100,28139269107,7
25200000000,28800000000,28139269107,28140106518,837411
25200000000,28800000000,28140106518,28140888752,782234
25200000000,28800000000,28140888752,28141587978,699226
25200000000,28800000000,28141587978,28141610540,22562
25200000000,28800000000,28141610540,28142347455,736915
25200000000,28800000000,28142347455,28143028462,681007
25200000000,28800000000,28143028462,28143770673,742211
25200000000,28800000000,28143770673,28144539754,769081
25200000000,28800000000,28144539754,28146036710,1496956
25200000000,28800000000,28146036710,28147182201,1145491
25200000000,28800000000,28147182201,28174710081,27527880
25200000000,28800000000,28174710081,28176063772,1353691
25200000000,28800000000,28176063772,28176085700,21928
25200000000,28800000000,28176085700,28186458254,10372554
25200000000,28800000000,28186458254,28187803317,1345063
25200000000,28800000000,28187803317,28201020842,13217525
25200000000,28800000000,28201020842,28210772019,9751177
25200000000,28800000000,28210772019,28210795096,23077
25200000000,28800000000,28210795096,28210795100,4
25200000000,28800000000,28210795100,28210795104,4
25200000000,28800000000,28210795104,28210795119,15
25200000000,28800000000,28210795119,28211588095,792976
25200000000,28800000000,28211588095,28212349352,761257
25200000000,28800000000,28212349352,28212354412,5060
25200000000,28800000000,28212354412,28213089248,734836
25200000000,28800000000,28213089248,28214055606,966358
25200000000,28800000000,28214055606,28214055631,25
25200000000,28800000000,28214055631,28214055672,41
25200000000,28800000000,28214055672,28222939437,8883765
25200000000,28800000000,28222939437,28222943317,3880
25200000000,28800000000,28222943317,28222945374,2057
25200000000,28800000000,28222945374,28224521466,1576092
25200000000,28800000000,28224521466,28224521475,9
25200000000,28800000000,28224521475,28224521486,11
25200000000,28800000000,28224521486,28227399920,2878434
25200000000,28800000000,28227399920,28228202095,802175
25200000000,28800000000,28228202095,28229849686,1647591
25200000000,28800000000,28229849686,28231572526,1722840
25200000000,28800000000,28231572526,28231572528,2
25200000000,28800000000,28231572528,28232913342,1340814
25200000000,28800000000,28232913342,28232930426,17084
25200000000,28800000000,28232930426,28234212823,1282397
25200000000,28800000000,28234212823,28234887012,674189
25200000000,28800000000,28234887012,28234891891,4879
25200000000,28800000000,28234891891,28234901047,9156
25200000000,28800000000,28234901047,28234903684,2637
25200000000,28800000000,28234903684,28236278064,1374380
25200000000,28800000000,28236278064,28236278088,24
25200000000,28800000000,28236278088,28236278099,11
25200000000,28800000000,28236278099,28236278111,12
25200000000,28800000000,28236278111,28250288615,14010504
25200000000,28800000000,28250288615,28251771177,1482562
25200000000,28800000000,28251771177,28253217013,1445836
25200000000,28800000000,28253217013,28253217016,3
25200000000,28800000000,28253217016,28253217222,206
25200000000,28800000000,28253217222,28255092735,1875513
25200000000,28800000000,28255092735,28258038690,2945955
25200000000,28800000000,28258038690,28258038693,3
25200000000,28800000000,28258038693,28259491940,1453247
25200000000,28800000000,28259491940,28259514873,22933
25200000000,28800000000,28259514873,28259514920,47
25200000000,28800000000,28259514920,28259514925,5
25200000000,28800000000,28259514925,28261222979,1708054
25200000000,28800000000,28261222979,28262739382,1516403
25200000000,28800000000,28262739382,28268988215,6248833
25200000000,28800000000,28268988215,28275032906,6044691
25200000000,28800000000,28275032906,28279584896,4551990
25200000000,28800000000,28279584896,28280322591,737695
25200000000,28800000000,28280322591,28283380051,3057460
25200000000,28800000000,28283380051,28284125583,745532
25200000000,28800000000,28284125583,28284888583,763000
25200000000,28800000000,28284888583,28287694757,2806174
25200000000,28800000000,28287694757,28324300344,36605587
25200000000,28800000000,28324300344,28325814731,1514387
25200000000,28800000000,28325814731,28328115939,2301208
25200000000,28800000000,28328115939,28330073373,1957434
25200000000,28800000000,28330073373,28330861490,788117
25200000000,28800000000,28330861490,28330870063,8573
25200000000,28800000000,28330870063,28330873408,3345
25200000000,28800000000,28330873408,28330875478,2070
25200000000,28800000000,28330875478,28332366471,1490993
25200000000,28800000000,28332366471,28332366475,4
25200000000,28800000000,28332366475,28332366590,115
25200000000,28800000000,28332366590,28332366614,24
25200000000,28800000000,28332366614,28332366632,18
25200000000,28800000000,28332366632,28333118827,752195
25200000000,28800000000,28333118827,28333191250,72423
25200000000,28800000000,28333191250,28334687714,1496464
25200000000,28800000000,28334687714,28344894181,10206467
25200000000,28800000000,28344894181,28344898753,4572
25200000000,28800000000,28344898753,28344925181,26428
25200000000,28800000000,28344925181,28344927469,2288
25200000000,28800000000,28344927469,28346368850,1441381
25200000000,28800000000,28346368850,28346368860,10
25200000000,28800000000,28346368860,28346368871,11
25200000000,28800000000,28346368871,28346368890,19
25200000000,28800000000,28346368890,28348760027,2391137
25200000000,28800000000,28348760027,28348760156,129
25200000000,28800000000,28348760156,28348760161,5
25200000000,28800000000,28348760161,28348760166,5
25200000000,28800000000,28348760166,28351990530,3230364
25200000000,28800000000,28351990530,28357811149,5820619
25200000000,28800000000,28357811149,28360603426,2792277
25200000000,28800000000,28360603426,28361874479,1271053
25200000000,28800000000,28361874479,28363317853,1443374
25200000000,28800000000,28363317853,28365353602,2035749
25200000000,28800000000,28365353602,28368528038,3174436
25200000000,28800000000,28368528038,28368531021,2983
25200000000,28800000000,28368531021,28369984290,1453269
25200000000,28800000000,28369984290,28369984320,30
25200000000,28800000000,28369984320,28370751635,767315
25200000000,28800000000,28370751635,28371584268,832633
25200000000,28800000000,28371584268,28376661526,5077258
25200000000,28800000000,28376661526,28381176585,4515059
25200000000,28800000000,28381176585,28381192470,15885
25200000000,28800000000,28381192470,28381210967,18497
25200000000,28800000000,28381210967,28381213624,2657
25200000000,28800000000,28381213624,28382803839,1590215
25200000000,28800000000,28382803839,28382803857,18
25200000000,28800000000,28382803857,28382803875,18
25200000000,28800000000,28382803875,28382803892,17
25200000000,28800000000,28382803892,28389840191,7036299
25200000000,28800000000,28389840191,28389840338,147
25200000000,28800000000,28389840338,28389840343,5
25200000000,28800000000,28389840343,28393504449,3664106
25200000000,28800000000,28393504449,28394298623,794174
25200000000,28800000000,28394298623,28395805015,1506392
25200000000,28800000000,28395805015,28398736717,2931702
25200000000,28800000000,28398736717,28400203877,1467160
25200000000,28800000000,28400203877,28404452068,4248191
25200000000,28800000000,28404452068,28406301245,1849177
25200000000,28800000000,28406301245,28414133370,7832125
25200000000,28800000000,28414133370,28415668546,1535176
25200000000,28800000000,28415668546,28421200884,5532338
25200000000,28800000000,28421200884,28423556164,2355280
25200000000,28800000000,28423556164,28425273484,1717320
25200000000,28800000000,28425273484,28426027238,753754
25200000000,28800000000,28426027238,28427605493,1578255
25200000000,28800000000,28427605493,28453231702,25626209
25200000000,28800000000,28453231702,28453954822,723120
25200000000,28800000000,28453954822,28453969875,15053
25200000000,28800000000,28453969875,28453979694,9819
25200000000,28800000000,28453979694,28454745645,765951
25200000000,28800000000,28454745645,28454784692,39047
25200000000,28800000000,28454784692,28455707783,923091
25200000000,28800000000,28455707783,28455707794,11
25200000000,28800000000,28455707794,28455707805,11
25200000000,28800000000,28455707805,28455734122,26317
25200000000,28800000000,28455734122,28456389117,654995
25200000000,28800000000,28456389117,28457097947,708830
25200000000,28800000000,28457097947,28470517402,13419455
25200000000,28800000000,28470517402,28472278764,1761362
25200000000,28800000000,28472278764,28472278768,4
25200000000,28800000000,28472278768,28472278769,1
25200000000,28800000000,28472278769,28473048259,769490
25200000000,28800000000,28473048259,28473048290,31
25200000000,28800000000,28473048290,28476239597,3191307
25200000000,28800000000,28476239597,28483568563,7328966
25200000000,28800000000,28483568563,28484934620,1366057
25200000000,28800000000,28484934620,28484934624,4
25200000000,28800000000,28484934624,28484934625,1
25200000000,28800000000,28484934625,28484947634,13009
25200000000,28800000000,28484947634,28485667966,720332
25200000000,28800000000,28485667966,28485668017,51
25200000000,28800000000,28485668017,28490020037,4352020
25200000000,28800000000,28490020037,28491488294,1468257
25200000000,28800000000,28491488294,28495614712,4126418
25200000000,28800000000,28495614712,28497902201,2287489
25200000000,28800000000,28497902201,28497902204,3
25200000000,28800000000,28497902204,28497968472,66268
25200000000,28800000000,28497968472,28499456341,1487869
25200000000,28800000000,28499456341,28499456518,177
25200000000,28800000000,28499456518,28499456523,5
25200000000,28800000000,28499456523,28500237555,781032
25200000000,28800000000,28500237555,28500237578,23
25200000000,28800000000,28500237578,28502558062,2320484
25200000000,28800000000,28502558062,28503220121,662059
25200000000,28800000000,28503220121,28510860188,7640067
25200000000,28800000000,28510860188,28511682691,822503
25200000000,28800000000,28511682691,28513173638,1490947
25200000000,28800000000,28513173638,28514748686,1575048
25200000000,28800000000,28514748686,28514748701,15
25200000000,28800000000,28514748701,28517070501,2321800
25200000000,28800000000,28517070501,28518157189,1086688
25200000000,28800000000,28518157189,28519437778,1280589
25200000000,28800000000,28519437778,28519442811,5033
25200000000,28800000000,28519442811,28519444870,2059
25200000000,28800000000,28519444870,28519449097,4227
25200000000,28800000000,28519449097,28519452518,3421
25200000000,28800000000,28519452518,28522030386,2577868
25200000000,28800000000,28522030386,28522030470,84
25200000000,28800000000,28522030470,28522030496,26
25200000000,28800000000,28522030496,28522030511,15
25200000000,28800000000,28522030511,28524908557,2878046
25200000000,28800000000,28524908557,28528959639,4051082
25200000000,28800000000,28528959639,28532491458,3531819
25200000000,28800000000,28532491458,28534044745,1553287
25200000000,28800000000,28534044745,28534050400,5655
25200000000,28800000000,28534050400,28534800853,750453
25200000000,28800000000,28534800853,28535713704,912851
25200000000,28800000000,28535713704,28536827753,1114049
25200000000,28800000000,28536827753,28536827762,9
25200000000,28800000000,28536827762,28538149042,1321280
25200000000,28800000000,28538149042,28539578438,1429396
25200000000,28800000000,28539578438,28540766479,1188041
25200000000,28800000000,28540766479,28542136568,1370089
25200000000,28800000000,28542136568,28544017935,1881367
25200000000,28800000000,28544017935,28546631129,2613194
25200000000,28800000000,28546631129,28546659837,28708
25200000000,28800000000,28546659837,28546685472,25635
25200000000,28800000000,28546685472,28546695216,9744
25200000000,28800000000,28546695216,28550623564,3928348
25200000000,28800000000,28550623564,28550623863,299
25200000000,28800000000,28550623863,28550623890,27
25200000000,28800000000,28550623890,28550623895,5
25200000000,28800000000,28550623895,28551688160,1064265
25200000000,28800000000,28551688160,28551688163,3
25200000000,28800000000,28551688163,28551688164,1
25200000000,28800000000,28551688164,28551689265,1101
25200000000,28800000000,28551689265,28551689268,3
25200000000,28800000000,28551689268,28551689269,1
25200000000,28800000000,28551689269,28551689401,132
25200000000,28800000000,28551689401,28551689404,3
25200000000,28800000000,28551689404,28551689405,1
25200000000,28800000000,28551689405,28551689437,32
25200000000,28800000000,28551689437,28553323829,1634392
25200000000,28800000000,28553323829,28553323831,2
25200000000,28800000000,28553323831,28558458778,5134947
25200000000,28800000000,28558458778,28558491312,32534
25200000000,28800000000,28558491312,28558493341,2029
25200000000,28800000000,28558493341,28558493552,211
25200000000,28800000000,28558493552,28558493563,11
25200000000,28800000000,28558493563,28558493580,17
25200000000,28800000000,28558493580,28559748038,1254458
25200000000,28800000000,28559748038,28564820767,5072729
25200000000,28800000000,28564820767,28567002000,2181233
25200000000,28800000000,28567002000,28569206772,2204772
25200000000,28800000000,28569206772,28569207245,473
25200000000,28800000000,28569207245,28569207248,3
25200000000,28800000000,28569207248,28569207855,607
25200000000,28800000000,28569207855,28571192143,1984288
25200000000,28800000000,28571192143,28571256595,64452
25200000000,28800000000,28571256595,28571256632,37
25200000000,28800000000,28571256632,28571256637,5
25200000000,28800000000,28571256637,28571256787,150
25200000000,28800000000,28571256787,28571257891,1104
25200000000,28800000000,28571257891,28593934599,22676708
25200000000,28800000000,28593934599,28597885415,3950816
25200000000,28800000000,28597885415,28598959449,1074034
25200000000,28800000000,28598959449,28601151609,2192160
25200000000,28800000000,28601151609,28601151736,127
25200000000,28800000000,28601151736,28601151741,5
25200000000,28800000000,28601151741,28602579003,1427262
25200000000,28800000000,28602579003,28602579006,3
25200000000,28800000000,28602579006,28604911584,2332578
25200000000,28800000000,28604911584,28606109170,1197586
25200000000,28800000000,28606109170,28607375673,1266503
25200000000,28800000000,28607375673,28608866610,1490937
25200000000,28800000000,28608866610,28608884335,17725
25200000000,28800000000,28608884335,28608891371,7036
25200000000,28800000000,28608891371,28608891408,37
25200000000,28800000000,28608891408,28608891413,5
25200000000,28800000000,28608891413,28609966317,1074904
25200000000,28800000000,28609966317,28611079040,1112723
25200000000,28800000000,28611079040,28611079064,24
25200000000,28800000000,28611079064,28619767125,8688061
25200000000,28800000000,28619767125,28620778519,1011394
25200000000,28800000000,28620778519,28621715884,937365
25200000000,28800000000,28621715884,28622794811,1078927
25200000000,28800000000,28622794811,28634220042,11425231
25200000000,28800000000,28634220042,28634230858,10816
25200000000,28800000000,28634230858,28634240550,9692
25200000000,28800000000,28634240550,28635091740,851190
25200000000,28800000000,28635091740,28636028040,936300
25200000000,28800000000,28636028040,28636028064,24
25200000000,28800000000,28636028064,28636028096,32
25200000000,28800000000,28636028096,28642422673,6394577
25200000000,28800000000,28642422673,28647482436,5059763
25200000000,28800000000,28647482436,28648405011,922575
25200000000,28800000000,28648405011,28654944439,6539428
25200000000,28800000000,28654944439,28656760290,1815851
25200000000,28800000000,28656760290,28671197681,14437391
25200000000,28800000000,28671197681,28675841774,4644093
25200000000,28800000000,28675841774,28677331131,1489357
25200000000,28800000000,28677331131,28680468116,3136985
25200000000,28800000000,28680468116,28687363869,6895753
25200000000,28800000000,28687363869,28693971912,6608043
25200000000,28800000000,28693971912,28693974442,2530
25200000000,28800000000,28693974442,28695912506,1938064
25200000000,28800000000,28695912506,28702403491,6490985
25200000000,28800000000,28702403491,28706837258,4433767
25200000000,28800000000,28706837258,28708571637,1734379
25200000000,28800000000,28708571637,28708571641,4
25200000000,28800000000,28708571641,28708591810,20169
25200000000,28800000000,28708591810,28709403317,811507
25200000000,28800000000,28709403317,28710219087,815770
25200000000,28800000000,28710219087,28711034632,815545
25200000000,28800000000,28711034632,28735841113,24806481
25200000000,28800000000,28735841113,28737447559,1606446
25200000000,28800000000,28737447559,28737447563,4
25200000000,28800000000,28737447563,28737447564,1
25200000000,28800000000,28737447564,28738221607,774043
25200000000,28800000000,28738221607,28738222770,1163
25200000000,28800000000,28738222770,28740910559,2687789
25200000000,28800000000,28740910559,28742544532,1633973
25200000000,28800000000,28742544532,28746554805,4010273
25200000000,28800000000,28746554805,28746554843,38
25200000000,28800000000,28746554843,28746554848,5
25200000000,28800000000,28746554848,28749443678,2888830
25200000000,28800000000,28749443678,28755410883,5967205
25200000000,28800000000,28755410883,28755410998,115
25200000000,28800000000,28755410998,28755411105,107
25200000000,28800000000,28755411105,28755411110,5
25200000000,28800000000,28755411110,28759651695,4240585
25200000000,28800000000,28759651695,28759654021,2326
25200000000,28800000000,28759654021,28759712532,58511
25200000000,28800000000,28759712532,28759712537,5
25200000000,28800000000,28759712537,28759712542,5
25200000000,28800000000,28759712542,28766568846,6856304
25200000000,28800000000,28766568846,28770871638,4302792
25200000000,28800000000,28770871638,28770871727,89
25200000000,28800000000,28770871727,28770871732,5
25200000000,28800000000,28770871732,28771933980,1062248
25200000000,28800000000,28771933980,28771941083,7103
25200000000,28800000000,28771941083,28772364078,422995
25200000000,28800000000,28772364078,28773411619,1047541
25200000000,28800000000,28773411619,28774297180,885561
25200000000,28800000000,28774297180,28774297275,95
25200000000,28800000000,28774297275,28775237288,940013
25200000000,28800000000,28775237288,28775242660,5372
25200000000,28800000000,28775242660,28779151868,3909208
25200000000,28800000000,28779151868,28779153704,1836
25200000000,28800000000,28779153704,28784709822,5556118
25200000000,28800000000,28784709822,28787174295,2464473
25200000000,28800000000,28787174295,28789650097,2475802
25200000000,28800000000,28789650097,28789650490,393
25200000000,28800000000,28789650490,28789650507,17
25200000000,28800000000,28789650507,28792517367,2866860
25200000000,28800000000,28792517367,28793433495,916128
25200000000,28800000000,28793433495,28794341005,907510
25200000000,28800000000,28794341005,28794817163,476158
25200000000,28800000000,28794817163,28795762392,945229
25200000000,28800000000,28795762392,28797463524,1701132
25200000000,28800000000,28797463524,28799036581,1573057
28800000000,32400000000,28805226898,28805284014,57116
28800000000,32400000000,28805284014,28807421532,2137518
28800000000,32400000000,28807421532,28807421542,10
28800000000,32400000000,28807421542,28809247634,1826092
28800000000,32400000000,28809247634,28809252700,5066
28800000000,32400000000,28809252700,28809264894,12194
28800000000,32400000000,28809264894,28809266988,2094
28800000000,32400000000,28809266988,28810979204,1712216
28800000000,32400000000,28810979204,28810979221,17
28800000000,32400000000,28810979221,28810979231,10
28800000000,32400000000,28810979231,28810979242,11
28800000000,32400000000,28810979242,28812669247,1690005
28800000000,32400000000,28812669247,28812674592,5345
28800000000,32400000000,28812674592,28812674992,400
28800000000,32400000000,28812674992,28812674999,7
28800000000,32400000000,28812674999,28814306167,1631168
28800000000,32400000000,28814306167,28814329362,23195
28800000000,32400000000,28814329362,28815841864,1512502
28800000000,32400000000,28815841864,28816936504,1094640
28800000000,32400000000,28816936504,28821537883,4601379
28800000000,32400000000,28821537883,28821542173,4290
28800000000,32400000000,28821542173,28821550328,8155
28800000000,32400000000,28821550328,28823342696,1792368
28800000000,32400000000,28823342696,28823342720,24
28800000000,32400000000,28823342720,28823342731,11
28800000000,32400000000,28823342731,28828271867,4929136
28800000000,32400000000,28828271867,28828271936,69
28800000000,32400000000,28828271936,28828271941,5
28800000000,32400000000,28828271941,28828271946,5
28800000000,32400000000,28828271946,28838511802,10239856
28800000000,32400000000,28838511802,28842254955,3743153
28800000000,32400000000,28842254955,28842254957,2
28800000000,32400000000,28842254957,28844443356,2188399
28800000000,32400000000,28844443356,28846025321,1581965
28800000000,32400000000,28846025321,28847582231,1556910
28800000000,32400000000,28847582231,28847582235,4
28800000000,32400000000,28847582235,28847582236,1
28800000000,32400000000,28847582236,28847582237,1
28800000000,32400000000,28847582237,28848370356,788119
28800000000,32400000000,28848370356,28848370385,29
28800000000,32400000000,28848370385,28848370538,153
28800000000,32400000000,28848370538,28852557596,4187058
28800000000,32400000000,28852557596,28852557724,128
28800000000,32400000000,28852557724,28852558071,347
28800000000,32400000000,28852558071,28854950652,2392581
28800000000,32400000000,28854950652,28857260640,2309988
28800000000,32400000000,28857260640,28864312620,7051980
28800000000,32400000000,28864312620,28866559216,2246596
28800000000,32400000000,28866559216,28869827259,3268043
28800000000,32400000000,28869827259,28874525502,4698243
28800000000,32400000000,28874525502,28878938214,4412712
28800000000,32400000000,28878938214,28878938217,3
28800000000,32400000000,28878938217,28880446961,1508744
28800000000,32400000000,28880446961,28880481662,34701
28800000000,32400000000,28880481662,28882366251,1884589
28800000000,32400000000,28882366251,28882401534,35283
28800000000,32400000000,28882401534,28882403909,2375
28800000000,32400000000,28882403909,28884254562,1850653
28800000000,32400000000,28884254562,28884254644,82
28800000000,32400000000,28884254644,28893181700,8927056
28800000000,32400000000,28893181700,28894051687,869987
28800000000,32400000000,28894051687,28894051750,63
28800000000,32400000000,28894051750,28894051755,5
28800000000,32400000000,28894051755,28894924087,872332
28800000000,32400000000,28894924087,28894978332,54245
28800000000,32400000000,28894978332,28894990393,12061
28800000000,32400000000,28894990393,28894990521,128
28800000000,32400000000,28894990521,28894990526,5
28800000000,32400000000,28894990526,28894990537,11
28800000000,32400000000,28894990537,28896839071,1848534
28800000000,32400000000,28896839071,28896839075,4
28800000000,32400000000,28896839075,28896839076,1
28800000000,32400000000,28896839076,28897702278,863202
28800000000,32400000000,28897702278,28897702307,29
28800000000,32400000000,28897702307,28899477178,1774871
28800000000,32400000000,28899477178,28902188135,2710957
28800000000,32400000000,28902188135,28909923547,7735412
28800000000,32400000000,28909923547,28914514555,4591008
28800000000,32400000000,28914514555,28914514558,3
28800000000,32400000000,28914514558,28914514559,1
28800000000,32400000000,28914514559,28914724095,209536
28800000000,32400000000,28914724095,28916653841,1929746
28800000000,32400000000,28916653841,28916653913,72
28800000000,32400000000,28916653913,28917069571,415658
28800000000,32400000000,28917069571,28917950582,881011
28800000000,32400000000,28917950582,28918962741,1012159
28800000000,32400000000,28918962741,28921202463,2239722
28800000000,32400000000,28921202463,28932651187,11448724
28800000000,32400000000,28932651187,28932665283,14096
28800000000,32400000000,28932665283,28933579604,914321
28800000000,32400000000,28933579604,28933590216,10612
28800000000,32400000000,28933590216,28933593151,2935
28800000000,32400000000,28933593151,28934483922,890771
28800000000,32400000000,28934483922,28934483932,10
28800000000,32400000000,28934483932,28935335849,851917
28800000000,32400000000,28935335849,28935335909,60
28800000000,32400000000,28935335909,28935335926,17
28800000000,32400000000,28935335926,28936213959,878033
28800000000,32400000000,28936213959,28936214281,322
28800000000,32400000000,28936214281,28945785318,9571037
28800000000,32400000000,28945785318,28947637006,1851688
28800000000,32400000000,28947637006,28959519959,11882953
28800000000,32400000000,28959519959,28961566455,2046496
28800000000,32400000000,28961566455,28963576260,2009805
28800000000,32400000000,28963576260,28981326164,17749904
28800000000,32400000000,28981326164,28987092354,5766190
28800000000,32400000000,28987092354,28990217724,3125370
28800000000,32400000000,28990217724,28991721156,1503432
28800000000,32400000000,28991721156,28992495197,774041
28800000000,32400000000,28992495197,28993587593,1092396
28800000000,32400000000,28993587593,28993587710,117
28800000000,32400000000,28993587710,28994469853,882143
28800000000,32400000000,28994469853,28995210906,741053
28800000000,32400000000,28995210906,29011482794,16271888
28800000000,32400000000,29011482794,29019947547,8464753
28800000000,32400000000,29019947547,29021397003,1449456
28800000000,32400000000,29021397003,29023564604,2167601
28800000000,32400000000,29023564604,29029813434,6248830
28800000000,32400000000,29029813434,29030599558,786124
28800000000,32400000000,29030599558,29031355560,756002
28800000000,32400000000,29031355560,29032087930,732370
28800000000,32400000000,29032087930,29032778046,690116
28800000000,32400000000,29032778046,29032787886,9840
28800000000,32400000000,29032787886,29033505382,717496
28800000000,32400000000,29033505382,29034975414,1470032
28800000000,32400000000,29034975414,29034975418,4
28800000000,32400000000,29034975418,29035656096,680678
28800000000,32400000000,29035656096,29035656100,4
28800000000,32400000000,29035656100,29036334174,678074
28800000000,32400000000,29036334174,29040289087,3954913
28800000000,32400000000,29040289087,29045208411,4919324
28800000000,32400000000,29045208411,29046763779,1555368
28800000000,32400000000,29046763779,29050857401,4093622
28800000000,32400000000,29050857401,29052323911,1466510
28800000000,32400000000,29052323911,29056136033,3812122
28800000000,32400000000,29056136033,29064969901,8833868
28800000000,32400000000,29064969901,29064970462,561
28800000000,32400000000,29064970462,29066973474,2003012
28800000000,32400000000,29066973474,29067027670,54196
28800000000,32400000000,29067027670,29067027674,4
28800000000,32400000000,29067027674,29067027699,25
28800000000,32400000000,29067027699,29069294674,2266975
28800000000,32400000000,29069294674,29076786491,7491817
28800000000,32400000000,29076786491,29086911858,10125367
28800000000,32400000000,29086911858,29107689390,20777532
28800000000,32400000000,29107689390,29109263215,1573825
28800000000,32400000000,29109263215,29109287373,24158
28800000000,32400000000,29109287373,29109293167,5794
28800000000,32400000000,29109293167,29110873343,1580176
28800000000,32400000000,29110873343,29111643129,769786
28800000000,32400000000,29111643129,29115208575,3565446
28800000000,32400000000,29115208575,29116778491,1569916
28800000000,32400000000,29116778491,29127427756,10649265
28800000000,32400000000,29127427756,29127427758,2
28800000000,32400000000,29127427758,29129060108,1632350
28800000000,32400000000,29129060108,29130575503,1515395
28800000000,32400000000,29130575503,29130575650,147
28800000000,32400000000,29130575650,29130575655,5
28800000000,32400000000,29130575655,29143127546,12551891
28800000000,32400000000,29143127546,29144585268,1457722
28800000000,32400000000,29144585268,29147177219,2591951
28800000000,32400000000,29147177219,29148625470,1448251
28800000000,32400000000,29148625470,29157421801,8796331
28800000000,32400000000,29157421801,29157426924,5123
28800000000,32400000000,29157426924,29157427161,237
28800000000,32400000000,29157427161,29157427166,5
28800000000,32400000000,29157427166,29158932365,1505199
28800000000,32400000000,29158932365,29159590250,657885
28800000000,32400000000,29159590250,29161137028,1546778
28800000000,32400000000,29161137028,29164127590,2990562
28800000000,32400000000,29164127590,29165614572,1486982
28800000000,32400000000,29165614572,29170503094,4888522
28800000000,32400000000,29170503094,29172106680,1603586
28800000000,32400000000,29172106680,29177613860,5507180
28800000000,32400000000,29177613860,29179392623,1778763
28800000000,32400000000,29179392623,29181023699,1631076
28800000000,32400000000,29181023699,29181845284,821585
28800000000,32400000000,29181845284,29182614011,768727
28800000000,32400000000,29182614011,29182614014,3
28800000000,32400000000,29182614014,29184229325,1615311
28800000000,32400000000,29184229325,29184961005,731680
28800000000,32400000000,29184961005,29186866768,1905763
28800000000,32400000000,29186866768,29205532556,18665788
28800000000,32400000000,29205532556,29208002666,2470110
28800000000,32400000000,29208002666,29208803951,801285
28800000000,32400000000,29208803951,29208803954,3
28800000000,32400000000,29208803954,29210452108,1648154
28800000000,32400000000,29210452108,29219366134,8914026
28800000000,32400000000,29219366134,29220883454,1517320
28800000000,32400000000,29220883454,29234260879,13377425
28800000000,32400000000,29234260879,29234267542,6663
28800000000,32400000000,29234267542,29234270378,2836
28800000000,32400000000,29234270378,29235849722,1579344
28800000000,32400000000,29235849722,29235849746,24
28800000000,32400000000,29235849746,29235849759,13
28800000000,32400000000,29235849759,29238875457,3025698
28800000000,32400000000,29238875457,29243975831,5100374
28800000000,32400000000,29243975831,29245754336,1778505
28800000000,32400000000,29245754336,29246591326,836990
28800000000,32400000000,29246591326,29247317221,725895
28800000000,32400000000,29247317221,29247339495,22274
28800000000,32400000000,29247339495,29248837228,1497733
28800000000,32400000000,29248837228,29248858888,21660
28800000000,32400000000,29248858888,29251122717,2263829
28800000000,32400000000,29251122717,29258088025,6965308
28800000000,32400000000,29258088025,29258093720,5695
28800000000,32400000000,29258093720,29259720157,1626437
28800000000,32400000000,29259720157,29259720181,24
28800000000,32400000000,29259720181,29262160379,2440198
28800000000,32400000000,29262160379,29262179108,18729
28800000000,32400000000,29262179108,29262179157,49
28800000000,32400000000,29262179157,29262179162,5
28800000000,32400000000,29262179162,29262179167,5
28800000000,32400000000,29262179167,29264767190,2588023
28800000000,32400000000,29264767190,29265595756,828566
28800000000,32400000000,29265595756,29280384580,14788824
28800000000,32400000000,29280384580,29286952546,6567966
28800000000,32400000000,29286952546,29286957490,4944
28800000000,32400000000,29286957490,29288672199,1714709
28800000000,32400000000,29288672199,29296039443,7367244
28800000000,32400000000,29296039443,29297868067,1828624
28800000000,32400000000,29297868067,29305637885,7769818
28800000000,32400000000,29305637885,29306456091,818206
28800000000,32400000000,29306456091,29306456239,148
28800000000,32400000000,29306456239,29306456244,5
28800000000,32400000000,29306456244,29308451274,1995030
28800000000,32400000000,29308451274,29309935060,1483786
28800000000,32400000000,29309935060,29309935064,4
28800000000,32400000000,29309935064,29310696401,761337
28800000000,32400000000,29310696401,29311583424,887023
28800000000,32400000000,29311583424,29311592406,8982
28800000000,32400000000,29311592406,29312521642,929236
28800000000,32400000000,29312521642,29313275942,754300
28800000000,32400000000,29313275942,29314086243,810301
28800000000,32400000000,29314086243,29325956324,11870081
28800000000,32400000000,29325956324,29327550409,1594085
28800000000,32400000000,29327550409,29328364084,813675
28800000000,32400000000,29328364084,29330198568,1834484
28800000000,32400000000,29330198568,29331768425,1569857
28800000000,32400000000,29331768425,29332624459,856034
28800000000,32400000000,29332624459,29334195405,1570946
28800000000,32400000000,29334195405,29336732931,2537526
28800000000,32400000000,29336732931,29338317030,1584099
28800000000,32400000000,29338317030,29338338664,21634
28800000000,32400000000,29338338664,29343417848,5079184
28800000000,32400000000,29343417848,29355875436,12457588
28800000000,32400000000,29355875436,29361028554,5153118
28800000000,32400000000,29361028554,29363210353,2181799
28800000000,32400000000,29363210353,29363210685,332
28800000000,32400000000,29363210685,29363976060,765375
28800000000,32400000000,29363976060,29384635455,20659395
28800000000,32400000000,29384635455,29386129850,1494395
28800000000,32400000000,29386129850,29390096342,3966492
28800000000,32400000000,29390096342,29406391415,16295073
28800000000,32400000000,29406391415,29407941310,1549895
28800000000,32400000000,29407941310,29412655854,4714544
28800000000,32400000000,29412655854,29414343893,1688039
28800000000,32400000000,29414343893,29415239174,895281
28800000000,32400000000,29415239174,29415248405,9231
28800000000,32400000000,29415248405,29417138112,1889707
28800000000,32400000000,29417138112,29417138223,111
28800000000,32400000000,29417138223,29417138262,39
28800000000,32400000000,29417138262,29428241762,11103500
28800000000,32400000000,29428241762,29428245690,3928
28800000000,32400000000,29428245690,29428247875,2185
28800000000,32400000000,29428247875,29429757171,1509296
28800000000,32400000000,29429757171,29429757181,10
28800000000,32400000000,29429757181,29429757192,11
28800000000,32400000000,29429757192,29433427302,3670110
28800000000,32400000000,29433427302,29434142230,714928
28800000000,32400000000,29434142230,29434885878,743648
28800000000,32400000000,29434885878,29434917467,31589
28800000000,32400000000,29434917467,29434929118,11651
28800000000,32400000000,29434929118,29435671670,742552
28800000000,32400000000,29435671670,29438059851,2388181
28800000000,32400000000,29438059851,29439985418,1925567
28800000000,32400000000,29439985418,29440721566,736148
28800000000,32400000000,29440721566,29440726653,5087
28800000000,32400000000,29440726653,29442227109,1500456
28800000000,32400000000,29442227109,29442227119,10
28800000000,32400000000,29442227119,29451371129,9144010
28800000000,32400000000,29451371129,29451371131,2
28800000000,32400000000,29451371131,29452865218,1494087
28800000000,32400000000,29452865218,29453641060,775842
28800000000,32400000000,29453641060,29455032486,1391426
28800000000,32400000000,29455032486,29463318916,8286430
28800000000,32400000000,29463318916,29464112053,793137
28800000000,32400000000,29464112053,29464121022,8969
28800000000,32400000000,29464121022,29466986107,2865085
28800000000,32400000000,29466986107,29466993445,7338
28800000000,32400000000,29466993445,29467732567,739122
28800000000,32400000000,29467732567,29468453655,721088
28800000000,32400000000,29468453655,29468453731,76
28800000000,32400000000,29468453731,29468473375,19644
28800000000,32400000000,29468473375,29470076118,1602743
28800000000,32400000000,29470076118,29471166727,1090609
28800000000,32400000000,29471166727,29471172815,6088
28800000000,32400000000,29471172815,29471961836,789021
28800000000,32400000000,29471961836,29472773408,811572
28800000000,32400000000,29472773408,29472773419,11
28800000000,32400000000,29472773419,29475226950,2453531
28800000000,32400000000,29475226950,29475227073,123
28800000000,32400000000,29475227073,29479355920,4128847
28800000000,32400000000,29479355920,29479355923,3
28800000000,32400000000,29479355923,29480921459,1565536
28800000000,32400000000,29480921459,29480945106,23647
28800000000,32400000000,29480945106,29480950209,5103
28800000000,32400000000,29480950209,29480962129,11920
28800000000,32400000000,29480962129,29480962132,3
28800000000,32400000000,29480962132,29482886739,1924607
28800000000,32400000000,29482886739,29482886844,105
28800000000,32400000000,29482886844,29482887721,877
28800000000,32400000000,29482887721,29505110661,22222940
28800000000,32400000000,29505110661,29505110830,169
28800000000,32400000000,29505110830,29505110835,5
28800000000,32400000000,29505110835,29507448622,2337787
28800000000,32400000000,29507448622,29507448749,127
28800000000,32400000000,29507448749,29507448965,216
28800000000,32400000000,29507448965,29507448972,7
28800000000,32400000000,29507448972,29513705635,6256663
28800000000,32400000000,29513705635,29516068211,2362576
28800000000,32400000000,29516068211,29516068308,97
28800000000,32400000000,29516068308,29516068313,5
28800000000,32400000000,29516068313,29516971042,902729
28800000000,32400000000,29516971042,29523526395,6555353
28800000000,32400000000,29523526395,29524818445,1292050
28800000000,32400000000,29524818445,29525981522,1163077
28800000000,32400000000,29525981522,29526035862,54340
28800000000,32400000000,29526035862,29526800835,764973
28800000000,32400000000,29526800835,29529730352,2929517
28800000000,32400000000,29529730352,29529750335,19983
28800000000,32400000000,29529750335,29529756158,5823
28800000000,32400000000,29529756158,29531383342,1627184
28800000000,32400000000,29531383342,29531383393,51
28800000000,32400000000,29531383393,29531415912,32519
28800000000,32400000000,29531415912,29533017332,1601420
28800000000,32400000000,29533017332,29533069796,52464
28800000000,32400000000,29533069796,29533076355,6559
28800000000,32400000000,29533076355,29533901907,825552
28800000000,32400000000,29533901907,29534738867,836960
28800000000,32400000000,29534738867,29534739496,629
28800000000,32400000000,29534739496,29534793732,54236
28800000000,32400000000,29534793732,29534794677,945
28800000000,32400000000,29534794677,29534794682,5
28800000000,32400000000,29534794682,29534794687,5
28800000000,32400000000,29534794687,29535637181,842494
28800000000,32400000000,29535637181,29535662760,25579
28800000000,32400000000,29535662760,29535667197,4437
28800000000,32400000000,29535667197,29537610139,1942942
28800000000,32400000000,29537610139,29537610151,12
28800000000,32400000000,29537610151,29538569408,959257
28800000000,32400000000,29538569408,29538576192,6784
28800000000,32400000000,29538576192,29540231368,1655176
28800000000,32400000000,29540231368,29540292140,60772
28800000000,32400000000,29540292140,29540297286,5146
28800000000,32400000000,29540297286,29541149380,852094
28800000000,32400000000,29541149380,29541968644,819264
28800000000,32400000000,29541968644,29541968692,48
28800000000,32400000000,29541968692,29542930054,961362
28800000000,32400000000,29542930054,29555419096,12489042
28800000000,32400000000,29555419096,29557256897,1837801
28800000000,32400000000,29557256897,29557282395,25498
28800000000,32400000000,29557282395,29559491561,2209166
28800000000,32400000000,29559491561,29560483403,991842
28800000000,32400000000,29560483403,29562269525,1786122
28800000000,32400000000,29562269525,29564434820,2165295
28800000000,32400000000,29564434820,29566366619,1931799
28800000000,32400000000,29566366619,29575857484,9490865
28800000000,32400000000,29575857484,29578428805,2571321
28800000000,32400000000,29578428805,29581998857,3570052
28800000000,32400000000,29581998857,29583620105,1621248
28800000000,32400000000,29583620105,29583638023,17918
28800000000,32400000000,29583638023,29585238440,1600417
28800000000,32400000000,29585238440,29586136414,897974
28800000000,32400000000,29586136414,29587742507,1606093
28800000000,32400000000,29587742507,29587760983,18476
28800000000,32400000000,29587760983,29589421175,1660192
28800000000,32400000000,29589421175,29591606185,2185010
28800000000,32400000000,29591606185,29621258049,29651864
28800000000,32400000000,29621258049,29628584237,7326188
28800000000,32400000000,29628584237,29630141904,1557667
28800000000,32400000000,29630141904,29644823418,14681514
28800000000,32400000000,29644823418,29655026920,10203502
28800000000,32400000000,29655026920,29655029590,2670
28800000000,32400000000,29655029590,29655032369,2779
28800000000,32400000000,29655032369,29655037787,5418
28800000000,32400000000,29655037787,29655781236,743449
28800000000,32400000000,29655781236,29656471442,690206
28800000000,32400000000,29656471442,29656471476,34
28800000000,32400000000,29656471476,29656471487,11
28800000000,32400000000,29656471487,29656471498,11
28800000000,32400000000,29656471498,29656517258,45760
28800000000,32400000000,29656517258,29656517366,108
28800000000,32400000000,29656517366,29656517371,5
28800000000,32400000000,29656517371,29657609586,1092215
28800000000,32400000000,29657609586,29670987066,13377480
28800000000,32400000000,29670987066,29670991771,4705
28800000000,32400000000,29670991771,29670993891,2120
28800000000,32400000000,29670993891,29670997086,3195
28800000000,32400000000,29670997086,29672520085,1522999
28800000000,32400000000,29672520085,29672520116,31
28800000000,32400000000,29672520116,29672520131,15
28800000000,32400000000,29672520131,29672520149,18
28800000000,32400000000,29672520149,29672539843,19694
28800000000,32400000000,29672539843,29675736074,3196231
28800000000,32400000000,29675736074,29675736182,108
28800000000,32400000000,29675736182,29675736187,5
28800000000,32400000000,29675736187,29682031068,6294881
28800000000,32400000000,29682031068,29684308293,2277225
28800000000,32400000000,29684308293,29685135538,827245
28800000000,32400000000,29685135538,29686791652,1656114
28800000000,32400000000,29686791652,29690221924,3430272
28800000000,32400000000,29690221924,29691722449,1500525
28800000000,32400000000,29691722449,29695066244,3343795
28800000000,32400000000,29695066244,29696571257,1505013
28800000000,32400000000,29696571257,29696571262,5
28800000000,32400000000,29696571262,29697364642,793380
28800000000,32400000000,29697364642,29700586950,3222308
28800000000,32400000000,29700586950,29702073776,1486826
28800000000,32400000000,29702073776,29703590785,1517009
28800000000,32400000000,29703590785,29704470160,879375
28800000000,32400000000,29704470160,29706957280,2487120
28800000000,32400000000,29706957280,29707778193,820913
28800000000,32400000000,29707778193,29708547791,769598
28800000000,32400000000,29708547791,29709282819,735028
28800000000,32400000000,29709282819,29710102453,819634
28800000000,32400000000,29710102453,29712020624,1918171
28800000000,32400000000,29712020624,29712804739,784115
28800000000,32400000000,29712804739,29714338699,1533960
28800000000,32400000000,29714338699,29718930627,4591928
28800000000,32400000000,29718930627,29720537845,1607218
28800000000,32400000000,29720537845,29722502508,1964663
28800000000,32400000000,29722502508,29722507644,5136
28800000000,32400000000,29722507644,29722510683,3039
28800000000,32400000000,29722510683,29724076079,1565396
28800000000,32400000000,29724076079,29724076110,31
28800000000,32400000000,29724076110,29724076152,42
28800000000,32400000000,29724076152,29724902562,826410
28800000000,32400000000,29724902562,29725728500,825938
28800000000,32400000000,29725728500,29726607071,878571
28800000000,32400000000,29726607071,29734097867,7490796
28800000000,32400000000,29734097867,29734868984,771117
28800000000,32400000000,29734868984,29736401143,1532159
28800000000,32400000000,29736401143,29740532476,4131333
28800000000,32400000000,29740532476,29745144530,4612054
28800000000,32400000000,29745144530,29745144532,2
28800000000,32400000000,29745144532,29746676322,1531790
28800000000,32400000000,29746676322,29749838174,3161852
28800000000,32400000000,29749838174,29749838241,67
28800000000,32400000000,29749838241,29749838246,5
28800000000,32400000000,29749838246,29758052719,8214473
28800000000,32400000000,29758052719,29758052896,177
28800000000,32400000000,29758052896,29758052901,5
28800000000,32400000000,29758052901,29761490925,3438024
28800000000,32400000000,29761490925,29765027290,3536365
28800000000,32400000000,29765027290,29766574844,1547554
28800000000,32400000000,29766574844,29775454839,8879995
28800000000,32400000000,29775454839,29776866148,1411309
28800000000,32400000000,29776866148,29779650698,2784550
28800000000,32400000000,29779650698,29781108268,1457570
28800000000,32400000000,29781108268,29781137990,29722
28800000000,32400000000,29781137990,29783636058,2498068
28800000000,32400000000,29783636058,29784925476,1289418
28800000000,32400000000,29784925476,29785658878,733402
28800000000,32400000000,29785658878,29786761897,1103019
28800000000,32400000000,29786761897,29789166159,2404262
28800000000,32400000000,29789166159,29795219959,6053800
28800000000,32400000000,29795219959,29796739308,1519349
28800000000,32400000000,29796739308,29796759039,19731
28800000000,32400000000,29796759039,29798657817,1898778
28800000000,32400000000,29798657817,29800175793,1517976
28800000000,32400000000,29800175793,29800175891,98
28800000000,32400000000,29800175891,29800175896,5
28800000000,32400000000,29800175896,29808945731,8769835
28800000000,32400000000,29808945731,29813355519,4409788
28800000000,32400000000,29813355519,29814933168,1577649
28800000000,32400000000,29814933168,29815776314,843146
28800000000,32400000000,29815776314,29817328976,1552662
28800000000,32400000000,29817328976,29819159013,1830037
28800000000,32400000000,29819159013,29820576824,1417811
28800000000,32400000000,29820576824,29820576828,4
28800000000,32400000000,29820576828,29820597276,20448
28800000000,32400000000,29820597276,29821362383,765107
28800000000,32400000000,29821362383,29821418095,55712
28800000000,32400000000,29821418095,29822107934,689839
28800000000,32400000000,29822107934,29822838027,730093
28800000000,32400000000,29822838027,29831679221,8841194
28800000000,32400000000,29831679221,29832475354,796133
28800000000,32400000000,29832475354,29833148829,673475
28800000000,32400000000,29833148829,29833148833,4
28800000000,32400000000,29833148833,29833148834,1
28800000000,32400000000,29833148834,29833875036,726202
28800000000,32400000000,29833875036,29833875067,31
28800000000,32400000000,29833875067,29833875509,442
28800000000,32400000000,29833875509,29837123312,3247803
28800000000,32400000000,29837123312,29846574292,9450980
28800000000,32400000000,29846574292,29846596817,22525
28800000000,32400000000,29846596817,29846599610,2793
28800000000,32400000000,29846599610,29846601219,1609
28800000000,32400000000,29846601219,29848098319,1497100
28800000000,32400000000,29848098319,29848098324,5
28800000000,32400000000,29848098324,29848098325,1
28800000000,32400000000,29848098325,29848098450,125
28800000000,32400000000,29848098450,29848098469,19
28800000000,32400000000,29848098469,29848098487,18
28800000000,32400000000,29848098487,29848882715,784228
28800000000,32400000000,29848882715,29848882752,37
28800000000,32400000000,29848882752,29848963518,80766
28800000000,32400000000,29848963518,29851279725,2316207
28800000000,32400000000,29851279725,29851302316,22591
28800000000,32400000000,29851302316,29851302445,129
28800000000,32400000000,29851302445,29851302450,5
28800000000,32400000000,29851302450,29851302455,5
28800000000,32400000000,29851302455,29853244705,1942250
28800000000,32400000000,29853244705,29871253980,18009275
28800000000,32400000000,29871253980,29871253983,3
28800000000,32400000000,29871253983,29872837320,1583337
28800000000,32400000000,29872837320,29872857431,20111
28800000000,32400000000,29872857431,29872857478,47
28800000000,32400000000,29872857478,29872857483,5
28800000000,32400000000,29872857483,29872858185,702
28800000000,32400000000,29872858185,29878498269,5640084
28800000000,32400000000,29878498269,29880043657,1545388
28800000000,32400000000,29880043657,29882267621,2223964
28800000000,32400000000,29882267621,29892700536,10432915
28800000000,32400000000,29892700536,29894198358,1497822
28800000000,32400000000,29894198358,29895684648,1486290
28800000000,32400000000,29895684648,29895709924,25276
28800000000,32400000000,29895709924,29904521725,8811801
28800000000,32400000000,29904521725,29908732604,4210879
28800000000,32400000000,29908732604,29908742614,10010
28800000000,32400000000,29908742614,29910228004,1485390
28800000000,32400000000,29910228004,29910228008,4
28800000000,32400000000,29910228008,29910228009,1
28800000000,32400000000,29910228009,29910228063,54
28800000000,32400000000,29910228063,29911021027,792964
28800000000,32400000000,29911021027,29911021460,433
28800000000,32400000000,29911021460,29922630102,11608642
28800000000,32400000000,29922630102,29929384807,6754705
28800000000,32400000000,29929384807,29931041130,1656323
28800000000,32400000000,29931041130,29932670565,1629435
28800000000,32400000000,29932670565,29935068783,2398218
28800000000,32400000000,29935068783,29935068787,4
28800000000,32400000000,29935068787,29935832156,763369
28800000000,32400000000,29935832156,29938893380,3061224
28800000000,32400000000,29938893380,29940671092,1777712
28800000000,32400000000,29940671092,29942220532,1549440
28800000000,32400000000,29942220532,29944531421,2310889
28800000000,32400000000,29944531421,29944536084,4663
28800000000,32400000000,29944536084,29946061297,1525213
28800000000,32400000000,29946061297,29952248501,6187204
28800000000,32400000000,29952248501,29952268160,19659
28800000000,32400000000,29952268160,29953824978,1556818
28800000000,32400000000,29953824978,29956914340,3089362
28800000000,32400000000,29956914340,29956998186,83846
28800000000,32400000000,29956998186,29957000476,2290
28800000000,32400000000,29957000476,29957786387,785911
28800000000,32400000000,29957786387,29958519752,733365
28800000000,32400000000,29958519752,29958519756,4
28800000000,32400000000,29958519756,29958519757,1
28800000000,32400000000,29958519757,29958519780,23
28800000000,32400000000,29958519780,29958519812,32
28800000000,32400000000,29958519812,29959356771,836959
28800000000,32400000000,29959356771,29959356942,171
28800000000,32400000000,29959356942,29961955162,2598220
28800000000,32400000000,29961955162,29963499847,1544685
28800000000,32400000000,29963499847,29967776273,4276426
28800000000,32400000000,29967776273,29975226954,7450681
28800000000,32400000000,29975226954,29975226957,3
28800000000,32400000000,29975226957,29976754898,1527941
28800000000,32400000000,29976754898,29979770110,3015212
28800000000,32400000000,29979770110,29979770339,229
28800000000,32400000000,29979770339,29979770344,5
28800000000,32400000000,29979770344,29979770349,5
28800000000,32400000000,29979770349,29983569095,3798746
28800000000,32400000000,29983569095,29983589438,20343
28800000000,32400000000,29983589438,29987346378,3756940
28800000000,32400000000,29987346378,29987346389,11
28800000000,32400000000,29987346389,29996033971,8687582
28800000000,32400000000,29996033971,29996828043,794072
28800000000,32400000000,29996828043,29997551346,723303
28800000000,32400000000,29997551346,30007503093,9951747
28800000000,32400000000,30007503093,30007520678,17585
28800000000,32400000000,30007520678,30008329587,808909
28800000000,32400000000,30008329587,30008334274,4687
28800000000,32400000000,30008334274,30008334371,97
28800000000,32400000000,30008334371,30009126959,792588
28800000000,32400000000,30009126959,30009185536,58577
28800000000,32400000000,30009185536,30009188443,2907
28800000000,32400000000,30009188443,30009985942,797499
28800000000,32400000000,30009985942,30011090549,1104607
28800000000,32400000000,30011090549,30011091129,580
28800000000,32400000000,30011091129,30015312257,4221128
28800000000,32400000000,30015312257,30018147454,2835197
28800000000,32400000000,30018147454,30018147822,368
28800000000,32400000000,30018147822,30018147827,5
28800000000,32400000000,30018147827,30020141167,1993340
28800000000,32400000000,30020141167,30020263207,122040
28800000000,32400000000,30020263207,30021186640,923433
28800000000,32400000000,30021186640,30024123771,2937131
28800000000,32400000000,30024123771,30024950026,826255
28800000000,32400000000,30024950026,30026461081,1511055
28800000000,32400000000,30026461081,30028328795,1867714
28800000000,32400000000,30028328795,30032519053,4190258
28800000000,32400000000,30032519053,30034486810,1967757
28800000000,32400000000,30034486810,30035389396,902586
28800000000,32400000000,30035389396,30035415257,25861
28800000000,32400000000,30035415257,30035422728,7471
28800000000,32400000000,30035422728,30035430064,7336
28800000000,32400000000,30035430064,30036283321,853257
28800000000,32400000000,30036283321,30038358085,2074764
28800000000,32400000000,30038358085,30038358089,4
28800000000,32400000000,30038358089,30038358248,159
28800000000,32400000000,30038358248,30038359133,885
28800000000,32400000000,30038359133,30038359236,103
28800000000,32400000000,30038359236,30040557316,2198080
28800000000,32400000000,30040557316,30047453943,6896627
28800000000,32400000000,30047453943,30047453945,2
28800000000,32400000000,30047453945,30049493930,2039985
28800000000,32400000000,30049493930,30081982542,32488612
28800000000,32400000000,30081982542,30082803513,820971
28800000000,32400000000,30082803513,30084401957,1598444
28800000000,32400000000,30084401957,30085774981,1373024
28800000000,32400000000,30085774981,30085774984,3
28800000000,32400000000,30085774984,30087428670,1653686
28800000000,32400000000,30087428670,30093467283,6038613
28800000000,32400000000,30093467283,30095314236,1846953
28800000000,32400000000,30095314236,30110054431,14740195
28800000000,32400000000,30110054431,30110054747,316
28800000000,32400000000,30110054747,30111844267,1789520
28800000000,32400000000,30111844267,30118429971,6585704
28800000000,32400000000,30118429971,30123715100,5285129
28800000000,32400000000,30123715100,30125222633,1507533
28800000000,32400000000,30125222633,30127871078,2648445
28800000000,32400000000,30127871078,30128652636,781558
28800000000,32400000000,30128652636,30129430941,778305
28800000000,32400000000,30129430941,30129437736,6795
28800000000,32400000000,30129437736,30130169107,731371
28800000000,32400000000,30130169107,30130173658,4551
28800000000,32400000000,30130173658,30130176610,2952
28800000000,32400000000,30130176610,30130925473,748863
28800000000,32400000000,30130925473,30130925484,11
28800000000,32400000000,30130925484,30131771704,846220
28800000000,32400000000,30131771704,30131771714,10
28800000000,32400000000,30131771714,30131771732,18
28800000000,32400000000,30131771732,30132571906,800174
28800000000,32400000000,30132571906,30132577054,5148
28800000000,32400000000,30132577054,30134147839,1570785
28800000000,32400000000,30134147839,30134147850,11
28800000000,32400000000,30134147850,30137706383,3558533
28800000000,32400000000,30137706383,30139290096,1583713
28800000000,32400000000,30139290096,30144852086,5561990
28800000000,32400000000,30144852086,30144857383,5297
28800000000,32400000000,30144857383,30144859932,2549
28800000000,32400000000,30144859932,30146481906,1621974
28800000000,32400000000,30146481906,30146481920,14
28800000000,32400000000,30146481920,30146481934,14
28800000000,32400000000,30146481934,30148513307,2031373
28800000000,32400000000,30148513307,30156155300,7641993
28800000000,32400000000,30156155300,30157715604,1560304
28800000000,32400000000,30157715604,30162190201,4474597
28800000000,32400000000,30162190201,30163628406,1438205
28800000000,32400000000,30163628406,30164589730,961324
28800000000,32400000000,30164589730,30166094053,1504323
28800000000,32400000000,30166094053,30166973452,879399
28800000000,32400000000,30166973452,30166979936,6484
28800000000,32400000000,30166979936,30168946208,1966272
28800000000,32400000000,30168946208,30171792751,2846543
28800000000,32400000000,30171792751,30182387632,10594881
28800000000,32400000000,30182387632,30182552732,165100
28800000000,32400000000,30182552732,30184197738,1645006
28800000000,32400000000,30184197738,30184197742,4
28800000000,32400000000,30184197742,30185028853,831111
28800000000,32400000000,30185028853,30187367555,2338702
28800000000,32400000000,30187367555,30187367580,25
28800000000,32400000000,30187367580,30188263300,895720
28800000000,32400000000,30188263300,30189796639,1533339
28800000000,32400000000,30189796639,30190584179,787540
28800000000,32400000000,30190584179,30191393089,808910
28800000000,32400000000,30191393089,30192550238,1157149
28800000000,32400000000,30192550238,30194883905,2333667
28800000000,32400000000,30194883905,30196439496,1555591
28800000000,32400000000,30196439496,30200267888,3828392
28800000000,32400000000,30200267888,30203612830,3344942
28800000000,32400000000,30203612830,30203612979,149
28800000000,32400000000,30203612979,30203612984,5
28800000000,32400000000,30203612984,30203612989,5
28800000000,32400000000,30203612989,30206486298,2873309
28800000000,32400000000,30206486298,30207357357,871059
28800000000,32400000000,30207357357,30208881442,1524085
28800000000,32400000000,30208881442,30219100514,10219072
28800000000,32400000000,30219100514,30226995893,7895379
28800000000,32400000000,30226995893,30226995930,37
28800000000,32400000000,30226995930,30226995935,5
28800000000,32400000000,30226995935,30226995942,7
28800000000,32400000000,30226995942,30237854876,10858934
28800000000,32400000000,30237854876,30237855213,337
28800000000,32400000000,30237855213,30237855218,5
28800000000,32400000000,30237855218,30246714454,8859236
28800000000,32400000000,30246714454,30248100800,1386346
28800000000,32400000000,30248100800,30250464955,2364155
28800000000,32400000000,30250464955,30250465188,233
28800000000,32400000000,30250465188,30257630674,7165486
28800000000,32400000000,30257630674,30259221908,1591234
28800000000,32400000000,30259221908,30263273138,4051230
28800000000,32400000000,30263273138,30273233069,9959931
28800000000,32400000000,30273233069,30273233126,57
28800000000,32400000000,30273233126,30273233131,5
28800000000,32400000000,30273233131,30288147501,14914370
28800000000,32400000000,30288147501,30290047732,1900231
28800000000,32400000000,30290047732,30290752461,704729
28800000000,32400000000,30290752461,30292321901,1569440
28800000000,32400000000,30292321901,30292371224,49323
28800000000,32400000000,30292371224,30293204289,833065
28800000000,32400000000,30293204289,30294059333,855044
28800000000,32400000000,30294059333,30295025286,965953
28800000000,32400000000,30295025286,30295083145,57859
28800000000,32400000000,30295083145,30311494798,16411653
28800000000,32400000000,30311494798,30312320823,826025
28800000000,32400000000,30312320823,30313043391,722568
28800000000,32400000000,30313043391,30313753138,709747
28800000000,32400000000,30313753138,30314489565,736427
28800000000,32400000000,30314489565,30315307288,817723
28800000000,32400000000,30315307288,30315307288,0
28800000000,32400000000,30315307288,30317043435,1736147
28800000000,32400000000,30317043435,30317048045,4610
28800000000,32400000000,30317048045,30317050288,2243
28800000000,32400000000,30317050288,30317052652,2364
28800000000,32400000000,30317052652,30318657772,1605120
28800000000,32400000000,30318657772,30318657797,25
28800000000,32400000000,30318657797,30318657808,11
28800000000,32400000000,30318657808,30318657819,11
28800000000,32400000000,30318657819,30325847689,7189870
28800000000,32400000000,30325847689,30325847789,100
28800000000,32400000000,30325847789,30325847799,10
28800000000,32400000000,30325847799,30329331553,3483754
28800000000,32400000000,30329331553,30330906506,1574953
28800000000,32400000000,30330906506,30336750626,5844120
28800000000,32400000000,30336750626,30336750628,2
28800000000,32400000000,30336750628,30338405713,1655085
28800000000,32400000000,30338405713,30339253114,847401
28800000000,32400000000,30339253114,30340796558,1543444
28800000000,32400000000,30340796558,30343749843,2953285
28800000000,32400000000,30343749843,30345521901,1772058
28800000000,32400000000,30345521901,30345521905,4
28800000000,32400000000,30345521905,30345521906,1
28800000000,32400000000,30345521906,30346297357,775451
28800000000,32400000000,30346297357,30346297564,207
28800000000,32400000000,30346297564,30347850055,1552491
28800000000,32400000000,30347850055,30349458930,1608875
28800000000,32400000000,30349458930,30352486424,3027494
28800000000,32400000000,30352486424,30352486592,168
28800000000,32400000000,30352486592,30353237736,751144
28800000000,32400000000,30353237736,30353237793,57
28800000000,32400000000,30353237793,30353237798,5
28800000000,32400000000,30353237798,30353238470,672
28800000000,32400000000,30353238470,30353238725,255
28800000000,32400000000,30353238725,30355376584,2137859
28800000000,32400000000,30355376584,30356932938,1556354
28800000000,32400000000,30356932938,30361501395,4568457
28800000000,32400000000,30361501395,30364580610,3079215
28800000000,32400000000,30364580610,30367331190,2750580
28800000000,32400000000,30367331190,30367331193,3
28800000000,32400000000,30367331193,30368806561,1475368
28800000000,32400000000,30368806561,30372914216,4107655
28800000000,32400000000,30372914216,30372914254,38
28800000000,32400000000,30372914254,30372914259,5
28800000000,32400000000,30372914259,30372914408,149
28800000000,32400000000,30372914408,30372914473,65
28800000000,32400000000,30372914473,30375466500,2552027
28800000000,32400000000,30375466500,30376598221,1131721
28800000000,32400000000,30376598221,30377317801,719580
28800000000,32400000000,30377317801,30382188784,4870983
28800000000,32400000000,30382188784,30387304511,5115727
28800000000,32400000000,30387304511,30403580645,16276134
28800000000,32400000000,30403580645,30416059753,12479108
28800000000,32400000000,30416059753,30416117129,57376
28800000000,32400000000,30416117129,30417686072,1568943
28800000000,32400000000,30417686072,30417686091,19
28800000000,32400000000,30417686091,30422070441,4384350
28800000000,32400000000,30422070441,30422847745,777304
28800000000,32400000000,30422847745,30423627033,779288
28800000000,32400000000,30423627033,30423647661,20628
28800000000,32400000000,30423647661,30424392713,745052
28800000000,32400000000,30424392713,30425172891,780178
28800000000,32400000000,30425172891,30428154194,2981303
28800000000,32400000000,30428154194,30429691706,1537512
28800000000,32400000000,30429691706,30432385211,2693505
28800000000,32400000000,30432385211,30432388312,3101
28800000000,32400000000,30432388312,30433987176,1598864
28800000000,32400000000,30433987176,30440197225,6210049
28800000000,32400000000,30440197225,30440213587,16362
28800000000,32400000000,30440213587,30442041555,1827968
28800000000,32400000000,30442041555,30442041582,27
28800000000,32400000000,30442041582,30442041586,4
28800000000,32400000000,30442041586,30442835142,793556
28800000000,32400000000,30442835142,30445635621,2800479
28800000000,32400000000,30445635621,30447151324,1515703
28800000000,32400000000,30447151324,30454479990,7328666
28800000000,32400000000,30454479990,30456143558,1663568
28800000000,32400000000,30456143558,30457699034,1555476
28800000000,32400000000,30457699034,30457717431,18397
28800000000,32400000000,30457717431,30458520781,803350
28800000000,32400000000,30458520781,30459411619,890838
28800000000,32400000000,30459411619,30459411636,17
28800000000,32400000000,30459411636,30459590784,179148
28800000000,32400000000,30459590784,30459593075,2291
28800000000,32400000000,30459593075,30460306151,713076
28800000000,32400000000,30460306151,30460339349,33198
28800000000,32400000000,30460339349,30461011546,672197
28800000000,32400000000,30461011546,30461011577,31
28800000000,32400000000,30461011577,30461040030,28453
28800000000,32400000000,30461040030,30461738704,698674
28800000000,32400000000,30461738704,30461756978,18274
28800000000,32400000000,30461756978,30462860953,1103975
28800000000,32400000000,30462860953,30463610561,749608
28800000000,32400000000,30463610561,30464315510,704949
28800000000,32400000000,30464315510,30464349748,34238
28800000000,32400000000,30464349748,30465085716,735968
28800000000,32400000000,30465085716,30465860837,775121
28800000000,32400000000,30465860837,30474296490,8435653
28800000000,32400000000,30474296490,30474298677,2187
28800000000,32400000000,30474298677,30474301744,3067
28800000000,32400000000,30474301744,30476542437,2240693
28800000000,32400000000,30476542437,30476542449,12
28800000000,32400000000,30476542449,30476542461,12
28800000000,32400000000,30476542461,30486835513,10293052
28800000000,32400000000,30486835513,30488386664,1551151
28800000000,32400000000,30488386664,30489861172,1474508
28800000000,32400000000,30489861172,30489861176,4
28800000000,32400000000,30489861176,30490667310,806134
28800000000,32400000000,30490667310,30491013093,345783
28800000000,32400000000,30491013093,30492710552,1697459
28800000000,32400000000,30492710552,30495563096,2852544
28800000000,32400000000,30495563096,30496955431,1392335
28800000000,32400000000,30496955431,30505998581,9043150
28800000000,32400000000,30505998581,30512891405,6892824
28800000000,32400000000,30512891405,30513704889,813484
28800000000,32400000000,30513704889,30524401709,10696820
28800000000,32400000000,30524401709,30524412031,10322
28800000000,32400000000,30524412031,30525968651,1556620
28800000000,32400000000,30525968651,30525968670,19
28800000000,32400000000,30525968670,30525968674,4
28800000000,32400000000,30525968674,30526790337,821663
28800000000,32400000000,30526790337,30527010847,220510
28800000000,32400000000,30527010847,30528954095,1943248
28800000000,32400000000,30528954095,30551296189,22342094
28800000000,32400000000,30551296189,30555454616,4158427
28800000000,32400000000,30555454616,30560702715,5248099
28800000000,32400000000,30560702715,30562355004,1652289
28800000000,32400000000,30562355004,30584905024,22550020
28800000000,32400000000,30584905024,30587362647,2457623
28800000000,32400000000,30587362647,30587362714,67
28800000000,32400000000,30587362714,30587362719,5
28800000000,32400000000,30587362719,30599138998,11776279
28800000000,32400000000,30599138998,30599139096,98
28800000000,32400000000,30599139096,30599139101,5
28800000000,32400000000,30599139101,30600063669,924568
28800000000,32400000000,30600063669,30601843509,1779840
28800000000,32400000000,30601843509,30601865719,22210
28800000000,32400000000,30601865719,30603803002,1937283
28800000000,32400000000,30603803002,30604622155,819153
28800000000,32400000000,30604622155,30606254145,1631990
28800000000,32400000000,30606254145,30611797686,5543541
28800000000,32400000000,30611797686,30611810575,12889
28800000000,32400000000,30611810575,30613787623,1977048
28800000000,32400000000,30613787623,30613787641,18
28800000000,32400000000,30613787641,30613807291,19650
28800000000,32400000000,30613807291,30613814799,7508
28800000000,32400000000,30613814799,30614583366,768567
28800000000,32400000000,30614583366,30614590518,7152
28800000000,32400000000,30614590518,30615376560,786042
28800000000,32400000000,30615376560,30615376570,10
28800000000,32400000000,30615376570,30616171744,795174
28800000000,32400000000,30616171744,30616171762,18
28800000000,32400000000,30616171762,30617019451,847689
28800000000,32400000000,30617019451,30618621295,1601844
28800000000,32400000000,30618621295,30621883571,3262276
28800000000,32400000000,30621883571,30624457799,2574228
28800000000,32400000000,30624457799,30624824389,366590
28800000000,32400000000,30624824389,30631737040,6912651
28800000000,32400000000,30631737040,30632586818,849778
28800000000,32400000000,30632586818,30632589123,2305
28800000000,32400000000,30632589123,30632589213,90
28800000000,32400000000,30632589213,30633653850,1064637
28800000000,32400000000,30633653850,30633852796,198946
28800000000,32400000000,30633852796,30633870693,17897
28800000000,32400000000,30633870693,30633872909,2216
28800000000,32400000000,30633872909,30636738270,2865361
28800000000,32400000000,30636738270,30636738302,32
28800000000,32400000000,30636738302,30636738312,10
28800000000,32400000000,30636738312,30641336147,4597835
28800000000,32400000000,30641336147,30643039275,1703128
28800000000,32400000000,30643039275,30643059076,19801
28800000000,32400000000,30643059076,30643059078,2
28800000000,32400000000,30643059078,30644828501,1769423
28800000000,32400000000,30644828501,30659761104,14932603
28800000000,32400000000,30659761104,30663698755,3937651
28800000000,32400000000,30663698755,30664517786,819031
28800000000,32400000000,30664517786,30666422607,1904821
28800000000,32400000000,30666422607,30666440955,18348
28800000000,32400000000,30666440955,30666440958,3
28800000000,32400000000,30666440958,30668139479,1698521
28800000000,32400000000,30668139479,30668139497,18
28800000000,32400000000,30668139497,30669354114,1214617
28800000000,32400000000,30669354114,30670252206,898092
28800000000,32400000000,30670252206,30671170737,918531
28800000000,32400000000,30671170737,30671203386,32649
28800000000,32400000000,30671203386,30672864406,1661020
28800000000,32400000000,30672864406,30675287805,2423399
28800000000,32400000000,30675287805,30675292972,5167
28800000000,32400000000,30675292972,30675292975,3
28800000000,32400000000,30675292975,30676833877,1540902
28800000000,32400000000,30676833877,30676833888,11
28800000000,32400000000,30676833888,30679253403,2419515
28800000000,32400000000,30679253403,30683648608,4395205
28800000000,32400000000,30683648608,30685707497,2058889
28800000000,32400000000,30685707497,30703550469,17842972
28800000000,32400000000,30703550469,30704339537,789068
28800000000,32400000000,30704339537,30710522786,6183249
28800000000,32400000000,30710522786,30712112605,1589819
28800000000,32400000000,30712112605,30724440498,12327893
28800000000,32400000000,30724440498,30729808937,5368439
28800000000,32400000000,30729808937,30729808941,4
28800000000,32400000000,30729808941,30729809068,127
28800000000,32400000000,30729809068,30729809073,5
28800000000,32400000000,30729809073,30734801701,4992628
28800000000,32400000000,30734801701,30736298894,1497193
28800000000,32400000000,30736298894,30738703492,2404598
28800000000,32400000000,30738703492,30740194639,1491147
28800000000,32400000000,30740194639,30740218771,24132
28800000000,32400000000,30740218771,30740224934,6163
28800000000,32400000000,30740224934,30741672014,1447080
28800000000,32400000000,30741672014,30745721581,4049567
28800000000,32400000000,30745721581,30748726706,3005125
28800000000,32400000000,30748726706,30748726806,100
28800000000,32400000000,30748726806,30748726811,5
28800000000,32400000000,30748726811,30748726816,5
28800000000,32400000000,30748726816,30759151646,10424830
28800000000,32400000000,30759151646,30762242442,3090796
28800000000,32400000000,30762242442,30763065672,823230
28800000000,32400000000,30763065672,30764386816,1321144
28800000000,32400000000,30764386816,30767997743,3610927
28800000000,32400000000,30767997743,30770248577,2250834
28800000000,32400000000,30770248577,30774318633,4070056
28800000000,32400000000,30774318633,30777605377,3286744
28800000000,32400000000,30777605377,30777605446,69
28800000000,32400000000,30777605446,30777605451,5
28800000000,32400000000,30777605451,30777605456,5
28800000000,32400000000,30777605456,30784993223,7387767
28800000000,32400000000,30784993223,30790895850,5902627
28800000000,32400000000,30790895850,30791824608,928758
28800000000,32400000000,30791824608,30791824867,259
28800000000,32400000000,30791824867,30791824875,8
28800000000,32400000000,30791824875,30793742858,1917983
28800000000,32400000000,30793742858,30800353172,6610314
28800000000,32400000000,30800353172,30801860439,1507267
28800000000,32400000000,30801860439,30816150142,14289703
28800000000,32400000000,30816150142,30819698143,3548001
28800000000,32400000000,30819698143,30823608065,3909922
28800000000,32400000000,30823608065,30823625774,17709
28800000000,32400000000,30823625774,30823642714,16940
28800000000,32400000000,30823642714,30823653157,10443
28800000000,32400000000,30823653157,30823708993,55836
28800000000,32400000000,30823708993,30823724512,15519
28800000000,32400000000,30823724512,30823724589,77
28800000000,32400000000,30823724589,30823724594,5
28800000000,32400000000,30823724594,30825927276,2202682
28800000000,32400000000,30825927276,30825927294,18
28800000000,32400000000,30825927294,30825927312,18
28800000000,32400000000,30825927312,30825927337,25
28800000000,32400000000,30825927337,30825927388,51
28800000000,32400000000,30825927388,30835834455,9907067
28800000000,32400000000,30835834455,30835852413,17958
28800000000,32400000000,30835852413,30835858783,6370
28800000000,32400000000,30835858783,30835861301,2518
28800000000,32400000000,30835861301,30837420142,1558841
28800000000,32400000000,30837420142,30837420172,30
28800000000,32400000000,30837420172,30837420188,16
28800000000,32400000000,30837420188,30837420207,19
28800000000,32400000000,30837420207,30838979830,1559623
28800000000,32400000000,30838979830,30840749495,1769665
28800000000,32400000000,30840749495,30847357606,6608111
28800000000,32400000000,30847357606,30853956913,6599307
28800000000,32400000000,30853956913,30855636239,1679326
28800000000,32400000000,30855636239,30859498046,3861807
28800000000,32400000000,30859498046,30859498133,87
28800000000,32400000000,30859498133,30859498138,5
28800000000,32400000000,30859498138,30861070068,1571930
28800000000,32400000000,30861070068,30863041373,1971305
28800000000,32400000000,30863041373,30867273262,4231889
28800000000,32400000000,30867273262,30873114212,5840950
28800000000,32400000000,30873114212,30874712147,1597935
28800000000,32400000000,30874712147,30874754715,42568
28800000000,32400000000,30874754715,30876199501,1444786
28800000000,32400000000,30876199501,30877015725,816224
28800000000,32400000000,30877015725,30878731902,1716177
28800000000,32400000000,30878731902,30880384099,1652197
28800000000,32400000000,30880384099,30885493323,5109224
28800000000,32400000000,30885493323,30885528116,34793
28800000000,32400000000,30885528116,30887203894,1675778
28800000000,32400000000,30887203894,30887204986,1092
28800000000,32400000000,30887204986,30902121523,14916537
28800000000,32400000000,30902121523,30903700469,1578946
28800000000,32400000000,30903700469,30906653108,2952639
28800000000,32400000000,30906653108,30911654036,5000928
28800000000,32400000000,30911654036,30913159432,1505396
28800000000,32400000000,30913159432,30913948841,789409
28800000000,32400000000,30913948841,30913952345,3504
28800000000,32400000000,30913952345,30915548828,1596483
28800000000,32400000000,30915548828,30918401127,2852299
28800000000,32400000000,30918401127,30920004000,1602873
28800000000,32400000000,30920004000,30923934434,3930434
28800000000,32400000000,30923934434,30925662652,1728218
28800000000,32400000000,30925662652,30925662656,4
28800000000,32400000000,30925662656,30926433432,770776
28800000000,32400000000,30926433432,30929143975,2710543
28800000000,32400000000,30929143975,30931455187,2311212
28800000000,32400000000,30931455187,30931455189,2
28800000000,32400000000,30931455189,30933037225,1582036
28800000000,32400000000,30933037225,30934635274,1598049
28800000000,32400000000,30934635274,30936230347,1595073
28800000000,32400000000,30936230347,30936257403,27056
28800000000,32400000000,30936257403,30937868640,1611237
28800000000,32400000000,30937868640,30937868644,4
28800000000,32400000000,30937868644,30937868684,40
28800000000,32400000000,30937868684,30937868688,4
28800000000,32400000000,30937868688,30938672762,804074
28800000000,32400000000,30938672762,30938673165,403
28800000000,32400000000,30938673165,30942277863,3604698
28800000000,32400000000,30942277863,30949178034,6900171
28800000000,32400000000,30949178034,30949204241,26207
28800000000,32400000000,30949204241,30949206761,2520
28800000000,32400000000,30949206761,30951096156,1889395
28800000000,32400000000,30951096156,30951096160,4
28800000000,32400000000,30951096160,30951096230,70
28800000000,32400000000,30951096230,30951096253,23
28800000000,32400000000,30951096253,30951872735,776482
28800000000,32400000000,30951872735,30955783167,3910432
28800000000,32400000000,30955783167,30955783170,3
28800000000,32400000000,30955783170,30957384906,1601736
28800000000,32400000000,30957384906,30958189983,805077
28800000000,32400000000,30958189983,30958189986,3
28800000000,32400000000,30958189986,30959749195,1559209
28800000000,32400000000,30959749195,30961957172,2207977
28800000000,32400000000,30961957172,30961960920,3748
28800000000,32400000000,30961960920,30963538475,1577555
28800000000,32400000000,30963538475,30963539079,604
28800000000,32400000000,30963539079,30965980466,2441387
28800000000,32400000000,30965980466,30969002148,3021682
28800000000,32400000000,30969002148,30970468001,1465853
28800000000,32400000000,30970468001,30973072413,2604412
28800000000,32400000000,30973072413,30974619658,1547245
28800000000,32400000000,30974619658,30986432800,11813142
28800000000,32400000000,30986432800,30987973584,1540784
28800000000,32400000000,30987973584,30991209947,3236363
28800000000,32400000000,30991209947,30998276604,7066657
28800000000,32400000000,30998276604,31011016240,12739636
28800000000,32400000000,31011016240,31015560311,4544071
28800000000,32400000000,31015560311,31017061515,1501204
28800000000,32400000000,31017061515,31024200511,7138996
28800000000,32400000000,31024200511,31027575063,3374552
28800000000,32400000000,31027575063,31033979745,6404682
28800000000,32400000000,31033979745,31046497481,12517736
28800000000,32400000000,31046497481,31048392589,1895108
28800000000,32400000000,31048392589,31078946369,30553780
28800000000,32400000000,31078946369,31080769464,1823095
28800000000,32400000000,31080769464,31081511174,741710
28800000000,32400000000,31081511174,31085990301,4479127
28800000000,32400000000,31085990301,31086764922,774621
28800000000,32400000000,31086764922,31087546857,781935
28800000000,32400000000,31087546857,31096544854,8997997
28800000000,32400000000,31096544854,31097187805,642951
28800000000,32400000000,31097187805,31097192205,4400
28800000000,32400000000,31097192205,31097207385,15180
28800000000,32400000000,31097207385,31097850752,643367
28800000000,32400000000,31097850752,31097865890,15138
28800000000,32400000000,31097865890,31098614053,748163
28800000000,32400000000,31098614053,31098614065,12
28800000000,32400000000,31098614065,31098614083,18
28800000000,32400000000,31098614083,31099457049,842966
28800000000,32400000000,31099457049,31108636306,9179257
28800000000,32400000000,31108636306,31109408318,772012
28800000000,32400000000,31109408318,31109412466,4148
28800000000,32400000000,31109412466,31110955556,1543090
28800000000,32400000000,31110955556,31110955588,32
28800000000,32400000000,31110955588,31114197712,3242124
28800000000,32400000000,31114197712,31134309477,20111765
28800000000,32400000000,31134309477,31145110286,10800809
28800000000,32400000000,31145110286,31147343066,2232780
28800000000,32400000000,31147343066,31147369072,26006
28800000000,32400000000,31147369072,31156126979,8757907
28800000000,32400000000,31156126979,31157944424,1817445
28800000000,32400000000,31157944424,31159416624,1472200
28800000000,32400000000,31159416624,31159421148,4524
28800000000,32400000000,31159421148,31160720545,1299397
28800000000,32400000000,31160720545,31160722739,2194
28800000000,32400000000,31160722739,31165736090,5013351
28800000000,32400000000,31165736090,31170183060,4446970
28800000000,32400000000,31170183060,31171650858,1467798
28800000000,32400000000,31171650858,31171666349,15491
28800000000,32400000000,31171666349,31173253836,1587487
28800000000,32400000000,31173253836,31174697821,1443985
28800000000,32400000000,31174697821,31181187369,6489548
28800000000,32400000000,31181187369,31187368700,6181331
28800000000,32400000000,31187368700,31196534553,9165853
28800000000,32400000000,31196534553,31206955759,10421206
28800000000,32400000000,31206955759,31209649899,2694140
28800000000,32400000000,31209649899,31211187372,1537473
28800000000,32400000000,31211187372,31218927559,7740187
28800000000,32400000000,31218927559,31220688041,1760482
28800000000,32400000000,31220688041,31221501947,813906
28800000000,32400000000,31221501947,31222242263,740316
28800000000,32400000000,31222242263,31222995851,753588
28800000000,32400000000,31222995851,31223769201,773350
28800000000,32400000000,31223769201,31229005729,5236528
28800000000,32400000000,31229005729,31231187948,2182219
28800000000,32400000000,31231187948,31231191720,3772
28800000000,32400000000,31231191720,31231195413,3693
28800000000,32400000000,31231195413,31232781385,1585972
28800000000,32400000000,31232781385,31232781396,11
28800000000,32400000000,31232781396,31232781408,12
28800000000,32400000000,31232781408,31234348124,1566716
28800000000,32400000000,31234348124,31239024735,4676611
28800000000,32400000000,31239024735,31240520015,1495280
28800000000,32400000000,31240520015,31241528883,1008868
28800000000,32400000000,31241528883,31243040442,1511559
28800000000,32400000000,31243040442,31244331767,1291325
28800000000,32400000000,31244331767,31244369113,37346
28800000000,32400000000,31244369113,31244372105,2992
28800000000,32400000000,31244372105,31245889347,1517242
28800000000,32400000000,31245889347,31245889351,4
28800000000,32400000000,31245889351,31245889352,1
28800000000,32400000000,31245889352,31245889411,59
28800000000,32400000000,31245889411,31245889423,12
28800000000,32400000000,31245889423,31246696724,807301
28800000000,32400000000,31246696724,31246697656,932
28800000000,32400000000,31246697656,31248310220,1612564
28800000000,32400000000,31248310220,31249906254,1596034
28800000000,32400000000,31249906254,31249906256,2
28800000000,32400000000,31249906256,31250675357,769101
28800000000,32400000000,31250675357,31251449399,774042
28800000000,32400000000,31251449399,31252488080,1038681
28800000000,32400000000,31252488080,31255715811,3227731
28800000000,32400000000,31255715811,31255716011,200
28800000000,32400000000,31255716011,31261294311,5578300
28800000000,32400000000,31261294311,31263854667,2560356
28800000000,32400000000,31263854667,31269452873,5598206
28800000000,32400000000,31269452873,31269452922,49
28800000000,32400000000,31269452922,31276453461,7000539
28800000000,32400000000,31276453461,31276453464,3
28800000000,32400000000,31276453464,31277923772,1470308
28800000000,32400000000,31277923772,31280873363,2949591
28800000000,32400000000,31280873363,31281621291,747928
28800000000,32400000000,31281621291,31283201744,1580453
28800000000,32400000000,31283201744,31283201748,4
28800000000,32400000000,31283201748,31284422678,1220930
28800000000,32400000000,31284422678,31286530472,2107794
28800000000,32400000000,31286530472,31288038660,1508188
28800000000,32400000000,31288038660,31297774941,9736281
28800000000,32400000000,31297774941,31307658360,9883419
28800000000,32400000000,31307658360,31309174322,1515962
28800000000,32400000000,31309174322,31316436684,7262362
28800000000,32400000000,31316436684,31319399822,2963138
28800000000,32400000000,31319399822,31320883234,1483412
28800000000,32400000000,31320883234,31341451369,20568135
28800000000,32400000000,31341451369,31341465954,14585
28800000000,32400000000,31341465954,31345499533,4033579
28800000000,32400000000,31345499533,31345499537,4
28800000000,32400000000,31345499537,31345499538,1
28800000000,32400000000,31345499538,31345499593,55
28800000000,32400000000,31345499593,31346184451,684858
28800000000,32400000000,31346184451,31346184765,314
28800000000,32400000000,31346184765,31347665389,1480624
28800000000,32400000000,31347665389,31349330969,1665580
28800000000,32400000000,31349330969,31349350631,19662
28800000000,32400000000,31349350631,31354208410,4857779
28800000000,32400000000,31354208410,31365885506,11677096
28800000000,32400000000,31365885506,31367530915,1645409
28800000000,32400000000,31367530915,31367530920,5
28800000000,32400000000,31367530920,31368389151,858231
28800000000,32400000000,31368389151,31374326531,5937380
28800000000,32400000000,31374326531,31375757784,1431253
28800000000,32400000000,31375757784,31375780182,22398
28800000000,32400000000,31375780182,31375780301,119
28800000000,32400000000,31375780301,31375780306,5
28800000000,32400000000,31375780306,31375780311,5
28800000000,32400000000,31375780311,31378288061,2507750
28800000000,32400000000,31378288061,31378296792,8731
28800000000,32400000000,31378296792,31380963751,2666959
28800000000,32400000000,31380963751,31380963761,10
28800000000,32400000000,31380963761,31381185104,221343
28800000000,32400000000,31381185104,31384167829,2982725
28800000000,32400000000,31384167829,31387219178,3051349
28800000000,32400000000,31387219178,31390513902,3294724
28800000000,32400000000,31390513902,31392331670,1817768
28800000000,32400000000,31392331670,31403498235,11166565
28800000000,32400000000,31403498235,31407847852,4349617
28800000000,32400000000,31407847852,31407937566,89714
28800000000,32400000000,31407937566,31421873742,13936176
28800000000,32400000000,31421873742,31449903624,28029882
28800000000,32400000000,31449903624,31451410295,1506671
28800000000,32400000000,31451410295,31456966920,5556625
28800000000,32400000000,31456966920,31458396701,1429781
28800000000,32400000000,31458396701,31476708608,18311907
28800000000,32400000000,31476708608,31482169161,5460553
28800000000,32400000000,31482169161,31488985303,6816142
28800000000,32400000000,31488985303,31488985491,188
28800000000,32400000000,31488985491,31488985496,5
28800000000,32400000000,31488985496,31504715258,15729762
28800000000,32400000000,31504715258,31506263431,1548173
28800000000,32400000000,31506263431,31506298085,34654
28800000000,32400000000,31506298085,31507811441,1513356
28800000000,32400000000,31507811441,31510570149,2758708
28800000000,32400000000,31510570149,31512084499,1514350
28800000000,32400000000,31512084499,31518109862,6025363
28800000000,32400000000,31518109862,31518110228,366
28800000000,32400000000,31518110228,31518110235,7
28800000000,32400000000,31518110235,31538363093,20252858
28800000000,32400000000,31538363093,31538363095,2
28800000000,32400000000,31538363095,31539817769,1454674
28800000000,32400000000,31539817769,31543567600,3749831
28800000000,32400000000,31543567600,31545414983,1847383
28800000000,32400000000,31545414983,31548622300,3207317
28800000000,32400000000,31548622300,31548622303,3
28800000000,32400000000,31548622303,31549321003,698700
28800000000,32400000000,31549321003,31550025057,704054
28800000000,32400000000,31550025057,31550744216,719159
28800000000,32400000000,31550744216,31554300168,3555952
28800000000,32400000000,31554300168,31567988101,13687933
28800000000,32400000000,31567988101,31570994053,3005952
28800000000,32400000000,31570994053,31570994056,3
28800000000,32400000000,31570994056,31572473151,1479095
28800000000,32400000000,31572473151,31572517930,44779
28800000000,32400000000,31572517930,31572525530,7600
28800000000,32400000000,31572525530,31573324466,798936
28800000000,32400000000,31573324466,31574103103,778637
28800000000,32400000000,31574103103,31574103114,11
28800000000,32400000000,31574103114,31574123053,19939
28800000000,32400000000,31574123053,31574883183,760130
28800000000,32400000000,31574883183,31574906266,23083
28800000000,32400000000,31574906266,31575648197,741931
28800000000,32400000000,31575648197,31581205317,5557120
28800000000,32400000000,31581205317,31595365085,14159768
28800000000,32400000000,31595365085,31596835789,1470704
28800000000,32400000000,31596835789,31602243805,5408016
28800000000,32400000000,31602243805,31621192846,18949041
28800000000,32400000000,31621192846,31622724875,1532029
28800000000,32400000000,31622724875,31623532026,807151
28800000000,32400000000,31623532026,31624259242,727216
28800000000,32400000000,31624259242,31625770123,1510881
28800000000,32400000000,31625770123,31628025547,2255424
28800000000,32400000000,31628025547,31631563451,3537904
28800000000,32400000000,31631563451,31633084326,1520875
28800000000,32400000000,31633084326,31633084331,5
28800000000,32400000000,31633084331,31633909524,825193
28800000000,32400000000,31633909524,31633909528,4
28800000000,32400000000,31633909528,31634627161,717633
28800000000,32400000000,31634627161,31638463676,3836515
28800000000,32400000000,31638463676,31644890220,6426544
28800000000,32400000000,31644890220,31646451376,1561156
28800000000,32400000000,31646451376,31650381757,3930381
28800000000,32400000000,31650381757,31651158915,777158
28800000000,32400000000,31651158915,31651162049,3134
28800000000,32400000000,31651162049,31651179065,17016
28800000000,32400000000,31651179065,31651179065,0
28800000000,32400000000,31651179065,31653250649,2071584
28800000000,32400000000,31653250649,31660524692,7274043
28800000000,32400000000,31660524692,31661870347,1345655
28800000000,32400000000,31661870347,31661884742,14395
28800000000,32400000000,31661884742,31661885304,562
28800000000,32400000000,31661885304,31663756531,1871227
28800000000,32400000000,31663756531,31681212943,17456412
28800000000,32400000000,31681212943,31696362898,15149955
28800000000,32400000000,31696362898,31698655616,2292718
28800000000,32400000000,31698655616,31700068344,1412728
28800000000,32400000000,31700068344,31701630086,1561742
28800000000,32400000000,31701630086,31725517204,23887118
28800000000,32400000000,31725517204,31734202883,8685679
28800000000,32400000000,31734202883,31735728186,1525303
28800000000,32400000000,31735728186,31750047124,14318938
28800000000,32400000000,31750047124,31752438051,2390927
28800000000,32400000000,31752438051,31753891625,1453574
28800000000,32400000000,31753891625,31756054726,2163101
28800000000,32400000000,31756054726,31759056099,3001373
28800000000,32400000000,31759056099,31764934549,5878450
28800000000,32400000000,31764934549,31764934599,50
28800000000,32400000000,31764934599,31764934607,8
28800000000,32400000000,31764934607,31764935108,501
28800000000,32400000000,31764935108,31783594943,18659835
28800000000,32400000000,31783594943,31792838392,9243449
28800000000,32400000000,31792838392,31793649887,811495
28800000000,32400000000,31793649887,31793649890,3
28800000000,32400000000,31793649890,31795453854,1803964
28800000000,32400000000,31795453854,31796315473,861619
28800000000,32400000000,31796315473,31804381526,8066053
28800000000,32400000000,31804381526,31806324324,1942798
28800000000,32400000000,31806324324,31812496876,6172552
28800000000,32400000000,31812496876,31813991955,1495079
28800000000,32400000000,31813991955,31815462835,1470880
28800000000,32400000000,31815462835,31816234155,771320
28800000000,32400000000,31816234155,31817278426,1044271
28800000000,32400000000,31817278426,31818048098,769672
28800000000,32400000000,31818048098,31820168756,2120658
28800000000,32400000000,31820168756,31822427473,2258717
28800000000,32400000000,31822427473,31822429816,2343
28800000000,32400000000,31822429816,31822432470,2654
28800000000,32400000000,31822432470,31823877112,1444642
28800000000,32400000000,31823877112,31823877123,11
28800000000,32400000000,31823877123,31823877134,11
28800000000,32400000000,31823877134,31829751584,5874450
28800000000,32400000000,31829751584,31831270134,1518550
28800000000,32400000000,31831270134,31834369820,3099686
28800000000,32400000000,31834369820,31835985886,1616066
28800000000,32400000000,31835985886,31846428674,10442788
28800000000,32400000000,31846428674,31846428676,2
28800000000,32400000000,31846428676,31848024855,1596179
28800000000,32400000000,31848024855,31855906986,7882131
28800000000,32400000000,31855906986,31859622421,3715435
28800000000,32400000000,31859622421,31860672605,1050184
28800000000,32400000000,31860672605,31865417534,4744929
28800000000,32400000000,31865417534,31870760810,5343276
28800000000,32400000000,31870760810,31873707229,2946419
28800000000,32400000000,31873707229,31873715034,7805
28800000000,32400000000,31873715034,31873715037,3
28800000000,32400000000,31873715037,31876348097,2633060
28800000000,32400000000,31876348097,31876348143,46
28800000000,32400000000,31876348143,31883411393,7063250
28800000000,32400000000,31883411393,31885728048,2316655
28800000000,32400000000,31885728048,31893519759,7791711
28800000000,32400000000,31893519759,31893519775,16
28800000000,32400000000,31893519775,31902700427,9180652
28800000000,32400000000,31902700427,31904486705,1786278
28800000000,32400000000,31904486705,31907351551,2864846
28800000000,32400000000,31907351551,31908174756,823205
28800000000,32400000000,31908174756,31908926939,752183
28800000000,32400000000,31908926939,31917094615,8167676
28800000000,32400000000,31917094615,31918854410,1759795
28800000000,32400000000,31918854410,31922230447,3376037
28800000000,32400000000,31922230447,31923781560,1551113
28800000000,32400000000,31923781560,31925772130,1990570
28800000000,32400000000,31925772130,31925772238,108
28800000000,32400000000,31925772238,31925772243,5
28800000000,32400000000,31925772243,31934363853,8591610
28800000000,32400000000,31934363853,31934366541,2688
28800000000,32400000000,31934366541,31936372738,2006197
28800000000,32400000000,31936372738,31936372749,11
28800000000,32400000000,31936372749,31941123058,4750309
28800000000,32400000000,31941123058,31942589280,1466222
28800000000,32400000000,31942589280,31942614573,25293
28800000000,32400000000,31942614573,31944895720,2281147
28800000000,32400000000,31944895720,31946839345,1943625
28800000000,32400000000,31946839345,31958423393,11584048
28800000000,32400000000,31958423393,31959951818,1528425
28800000000,32400000000,31959951818,31960739689,787871
28800000000,32400000000,31960739689,31962190568,1450879
28800000000,32400000000,31962190568,31966207754,4017186
28800000000,32400000000,31966207754,31972600330,6392576
28800000000,32400000000,31972600330,31980901227,8300897
28800000000,32400000000,31980901227,31980901254,27
28800000000,32400000000,31980901254,31980901259,5
28800000000,32400000000,31980901259,31987276803,6375544
28800000000,32400000000,31987276803,31995694048,8417245
28800000000,32400000000,31995694048,31996409798,715750
28800000000,32400000000,31996409798,31997170009,760211
28800000000,32400000000,31997170009,31997170013,4
28800000000,32400000000,31997170013,31997824435,654422
28800000000,32400000000,31997824435,32017102136,19277701
28800000000,32400000000,32017102136,32021006255,3904119
28800000000,32400000000,32021006255,32021007688,1433
28800000000,32400000000,32021007688,32021007695,7
28800000000,32400000000,32021007695,32025170757,4163062
28800000000,32400000000,32025170757,32026676967,1506210
28800000000,32400000000,32026676967,32038044094,11367127
28800000000,32400000000,32038044094,32038044233,139
28800000000,32400000000,32038044233,32038044238,5
28800000000,32400000000,32038044238,32038044243,5
28800000000,32400000000,32038044243,32049802528,11758285
28800000000,32400000000,32049802528,32050679777,877249
28800000000,32400000000,32050679777,32050687084,7307
28800000000,32400000000,32050687084,32050687087,3
28800000000,32400000000,32050687087,32051455119,768032
28800000000,32400000000,32051455119,32051479661,24542
28800000000,32400000000,32051479661,32052272131,792470
28800000000,32400000000,32052272131,32052272142,11
28800000000,32400000000,32052272142,32052289188,17046
28800000000,32400000000,32052289188,32053107296,818108
28800000000,32400000000,32053107296,32053960202,852906
28800000000,32400000000,32053960202,32057365257,3405055
28800000000,32400000000,32057365257,32058128664,763407
28800000000,32400000000,32058128664,32079211616,21082952
28800000000,32400000000,32079211616,32080746991,1535375
28800000000,32400000000,32080746991,32082213586,1466595
28800000000,32400000000,32082213586,32083577348,1363762
28800000000,32400000000,32083577348,32084260382,683034
28800000000,32400000000,32084260382,32085009613,749231
28800000000,32400000000,32085009613,32090498556,5488943
28800000000,32400000000,32090498556,32092011418,1512862
28800000000,32400000000,32092011418,32098990477,6979059
28800000000,32400000000,32098990477,32101134797,2144320
28800000000,32400000000,32101134797,32101966385,831588
28800000000,32400000000,32101966385,32102702910,736525
28800000000,32400000000,32102702910,32103510187,807277
28800000000,32400000000,32103510187,32106775582,3265395
28800000000,32400000000,32106775582,32112608733,5833151
28800000000,32400000000,32112608733,32113311367,702634
28800000000,32400000000,32113311367,32114070599,759232
28800000000,32400000000,32114070599,32114812512,741913
28800000000,32400000000,32114812512,32115580437,767925
28800000000,32400000000,32115580437,32117135920,1555483
28800000000,32400000000,32117135920,32117927353,791433
28800000000,32400000000,32117927353,32119427382,1500029
28800000000,32400000000,32119427382,32120184785,757403
28800000000,32400000000,32120184785,32121950145,1765360
28800000000,32400000000,32121950145,32126271056,4320911
28800000000,32400000000,32126271056,32126274483,3427
28800000000,32400000000,32126274483,32126278707,4224
28800000000,32400000000,32126278707,32126281393,2686
28800000000,32400000000,32126281393,32127719904,1438511
28800000000,32400000000,32127719904,32127719915,11
28800000000,32400000000,32127719915,32127719927,12
28800000000,32400000000,32127719927,32127719938,11
28800000000,32400000000,32127719938,32129899063,2179125
28800000000,32400000000,32129899063,32136150567,6251504
28800000000,32400000000,32136150567,32136150569,2
28800000000,32400000000,32136150569,32137563349,1412780
28800000000,32400000000,32137563349,32138329646,766297
28800000000,32400000000,32138329646,32139664177,1334531
28800000000,32400000000,32139664177,32139664181,4
28800000000,32400000000,32139664181,32140422020,757839
28800000000,32400000000,32140422020,32142101209,1679189
28800000000,32400000000,32142101209,32151691722,9590513
28800000000,32400000000,32151691722,32151692378,656
28800000000,32400000000,32151692378,32151692414,36
28800000000,32400000000,32151692414,32151692421,7
28800000000,32400000000,32151692421,32153449648,1757227
28800000000,32400000000,32153449648,32154320094,870446
28800000000,32400000000,32154320094,32156975723,2655629
28800000000,32400000000,32156975723,32159744954,2769231
28800000000,32400000000,32159744954,32163015137,3270183
28800000000,32400000000,32163015137,32164497854,1482717
28800000000,32400000000,32164497854,32164531185,33331
28800000000,32400000000,32164531185,32164531188,3
28800000000,32400000000,32164531188,32165308722,777534
28800000000,32400000000,32165308722,32165308725,3
28800000000,32400000000,32165308725,32166001604,692879
28800000000,32400000000,32166001604,32166724745,723141
28800000000,32400000000,32166724745,32176536242,9811497
28800000000,32400000000,32176536242,32187250288,10714046
28800000000,32400000000,32187250288,32187319166,68878
28800000000,32400000000,32187319166,32188811595,1492429
28800000000,32400000000,32188811595,32188811605,10
28800000000,32400000000,32188811605,32189660462,848857
28800000000,32400000000,32189660462,32196151948,6491486
28800000000,32400000000,32196151948,32197778247,1626299
28800000000,32400000000,32197778247,32198525961,747714
28800000000,32400000000,32198525961,32200051233,1525272
28800000000,32400000000,32200051233,32210702027,10650794
28800000000,32400000000,32210702027,32212477287,1775260
28800000000,32400000000,32212477287,32214048553,1571266
28800000000,32400000000,32214048553,32221969015,7920462
28800000000,32400000000,32221969015,32223469241,1500226
28800000000,32400000000,32223469241,32223494667,25426
28800000000,32400000000,32223494667,32223494706,39
28800000000,32400000000,32223494706,32223494711,5
28800000000,32400000000,32223494711,32223494716,5
28800000000,32400000000,32223494716,32227678246,4183530
28800000000,32400000000,32227678246,32227679095,849
28800000000,32400000000,32227679095,32227679100,5
28800000000,32400000000,32227679100,32243227495,15548395
28800000000,32400000000,32243227495,32247028096,3800601
28800000000,32400000000,32247028096,32248861260,1833164
28800000000,32400000000,32248861260,32248875045,13785
28800000000,32400000000,32248875045,32248875712,667
28800000000,32400000000,32248875712,32261984322,13108610
28800000000,32400000000,32261984322,32265790969,3806647
28800000000,32400000000,32265790969,32265791005,36
28800000000,32400000000,32265791005,32265791012,7
28800000000,32400000000,32265791012,32268946489,3155477
28800000000,32400000000,32268946489,32270818442,1871953
28800000000,32400000000,32270818442,32283468627,12650185
28800000000,32400000000,32283468627,32283468630,3
28800000000,32400000000,32283468630,32284879965,1411335
28800000000,32400000000,32284879965,32287763205,2883240
28800000000,32400000000,32287763205,32288472941,709736
28800000000,32400000000,32288472941,32288476749,3808
28800000000,32400000000,32288476749,32289181354,704605
28800000000,32400000000,32289181354,32289910045,728691
28800000000,32400000000,32289910045,32292551889,2641844
28800000000,32400000000,32292551889,32295349980,2798091
28800000000,32400000000,32295349980,32309444116,14094136
28800000000,32400000000,32309444116,32309444172,56
28800000000,32400000000,32309444172,32309444733,561
28800000000,32400000000,32309444733,32310276017,831284
28800000000,32400000000,32310276017,32320611868,10335851
28800000000,32400000000,32320611868,32320619664,7796
28800000000,32400000000,32320619664,32320622322,2658
28800000000,32400000000,32320622322,32320622325,3
28800000000,32400000000,32320622325,32322109066,1486741
28800000000,32400000000,32322109066,32322109094,28
28800000000,32400000000,32322109094,32322109098,4
28800000000,32400000000,32322109098,32322109215,117
28800000000,32400000000,32322109215,32322861385,752170
28800000000,32400000000,32322861385,32326363203,3501818
28800000000,32400000000,32326363203,32329277458,2914255
28800000000,32400000000,32329277458,32330772200,1494742
28800000000,32400000000,32330772200,32346513814,15741614
28800000000,32400000000,32346513814,32346515725,1911
28800000000,32400000000,32346515725,32346515730,5
28800000000,32400000000,32346515730,32350961219,4445489
28800000000,32400000000,32350961219,32353314749,2353530
28800000000,32400000000,32353314749,32354843382,1528633
28800000000,32400000000,32354843382,32358055970,3212588
28800000000,32400000000,32358055970,32365846029,7790059
28800000000,32400000000,32365846029,32368621948,2775919
28800000000,32400000000,32368621948,32368645873,23925
28800000000,32400000000,32368645873,32370437510,1791637
28800000000,32400000000,32370437510,32370456873,19363
28800000000,32400000000,32370456873,32372296588,1839715
28800000000,32400000000,32372296588,32377338412,5041824
28800000000,32400000000,32377338412,32377338415,3
28800000000,32400000000,32377338415,32379720915,2382500
28800000000,32400000000,32379720915,32380729775,1008860
28800000000,32400000000,32380729775,32383565720,2835945
28800000000,32400000000,32383565720,32392594390,9028670
28800000000,32400000000,32392594390,32395317665,2723275
32400000000,36000000000,32400980913,32407411161,6430248
32400000000,36000000000,32407411161,32416075039,8663878
32400000000,36000000000,32416075039,32417005092,930053
32400000000,36000000000,32417005092,32417010533,5441
32400000000,36000000000,32417010533,32417013142,2609
32400000000,36000000000,32417013142,32417014882,1740
32400000000,36000000000,32417014882,32418601381,1586499
32400000000,36000000000,32418601381,32418601393,12
32400000000,36000000000,32418601393,32418601405,12
32400000000,36000000000,32418601405,32418601416,11
32400000000,36000000000,32418601416,32421873659,3272243
32400000000,36000000000,32421873659,32422997304,1123645
32400000000,36000000000,32422997304,32422999688,2384
32400000000,36000000000,32422999688,32423769486,769798
32400000000,36000000000,32423769486,32424635681,866195
32400000000,36000000000,32424635681,32424635701,20
32400000000,36000000000,32424635701,32429779286,5143585
32400000000,36000000000,32429779286,32429785113,5827
32400000000,36000000000,32429785113,32429786964,1851
32400000000,36000000000,32429786964,32431495556,1708592
32400000000,36000000000,32431495556,32431495566,10
32400000000,36000000000,32431495566,32431495577,11
32400000000,36000000000,32431495577,32431517701,22124
32400000000,36000000000,32431517701,32433504706,1987005
32400000000,36000000000,32433504706,32434326369,821663
32400000000,36000000000,32434326369,32435203502,877133
32400000000,36000000000,32435203502,32435203548,46
32400000000,36000000000,32435203548,32436897250,1693702
32400000000,36000000000,32436897250,32438414669,1517419
32400000000,36000000000,32438414669,32443596402,5181733
32400000000,36000000000,32443596402,32446442246,2845844
32400000000,36000000000,32446442246,32446442309,63
32400000000,36000000000,32446442309,32446442317,8
32400000000,36000000000,32446442317,32448308325,1866008
32400000000,36000000000,32448308325,32452154056,3845731
32400000000,36000000000,32452154056,32452853723,699667
32400000000,36000000000,32452853723,32454294026,1440303
32400000000,36000000000,32454294026,32454294028,2
32400000000,36000000000,32454294028,32456084422,1790394
32400000000,36000000000,32456084422,32457505920,1421498
32400000000,36000000000,32457505920,32478442382,20936462
32400000000,36000000000,32478442382,32478481101,38719
32400000000,36000000000,32478481101,32482215447,3734346
32400000000,36000000000,32482215447,32485834446,3618999
32400000000,36000000000,32485834446,32487685078,1850632
32400000000,36000000000,32487685078,32488833217,1148139
32400000000,36000000000,32488833217,32488833334,117
32400000000,36000000000,32488833334,32488833352,18
32400000000,36000000000,32488833352,32489682037,848685
32400000000,36000000000,32489682037,32491232076,1550039
32400000000,36000000000,32491232076,32491339614,107538
32400000000,36000000000,32491339614,32491770274,430660
32400000000,36000000000,32491770274,32491770383,109
32400000000,36000000000,32491770383,32491770398,15
32400000000,36000000000,32491770398,32491770403,5
32400000000,36000000000,32491770403,32493301014,1530611
32400000000,36000000000,32493301014,32493301018,4
32400000000,36000000000,32493301018,32493301019,1
32400000000,36000000000,32493301019,32497983588,4682569
32400000000,36000000000,32497983588,32497983591,3
32400000000,36000000000,32497983591,32499451123,1467532
32400000000,36000000000,32499451123,32499451173,50
32400000000,36000000000,32499451173,32499451418,245
32400000000,36000000000,32499451418,32499479166,27748
32400000000,36000000000,32499479166,32502302804,2823638
32400000000,36000000000,32502302804,32507083426,4780622
32400000000,36000000000,32507083426,32512713318,5629892
32400000000,36000000000,32512713318,32519683798,6970480
32400000000,36000000000,32519683798,32539095266,19411468
32400000000,36000000000,32539095266,32540542309,1447043
32400000000,36000000000,32540542309,32543558897,3016588
32400000000,36000000000,32543558897,32547114050,3555153
32400000000,36000000000,32547114050,32548366642,1252592
32400000000,36000000000,32548366642,32548500189,133547
32400000000,36000000000,32548500189,32548510672,10483
32400000000,36000000000,32548510672,32550102346,1591674
32400000000,36000000000,32550102346,32550107735,5389
32400000000,36000000000,32550107735,32550107738,3
32400000000,36000000000,32550107738,32551913941,1806203
32400000000,36000000000,32551913941,32553457258,1543317
32400000000,36000000000,32553457258,32553507959,50701
32400000000,36000000000,32553507959,32556674617,3166658
32400000000,36000000000,32556674617,32556674634,17
32400000000,36000000000,32556674634,32558280771,1606137
32400000000,36000000000,32558280771,32558281628,857
32400000000,36000000000,32558281628,32559735829,1454201
32400000000,36000000000,32559735829,32559735833,4
32400000000,36000000000,32559735833,32563732454,3996621
32400000000,36000000000,32563732454,32570706006,6973552
32400000000,36000000000,32570706006,32577097415,6391409
32400000000,36000000000,32577097415,32580964078,3866663
32400000000,36000000000,32580964078,32580964095,17
32400000000,36000000000,32580964095,32580964130,35
32400000000,36000000000,32580964130,32581030690,66560
32400000000,36000000000,32581030690,32583211146,2180456
32400000000,36000000000,32583211146,32583211169,23
32400000000,36000000000,32583211169,32583211186,17
32400000000,36000000000,32583211186,32584045663,834477
32400000000,36000000000,32584045663,32585428413,1382750
32400000000,36000000000,32585428413,32585469978,41565
32400000000,36000000000,32585469978,32585477098,7120
32400000000,36000000000,32585477098,32588059536,2582438
32400000000,36000000000,32588059536,32588060556,1020
32400000000,36000000000,32588060556,32604915468,16854912
32400000000,36000000000,32604915468,32606273211,1357743
32400000000,36000000000,32606273211,32609334821,3061610
32400000000,36000000000,32609334821,32610261231,926410
32400000000,36000000000,32610261231,32611949927,1688696
32400000000,36000000000,32611949927,32624480592,12530665
32400000000,36000000000,32624480592,32627633314,3152722
32400000000,36000000000,32627633314,32627633317,3
32400000000,36000000000,32627633317,32627633318,1
32400000000,36000000000,32627633318,32627654418,21100
32400000000,36000000000,32627654418,32627654431,13
32400000000,36000000000,32627654431,32628865750,1211319
32400000000,36000000000,32628865750,32628865979,229
32400000000,36000000000,32628865979,32635875090,7009111
32400000000,36000000000,32635875090,32637403478,1528388
32400000000,36000000000,32637403478,32640041617,2638139
32400000000,36000000000,32640041617,32641560999,1519382
32400000000,36000000000,32641560999,32645500197,3939198
32400000000,36000000000,32645500197,32647072262,1572065
32400000000,36000000000,32647072262,32647930352,858090
32400000000,36000000000,32647930352,32656403265,8472913
32400000000,36000000000,32656403265,32656403291,26
32400000000,36000000000,32656403291,32656403298,7
32400000000,36000000000,32656403298,32659917600,3514302
32400000000,36000000000,32659917600,32660802698,885098
32400000000,36000000000,32660802698,32661654938,852240
32400000000,36000000000,32661654938,32662470419,815481
32400000000,36000000000,32662470419,32662470424,5
32400000000,36000000000,32662470424,32663428891,958467
32400000000,36000000000,32663428891,32663428895,4
32400000000,36000000000,32663428895,32663429087,192
32400000000,36000000000,32663429087,32664280787,851700
32400000000,36000000000,32664280787,32667609241,3328454
32400000000,36000000000,32667609241,32667610147,906
32400000000,36000000000,32667610147,32671416424,3806277
32400000000,36000000000,32671416424,32671416427,3
32400000000,36000000000,32671416427,32673227898,1811471
32400000000,36000000000,32673227898,32675536342,2308444
32400000000,36000000000,32675536342,32675539610,3268
32400000000,36000000000,32675539610,32675542885,3275
32400000000,36000000000,32675542885,32675545217,2332
32400000000,36000000000,32675545217,32677143194,1597977
32400000000,36000000000,32677143194,32677143223,29
32400000000,36000000000,32677143223,32677143235,12
32400000000,36000000000,32677143235,32677143247,12
32400000000,36000000000,32677143247,32684348420,7205173
32400000000,36000000000,32684348420,32685214646,866226
32400000000,36000000000,32685214646,32686031326,816680
32400000000,36000000000,32686031326,32686842494,811168
32400000000,36000000000,32686842494,32688329276,1486782
32400000000,36000000000,32688329276,32689078535,749259
32400000000,36000000000,32689078535,32689818836,740301
32400000000,36000000000,32689818836,32698482514,8663678
32400000000,36000000000,32698482514,32698483096,582
32400000000,36000000000,32698483096,32700608973,2125877
32400000000,36000000000,32700608973,32702602176,1993203
32400000000,36000000000,32702602176,32702637768,35592
32400000000,36000000000,32702637768,32704726208,2088440
32400000000,36000000000,32704726208,32709524803,4798595
32400000000,36000000000,32709524803,32711203225,1678422
32400000000,36000000000,32711203225,32711234112,30887
32400000000,36000000000,32711234112,32712034425,800313
32400000000,36000000000,32712034425,32712034428,3
32400000000,36000000000,32712034428,32713632368,1597940
32400000000,36000000000,32713632368,32723192909,9560541
32400000000,36000000000,32723192909,32735235864,12042955
32400000000,36000000000,32735235864,32741610122,6374258
32400000000,36000000000,32741610122,32741610506,384
32400000000,36000000000,32741610506,32741610508,2
32400000000,36000000000,32741610508,32743358789,1748281
32400000000,36000000000,32743358789,32744443548,1084759
32400000000,36000000000,32744443548,32750642538,6198990
32400000000,36000000000,32750642538,32750647264,4726
32400000000,36000000000,32750647264,32750649678,2414
32400000000,36000000000,32750649678,32751419262,769584
32400000000,36000000000,32751419262,32752201097,781835
32400000000,36000000000,32752201097,32752201123,26
32400000000,36000000000,32752201123,32752201127,4
32400000000,36000000000,32752201127,32752201184,57
32400000000,36000000000,32752201184,32752946094,744910
32400000000,36000000000,32752946094,32758038311,5092217
32400000000,36000000000,32758038311,32759909742,1871431
32400000000,36000000000,32759909742,32774001760,14092018
32400000000,36000000000,32774001760,32787264652,13262892
32400000000,36000000000,32787264652,32788860666,1596014
32400000000,36000000000,32788860666,32790475777,1615111
32400000000,36000000000,32790475777,32790475814,37
32400000000,36000000000,32790475814,32790475819,5
32400000000,36000000000,32790475819,32790476588,769
32400000000,36000000000,32790476588,32792514869,2038281
32400000000,36000000000,32792514869,32792515406,537
32400000000,36000000000,32792515406,32792515835,429
32400000000,36000000000,32792515835,32792515840,5
32400000000,36000000000,32792515840,32794181152,1665312
32400000000,36000000000,32794181152,32796677939,2496787
32400000000,36000000000,32796677939,32797652493,974554
32400000000,36000000000,32797652493,32797652493,0
32400000000,36000000000,32797652493,32803231288,5578795
32400000000,36000000000,32803231288,32816370799,13139511
32400000000,36000000000,32816370799,32817882920,1512121
32400000000,36000000000,32817882920,32818688022,805102
32400000000,36000000000,32818688022,32820460405,1772383
32400000000,36000000000,32820460405,32824351274,3890869
32400000000,36000000000,32824351274,32824351277,3
32400000000,36000000000,32824351277,32825994152,1642875
32400000000,36000000000,32825994152,32828438142,2443990
32400000000,36000000000,32828438142,32830133071,1694929
32400000000,36000000000,32830133071,32831547599,1414528
32400000000,36000000000,32831547599,32835011630,3464031
32400000000,36000000000,32835011630,32840220362,5208732
32400000000,36000000000,32840220362,32840225903,5541
32400000000,36000000000,32840225903,32840228552,2649
32400000000,36000000000,32840228552,32842001190,1772638
32400000000,36000000000,32842001190,32842001204,14
32400000000,36000000000,32842001204,32842001228,24
32400000000,36000000000,32842001228,32848344176,6342948
32400000000,36000000000,32848344176,32849889481,1545305
32400000000,36000000000,32849889481,32849919932,30451
32400000000,36000000000,32849919932,32850665272,745340
32400000000,36000000000,32850665272,32851500047,834775
32400000000,36000000000,32851500047,32865131638,13631591
32400000000,36000000000,32865131638,32865185268,53630
32400000000,36000000000,32865185268,32869257144,4071876
32400000000,36000000000,32869257144,32869257349,205
32400000000,36000000000,32869257349,32871614650,2357301
32400000000,36000000000,32871614650,32871614719,69
32400000000,36000000000,32871614719,32871614724,5
32400000000,36000000000,32871614724,32871614729,5
32400000000,36000000000,32871614729,32877680223,6065494
32400000000,36000000000,32877680223,32879686265,2006042
32400000000,36000000000,32879686265,32880809303,1123038
32400000000,36000000000,32880809303,32880809306,3
32400000000,36000000000,32880809306,32882985926,2176620
32400000000,36000000000,32882985926,32883026306,40380
32400000000,36000000000,32883026306,32883027102,796
32400000000,36000000000,32883027102,32884864694,1837592
32400000000,36000000000,32884864694,32888262574,3397880
32400000000,36000000000,32888262574,32901602662,13340088
32400000000,36000000000,32901602662,32903142560,1539898
32400000000,36000000000,32903142560,32903838280,695720
32400000000,36000000000,32903838280,32905681610,1843330
32400000000,36000000000,32905681610,32906462263,780653
32400000000,36000000000,32906462263,32908147965,1685702
32400000000,36000000000,32908147965,32908174701,26736
32400000000,36000000000,32908174701,32908174767,66
32400000000,36000000000,32908174767,32911148717,2973950
32400000000,36000000000,32911148717,32913507600,2358883
32400000000,36000000000,32913507600,32914995908,1488308
32400000000,36000000000,32914995908,32915016582,20674
32400000000,36000000000,32915016582,32921826507,6809925
32400000000,36000000000,32921826507,32927735547,5909040
32400000000,36000000000,32927735547,32930542290,2806743
32400000000,36000000000,32930542290,32932271643,1729353
32400000000,36000000000,32932271643,32935134410,2862767
32400000000,36000000000,32935134410,32935134413,3
32400000000,36000000000,32935134413,32936693053,1558640
32400000000,36000000000,32936693053,32949204902,12511849
32400000000,36000000000,32949204902,32949213298,8396
32400000000,36000000000,32949213298,32949215708,2410
32400000000,36000000000,32949215708,32949220185,4477
32400000000,36000000000,32949220185,32950102413,882228
32400000000,36000000000,32950102413,32951556180,1453767
32400000000,36000000000,32951556180,32951556183,3
32400000000,36000000000,32951556183,32951556184,1
32400000000,36000000000,32951556184,32951556210,26
32400000000,36000000000,32951556210,32951556237,27
32400000000,36000000000,32951556237,32951556252,15
32400000000,36000000000,32951556252,32952282642,726390
32400000000,36000000000,32952282642,32952282685,43
32400000000,36000000000,32952282685,32953378667,1095982
32400000000,36000000000,32953378667,32954239166,860499
32400000000,36000000000,32954239166,32955028614,789448
32400000000,36000000000,32955028614,32963838564,8809950
32400000000,36000000000,32963838564,32976251581,12413017
32400000000,36000000000,32976251581,32976251991,410
32400000000,36000000000,32976251991,32976251996,5
32400000000,36000000000,32976251996,32981413631,5161635
32400000000,36000000000,32981413631,32981413634,3
32400000000,36000000000,32981413634,32982233246,819612
32400000000,36000000000,32982233246,32984218108,1984862
32400000000,36000000000,32984218108,32984218122,14
32400000000,36000000000,32984218122,32984236594,18472
32400000000,36000000000,32984236594,32985950411,1713817
32400000000,36000000000,32985950411,32988078084,2127673
32400000000,36000000000,32988078084,32997469907,9391823
32400000000,36000000000,32997469907,32998344401,874494
32400000000,36000000000,32998344401,32999118782,774381
32400000000,36000000000,32999118782,33000396207,1277425
32400000000,36000000000,33000396207,33007024931,6628724
32400000000,36000000000,33007024931,33009663471,2638540
32400000000,36000000000,33009663471,33009664798,1327
32400000000,36000000000,33009664798,33012368189,2703391
32400000000,36000000000,33012368189,33017405696,5037507
32400000000,36000000000,33017405696,33022061175,4655479
32400000000,36000000000,33022061175,33023606086,1544911
32400000000,36000000000,33023606086,33024490289,884203
32400000000,36000000000,33024490289,33025269201,778912
32400000000,36000000000,33025269201,33025288030,18829
32400000000,36000000000,33025288030,33026152482,864452
32400000000,36000000000,33026152482,33026302306,149824
32400000000,36000000000,33026302306,33026302454,148
32400000000,36000000000,33026302454,33026302551,97
32400000000,36000000000,33026302551,33027150903,848352
32400000000,36000000000,33027150903,33027150913,10
32400000000,36000000000,33027150913,33027185560,34647
32400000000,36000000000,33027185560,33034798081,7612521
32400000000,36000000000,33034798081,33034803755,5674
32400000000,36000000000,33034803755,33036287983,1484228
32400000000,36000000000,33036287983,33036288009,26
32400000000,36000000000,33036288009,33036309198,21189
32400000000,36000000000,33036309198,33037800141,1490943
32400000000,36000000000,33037800141,33039680736,1880595
32400000000,36000000000,33039680736,33049269532,9588796
32400000000,36000000000,33049269532,33049269534,2
32400000000,36000000000,33049269534,33049269769,235
32400000000,36000000000,33049269769,33050730026,1460257
32400000000,36000000000,33050730026,33059203012,8472986
32400000000,36000000000,33059203012,33060329603,1126591
32400000000,36000000000,33060329603,33060334682,5079
32400000000,36000000000,33060334682,33060337821,3139
32400000000,36000000000,33060337821,33060340895,3074
32400000000,36000000000,33060340895,33061282076,941181
32400000000,36000000000,33061282076,33062058321,776245
32400000000,36000000000,33062058321,33062058357,36
32400000000,36000000000,33062058357,33062058376,19
32400000000,36000000000,33062058376,33062834627,776251
32400000000,36000000000,33062834627,33065119969,2285342
32400000000,36000000000,33065119969,33070986758,5866789
32400000000,36000000000,33070986758,33072649223,1662465
32400000000,36000000000,33072649223,33072653012,3789
32400000000,36000000000,33072653012,33072656394,3382
32400000000,36000000000,33072656394,33073466319,809925
32400000000,36000000000,33073466319,33073466399,80
32400000000,36000000000,33073466399,33074327614,861215
32400000000,36000000000,33074327614,33074327624,10
32400000000,36000000000,33074327624,33074327650,26
32400000000,36000000000,33074327650,33076727612,2399962
32400000000,36000000000,33076727612,33078278575,1550963
32400000000,36000000000,33078278575,33079044794,766219
32400000000,36000000000,33079044794,33079044797,3
32400000000,36000000000,33079044797,33080489949,1445152
32400000000,36000000000,33080489949,33084771842,4281893
32400000000,36000000000,33084771842,33085544603,772761
32400000000,36000000000,33085544603,33085544681,78
32400000000,36000000000,33085544681,33085544688,7
32400000000,36000000000,33085544688,33085544693,5
32400000000,36000000000,33085544693,33086848104,1303411
32400000000,36000000000,33086848104,33092488430,5640326
32400000000,36000000000,33092488430,33093976088,1487658
32400000000,36000000000,33093976088,33097007849,3031761
32400000000,36000000000,33097007849,33097012256,4407
32400000000,36000000000,33097012256,33098521724,1509468
32400000000,36000000000,33098521724,33098521728,4
32400000000,36000000000,33098521728,33098521729,1
32400000000,36000000000,33098521729,33098521951,222
32400000000,36000000000,33098521951,33098579383,57432
32400000000,36000000000,33098579383,33099371321,791938
32400000000,36000000000,33099371321,33099371346,25
32400000000,36000000000,33099371346,33101089576,1718230
32400000000,36000000000,33101089576,33102822667,1733091
32400000000,36000000000,33102822667,33106741410,3918743
32400000000,36000000000,33106741410,33109034349,2292939
32400000000,36000000000,33109034349,33109041397,7048
32400000000,36000000000,33109041397,33111240651,2199254
32400000000,36000000000,33111240651,33111240694,43
32400000000,36000000000,33111240694,33118960061,7719367
32400000000,36000000000,33118960061,33119814350,854289
32400000000,36000000000,33119814350,33121510435,1696085
32400000000,36000000000,33121510435,33123112767,1602332
32400000000,36000000000,33123112767,33123121897,9130
32400000000,36000000000,33123121897,33124295754,1173857
32400000000,36000000000,33124295754,33125179464,883710
32400000000,36000000000,33125179464,33125179675,211
32400000000,36000000000,33125179675,33126062124,882449
32400000000,36000000000,33126062124,33129648999,3586875
32400000000,36000000000,33129648999,33129649935,936
32400000000,36000000000,33129649935,33136042552,6392617
32400000000,36000000000,33136042552,33140033265,3990713
32400000000,36000000000,33140033265,33141584850,1551585
32400000000,36000000000,33141584850,33143234603,1649753
32400000000,36000000000,33143234603,33144883906,1649303
32400000000,36000000000,33144883906,33145686408,802502
32400000000,36000000000,33145686408,33146753172,1066764
32400000000,36000000000,33146753172,33153563026,6809854
32400000000,36000000000,33153563026,33153563075,49
32400000000,36000000000,33153563075,33153563080,5
32400000000,36000000000,33153563080,33153563085,5
32400000000,36000000000,33153563085,33159742975,6179890
32400000000,36000000000,33159742975,33159747751,4776
32400000000,36000000000,33159747751,33160540016,792265
32400000000,36000000000,33160540016,33161268490,728474
32400000000,36000000000,33161268490,33161268501,11
32400000000,36000000000,33161268501,33162025841,757340
32400000000,36000000000,33162025841,33167954437,5928596
32400000000,36000000000,33167954437,33172090862,4136425
32400000000,36000000000,33172090862,33173644026,1553164
32400000000,36000000000,33173644026,33182197492,8553466
32400000000,36000000000,33182197492,33183878453,1680961
32400000000,36000000000,33183878453,33190700086,6821633
32400000000,36000000000,33190700086,33197812257,7112171
32400000000,36000000000,33197812257,33197812587,330
32400000000,36000000000,33197812587,33197812592,5
32400000000,36000000000,33197812592,33197812601,9
32400000000,36000000000,33197812601,33199006770,1194169
32400000000,36000000000,33199006770,33200355966,1349196
32400000000,36000000000,33200355966,33202953219,2597253
32400000000,36000000000,33202953219,33209258885,6305666
32400000000,36000000000,33209258885,33211294895,2036010
32400000000,36000000000,33211294895,33211294899,4
32400000000,36000000000,33211294899,33211294900,1
32400000000,36000000000,33211294900,33212134799,839899
32400000000,36000000000,33212134799,33212134824,25
32400000000,36000000000,33212134824,33214525864,2391040
32400000000,36000000000,33214525864,33215377027,851163
32400000000,36000000000,33215377027,33216972554,1595527
32400000000,36000000000,33216972554,33216988878,16324
32400000000,36000000000,33216988878,33217000018,11140
32400000000,36000000000,33217000018,33218526290,1526272
32400000000,36000000000,33218526290,33228201526,9675236
32400000000,36000000000,33228201526,33234326931,6125405
32400000000,36000000000,33234326931,33235764223,1437292
32400000000,36000000000,33235764223,33235764227,4
32400000000,36000000000,33235764227,33236478776,714549
32400000000,36000000000,33236478776,33240254676,3775900
32400000000,36000000000,33240254676,33241024675,769999
32400000000,36000000000,33241024675,33245098513,4073838
32400000000,36000000000,33245098513,33247779124,2680611
32400000000,36000000000,33247779124,33247781538,2414
32400000000,36000000000,33247781538,33247788045,6507
32400000000,36000000000,33247788045,33248572403,784358
32400000000,36000000000,33248572403,33248597445,25042
32400000000,36000000000,33248597445,33248600639,3194
32400000000,36000000000,33248600639,33249431262,830623
32400000000,36000000000,33249431262,33249431282,20
32400000000,36000000000,33249431282,33249431293,11
32400000000,36000000000,33249431293,33250259130,827837
32400000000,36000000000,33250259130,33250259140,10
32400000000,36000000000,33250259140,33250259151,11
32400000000,36000000000,33250259151,33261019126,10759975
32400000000,36000000000,33261019126,33261022853,3727
32400000000,36000000000,33261022853,33261027223,4370
32400000000,36000000000,33261027223,33261031857,4634
32400000000,36000000000,33261031857,33261033803,1946
32400000000,36000000000,33261033803,33261047271,13468
32400000000,36000000000,33261047271,33262646554,1599283
32400000000,36000000000,33262646554,33262646566,12
32400000000,36000000000,33262646566,33262646578,12
32400000000,36000000000,33262646578,33262646590,12
32400000000,36000000000,33262646590,33262646609,19
32400000000,36000000000,33262646609,33262646663,54
32400000000,36000000000,33262646663,33274942235,12295572
32400000000,36000000000,33274942235,33276696314,1754079
32400000000,36000000000,33276696314,33288548211,11851897
32400000000,36000000000,33288548211,33288552455,4244
32400000000,36000000000,33288552455,33288554923,2468
32400000000,36000000000,33288554923,33290110321,1555398
32400000000,36000000000,33290110321,33290110333,12
32400000000,36000000000,33290110333,33290110369,36
32400000000,36000000000,33290110369,33299176416,9066047
32400000000,36000000000,33299176416,33299997865,821449
32400000000,36000000000,33299997865,33300889608,891743
32400000000,36000000000,33300889608,33301722904,833296
32400000000,36000000000,33301722904,33301723224,320
32400000000,36000000000,33301723224,33302584292,861068
32400000000,36000000000,33302584292,33310167956,7583664
32400000000,36000000000,33310167956,33310172776,4820
32400000000,36000000000,33310172776,33310172867,91
32400000000,36000000000,33310172867,33312470111,2297244
32400000000,36000000000,33312470111,33313298996,828885
32400000000,36000000000,33313298996,33315573503,2274507
32400000000,36000000000,33315573503,33322320227,6746724
32400000000,36000000000,33322320227,33324595042,2274815
32400000000,36000000000,33324595042,33325322758,727716
32400000000,36000000000,33325322758,33325349553,26795
32400000000,36000000000,33325349553,33325420786,71233
32400000000,36000000000,33325420786,33327031623,1610837
32400000000,36000000000,33327031623,33327031627,4
32400000000,36000000000,33327031627,33327031628,1
32400000000,36000000000,33327031628,33327031664,36
32400000000,36000000000,33327031664,33328004130,972466
32400000000,36000000000,33328004130,33328004161,31
32400000000,36000000000,33328004161,33328037206,33045
32400000000,36000000000,33328037206,33329661290,1624084
32400000000,36000000000,33329661290,33334849535,5188245
32400000000,36000000000,33334849535,33337694187,2844652
32400000000,36000000000,33337694187,33339373217,1679030
32400000000,36000000000,33339373217,33339373221,4
32400000000,36000000000,33339373221,33340959901,1586680
32400000000,36000000000,33340959901,33342108967,1149066
32400000000,36000000000,33342108967,33342108969,2
32400000000,36000000000,33342108969,33342109154,185
32400000000,36000000000,33342109154,33344292167,2183013
32400000000,36000000000,33344292167,33344317036,24869
32400000000,36000000000,33344317036,33345144438,827402
32400000000,36000000000,33345144438,33345144442,4
32400000000,36000000000,33345144442,33345144478,36
32400000000,36000000000,33345144478,33345144485,7
32400000000,36000000000,33345144485,33346143278,998793
32400000000,36000000000,33346143278,33348666202,2522924
32400000000,36000000000,33348666202,33349508904,842702
32400000000,36000000000,33349508904,33350332124,823220
32400000000,36000000000,33350332124,33350353649,21525
32400000000,36000000000,33350353649,33351950768,1597119
32400000000,36000000000,33351950768,33358896297,6945529
32400000000,36000000000,33358896297,33362844766,3948469
32400000000,36000000000,33362844766,33364658670,1813904
32400000000,36000000000,33364658670,33368989796,4331126
32400000000,36000000000,33368989796,33368989799,3
32400000000,36000000000,33368989799,33368990335,536
32400000000,36000000000,33368990335,33370520814,1530479
32400000000,36000000000,33370520814,33371356956,836142
32400000000,36000000000,33371356956,33373063932,1706976
32400000000,36000000000,33373063932,33373063991,59
32400000000,36000000000,33373063991,33373063996,5
32400000000,36000000000,33373063996,33373064001,5
32400000000,36000000000,33373064001,33375352775,2288774
32400000000,36000000000,33375352775,33383621863,8269088
32400000000,36000000000,33383621863,33383621866,3
32400000000,36000000000,33383621866,33391707933,8086067
32400000000,36000000000,33391707933,33391707936,3
32400000000,36000000000,33391707936,33396004722,4296786
32400000000,36000000000,33396004722,33399619104,3614382
32400000000,36000000000,33399619104,33399625464,6360
32400000000,36000000000,33399625464,33399628174,2710
32400000000,36000000000,33399628174,33399634919,6745
32400000000,36000000000,33399634919,33401249152,1614233
32400000000,36000000000,33401249152,33401249165,13
32400000000,36000000000,33401249165,33401249190,25
32400000000,36000000000,33401249190,33401249194,4
32400000000,36000000000,33401249194,33402135401,886207
32400000000,36000000000,33402135401,33402228442,93041
32400000000,36000000000,33402228442,33403504651,1276209
32400000000,36000000000,33403504651,33406320237,2815586
32400000000,36000000000,33406320237,33408392764,2072527
32400000000,36000000000,33408392764,33431961494,23568730
32400000000,36000000000,33431961494,33433495148,1533654
32400000000,36000000000,33433495148,33433543373,48225
32400000000,36000000000,33433543373,33445659141,12115768
32400000000,36000000000,33445659141,33447251686,1592545
32400000000,36000000000,33447251686,33447264961,13275
32400000000,36000000000,33447264961,33447336886,71925
32400000000,36000000000,33447336886,33447348529,11643
32400000000,36000000000,33447348529,33448799629,1451100
32400000000,36000000000,33448799629,33448799678,49
32400000000,36000000000,33448799678,33448799703,25
32400000000,36000000000,33448799703,33448799707,4
32400000000,36000000000,33448799707,33448799708,1
32400000000,36000000000,33448799708,33448799709,1
32400000000,36000000000,33448799709,33448799741,32
32400000000,36000000000,33448799741,33448799745,4
32400000000,36000000000,33448799745,33448799746,1
32400000000,36000000000,33448799746,33448799747,1
32400000000,36000000000,33448799747,33450326094,1526347
32400000000,36000000000,33450326094,33450326305,211
32400000000,36000000000,33450326305,33450326330,25
32400000000,36000000000,33450326330,33450326622,292
32400000000,36000000000,33450326622,33450326935,313
32400000000,36000000000,33450326935,33450326953,18
32400000000,36000000000,33450326953,33455569435,5242482
32400000000,36000000000,33455569435,33456455229,885794
32400000000,36000000000,33456455229,33457280724,825495
32400000000,36000000000,33457280724,33460737282,3456558
32400000000,36000000000,33460737282,33471541294,10804012
32400000000,36000000000,33471541294,33473023204,1481910
32400000000,36000000000,33473023204,33473023208,4
32400000000,36000000000,33473023208,33473770953,747745
32400000000,36000000000,33473770953,33480222512,6451559
32400000000,36000000000,33480222512,33483562572,3340060
32400000000,36000000000,33483562572,33485100204,1537632
32400000000,36000000000,33485100204,33487968651,2868447
32400000000,36000000000,33487968651,33489500672,1532021
32400000000,36000000000,33489500672,33509802456,20301784
32400000000,36000000000,33509802456,33509807014,4558
32400000000,36000000000,33509807014,33509809632,2618
32400000000,36000000000,33509809632,33511432582,1622950
32400000000,36000000000,33511432582,33511432630,48
32400000000,36000000000,33511432630,33511432662,32
32400000000,36000000000,33511432662,33514664766,3232104
32400000000,36000000000,33514664766,33516239879,1575113
32400000000,36000000000,33516239879,33525081151,8841272
32400000000,36000000000,33525081151,33525081258,107
32400000000,36000000000,33525081258,33525081263,5
32400000000,36000000000,33525081263,33531673700,6592437
32400000000,36000000000,33531673700,33542740875,11067175
32400000000,36000000000,33542740875,33544342077,1601202
32400000000,36000000000,33544342077,33561204916,16862839
32400000000,36000000000,33561204916,33563164206,1959290
32400000000,36000000000,33563164206,33567578898,4414692
32400000000,36000000000,33567578898,33569185199,1606301
32400000000,36000000000,33569185199,33578964559,9779360
32400000000,36000000000,33578964559,33586379337,7414778
32400000000,36000000000,33586379337,33590539553,4160216
32400000000,36000000000,33590539553,33590539557,4
32400000000,36000000000,33590539557,33590539594,37
32400000000,36000000000,33590539594,33590539599,5
32400000000,36000000000,33590539599,33597975886,7436287
32400000000,36000000000,33597975886,33599858117,1882231
32400000000,36000000000,33599858117,33599858121,4
32400000000,36000000000,33599858121,33599858122,1
32400000000,36000000000,33599858122,33600704494,846372
32400000000,36000000000,33600704494,33600705563,1069
32400000000,36000000000,33600705563,33602025335,1319772
32400000000,36000000000,33602025335,33605839230,3813895
32400000000,36000000000,33605839230,33605839327,97
32400000000,36000000000,33605839327,33606412146,572819
32400000000,36000000000,33606412146,33606613115,200969
32400000000,36000000000,33606613115,33608173705,1560590
32400000000,36000000000,33608173705,33608473449,299744
32400000000,36000000000,33608473449,33609178066,704617
32400000000,36000000000,33609178066,33610342375,1164309
32400000000,36000000000,33610342375,33610342417,42
32400000000,36000000000,33610342417,33610376311,33894
32400000000,36000000000,33610376311,33610379694,3383
32400000000,36000000000,33610379694,33610383413,3719
32400000000,36000000000,33610383413,33611195635,812222
32400000000,36000000000,33611195635,33612936701,1741066
32400000000,36000000000,33612936701,33612936738,37
32400000000,36000000000,33612936738,33612938230,1492
32400000000,36000000000,33612938230,33622131256,9193026
32400000000,36000000000,33622131256,33622131596,340
32400000000,36000000000,33622131596,33622131601,5
32400000000,36000000000,33622131601,33624948394,2816793
32400000000,36000000000,33624948394,33624950545,2151
32400000000,36000000000,33624950545,33626750026,1799481
32400000000,36000000000,33626750026,33626750030,4
32400000000,36000000000,33626750030,33626750031,1
32400000000,36000000000,33626750031,33626750032,1
32400000000,36000000000,33626750032,33626750066,34
32400000000,36000000000,33626750066,33627785264,1035198
32400000000,36000000000,33627785264,33627785462,198
32400000000,36000000000,33627785462,33627785943,481
32400000000,36000000000,33627785943,33632683797,4897854
32400000000,36000000000,33632683797,33632683799,2
32400000000,36000000000,33632683799,33634563617,1879818
32400000000,36000000000,33634563617,33634612336,48719
32400000000,36000000000,33634612336,33637294226,2681890
32400000000,36000000000,33637294226,33637303509,9283
32400000000,36000000000,33637303509,33637306726,3217
32400000000,36000000000,33637306726,33637309137,2411
32400000000,36000000000,33637309137,33639069551,1760414
32400000000,36000000000,33639069551,33639069563,12
32400000000,36000000000,33639069563,33639069575,12
32400000000,36000000000,33639069575,33656926910,17857335
32400000000,36000000000,33656926910,33656927396,486
32400000000,36000000000,33656927396,33660456927,3529531
32400000000,36000000000,33660456927,33664213754,3756827
32400000000,36000000000,33664213754,33665036129,822375
32400000000,36000000000,33665036129,33665043349,7220
32400000000,36000000000,33665043349,33666530053,1486704
32400000000,36000000000,33666530053,33674192086,7662033
32400000000,36000000000,33674192086,33674192089,3
32400000000,36000000000,33674192089,33675837253,1645164
32400000000,36000000000,33675837253,33682575231,6737978
32400000000,36000000000,33682575231,33686796730,4221499
32400000000,36000000000,33686796730,33687644100,847370
32400000000,36000000000,33687644100,33688464510,820410
32400000000,36000000000,33688464510,33694194618,5730108
32400000000,36000000000,33694194618,33694200466,5848
32400000000,36000000000,33694200466,33695790626,1590160
32400000000,36000000000,33695790626,33697866202,2075576
32400000000,36000000000,33697866202,33697871972,5770
32400000000,36000000000,33697871972,33697872005,33
32400000000,36000000000,33697872005,33697872010,5
32400000000,36000000000,33697872010,33697872189,179
32400000000,36000000000,33697872189,33697872192,3
32400000000,36000000000,33697872192,33699702985,1830793
32400000000,36000000000,33699702985,33699703068,83
32400000000,36000000000,33699703068,33699742912,39844
32400000000,36000000000,33699742912,33699742939,27
32400000000,36000000000,33699742939,33699742944,5
32400000000,36000000000,33699742944,33703565062,3822118
32400000000,36000000000,33703565062,33706889332,3324270
32400000000,36000000000,33706889332,33707256949,367617
32400000000,36000000000,33707256949,33708956360,1699411
32400000000,36000000000,33708956360,33711755781,2799421
32400000000,36000000000,33711755781,33713359178,1603397
32400000000,36000000000,33713359178,33714206520,847342
32400000000,36000000000,33714206520,33715054797,848277
32400000000,36000000000,33715054797,33719547236,4492439
32400000000,36000000000,33719547236,33724355980,4808744
32400000000,36000000000,33724355980,33724362878,6898
32400000000,36000000000,33724362878,33725194324,831446
32400000000,36000000000,33725194324,33725936156,741832
32400000000,36000000000,33725936156,33725936169,13
32400000000,36000000000,33725936169,33731727330,5791161
32400000000,36000000000,33731727330,33731727346,16
32400000000,36000000000,33731727346,33731727524,178
32400000000,36000000000,33731727524,33731727529,5
32400000000,36000000000,33731727529,33738052959,6325430
32400000000,36000000000,33738052959,33738820375,767416
32400000000,36000000000,33738820375,33739892159,1071784
32400000000,36000000000,33739892159,33740012237,120078
32400000000,36000000000,33740012237,33740688652,676415
32400000000,36000000000,33740688652,33740707119,18467
32400000000,36000000000,33740707119,33743498952,2791833
32400000000,36000000000,33743498952,33744223923,724971
32400000000,36000000000,33744223923,33748384242,4160319
32400000000,36000000000,33748384242,33748387452,3210
32400000000,36000000000,33748387452,33750368810,1981358
32400000000,36000000000,33750368810,33750368821,11
32400000000,36000000000,33750368821,33751183974,815153
32400000000,36000000000,33751183974,33756205783,5021809
32400000000,36000000000,33756205783,33760755298,4549515
32400000000,36000000000,33760755298,33760763504,8206
32400000000,36000000000,33760763504,33760767772,4268
32400000000,36000000000,33760767772,33762345233,1577461
32400000000,36000000000,33762345233,33762345256,23
32400000000,36000000000,33762345256,33762345260,4
32400000000,36000000000,33762345260,33762345261,1
32400000000,36000000000,33762345261,33762345292,31
32400000000,36000000000,33762345292,33762345296,4
32400000000,36000000000,33762345296,33762367803,22507
32400000000,36000000000,33762367803,33763212845,845042
32400000000,36000000000,33763212845,33763212883,38
32400000000,36000000000,33763212883,33763213066,183
32400000000,36000000000,33763213066,33763593690,380624
32400000000,36000000000,33763593690,33768596844,5003154
32400000000,36000000000,33768596844,33769524774,927930
32400000000,36000000000,33769524774,33769524860,86
32400000000,36000000000,33769524860,33773199085,3674225
32400000000,36000000000,33773199085,33773201843,2758
32400000000,36000000000,33773201843,33773204385,2542
32400000000,36000000000,33773204385,33774915634,1711249
32400000000,36000000000,33774915634,33774915684,50
32400000000,36000000000,33774915684,33774915974,290
32400000000,36000000000,33774915974,33777605710,2689736
32400000000,36000000000,33777605710,33778458605,852895
32400000000,36000000000,33778458605,33780067483,1608878
32400000000,36000000000,33780067483,33785952246,5884763
32400000000,36000000000,33785952246,33796118114,10165868
32400000000,36000000000,33796118114,33796954987,836873
32400000000,36000000000,33796954987,33796964299,9312
32400000000,36000000000,33796964299,33797722413,758114
32400000000,36000000000,33797722413,33797747485,25072
32400000000,36000000000,33797747485,33797755722,8237
32400000000,36000000000,33797755722,33798553097,797375
32400000000,36000000000,33798553097,33799340330,787233
32400000000,36000000000,33799340330,33799340340,10
32400000000,36000000000,33799340340,33801857076,2516736
32400000000,36000000000,33801857076,33810692040,8834964
32400000000,36000000000,33810692040,33810702645,10605
32400000000,36000000000,33810702645,33812123206,1420561
32400000000,36000000000,33812123206,33812123210,4
32400000000,36000000000,33812123210,33812123211,1
32400000000,36000000000,33812123211,33812123244,33
32400000000,36000000000,33812123244,33812864693,741449
32400000000,36000000000,33812864693,33812864990,297
32400000000,36000000000,33812864990,33818830195,5965205
32400000000,36000000000,33818830195,33820503596,1673401
32400000000,36000000000,33820503596,33822080520,1576924
32400000000,36000000000,33822080520,33823580054,1499534
32400000000,36000000000,33823580054,33824760344,1180290
32400000000,36000000000,33824760344,33830598437,5838093
32400000000,36000000000,33830598437,33830599300,863
32400000000,36000000000,33830599300,33839694309,9095009
32400000000,36000000000,33839694309,33839694345,36
32400000000,36000000000,33839694345,33841993599,2299254
32400000000,36000000000,33841993599,33843574464,1580865
32400000000,36000000000,33843574464,33843574563,99
32400000000,36000000000,33843574563,33843574568,5
32400000000,36000000000,33843574568,33843574573,5
32400000000,36000000000,33843574573,33844515900,941327
32400000000,36000000000,33844515900,33850166635,5650735
32400000000,36000000000,33850166635,33852098723,1932088
32400000000,36000000000,33852098723,33852152606,53883
32400000000,36000000000,33852152606,33853053640,901034
32400000000,36000000000,33853053640,33853053787,147
32400000000,36000000000,33853053787,33853053792,5
32400000000,36000000000,33853053792,33854034655,980863
32400000000,36000000000,33854034655,33857582274,3547619
32400000000,36000000000,33857582274,33858349774,767500
32400000000,36000000000,33858349774,33858349906,132
32400000000,36000000000,33858349906,33858349911,5
32400000000,36000000000,33858349911,33858349916,5
32400000000,36000000000,33858349916,33859298157,948241
32400000000,36000000000,33859298157,33859341205,43048
32400000000,36000000000,33859341205,33859343350,2145
32400000000,36000000000,33859343350,33859345949,2599
32400000000,36000000000,33859345949,33859348312,2363
32400000000,36000000000,33859348312,33860996190,1647878
32400000000,36000000000,33860996190,33860996202,12
32400000000,36000000000,33860996202,33860996227,25
32400000000,36000000000,33860996227,33860996256,29
32400000000,36000000000,33860996256,33861045840,49584
32400000000,36000000000,33861045840,33861045981,141
32400000000,36000000000,33861045981,33861991847,945866
32400000000,36000000000,33861991847,33874321714,12329867
32400000000,36000000000,33874321714,33874328123,6409
32400000000,36000000000,33874328123,33875945123,1617000
32400000000,36000000000,33875945123,33875945134,11
32400000000,36000000000,33875945134,33875967734,22600
32400000000,36000000000,33875967734,33875974070,6336
32400000000,36000000000,33875974070,33877487756,1513686
32400000000,36000000000,33877487756,33879336311,1848555
32400000000,36000000000,33879336311,33879336338,27
32400000000,36000000000,33879336338,33879336343,5
32400000000,36000000000,33879336343,33880247715,911372
32400000000,36000000000,33880247715,33883593387,3345672
32400000000,36000000000,33883593387,33884405970,812583
32400000000,36000000000,33884405970,33884406037,67
32400000000,36000000000,33884406037,33884406042,5
32400000000,36000000000,33884406042,33886431883,2025841
32400000000,36000000000,33886431883,33886434135,2252
32400000000,36000000000,33886434135,33888227652,1793517
32400000000,36000000000,33888227652,33888227682,30
32400000000,36000000000,33888227682,33891910684,3683002
32400000000,36000000000,33891910684,33892659533,748849
32400000000,36000000000,33892659533,33893422355,762822
32400000000,36000000000,33893422355,33896015606,2593251
32400000000,36000000000,33896015606,33896858264,842658
32400000000,36000000000,33896858264,33898615842,1757578
32400000000,36000000000,33898615842,33898621706,5864
32400000000,36000000000,33898621706,33898623893,2187
32400000000,36000000000,33898623893,33899510109,886216
32400000000,36000000000,33899510109,33899510608,499
32400000000,36000000000,33899510608,33900416289,905681
32400000000,36000000000,33900416289,33900416293,4
32400000000,36000000000,33900416293,33900416294,1
32400000000,36000000000,33900416294,33900416295,1
32400000000,36000000000,33900416295,33900416307,12
32400000000,36000000000,33900416307,33900416677,370
32400000000,36000000000,33900416677,33900445964,29287
32400000000,36000000000,33900445964,33901258105,812141
32400000000,36000000000,33901258105,33901258136,31
32400000000,36000000000,33901258136,33901258208,72
32400000000,36000000000,33901258208,33902436675,1178467
32400000000,36000000000,33902436675,33902537538,100863
32400000000,36000000000,33902537538,33902537541,3
32400000000,36000000000,33902537541,33904156092,1618551
32400000000,36000000000,33904156092,33905104416,948324
32400000000,36000000000,33905104416,33905109124,4708
32400000000,36000000000,33905109124,33905120989,11865
32400000000,36000000000,33905120989,33905121123,134
32400000000,36000000000,33905121123,33906831870,1710747
32400000000,36000000000,33906831870,33906831881,11
32400000000,36000000000,33906831881,33908486658,1654777
32400000000,36000000000,33908486658,33908486658,0
32400000000,36000000000,33908486658,33909421633,934975
32400000000,36000000000,33909421633,33911138378,1716745
32400000000,36000000000,33911138378,33911142156,3778
32400000000,36000000000,33911142156,33911144791,2635
32400000000,36000000000,33911144791,33911146854,2063
32400000000,36000000000,33911146854,33911148922,2068
32400000000,36000000000,33911148922,33911150733,1811
32400000000,36000000000,33911150733,33911155300,4567
32400000000,36000000000,33911155300,33911896160,740860
32400000000,36000000000,33911896160,33913036014,1139854
32400000000,36000000000,33913036014,33913036027,13
32400000000,36000000000,33913036027,33913036039,12
32400000000,36000000000,33913036039,33913036050,11
32400000000,36000000000,33913036050,33913036062,12
32400000000,36000000000,33913036062,33913036073,11
32400000000,36000000000,33913036073,33913036084,11
32400000000,36000000000,33913036084,33913807228,771144
32400000000,36000000000,33913807228,33914635219,827991
32400000000,36000000000,33914635219,33922764407,8129188
32400000000,36000000000,33922764407,33923474370,709963
32400000000,36000000000,33923474370,33925633557,2159187
32400000000,36000000000,33925633557,33937062399,11428842
32400000000,36000000000,33937062399,33937759161,696762
32400000000,36000000000,33937759161,33939386408,1627247
32400000000,36000000000,33939386408,33940260187,873779
32400000000,36000000000,33940260187,33940260189,2
32400000000,36000000000,33940260189,33941886595,1626406
32400000000,36000000000,33941886595,33946572782,4686187
32400000000,36000000000,33946572782,33949194799,2622017
32400000000,36000000000,33949194799,33950638385,1443586
32400000000,36000000000,33950638385,33955762803,5124418
32400000000,36000000000,33955762803,33959921153,4158350
32400000000,36000000000,33959921153,33960705485,784332
32400000000,36000000000,33960705485,33962436134,1730649
32400000000,36000000000,33962436134,33962436138,4
32400000000,36000000000,33962436138,33962436139,1
32400000000,36000000000,33962436139,33962553828,117689
32400000000,36000000000,33962553828,33963416433,862605
32400000000,36000000000,33963416433,33963417530,1097
32400000000,36000000000,33963417530,33965023557,1606027
32400000000,36000000000,33965023557,33967640690,2617133
32400000000,36000000000,33967640690,33967640693,3
32400000000,36000000000,33967640693,33969104528,1463835
32400000000,36000000000,33969104528,33969909058,804530
32400000000,36000000000,33969909058,33975791659,5882601
32400000000,36000000000,33975791659,33975792236,577
32400000000,36000000000,33975792236,33983272160,7479924
32400000000,36000000000,33983272160,33988204855,4932695
32400000000,36000000000,33988204855,33988204904,49
32400000000,36000000000,33988204904,33988204909,5
32400000000,36000000000,33988204909,33988204914,5
32400000000,36000000000,33988204914,33990202242,1997328
32400000000,36000000000,33990202242,33991076855,874613
32400000000,36000000000,33991076855,33991077340,485
32400000000,36000000000,33991077340,33998094881,7017541
32400000000,36000000000,33998094881,33999286684,1191803
32400000000,36000000000,33999286684,34000088062,801378
32400000000,36000000000,34000088062,34000088066,4
32400000000,36000000000,34000088066,34000898727,810661
32400000000,36000000000,34000898727,34000940426,41699
32400000000,36000000000,34000940426,34002516837,1576411
32400000000,36000000000,34002516837,34010895150,8378313
32400000000,36000000000,34010895150,34012660983,1765833
32400000000,36000000000,34012660983,34012660987,4
32400000000,36000000000,34012660987,34013605344,944357
32400000000,36000000000,34013605344,34014494172,888828
32400000000,36000000000,34014494172,34016204016,1709844
32400000000,36000000000,34016204016,34018810542,2606526
32400000000,36000000000,34018810542,34022580261,3769719
32400000000,36000000000,34022580261,34023446443,866182
32400000000,36000000000,34023446443,34023452504,6061
32400000000,36000000000,34023452504,34024282248,829744
32400000000,36000000000,34024282248,34024303120,20872
32400000000,36000000000,34024303120,34026843756,2540636
32400000000,36000000000,34026843756,34026843782,26
32400000000,36000000000,34026843782,34027689125,845343
32400000000,36000000000,34027689125,34033088823,5399698
32400000000,36000000000,34033088823,34034840290,1751467
32400000000,36000000000,34034840290,34037410337,2570047
32400000000,36000000000,34037410337,34038985372,1575035
32400000000,36000000000,34038985372,34043542418,4557046
32400000000,36000000000,34043542418,34043542518,100
32400000000,36000000000,34043542518,34043542523,5
32400000000,36000000000,34043542523,34043542528,5
32400000000,36000000000,34043542528,34044916743,1374215
32400000000,36000000000,34044916743,34044916949,206
32400000000,36000000000,34044916949,34045908631,991682
32400000000,36000000000,34045908631,34047549970,1641339
32400000000,36000000000,34047549970,34060656035,13106065
32400000000,36000000000,34060656035,34061692810,1036775
32400000000,36000000000,34061692810,34061705274,12464
32400000000,36000000000,34061705274,34063299667,1594393
32400000000,36000000000,34063299667,34063299671,4
32400000000,36000000000,34063299671,34063299672,1
32400000000,36000000000,34063299672,34063913252,613580
32400000000,36000000000,34063913252,34064666746,753494
32400000000,36000000000,34064666746,34064666939,193
32400000000,36000000000,34064666939,34066349089,1682150
32400000000,36000000000,34066349089,34067405181,1056092
32400000000,36000000000,34067405181,34068255465,850284
32400000000,36000000000,34068255465,34069068850,813385
32400000000,36000000000,34069068850,34069096940,28090
32400000000,36000000000,34069096940,34069103449,6509
32400000000,36000000000,34069103449,34069114755,11306
32400000000,36000000000,34069114755,34069925754,810999
32400000000,36000000000,34069925754,34070816619,890865
32400000000,36000000000,34070816619,34070816636,17
32400000000,36000000000,34070816636,34070844525,27889
32400000000,36000000000,34070844525,34070858340,13815
32400000000,36000000000,34070858340,34071653397,795057
32400000000,36000000000,34071653397,34072475911,822514
32400000000,36000000000,34072475911,34072478688,2777
32400000000,36000000000,34072478688,34073953763,1475075
32400000000,36000000000,34073953763,34073953794,31
32400000000,36000000000,34073953794,34073953825,31
32400000000,36000000000,34073953825,34074313412,359587
32400000000,36000000000,34074313412,34074319311,5899
32400000000,36000000000,34074319311,34075508027,1188716
32400000000,36000000000,34075508027,34075508653,626
32400000000,36000000000,34075508653,34076301437,792784
32400000000,36000000000,34076301437,34076301596,159
32400000000,36000000000,34076301596,34081605809,5304213
32400000000,36000000000,34081605809,34082582222,976413
32400000000,36000000000,34082582222,34083317926,735704
32400000000,36000000000,34083317926,34084108147,790221
32400000000,36000000000,34084108147,34084951017,842870
32400000000,36000000000,34084951017,34086169190,1218173
32400000000,36000000000,34086169190,34087013273,844083
32400000000,36000000000,34087013273,34087802043,788770
32400000000,36000000000,34087802043,34092629253,4827210
32400000000,36000000000,34092629253,34093472119,842866
32400000000,36000000000,34093472119,34093500989,28870
32400000000,36000000000,34093500989,34093501035,46
32400000000,36000000000,34093501035,34093501042,7
32400000000,36000000000,34093501042,34094395485,894443
32400000000,36000000000,34094395485,34094425219,29734
32400000000,36000000000,34094425219,34095217584,792365
32400000000,36000000000,34095217584,34095245993,28409
32400000000,36000000000,34095245993,34096043386,797393
32400000000,36000000000,34096043386,34097168736,1125350
32400000000,36000000000,34097168736,34098815022,1646286
32400000000,36000000000,34098815022,34098817152,2130
32400000000,36000000000,34098817152,34098819292,2140
32400000000,36000000000,34098819292,34100428319,1609027
32400000000,36000000000,34100428319,34100428345,26
32400000000,36000000000,34100428345,34100428368,23
32400000000,36000000000,34100428368,34110679266,10250898
32400000000,36000000000,34110679266,34111450276,771010
32400000000,36000000000,34111450276,34111474284,24008
32400000000,36000000000,34111474284,34111477327,3043
32400000000,36000000000,34111477327,34111486080,8753
32400000000,36000000000,34111486080,34113105646,1619566
32400000000,36000000000,34113105646,34113105650,4
32400000000,36000000000,34113105650,34113105728,78
32400000000,36000000000,34113105728,34113105753,25
32400000000,36000000000,34113105753,34113105932,179
32400000000,36000000000,34113105932,34113908853,802921
32400000000,36000000000,34113908853,34113974110,65257
32400000000,36000000000,34113974110,34113987901,13791
32400000000,36000000000,34113987901,34115625171,1637270
32400000000,36000000000,34115625171,34115625277,106
32400000000,36000000000,34115625277,34115625283,6
32400000000,36000000000,34115625283,34116604916,979633
32400000000,36000000000,34116604916,34116604933,17
32400000000,36000000000,34116604933,34134350708,17745775
32400000000,36000000000,34134350708,34147400334,13049626
32400000000,36000000000,34147400334,34147404711,4377
32400000000,36000000000,34147404711,34147404838,127
32400000000,36000000000,34147404838,34147404843,5
32400000000,36000000000,34147404843,34149062371,1657528
32400000000,36000000000,34149062371,34149144878,82507
32400000000,36000000000,34149144878,34163344082,14199204
32400000000,36000000000,34163344082,34165701581,2357499
32400000000,36000000000,34165701581,34168092907,2391326
32400000000,36000000000,34168092907,34171261556,3168649
32400000000,36000000000,34171261556,34171277957,16401
32400000000,36000000000,34171277957,34172870686,1592729
32400000000,36000000000,34172870686,34176375588,3504902
32400000000,36000000000,34176375588,34177202654,827066
32400000000,36000000000,34177202654,34178644669,1442015
32400000000,36000000000,34178644669,34184549562,5904893
32400000000,36000000000,34184549562,34185917027,1367465
32400000000,36000000000,34185917027,34185932428,15401
32400000000,36000000000,34185932428,34187324240,1391812
32400000000,36000000000,34187324240,34188791778,1467538
32400000000,36000000000,34188791778,34188791859,81
32400000000,36000000000,34188791859,34188791864,5
32400000000,36000000000,34188791864,34188791869,5
32400000000,36000000000,34188791869,34195077371,6285502
32400000000,36000000000,34195077371,34197015098,1937727
32400000000,36000000000,34197015098,34197796419,781321
32400000000,36000000000,34197796419,34199217508,1421089
32400000000,36000000000,34199217508,34202860348,3642840
32400000000,36000000000,34202860348,34205090672,2230324
32400000000,36000000000,34205090672,34206952835,1862163
32400000000,36000000000,34206952835,34206952985,150
32400000000,36000000000,34206952985,34206952991,6
32400000000,36000000000,34206952991,34208666536,1713545
32400000000,36000000000,34208666536,34210149987,1483451
32400000000,36000000000,34210149987,34210152966,2979
32400000000,36000000000,34210152966,34211714136,1561170
32400000000,36000000000,34211714136,34216306269,4592133
32400000000,36000000000,34216306269,34218167444,1861175
32400000000,36000000000,34218167444,34218177507,10063
32400000000,36000000000,34218177507,34218967439,789932
32400000000,36000000000,34218967439,34219157867,190428
32400000000,36000000000,34219157867,34219167333,9466
32400000000,36000000000,34219167333,34219913479,746146
32400000000,36000000000,34219913479,34219913490,11
32400000000,36000000000,34219913490,34220744159,830669
32400000000,36000000000,34220744159,34220744170,11
32400000000,36000000000,34220744170,34222258112,1513942
32400000000,36000000000,34222258112,34222262216,4104
32400000000,36000000000,34222262216,34222264335,2119
32400000000,36000000000,34222264335,34223808156,1543821
32400000000,36000000000,34223808156,34223808167,11
32400000000,36000000000,34223808167,34232281217,8473050
32400000000,36000000000,34232281217,34234005884,1724667
32400000000,36000000000,34234005884,34234021407,15523
32400000000,36000000000,34234021407,34234819925,798518
32400000000,36000000000,34234819925,34234824529,4604
32400000000,36000000000,34234824529,34235560250,735721
32400000000,36000000000,34235560250,34235560310,60
32400000000,36000000000,34235560310,34236338933,778623
32400000000,36000000000,34236338933,34236338982,49
32400000000,36000000000,34236338982,34237981900,1642918
32400000000,36000000000,34237981900,34237981902,2
32400000000,36000000000,34237981902,34239854397,1872495
32400000000,36000000000,34239854397,34239900566,46169
32400000000,36000000000,34239900566,34239900671,105
32400000000,36000000000,34239900671,34239900682,11
32400000000,36000000000,34239900682,34239901429,747
32400000000,36000000000,34239901429,34244777217,4875788
32400000000,36000000000,34244777217,34244777549,332
32400000000,36000000000,34244777549,34244777554,5
32400000000,36000000000,34244777554,34245643331,865777
32400000000,36000000000,34245643331,34247183592,1540261
32400000000,36000000000,34247183592,34251514690,4331098
32400000000,36000000000,34251514690,34251515482,792
32400000000,36000000000,34251515482,34261645798,10130316
32400000000,36000000000,34261645798,34262374789,728991
32400000000,36000000000,34262374789,34262530298,155509
32400000000,36000000000,34262530298,34263982642,1452344
32400000000,36000000000,34263982642,34263982646,4
32400000000,36000000000,34263982646,34263982647,1
32400000000,36000000000,34263982647,34263982746,99
32400000000,36000000000,34263982746,34264002329,19583
32400000000,36000000000,34264002329,34264742042,739713
32400000000,36000000000,34264742042,34264742116,74
32400000000,36000000000,34264742116,34265503304,761188
32400000000,36000000000,34265503304,34267747862,2244558
32400000000,36000000000,34267747862,34268495644,747782
32400000000,36000000000,34268495644,34269962101,1466457
32400000000,36000000000,34269962101,34275123863,5161762
32400000000,36000000000,34275123863,34275124570,707
32400000000,36000000000,34275124570,34275124573,3
32400000000,36000000000,34275124573,34276595651,1471078
32400000000,36000000000,34276595651,34278949214,2353563
32400000000,36000000000,34278949214,34278949638,424
32400000000,36000000000,34278949638,34281225295,2275657
32400000000,36000000000,34281225295,34282279251,1053956
32400000000,36000000000,34282279251,34284923853,2644602
32400000000,36000000000,34284923853,34286425984,1502131
32400000000,36000000000,34286425984,34287268925,842941
32400000000,36000000000,34287268925,34288094293,825368
32400000000,36000000000,34288094293,34290400473,2306180
32400000000,36000000000,34290400473,34291931024,1530551
32400000000,36000000000,34291931024,34306712314,14781290
32400000000,36000000000,34306712314,34316602211,9889897
32400000000,36000000000,34316602211,34322163592,5561381
32400000000,36000000000,34322163592,34322163651,59
32400000000,36000000000,34322163651,34322163656,5
32400000000,36000000000,34322163656,34322163661,5
32400000000,36000000000,34322163661,34326925097,4761436
32400000000,36000000000,34326925097,34334297344,7372247
32400000000,36000000000,34334297344,34336104392,1807048
32400000000,36000000000,34336104392,34336104396,4
32400000000,36000000000,34336104396,34336104397,1
32400000000,36000000000,34336104397,34336830503,726106
32400000000,36000000000,34336830503,34336830611,108
32400000000,36000000000,34336830611,34338420105,1589494
32400000000,36000000000,34338420105,34339986992,1566887
32400000000,36000000000,34339986992,34341513816,1526824
32400000000,36000000000,34341513816,34346801008,5287192
32400000000,36000000000,34346801008,34346812180,11172
32400000000,36000000000,34346812180,34348227598,1415418
32400000000,36000000000,34348227598,34348227610,12
32400000000,36000000000,34348227610,34348245783,18173
32400000000,36000000000,34348245783,34348245912,129
32400000000,36000000000,34348245912,34348245917,5
32400000000,36000000000,34348245917,34348245922,5
32400000000,36000000000,34348245922,34349010901,764979
32400000000,36000000000,34349010901,34352485263,3474362
32400000000,36000000000,34352485263,34352485330,67
32400000000,36000000000,34352485330,34352485335,5
32400000000,36000000000,34352485335,34361451414,8966079
32400000000,36000000000,34361451414,34361451417,3
32400000000,36000000000,34361451417,34370544901,9093484
32400000000,36000000000,34370544901,34371231015,686114
32400000000,36000000000,34371231015,34371981922,750907
32400000000,36000000000,34371981922,34372787211,805289
32400000000,36000000000,34372787211,34373677153,889942
32400000000,36000000000,34373677153,34374461072,783919
32400000000,36000000000,34374461072,34376036351,1575279
32400000000,36000000000,34376036351,34376036407,56
32400000000,36000000000,34376036407,34376036412,5
32400000000,36000000000,34376036412,34379785242,3748830
32400000000,36000000000,34379785242,34379790725,5483
32400000000,36000000000,34379790725,34381537087,1746362
32400000000,36000000000,34381537087,34381537253,166
32400000000,36000000000,34381537253,34383407701,1870448
32400000000,36000000000,34383407701,34383412539,4838
32400000000,36000000000,34383412539,34383441932,29393
32400000000,36000000000,34383441932,34384964870,1522938
32400000000,36000000000,34384964870,34384964881,11
32400000000,36000000000,34384964881,34384964906,25
32400000000,36000000000,34384964906,34385776890,811984
32400000000,36000000000,34385776890,34385776988,98
32400000000,36000000000,34385776988,34385776993,5
32400000000,36000000000,34385776993,34385777000,7
32400000000,36000000000,34385777000,34387474611,1697611
32400000000,36000000000,34387474611,34389318167,1843556
32400000000,36000000000,34389318167,34394008682,4690515
32400000000,36000000000,34394008682,34396338307,2329625
32400000000,36000000000,34396338307,34397080585,742278
32400000000,36000000000,34397080585,34398575731,1495146
32400000000,36000000000,34398575731,34399822130,1246399
32400000000,36000000000,34399822130,34400022330,200200
32400000000,36000000000,34400022330,34400841660,819330
32400000000,36000000000,34400841660,34400841660,0
32400000000,36000000000,34400841660,34401611095,769435
32400000000,36000000000,34401611095,34405632444,4021349
32400000000,36000000000,34405632444,34405652477,20033
32400000000,36000000000,34405652477,34405652482,5
32400000000,36000000000,34405652482,34409634224,3981742
32400000000,36000000000,34409634224,34410846344,1212120
32400000000,36000000000,34410846344,34411609197,762853
32400000000,36000000000,34411609197,34411609201,4
32400000000,36000000000,34411609201,34411609202,1
32400000000,36000000000,34411609202,34412444555,835353
32400000000,36000000000,34412444555,34413211807,767252
32400000000,36000000000,34413211807,34413211975,168
32400000000,36000000000,34413211975,34415052584,1840609
32400000000,36000000000,34415052584,34416114062,1061478
32400000000,36000000000,34416114062,34417074076,960014
32400000000,36000000000,34417074076,34417074527,451
32400000000,36000000000,34417074527,34417074532,5
32400000000,36000000000,34417074532,34418013881,939349
32400000000,36000000000,34418013881,34418070968,57087
32400000000,36000000000,34418070968,34420958435,2887467
32400000000,36000000000,34420958435,34423575471,2617036
32400000000,36000000000,34423575471,34423581557,6086
32400000000,36000000000,34423581557,34424991012,1409455
32400000000,36000000000,34424991012,34424991085,73
32400000000,36000000000,34424991085,34425806238,815153
32400000000,36000000000,34425806238,34425812377,6139
32400000000,36000000000,34425812377,34425812377,0
32400000000,36000000000,34425812377,34427304410,1492033
32400000000,36000000000,34427304410,34429539766,2235356
32400000000,36000000000,34429539766,34443738227,14198461
32400000000,36000000000,34443738227,34445369209,1630982
32400000000,36000000000,34445369209,34450786274,5417065
32400000000,36000000000,34450786274,34450786393,119
32400000000,36000000000,34450786393,34450786399,6
32400000000,36000000000,34450786399,34450786405,6
32400000000,36000000000,34450786405,34453619389,2832984
32400000000,36000000000,34453619389,34459117660,5498271
32400000000,36000000000,34459117660,34460015072,897412
32400000000,36000000000,34460015072,34460828927,813855
32400000000,36000000000,34460828927,34461615684,786757
32400000000,36000000000,34461615684,34461634770,19086
32400000000,36000000000,34461634770,34462422989,788219
32400000000,36000000000,34462422989,34462423020,31
32400000000,36000000000,34462423020,34462423027,7
32400000000,36000000000,34462423027,34463308371,885344
32400000000,36000000000,34463308371,34463308389,18
32400000000,36000000000,34463308389,34464110983,802594
32400000000,36000000000,34464110983,34466457424,2346441
32400000000,36000000000,34466457424,34473882171,7424747
32400000000,36000000000,34473882171,34475421678,1539507
32400000000,36000000000,34475421678,34477839665,2417987
32400000000,36000000000,34477839665,34477839757,92
32400000000,36000000000,34477839757,34477840256,499
32400000000,36000000000,34477840256,34477840260,4
32400000000,36000000000,34477840260,34477840264,4
32400000000,36000000000,34477840264,34477840279,15
32400000000,36000000000,34477840279,34486420219,8579940
32400000000,36000000000,34486420219,34491282872,4862653
32400000000,36000000000,34491282872,34495807211,4524339
32400000000,36000000000,34495807211,34495807248,37
32400000000,36000000000,34495807248,34495807253,5
32400000000,36000000000,34495807253,34500465799,4658546
32400000000,36000000000,34500465799,34501612944,1147145
32400000000,36000000000,34501612944,34502386569,773625
32400000000,36000000000,34502386569,34502593269,206700
32400000000,36000000000,34502593269,34503341472,748203
32400000000,36000000000,34503341472,34504131703,790231
32400000000,36000000000,34504131703,34513064406,8932703
32400000000,36000000000,34513064406,34513070940,6534
32400000000,36000000000,34513070940,34513785478,714538
32400000000,36000000000,34513785478,34514469966,684488
32400000000,36000000000,34514469966,34514469970,4
32400000000,36000000000,34514469970,34514469994,24
32400000000,36000000000,34514469994,34515202178,732184
32400000000,36000000000,34515202178,34515202202,24
32400000000,36000000000,34515202202,34517444295,2242093
32400000000,36000000000,34517444295,34518933563,1489268
32400000000,36000000000,34518933563,34522004697,3071134
32400000000,36000000000,34522004697,34526316170,4311473
32400000000,36000000000,34526316170,34526325299,9129
32400000000,36000000000,34526325299,34526325302,3
32400000000,36000000000,34526325302,34527988729,1663427
32400000000,36000000000,34527988729,34527988742,13
32400000000,36000000000,34527988742,34528006415,17673
32400000000,36000000000,34528006415,34529404405,1397990
32400000000,36000000000,34529404405,34537760463,8356058
32400000000,36000000000,34537760463,34539390493,1630030
32400000000,36000000000,34539390493,34539390497,4
32400000000,36000000000,34539390497,34539390498,1
32400000000,36000000000,34539390498,34540164323,773825
32400000000,36000000000,34540164323,34540165216,893
32400000000,36000000000,34540165216,34540217058,51842
32400000000,36000000000,34540217058,34540217060,2
32400000000,36000000000,34540217060,34541773508,1556448
32400000000,36000000000,34541773508,34544677206,2903698
32400000000,36000000000,34544677206,34547048802,2371596
32400000000,36000000000,34547048802,34548531033,1482231
32400000000,36000000000,34548531033,34548557565,26532
32400000000,36000000000,34548557565,34549951189,1393624
32400000000,36000000000,34549951189,34549987359,36170
32400000000,36000000000,34549987359,34551443558,1456199
32400000000,36000000000,34551443558,34551443562,4
32400000000,36000000000,34551443562,34552157178,713616
32400000000,36000000000,34552157178,34552157183,5
32400000000,36000000000,34552157183,34552831706,674523
32400000000,36000000000,34552831706,34554261374,1429668
32400000000,36000000000,34554261374,34557900502,3639128
32400000000,36000000000,34557900502,34559288309,1387807
32400000000,36000000000,34559288309,34562272796,2984487
32400000000,36000000000,34562272796,34563749552,1476756
32400000000,36000000000,34563749552,34570205554,6456002
32400000000,36000000000,34570205554,34570205557,3
32400000000,36000000000,34570205557,34571684776,1479219
32400000000,36000000000,34571684776,34586468322,14783546
32400000000,36000000000,34586468322,34586471956,3634
32400000000,36000000000,34586471956,34588390215,1918259
32400000000,36000000000,34588390215,34588390225,10
32400000000,36000000000,34588390225,34590885558,2495333
32400000000,36000000000,34590885558,34590885562,4
32400000000,36000000000,34590885562,34590885577,15
32400000000,36000000000,34590885577,34596882238,5996661
32400000000,36000000000,34596882238,34598780322,1898084
32400000000,36000000000,34598780322,34601042175,2261853
32400000000,36000000000,34601042175,34610562774,9520599
32400000000,36000000000,34610562774,34612507097,1944323
32400000000,36000000000,34612507097,34612507101,4
32400000000,36000000000,34612507101,34613307944,800843
32400000000,36000000000,34613307944,34613365932,57988
32400000000,36000000000,34613365932,34614941606,1575674
32400000000,36000000000,34614941606,34616491911,1550305
32400000000,36000000000,34616491911,34617303562,811651
32400000000,36000000000,34617303562,34625014143,7710581
32400000000,36000000000,34625014143,34626533856,1519713
32400000000,36000000000,34626533856,34630916739,4382883
32400000000,36000000000,34630916739,34633324592,2407853
32400000000,36000000000,34633324592,34634152865,828273
32400000000,36000000000,34634152865,34634152868,3
32400000000,36000000000,34634152868,34634852051,699183
32400000000,36000000000,34634852051,34635585975,733924
32400000000,36000000000,34635585975,34636345962,759987
32400000000,36000000000,34636345962,34637093650,747688
32400000000,36000000000,34637093650,34637105213,11563
32400000000,36000000000,34637105213,34637110346,5133
32400000000,36000000000,34637110346,34637846263,735917
32400000000,36000000000,34637846263,34637862767,16504
32400000000,36000000000,34637862767,34639370661,1507894
32400000000,36000000000,34639370661,34639378237,7576
32400000000,36000000000,34639378237,34639379085,848
32400000000,36000000000,34639379085,34650355070,10975985
32400000000,36000000000,34650355070,34671610869,21255799
32400000000,36000000000,34671610869,34671614099,3230
32400000000,36000000000,34671614099,34673146932,1532833
32400000000,36000000000,34673146932,34673167477,20545
32400000000,36000000000,34673167477,34675009292,1841815
32400000000,36000000000,34675009292,34684167323,9158031
32400000000,36000000000,34684167323,34687600022,3432699
32400000000,36000000000,34687600022,34688278467,678445
32400000000,36000000000,34688278467,34688974365,695898
32400000000,36000000000,34688974365,34689002417,28052
32400000000,36000000000,34689002417,34689010770,8353
32400000000,36000000000,34689010770,34689763943,753173
32400000000,36000000000,34689763943,34689784477,20534
32400000000,36000000000,34689784477,34690568322,783845
32400000000,36000000000,34690568322,34691337808,769486
32400000000,36000000000,34691337808,34691358964,21156
32400000000,36000000000,34691358964,34698625716,7266752
32400000000,36000000000,34698625716,34699394019,768303
32400000000,36000000000,34699394019,34700872003,1477984
32400000000,36000000000,34700872003,34700894177,22174
32400000000,36000000000,34700894177,34707604712,6710535
32400000000,36000000000,34707604712,34707604731,19
32400000000,36000000000,34707604731,34707781682,176951
32400000000,36000000000,34707781682,34709389798,1608116
32400000000,36000000000,34709389798,34711841636,2451838
32400000000,36000000000,34711841636,34718598720,6757084
32400000000,36000000000,34718598720,34723574310,4975590
32400000000,36000000000,34723574310,34726978950,3404640
32400000000,36000000000,34726978950,34726978954,4
32400000000,36000000000,34726978954,34728481368,1502414
32400000000,36000000000,34728481368,34728900042,418674
32400000000,36000000000,34728900042,34728953758,53716
32400000000,36000000000,34728953758,34728953877,119
32400000000,36000000000,34728953877,34728953882,5
32400000000,36000000000,34728953882,34730066459,1112577
32400000000,36000000000,34730066459,34731348997,1282538
32400000000,36000000000,34731348997,34732123822,774825
32400000000,36000000000,34732123822,34735111443,2987621
32400000000,36000000000,34735111443,34735111903,460
32400000000,36000000000,34735111903,34735111908,5
32400000000,36000000000,34735111908,34736891194,1779286
32400000000,36000000000,34736891194,34738938346,2047152
32400000000,36000000000,34738938346,34741422083,2483737
32400000000,36000000000,34741422083,34745080402,3658319
32400000000,36000000000,34745080402,34747512770,2432368
32400000000,36000000000,34747512770,34750854590,3341820
32400000000,36000000000,34750854590,34750854987,397
32400000000,36000000000,34750854987,34750854992,5
32400000000,36000000000,34750854992,34753377230,2522238
32400000000,36000000000,34753377230,34758419950,5042720
32400000000,36000000000,34758419950,34761052608,2632658
32400000000,36000000000,34761052608,34761083508,30900
32400000000,36000000000,34761083508,34762600726,1517218
32400000000,36000000000,34762600726,34762600730,4
32400000000,36000000000,34762600730,34762600837,107
32400000000,36000000000,34762600837,34762622455,21618
32400000000,36000000000,34762622455,34762644085,21630
32400000000,36000000000,34762644085,34763411862,767777
32400000000,36000000000,34763411862,34764237908,826046
32400000000,36000000000,34764237908,34765643905,1405997
32400000000,36000000000,34765643905,34767267470,1623565
32400000000,36000000000,34767267470,34773901811,6634341
32400000000,36000000000,34773901811,34774752288,850477
32400000000,36000000000,34774752288,34777792452,3040164
32400000000,36000000000,34777792452,34791822772,14030320
32400000000,36000000000,34791822772,34791823304,532
32400000000,36000000000,34791823304,34791823320,16
32400000000,36000000000,34791823320,34792951958,1128638
32400000000,36000000000,34792951958,34807582033,14630075
32400000000,36000000000,34807582033,34808416675,834642
32400000000,36000000000,34808416675,34809716232,1299557
32400000000,36000000000,34809716232,34811738139,2021907
32400000000,36000000000,34811738139,34812393526,655387
32400000000,36000000000,34812393526,34812396035,2509
32400000000,36000000000,34812396035,34812399110,3075
32400000000,36000000000,34812399110,34812415237,16127
32400000000,36000000000,34812415237,34813045978,630741
32400000000,36000000000,34813045978,34813062866,16888
32400000000,36000000000,34813062866,34814139047,1076181
32400000000,36000000000,34814139047,34814139065,18
32400000000,36000000000,34814139065,34814139075,10
32400000000,36000000000,34814139075,34821942058,7802983
32400000000,36000000000,34821942058,34821945903,3845
32400000000,36000000000,34821945903,34823386947,1441044
32400000000,36000000000,34823386947,34823386958,11
32400000000,36000000000,34823386958,34836411574,13024616
32400000000,36000000000,34836411574,34836412202,628
32400000000,36000000000,34836412202,34839182493,2770291
32400000000,36000000000,34839182493,34839182495,2
32400000000,36000000000,34839182495,34840858746,1676251
32400000000,36000000000,34840858746,34841774913,916167
32400000000,36000000000,34841774913,34845955774,4180861
32400000000,36000000000,34845955774,34845959273,3499
32400000000,36000000000,34845959273,34845961633,2360
32400000000,36000000000,34845961633,34845963717,2084
32400000000,36000000000,34845963717,34845966010,2293
32400000000,36000000000,34845966010,34847811845,1845835
32400000000,36000000000,34847811845,34847811866,21
32400000000,36000000000,34847811866,34847811878,12
32400000000,36000000000,34847811878,34847811889,11
32400000000,36000000000,34847811889,34847811907,18
32400000000,36000000000,34847811907,34850243685,2431778
32400000000,36000000000,34850243685,34850961345,717660
32400000000,36000000000,34850961345,34856355090,5393745
32400000000,36000000000,34856355090,34856370331,15241
32400000000,36000000000,34856370331,34857496342,1126011
32400000000,36000000000,34857496342,34858237731,741389
32400000000,36000000000,34858237731,34858261865,24134
32400000000,36000000000,34858261865,34858266933,5068
32400000000,36000000000,34858266933,34858270488,3555
32400000000,36000000000,34858270488,34858272717,2229
32400000000,36000000000,34858272717,34858284980,12263
32400000000,36000000000,34858284980,34858287483,2503
32400000000,36000000000,34858287483,34859030191,742708
32400000000,36000000000,34859030191,34859797612,767421
32400000000,36000000000,34859797612,34859797643,31
32400000000,36000000000,34859797643,34859797674,31
32400000000,36000000000,34859797674,34859797698,24
32400000000,36000000000,34859797698,34859797722,24
32400000000,36000000000,34859797722,34859797739,17
32400000000,36000000000,34859797739,34863054376,3256637
32400000000,36000000000,34863054376,34864709246,1654870
32400000000,36000000000,34864709246,34870220591,5511345
32400000000,36000000000,34870220591,34870226458,5867
32400000000,36000000000,34870226458,34871698657,1472199
32400000000,36000000000,34871698657,34871698681,24
32400000000,36000000000,34871698681,34874799783,3101102
32400000000,36000000000,34874799783,34874799786,3
32400000000,36000000000,34874799786,34875607636,807850
32400000000,36000000000,34875607636,34876413427,805791
32400000000,36000000000,34876413427,34879315787,2902360
32400000000,36000000000,34879315787,34881920654,2604867
32400000000,36000000000,34881920654,34881920711,57
32400000000,36000000000,34881920711,34881920716,5
32400000000,36000000000,34881920716,34887397199,5476483
32400000000,36000000000,34887397199,34889319358,1922159
32400000000,36000000000,34889319358,34893742281,4422923
32400000000,36000000000,34893742281,34893746513,4232
32400000000,36000000000,34893746513,34893747095,582
32400000000,36000000000,34893747095,34893747100,5
32400000000,36000000000,34893747100,34893747105,5
32400000000,36000000000,34893747105,34894667078,919973
32400000000,36000000000,34894667078,34895470864,803786
32400000000,36000000000,34895470864,34897082604,1611740
32400000000,36000000000,34897082604,34901822399,4739795
32400000000,36000000000,34901822399,34905876327,4053928
32400000000,36000000000,34905876327,34905880840,4513
32400000000,36000000000,34905880840,34905884599,3759
32400000000,36000000000,34905884599,34907474223,1589624
32400000000,36000000000,34907474223,34907474629,406
32400000000,36000000000,34907474629,34908251106,776477
32400000000,36000000000,34908251106,34909732882,1481776
32400000000,36000000000,34909732882,34915283739,5550857
32400000000,36000000000,34915283739,34916735221,1451482
32400000000,36000000000,34916735221,34929859567,13124346
32400000000,36000000000,34929859567,34933752602,3893035
32400000000,36000000000,34933752602,34933752606,4
32400000000,36000000000,34933752606,34933752607,1
32400000000,36000000000,34933752607,34934428064,675457
32400000000,36000000000,34934428064,34934428217,153
32400000000,36000000000,34934428217,34937927392,3499175
32400000000,36000000000,34937927392,34939372799,1445407
32400000000,36000000000,34939372799,34939393665,20866
32400000000,36000000000,34939393665,34942002386,2608721
32400000000,36000000000,34942002386,34942029887,27501
32400000000,36000000000,34942029887,34943789156,1759269
32400000000,36000000000,34943789156,34943789160,4
32400000000,36000000000,34943789160,34943789161,1
32400000000,36000000000,34943789161,34943789216,55
32400000000,36000000000,34943789216,34944941649,1152433
32400000000,36000000000,34944941649,34944941954,305
32400000000,36000000000,34944941954,34948413610,3471656
32400000000,36000000000,34948413610,34949884751,1471141
32400000000,36000000000,34949884751,34954562376,4677625
32400000000,36000000000,34954562376,34954569455,7079
32400000000,36000000000,34954569455,34954571525,2070
32400000000,36000000000,34954571525,34956417948,1846423
32400000000,36000000000,34956417948,34956417967,19
32400000000,36000000000,34956417967,34956417971,4
32400000000,36000000000,34956417971,34956417972,1
32400000000,36000000000,34956417972,34956418011,39
32400000000,36000000000,34956418011,34957217655,799644
32400000000,36000000000,34957217655,34957217700,45
32400000000,36000000000,34957217700,34962615643,5397943
32400000000,36000000000,34962615643,34963534731,919088
32400000000,36000000000,34963534731,34964292167,757436
32400000000,36000000000,34964292167,34965037013,744846
32400000000,36000000000,34965037013,34966907976,1870963
32400000000,36000000000,34966907976,34966960475,52499
32400000000,36000000000,34966960475,34966979030,18555
32400000000,36000000000,34966979030,34968449348,1470318
32400000000,36000000000,34968449348,34968449378,30
32400000000,36000000000,34968449378,34968449531,153
32400000000,36000000000,34968449531,34974328303,5878772
32400000000,36000000000,34974328303,34978421251,4092948
32400000000,36000000000,34978421251,34979171333,750082
32400000000,36000000000,34979171333,34979175670,4337
32400000000,36000000000,34979175670,34979181287,5617
32400000000,36000000000,34979181287,34979194518,13231
32400000000,36000000000,34979194518,34979923690,729172
32400000000,36000000000,34979923690,34979937765,14075
32400000000,36000000000,34979937765,34980681145,743380
32400000000,36000000000,34980681145,34980681149,4
32400000000,36000000000,34980681149,34980681150,1
32400000000,36000000000,34980681150,34980681384,234
32400000000,36000000000,34980681384,34980681388,4
32400000000,36000000000,34980681388,34980681389,1
32400000000,36000000000,34980681389,34980681597,208
32400000000,36000000000,34980681597,34980681757,160
32400000000,36000000000,34980681757,34982218348,1536591
32400000000,36000000000,34982218348,34982218501,153
32400000000,36000000000,34982218501,34982218647,146
32400000000,36000000000,34982218647,34982224190,5543
32400000000,36000000000,34982224190,34988141342,5917152
32400000000,36000000000,34988141342,34988156040,14698
32400000000,36000000000,34988156040,34990762884,2606844
32400000000,36000000000,34990762884,34990762901,17
32400000000,36000000000,34990762901,34991722740,959839
32400000000,36000000000,34991722740,34995554973,3832233
32400000000,36000000000,34995554973,34995554977,4
32400000000,36000000000,34995554977,34995554978,1
32400000000,36000000000,34995554978,34996389915,834937
32400000000,36000000000,34996389915,34996390088,173
32400000000,36000000000,34996390088,35000831952,4441864
32400000000,36000000000,35000831952,35002595989,1764037
32400000000,36000000000,35002595989,35004905103,2309114
32400000000,36000000000,35004905103,35006743407,1838304
32400000000,36000000000,35006743407,35016357242,9613835
32400000000,36000000000,35016357242,35016369815,12573
32400000000,36000000000,35016369815,35019674026,3304211
32400000000,36000000000,35019674026,35019674030,4
32400000000,36000000000,35019674030,35019674031,1
32400000000,36000000000,35019674031,35019674246,215
32400000000,36000000000,35019674246,35021331373,1657127
32400000000,36000000000,35021331373,35023032015,1700642
32400000000,36000000000,35023032015,35023032174,159
32400000000,36000000000,35023032174,35025285691,2253517
32400000000,36000000000,35025285691,35027024253,1738562
32400000000,36000000000,35027024253,35027031107,6854
32400000000,36000000000,35027031107,35028628366,1597259
32400000000,36000000000,35028628366,35039964754,11336388
32400000000,36000000000,35039964754,35039964759,5
32400000000,36000000000,35039964759,35039964799,40
32400000000,36000000000,35039964799,35039964805,6
32400000000,36000000000,35039964805,35064948442,24983637
32400000000,36000000000,35064948442,35064962356,13914
32400000000,36000000000,35064962356,35066837581,1875225
32400000000,36000000000,35066837581,35067902468,1064887
32400000000,36000000000,35067902468,35067902965,497
32400000000,36000000000,35067902965,35067902970,5
32400000000,36000000000,35067902970,35086611200,18708230
32400000000,36000000000,35086611200,35088444352,1833152
32400000000,36000000000,35088444352,35089330846,886494
32400000000,36000000000,35089330846,35090997664,1666818
32400000000,36000000000,35090997664,35092777362,1779698
32400000000,36000000000,35092777362,35102108911,9331549
32400000000,36000000000,35102108911,35103754910,1645999
32400000000,36000000000,35103754910,35103754914,4
32400000000,36000000000,35103754914,35103754915,1
32400000000,36000000000,35103754915,35104615274,860359
32400000000,36000000000,35104615274,35104616188,914
32400000000,36000000000,35104616188,35110894198,6278010
32400000000,36000000000,35110894198,35112543009,1648811
32400000000,36000000000,35112543009,35113286055,743046
32400000000,36000000000,35113286055,35115075012,1788957
32400000000,36000000000,35115075012,35116766621,1691609
32400000000,36000000000,35116766621,35120833893,4067272
32400000000,36000000000,35120833893,35120847666,13773
32400000000,36000000000,35120847666,35126450290,5602624
32400000000,36000000000,35126450290,35127277938,827648
32400000000,36000000000,35127277938,35128009293,731355
32400000000,36000000000,35128009293,35135220232,7210939
32400000000,36000000000,35135220232,35139179160,3958928
32400000000,36000000000,35139179160,35139182210,3050
32400000000,36000000000,35139182210,35139184316,2106
32400000000,36000000000,35139184316,35140742042,1557726
32400000000,36000000000,35140742042,35140742073,31
32400000000,36000000000,35140742073,35140742102,29
32400000000,36000000000,35140742102,35146271011,5528909
32400000000,36000000000,35146271011,35146271013,2
32400000000,36000000000,35146271013,35147074337,803324
32400000000,36000000000,35147074337,35147850176,775839
32400000000,36000000000,35147850176,35148592910,742734
32400000000,36000000000,35148592910,35158134757,9541847
32400000000,36000000000,35158134757,35164605915,6471158
32400000000,36000000000,35164605915,35166054885,1448970
32400000000,36000000000,35166054885,35166054889,4
32400000000,36000000000,35166054889,35166852960,798071
32400000000,36000000000,35166852960,35168381952,1528992
32400000000,36000000000,35168381952,35168386572,4620
32400000000,36000000000,35168386572,35169787860,1401288
32400000000,36000000000,35169787860,35169787904,44
32400000000,36000000000,35169787904,35172007249,2219345
32400000000,36000000000,35172007249,35172740442,733193
32400000000,36000000000,35172740442,35173499849,759407
32400000000,36000000000,35173499849,35173517006,17157
32400000000,36000000000,35173517006,35174614312,1097306
32400000000,36000000000,35174614312,35174632408,18096
32400000000,36000000000,35174632408,35174637638,5230
32400000000,36000000000,35174637638,35175383732,746094
32400000000,36000000000,35175383732,35175404086,20354
32400000000,36000000000,35175404086,35175404089,3
32400000000,36000000000,35175404089,35176128572,724483
32400000000,36000000000,35176128572,35176905668,777096
32400000000,36000000000,35176905668,35196745505,19839837
32400000000,36000000000,35196745505,35200861771,4116266
32400000000,36000000000,35200861771,35202347935,1486164
32400000000,36000000000,35202347935,35207489603,5141668
32400000000,36000000000,35207489603,35212922672,5433069
32400000000,36000000000,35212922672,35214428393,1505721
32400000000,36000000000,35214428393,35214428398,5
32400000000,36000000000,35214428398,35215207035,778637
32400000000,36000000000,35215207035,35215207040,5
32400000000,36000000000,35215207040,35216094755,887715
32400000000,36000000000,35216094755,35219692685,3597930
32400000000,36000000000,35219692685,35223689385,3996700
32400000000,36000000000,35223689385,35225178770,1489385
32400000000,36000000000,35225178770,35226729674,1550904
32400000000,36000000000,35226729674,35226729678,4
32400000000,36000000000,35226729678,35227585168,855490
32400000000,36000000000,35227585168,35229617797,2032629
32400000000,36000000000,35229617797,35234474995,4857198
32400000000,36000000000,35234474995,35237790435,3315440
32400000000,36000000000,35237790435,35238607637,817202
32400000000,36000000000,35238607637,35239710128,1102491
32400000000,36000000000,35239710128,35239710132,4
32400000000,36000000000,35239710132,35240461329,751197
32400000000,36000000000,35240461329,35240485958,24629
32400000000,36000000000,35240485958,35240486523,565
32400000000,36000000000,35240486523,35241419208,932685
32400000000,36000000000,35241419208,35246127468,4708260
32400000000,36000000000,35246127468,35246904430,776962
32400000000,36000000000,35246904430,35247647374,742944
32400000000,36000000000,35247647374,35251854860,4207486
32400000000,36000000000,35251854860,35251855328,468
32400000000,36000000000,35251855328,35251855335,7
32400000000,36000000000,35251855335,35251855342,7
32400000000,36000000000,35251855342,35262505873,10650531
32400000000,36000000000,35262505873,35262506439,566
32400000000,36000000000,35262506439,35262506446,7
32400000000,36000000000,35262506446,35262506453,7
32400000000,36000000000,35262506453,35270787435,8280982
32400000000,36000000000,35270787435,35271178870,391435
32400000000,36000000000,35271178870,35271931600,752730
32400000000,36000000000,35271931600,35272735671,804071
32400000000,36000000000,35272735671,35272735677,6
32400000000,36000000000,35272735677,35272735745,68
32400000000,36000000000,35272735745,35272735752,7
32400000000,36000000000,35272735752,35276630052,3894300
32400000000,36000000000,35276630052,35285518233,8888181
32400000000,36000000000,35285518233,35286959070,1440837
32400000000,36000000000,35286959070,35288437932,1478862
32400000000,36000000000,35288437932,35289840335,1402403
32400000000,36000000000,35289840335,35291415153,1574818
32400000000,36000000000,35291415153,35293592368,2177215
32400000000,36000000000,35293592368,35296191801,2599433
32400000000,36000000000,35296191801,35297745239,1553438
32400000000,36000000000,35297745239,35297760965,15726
32400000000,36000000000,35297760965,35299299071,1538106
32400000000,36000000000,35299299071,35308108237,8809166
32400000000,36000000000,35308108237,35308108546,309
32400000000,36000000000,35308108546,35308108553,7
32400000000,36000000000,35308108553,35308108560,7
32400000000,36000000000,35308108560,35310534791,2426231
32400000000,36000000000,35310534791,35310535194,403
32400000000,36000000000,35310535194,35310535201,7
32400000000,36000000000,35310535201,35310535208,7
32400000000,36000000000,35310535208,35324383979,13848771
32400000000,36000000000,35324383979,35325920309,1536330
32400000000,36000000000,35325920309,35325920313,4
32400000000,36000000000,35325920313,35326718083,797770
32400000000,36000000000,35326718083,35329247469,2529386
32400000000,36000000000,35329247469,35330666984,1419515
32400000000,36000000000,35330666984,35336562080,5895096
32400000000,36000000000,35336562080,35338382338,1820258
32400000000,36000000000,35338382338,35342995399,4613061
32400000000,36000000000,35342995399,35343719719,724320
32400000000,36000000000,35343719719,35344477092,757373
32400000000,36000000000,35344477092,35345239087,761995
32400000000,36000000000,35345239087,35346024409,785322
32400000000,36000000000,35346024409,35347507110,1482701
32400000000,36000000000,35347507110,35354634837,7127727
32400000000,36000000000,35354634837,35363409338,8774501
32400000000,36000000000,35363409338,35366415768,3006430
32400000000,36000000000,35366415768,35367309361,893593
32400000000,36000000000,35367309361,35367309416,55
32400000000,36000000000,35367309416,35367309423,7
32400000000,36000000000,35367309423,35371564874,4255451
32400000000,36000000000,35371564874,35385867477,14302603
32400000000,36000000000,35385867477,35387337222,1469745
32400000000,36000000000,35387337222,35402567678,15230456
32400000000,36000000000,35402567678,35402574000,6322
32400000000,36000000000,35402574000,35403696939,1122939
32400000000,36000000000,35403696939,35404418078,721139
32400000000,36000000000,35404418078,35404418096,18
32400000000,36000000000,35404418096,35405193487,775391
32400000000,36000000000,35405193487,35405221935,28448
32400000000,36000000000,35405221935,35405946730,724795
32400000000,36000000000,35405946730,35405947118,388
32400000000,36000000000,35405947118,35405947123,5
32400000000,36000000000,35405947123,35406871423,924300
32400000000,36000000000,35406871423,35409877197,3005774
32400000000,36000000000,35409877197,35410684217,807020
32400000000,36000000000,35410684217,35410687963,3746
32400000000,36000000000,35410687963,35410690093,2130
32400000000,36000000000,35410690093,35410692681,2588
32400000000,36000000000,35410692681,35412139713,1447032
32400000000,36000000000,35412139713,35412139724,11
32400000000,36000000000,35412139724,35412139735,11
32400000000,36000000000,35412139735,35412139746,11
32400000000,36000000000,35412139746,35416994986,4855240
32400000000,36000000000,35416994986,35416995151,165
32400000000,36000000000,35416995151,35416995158,7
32400000000,36000000000,35416995158,35416995165,7
32400000000,36000000000,35416995165,35420315112,3319947
32400000000,36000000000,35420315112,35420315185,73
32400000000,36000000000,35420315185,35420315191,6
32400000000,36000000000,35420315191,35427156569,6841378
32400000000,36000000000,35427156569,35427156571,2
32400000000,36000000000,35427156571,35427156573,2
32400000000,36000000000,35427156573,35428829122,1672549
32400000000,36000000000,35428829122,35435936503,7107381
32400000000,36000000000,35435936503,35435936506,3
32400000000,36000000000,35435936506,35437338033,1401527
32400000000,36000000000,35437338033,35438125724,787691
32400000000,36000000000,35438125724,35443601030,5475306
32400000000,36000000000,35443601030,35445610750,2009720
32400000000,36000000000,35445610750,35445657062,46312
32400000000,36000000000,35445657062,35447332241,1675179
32400000000,36000000000,35447332241,35448157354,825113
32400000000,36000000000,35448157354,35449704573,1547219
32400000000,36000000000,35449704573,35455216724,5512151
32400000000,36000000000,35455216724,35455216727,3
32400000000,36000000000,35455216727,35456525828,1309101
32400000000,36000000000,35456525828,35457349882,824054
32400000000,36000000000,35457349882,35458774383,1424501
32400000000,36000000000,35458774383,35470404811,11630428
32400000000,36000000000,35470404811,35471279107,874296
32400000000,36000000000,35471279107,35479158494,7879387
32400000000,36000000000,35479158494,35480755402,1596908
32400000000,36000000000,35480755402,35483762101,3006699
32400000000,36000000000,35483762101,35484887248,1125147
32400000000,36000000000,35484887248,35484891596,4348
32400000000,36000000000,35484891596,35484894232,2636
32400000000,36000000000,35484894232,35486441398,1547166
32400000000,36000000000,35486441398,35486441432,34
32400000000,36000000000,35486441432,35499328824,12887392
32400000000,36000000000,35499328824,35499328827,3
32400000000,36000000000,35499328827,35500594831,1266004
32400000000,36000000000,35500594831,35509000451,8405620
32400000000,36000000000,35509000451,35510330539,1330088
32400000000,36000000000,35510330539,35514613196,4282657
32400000000,36000000000,35514613196,35516034076,1420880
32400000000,36000000000,35516034076,35530942793,14908717
32400000000,36000000000,35530942793,35532444515,1501722
32400000000,36000000000,35532444515,35532468460,23945
32400000000,36000000000,35532468460,35533928727,1460267
32400000000,36000000000,35533928727,35534749369,820642
32400000000,36000000000,35534749369,35536182850,1433481
32400000000,36000000000,35536182850,35545633113,9450263
32400000000,36000000000,35545633113,35547072763,1439650
32400000000,36000000000,35547072763,35548600244,1527481
32400000000,36000000000,35548600244,35554292516,5692272
32400000000,36000000000,35554292516,35561061094,6768578
32400000000,36000000000,35561061094,35564301557,3240463
32400000000,36000000000,35564301557,35564301615,58
32400000000,36000000000,35564301615,35564301620,5
32400000000,36000000000,35564301620,35580952020,16650400
32400000000,36000000000,35580952020,35582542884,1590864
32400000000,36000000000,35582542884,35595253008,12710124
32400000000,36000000000,35595253008,35596707536,1454528
32400000000,36000000000,35596707536,35606853861,10146325
32400000000,36000000000,35606853861,35607590674,736813
32400000000,36000000000,35607590674,35609152447,1561773
32400000000,36000000000,35609152447,35609168012,15565
32400000000,36000000000,35609168012,35610619303,1451291
32400000000,36000000000,35610619303,35615003981,4384678
32400000000,36000000000,35615003981,35616426084,1422103
32400000000,36000000000,35616426084,35616800108,374024
32400000000,36000000000,35616800108,35622393729,5593621
32400000000,36000000000,35622393729,35636323274,13929545
32400000000,36000000000,35636323274,35637647998,1324724
32400000000,36000000000,35637647998,35637686535,38537
32400000000,36000000000,35637686535,35637686575,40
32400000000,36000000000,35637686575,35641176747,3490172
32400000000,36000000000,35641176747,35641176816,69
32400000000,36000000000,35641176816,35641176821,5
32400000000,36000000000,35641176821,35641176826,5
32400000000,36000000000,35641176826,35643743813,2566987
32400000000,36000000000,35643743813,35643743841,28
32400000000,36000000000,35643743841,35643743846,5
32400000000,36000000000,35643743846,35650203175,6459329
32400000000,36000000000,35650203175,35650957911,754736
32400000000,36000000000,35650957911,35650980684,22773
32400000000,36000000000,35650980684,35651697915,717231
32400000000,36000000000,35651697915,35651711818,13903
32400000000,36000000000,35651711818,35652467553,755735
32400000000,36000000000,35652467553,35652467564,11
32400000000,36000000000,35652467564,35652481953,14389
32400000000,36000000000,35652481953,35653231712,749759
32400000000,36000000000,35653231712,35656180781,2949069
32400000000,36000000000,35656180781,35659163533,2982752
32400000000,36000000000,35659163533,35662491852,3328319
32400000000,36000000000,35662491852,35664044970,1553118
32400000000,36000000000,35664044970,35669541689,5496719
32400000000,36000000000,35669541689,35671012880,1471191
32400000000,36000000000,35671012880,35676008877,4995997
32400000000,36000000000,35676008877,35699140218,23131341
32400000000,36000000000,35699140218,35700609060,1468842
32400000000,36000000000,35700609060,35701412634,803574
32400000000,36000000000,35701412634,35701416906,4272
32400000000,36000000000,35701416906,35702914162,1497256
32400000000,36000000000,35702914162,35704421348,1507186
32400000000,36000000000,35704421348,35704424670,3322
32400000000,36000000000,35704424670,35705174588,749918
32400000000,36000000000,35705174588,35706214914,1040326
32400000000,36000000000,35706214914,35706261697,46783
32400000000,36000000000,35706261697,35707040046,778349
32400000000,36000000000,35707040046,35710821182,3781136
32400000000,36000000000,35710821182,35712236379,1415197
32400000000,36000000000,35712236379,35718546573,6310194
32400000000,36000000000,35718546573,35723733506,5186933
32400000000,36000000000,35723733506,35723738117,4611
32400000000,36000000000,35723738117,35723740647,2530
32400000000,36000000000,35723740647,35723742924,2277
32400000000,36000000000,35723742924,35724919856,1176932
32400000000,36000000000,35724919856,35725650189,730333
32400000000,36000000000,35725650189,35725650199,10
32400000000,36000000000,35725650199,35725650210,11
32400000000,36000000000,35725650210,35725650222,12
32400000000,36000000000,35725650222,35726415719,765497
32400000000,36000000000,35726415719,35726432124,16405
32400000000,36000000000,35726432124,35728414161,1982037
32400000000,36000000000,35728414161,35728429472,15311
32400000000,36000000000,35728429472,35729844943,1415471
32400000000,36000000000,35729844943,35731328618,1483675
32400000000,36000000000,35731328618,35732814563,1485945
32400000000,36000000000,35732814563,35732830616,16053
32400000000,36000000000,35732830616,35732835533,4917
32400000000,36000000000,35732835533,35732835535,2
32400000000,36000000000,35732835535,35734369290,1533755
32400000000,36000000000,35734369290,35734369308,18
32400000000,36000000000,35734369308,35736734668,2365360
32400000000,36000000000,35736734668,35738567437,1832769
32400000000,36000000000,35738567437,35742435407,3867970
32400000000,36000000000,35742435407,35746362852,3927445
32400000000,36000000000,35746362852,35746362879,27
32400000000,36000000000,35746362879,35746362884,5
32400000000,36000000000,35746362884,35750168029,3805145
32400000000,36000000000,35750168029,35751627883,1459854
32400000000,36000000000,35751627883,35751685199,57316
32400000000,36000000000,35751685199,35756474435,4789236
32400000000,36000000000,35756474435,35762957975,6483540
32400000000,36000000000,35762957975,35770971039,8013064
32400000000,36000000000,35770971039,35770971042,3
32400000000,36000000000,35770971042,35772497182,1526140
32400000000,36000000000,35772497182,35772519260,22078
32400000000,36000000000,35772519260,35790172180,17652920
32400000000,36000000000,35790172180,35791688375,1516195
32400000000,36000000000,35791688375,35792337813,649438
32400000000,36000000000,35792337813,35794230391,1892578
32400000000,36000000000,35794230391,35800356777,6126386
32400000000,36000000000,35800356777,35821576853,21220076
32400000000,36000000000,35821576853,35821582915,6062
32400000000,36000000000,35821582915,35823121179,1538264
32400000000,36000000000,35823121179,35833021766,9900587
32400000000,36000000000,35833021766,35834478043,1456277
32400000000,36000000000,35834478043,35834503506,25463
32400000000,36000000000,35834503506,35836347158,1843652
32400000000,36000000000,35836347158,35843241830,6894672
32400000000,36000000000,35843241830,35846743021,3501191
32400000000,36000000000,35846743021,35847462469,719448
32400000000,36000000000,35847462469,35848306341,843872
32400000000,36000000000,35848306341,35849017984,711643
32400000000,36000000000,35849017984,35849033326,15342
32400000000,36000000000,35849033326,35850440058,1406732
32400000000,36000000000,35850440058,35850468471,28413
32400000000,36000000000,35850468471,35851956512,1488041
32400000000,36000000000,35851956512,35853711908,1755396
32400000000,36000000000,35853711908,35855198181,1486273
32400000000,36000000000,35855198181,35859353340,4155159
32400000000,36000000000,35859353340,35859359054,5714
32400000000,36000000000,35859359054,35859367496,8442
32400000000,36000000000,35859367496,35859377727,10231
32400000000,36000000000,35859377727,35860243257,865530
32400000000,36000000000,35860243257,35861773542,1530285
32400000000,36000000000,35861773542,35861778068,4526
32400000000,36000000000,35861778068,35861783632,5564
32400000000,36000000000,35861783632,35865987007,4203375
32400000000,36000000000,35865987007,35867576236,1589229
32400000000,36000000000,35867576236,35875884548,8308312
32400000000,36000000000,35875884548,35878467095,2582547
32400000000,36000000000,35878467095,35880421066,1953971
32400000000,36000000000,35880421066,35883125330,2704264
32400000000,36000000000,35883125330,35883146508,21178
32400000000,36000000000,35883146508,35885730485,2583977
32400000000,36000000000,35885730485,35885730509,24
32400000000,36000000000,35885730509,35885730513,4
32400000000,36000000000,35885730513,35885754870,24357
32400000000,36000000000,35885754870,35886646019,891149
32400000000,36000000000,35886646019,35892403771,5757752
32400000000,36000000000,35892403771,35893978706,1574935
32400000000,36000000000,35893978706,35894001116,22410
32400000000,36000000000,35894001116,35894813333,812217
32400000000,36000000000,35894813333,35895599636,786303
32400000000,36000000000,35895599636,35897055879,1456243
32400000000,36000000000,35897055879,35897766453,710574
32400000000,36000000000,35897766453,35897784299,17846
32400000000,36000000000,35897784299,35905651986,7867687
32400000000,36000000000,35905651986,35908057589,2405603
32400000000,36000000000,35908057589,35908861508,803919
32400000000,36000000000,35908861508,35908861561,53
32400000000,36000000000,35908861561,35908861568,7
32400000000,36000000000,35908861568,35909612463,750895
32400000000,36000000000,35909612463,35919227808,9615345
32400000000,36000000000,35919227808,35925124976,5897168
32400000000,36000000000,35925124976,35945303569,20178593
32400000000,36000000000,35945303569,35945303569,0
32400000000,36000000000,35945303569,35947648417,2344848
32400000000,36000000000,35947648417,35952167870,4519453
32400000000,36000000000,35952167870,35955266366,3098496
32400000000,36000000000,35955266366,35957132057,1865691
32400000000,36000000000,35957132057,35972636587,15504530
32400000000,36000000000,35972636587,35972642569,5982
32400000000,36000000000,35972642569,35974059212,1416643
32400000000,36000000000,35974059212,35991229448,17170236
32400000000,36000000000,35991229448,35991241509,12061
32400000000,36000000000,35991241509,35992674564,1433055
32400000000,36000000000,35992674564,35992674568,4
32400000000,36000000000,35992674568,35992674569,1
32400000000,36000000000,35992674569,35993416938,742369
32400000000,36000000000,35993416938,35993417773,835
36000000000,39600000000,36002014685,36002725816,711131
36000000000,39600000000,36002725816,36002726006,190
36000000000,39600000000,36002726006,36002726011,5
36000000000,39600000000,36002726011,36002726016,5
36000000000,39600000000,36002726016,36003617316,891300
36000000000,39600000000,36003617316,36009449106,5831790
36000000000,39600000000,36009449106,36010790712,1341606
36000000000,39600000000,36010790712,36012936325,2145613
36000000000,39600000000,36012936325,36014983104,2046779
36000000000,39600000000,36014983104,36014983104,0
36000000000,39600000000,36014983104,36014996428,13324
36000000000,39600000000,36014996428,36014999171,2743
36000000000,39600000000,36014999171,36015001801,2630
36000000000,39600000000,36015001801,36015003701,1900
36000000000,39600000000,36015003701,36017243290,2239589
36000000000,39600000000,36017243290,36017243376,86
36000000000,39600000000,36017243376,36017243387,11
36000000000,39600000000,36017243387,36017243398,11
36000000000,39600000000,36017243398,36020684070,3440672
36000000000,39600000000,36020684070,36030977565,10293495
36000000000,39600000000,36030977565,36030977567,2
36000000000,39600000000,36030977567,36032437475,1459908
36000000000,39600000000,36032437475,36040074804,7637329
36000000000,39600000000,36040074804,36048891680,8816876
36000000000,39600000000,36048891680,36050685122,1793442
36000000000,39600000000,36050685122,36052847890,2162768
36000000000,39600000000,36052847890,36058052532,5204642
36000000000,39600000000,36058052532,36058052535,3
36000000000,39600000000,36058052535,36059521730,1469195
36000000000,39600000000,36059521730,36067387105,7865375
36000000000,39600000000,36067387105,36068809322,1422217
36000000000,39600000000,36068809322,36074845618,6036296
36000000000,39600000000,36074845618,36074845621,3
36000000000,39600000000,36074845621,36076375014,1529393
36000000000,39600000000,36076375014,36079388522,3013508
36000000000,39600000000,36079388522,36080851211,1462689
36000000000,39600000000,36080851211,36081651244,800033
36000000000,39600000000,36081651244,36083525917,1874673
36000000000,39600000000,36083525917,36084290041,764124
36000000000,39600000000,36084290041,36084290041,0
36000000000,39600000000,36084290041,36085764496,1474455
36000000000,39600000000,36085764496,36087370254,1605758
36000000000,39600000000,36087370254,36094307882,6937628
36000000000,39600000000,36094307882,36095048535,740653
36000000000,39600000000,36095048535,36096028068,979533
36000000000,39600000000,36096028068,36096028068,0
36000000000,39600000000,36096028068,36098504075,2476007
36000000000,39600000000,36098504075,36098504525,450
36000000000,39600000000,36098504525,36098504530,5
36000000000,39600000000,36098504530,36104317264,5812734
36000000000,39600000000,36104317264,36104342300,25036
36000000000,39600000000,36104342300,36106172353,1830053
36000000000,39600000000,36106172353,36106191448,19095
36000000000,39600000000,36106191448,36106191448,0
36000000000,39600000000,36106191448,36108525444,2333996
36000000000,39600000000,36108525444,36121111741,12586297
36000000000,39600000000,36121111741,36121111741,0
36000000000,39600000000,36121111741,36124097306,2985565
36000000000,39600000000,36124097306,36131311990,7214684
36000000000,39600000000,36131311990,36132123676,811686
36000000000,39600000000,36132123676,36132162457,38781
36000000000,39600000000,36132162457,36132165903,3446
36000000000,39600000000,36132165903,36132882404,716501
36000000000,39600000000,36132882404,36132897922,15518
36000000000,39600000000,36132897922,36134426290,1528368
36000000000,39600000000,36134426290,36134426301,11
36000000000,39600000000,36134426301,36135180702,754401
36000000000,39600000000,36135180702,36135968186,787484
36000000000,39600000000,36135968186,36135968269,83
36000000000,39600000000,36135968269,36135968295,26
36000000000,39600000000,36135968295,36137854894,1886599
36000000000,39600000000,36137854894,36139401813,1546919
36000000000,39600000000,36139401813,36147585298,8183485
36000000000,39600000000,36147585298,36147600415,15117
36000000000,39600000000,36147600415,36148349923,749508
36000000000,39600000000,36148349923,36148349923,0
36000000000,39600000000,36148349923,36149041574,691651
36000000000,39600000000,36149041574,36151984851,2943277
36000000000,39600000000,36151984851,36152818079,833228
36000000000,39600000000,36152818079,36154299502,1481423
36000000000,39600000000,36154299502,36155931453,1631951
36000000000,39600000000,36155931453,36157746121,1814668
36000000000,39600000000,36157746121,36160096921,2350800
36000000000,39600000000,36160096921,36160099665,2744
36000000000,39600000000,36160099665,36161426996,1327331
36000000000,39600000000,36161426996,36161427006,10
36000000000,39600000000,36161427006,36162170656,743650
36000000000,39600000000,36162170656,36164547330,2376674
36000000000,39600000000,36164547330,36165375652,828322
36000000000,39600000000,36165375652,36165390775,15123
36000000000,39600000000,36165390775,36166294468,903693
36000000000,39600000000,36166294468,36167132779,838311
36000000000,39600000000,36167132779,36169808254,2675475
36000000000,39600000000,36169808254,36170570925,762671
36000000000,39600000000,36170570925,36170570925,0
36000000000,39600000000,36170570925,36171371918,800993
36000000000,39600000000,36171371918,36171371918,0
36000000000,39600000000,36171371918,36171376363,4445
36000000000,39600000000,36171376363,36171376363,0
36000000000,39600000000,36171376363,36172109286,732923
36000000000,39600000000,36172109286,36172109286,0
36000000000,39600000000,36172109286,36172796033,686747
36000000000,39600000000,36172796033,36172796033,0
36000000000,39600000000,36172796033,36176569708,3773675
36000000000,39600000000,36176569708,36177424455,854747
36000000000,39600000000,36177424455,36177425189,734
36000000000,39600000000,36177425189,36180939040,3513851
36000000000,39600000000,36180939040,36183839699,2900659
36000000000,39600000000,36183839699,36183980466,140767
36000000000,39600000000,36183980466,36185620937,1640471
36000000000,39600000000,36185620937,36186362000,741063
36000000000,39600000000,36186362000,36188518339,2156339
36000000000,39600000000,36188518339,36190478099,1959760
36000000000,39600000000,36190478099,36193810353,3332254
36000000000,39600000000,36193810353,36194663711,853358
36000000000,39600000000,36194663711,36194706055,42344
36000000000,39600000000,36194706055,36195528291,822236
36000000000,39600000000,36195528291,36195548993,20702
36000000000,39600000000,36195548993,36195558560,9567
36000000000,39600000000,36195558560,36196468158,909598
36000000000,39600000000,36196468158,36196468158,0
36000000000,39600000000,36196468158,36196500459,32301
36000000000,39600000000,36196500459,36196522582,22123
36000000000,39600000000,36196522582,36197323850,801268
36000000000,39600000000,36197323850,36197323881,31
36000000000,39600000000,36197323881,36198217381,893500
36000000000,39600000000,36198217381,36198219984,2603
36000000000,39600000000,36198219984,36201819402,3599418
36000000000,39600000000,36201819402,36204905969,3086567
36000000000,39600000000,36204905969,36207187307,2281338
36000000000,39600000000,36207187307,36208080712,893405
36000000000,39600000000,36208080712,36208081070,358
36000000000,39600000000,36208081070,36208081075,5
36000000000,39600000000,36208081075,36219142656,11061581
36000000000,39600000000,36219142656,36219846584,703928
36000000000,39600000000,36219846584,36220580479,733895
36000000000,39600000000,36220580479,36226135094,5554615
36000000000,39600000000,36226135094,36226135191,97
36000000000,39600000000,36226135191,36226135197,6
36000000000,39600000000,36226135197,36226135203,6
36000000000,39600000000,36226135203,36238203695,12068492
36000000000,39600000000,36238203695,36239711058,1507363
36000000000,39600000000,36239711058,36240557494,846436
36000000000,39600000000,36240557494,36247190928,6633434
36000000000,39600000000,36247190928,36252773426,5582498
36000000000,39600000000,36252773426,36254334353,1560927
36000000000,39600000000,36254334353,36254356276,21923
36000000000,39600000000,36254356276,36255131479,775203
36000000000,39600000000,36255131479,36255993791,862312
36000000000,39600000000,36255993791,36279454005,23460214
36000000000,39600000000,36279454005,36279582413,128408
36000000000,39600000000,36279582413,36280973785,1391372
36000000000,39600000000,36280973785,36280973789,4
36000000000,39600000000,36280973789,36280973804,15
36000000000,39600000000,36280973804,36280973808,4
36000000000,39600000000,36280973808,36281696346,722538
36000000000,39600000000,36281696346,36281696350,4
36000000000,39600000000,36281696350,36281696384,34
36000000000,39600000000,36281696384,36282393354,696970
36000000000,39600000000,36282393354,36286957456,4564102
36000000000,39600000000,36286957456,36288481188,1523732
36000000000,39600000000,36288481188,36293308345,4827157
36000000000,39600000000,36293308345,36293308348,3
36000000000,39600000000,36293308348,36294964723,1656375
36000000000,39600000000,36294964723,36301892885,6928162
36000000000,39600000000,36301892885,36301892942,57
36000000000,39600000000,36301892942,36301892947,5
36000000000,39600000000,36301892947,36304891048,2998101
36000000000,39600000000,36304891048,36304909205,18157
36000000000,39600000000,36304909205,36308332838,3423633
36000000000,39600000000,36308332838,36308332843,5
36000000000,39600000000,36308332843,36308332918,75
36000000000,39600000000,36308332918,36308976407,643489
36000000000,39600000000,36308976407,36308976411,4
36000000000,39600000000,36308976411,36309666272,689861
36000000000,39600000000,36309666272,36311680695,2014423
36000000000,39600000000,36311680695,36311682905,2210
36000000000,39600000000,36311682905,36313052744,1369839
36000000000,39600000000,36313052744,36313052755,11
36000000000,39600000000,36313052755,36313075978,23223
36000000000,39600000000,36313075978,36314534809,1458831
36000000000,39600000000,36314534809,36316831237,2296428
36000000000,39600000000,36316831237,36317663485,832248
36000000000,39600000000,36317663485,36317700371,36886
36000000000,39600000000,36317700371,36317709192,8821
36000000000,39600000000,36317709192,36317712281,3089
36000000000,39600000000,36317712281,36318500191,787910
36000000000,39600000000,36318500191,36321231109,2730918
36000000000,39600000000,36321231109,36321231126,17
36000000000,39600000000,36321231126,36321231362,236
36000000000,39600000000,36321231362,36321266666,35304
36000000000,39600000000,36321266666,36324894503,3627837
36000000000,39600000000,36324894503,36326441794,1547291
36000000000,39600000000,36326441794,36333638004,7196210
36000000000,39600000000,36333638004,36333638006,2
36000000000,39600000000,36333638006,36335487395,1849389
36000000000,39600000000,36335487395,36339032075,3544680
36000000000,39600000000,36339032075,36339880576,848501
36000000000,39600000000,36339880576,36339881135,559
36000000000,39600000000,36339881135,36341488991,1607856
36000000000,39600000000,36341488991,36343454769,1965778
36000000000,39600000000,36343454769,36343454786,17
36000000000,39600000000,36343454786,36349897577,6442791
36000000000,39600000000,36349897577,36355035788,5138211
36000000000,39600000000,36355035788,36355828133,792345
36000000000,39600000000,36355828133,36357368231,1540098
36000000000,39600000000,36357368231,36360715215,3346984
36000000000,39600000000,36360715215,36361566013,850798
36000000000,39600000000,36361566013,36361566016,3
36000000000,39600000000,36361566016,36363306758,1740742
36000000000,39600000000,36363306758,36366883152,3576394
36000000000,39600000000,36366883152,36371356433,4473281
36000000000,39600000000,36371356433,36371356436,3
36000000000,39600000000,36371356436,36372171818,815382
36000000000,39600000000,36372171818,36376519169,4347351
36000000000,39600000000,36376519169,36378145547,1626378
36000000000,39600000000,36378145547,36379785752,1640205
36000000000,39600000000,36379785752,36381456566,1670814
36000000000,39600000000,36381456566,36383970570,2514004
36000000000,39600000000,36383970570,36394583219,10612649
36000000000,39600000000,36394583219,36412467897,17884678
36000000000,39600000000,36412467897,36412467973,76
36000000000,39600000000,36412467973,36413350741,882768
36000000000,39600000000,36413350741,36414921823,1571082
36000000000,39600000000,36414921823,36415788318,866495
36000000000,39600000000,36415788318,36418468362,2680044
36000000000,39600000000,36418468362,36418468403,41
36000000000,39600000000,36418468403,36420940590,2472187
36000000000,39600000000,36420940590,36420940656,66
36000000000,39600000000,36420940656,36424187954,3247298
36000000000,39600000000,36424187954,36424188157,203
36000000000,39600000000,36424188157,36424188165,8
36000000000,39600000000,36424188165,36430060819,5872654
36000000000,39600000000,36430060819,36433660378,3599559
36000000000,39600000000,36433660378,36433678903,18525
36000000000,39600000000,36433678903,36433686518,7615
36000000000,39600000000,36433686518,36435109240,1422722
36000000000,39600000000,36435109240,36435150259,41019
36000000000,39600000000,36435150259,36438062702,2912443
36000000000,39600000000,36438062702,36439204660,1141958
36000000000,39600000000,36439204660,36439923154,718494
36000000000,39600000000,36439923154,36441013784,1090630
36000000000,39600000000,36441013784,36441045103,31319
36000000000,39600000000,36441045103,36441893607,848504
36000000000,39600000000,36441893607,36445759587,3865980
36000000000,39600000000,36445759587,36451196686,5437099
36000000000,39600000000,36451196686,36452801240,1604554
36000000000,39600000000,36452801240,36457679146,4877906
36000000000,39600000000,36457679146,36459191408,1512262
36000000000,39600000000,36459191408,36461707642,2516234
36000000000,39600000000,36461707642,36463160048,1452406
36000000000,39600000000,36463160048,36473375648,10215600
36000000000,39600000000,36473375648,36475844924,2469276
36000000000,39600000000,36475844924,36477376962,1532038
36000000000,39600000000,36477376962,36477376966,4
36000000000,39600000000,36477376966,36477391615,14649
36000000000,39600000000,36477391615,36477392094,479
36000000000,39600000000,36477392094,36477392099,5
36000000000,39600000000,36477392099,36478249610,857511
36000000000,39600000000,36478249610,36486476666,8227056
36000000000,39600000000,36486476666,36487987936,1511270
36000000000,39600000000,36487987936,36490411334,2423398
36000000000,39600000000,36490411334,36492293401,1882067
36000000000,39600000000,36492293401,36495860867,3567466
36000000000,39600000000,36495860867,36503743456,7882589
36000000000,39600000000,36503743456,36510288059,6544603
36000000000,39600000000,36510288059,36511660107,1372048
36000000000,39600000000,36511660107,36512422460,762353
36000000000,39600000000,36512422460,36514238671,1816211
36000000000,39600000000,36514238671,36519694570,5455899
36000000000,39600000000,36519694570,36521149323,1454753
36000000000,39600000000,36521149323,36525076966,3927643
36000000000,39600000000,36525076966,36527413050,2336084
36000000000,39600000000,36527413050,36536168666,8755616
36000000000,39600000000,36536168666,36540886768,4718102
36000000000,39600000000,36540886768,36542421972,1535204
36000000000,39600000000,36542421972,36544856211,2434239
36000000000,39600000000,36544856211,36545986429,1130218
36000000000,39600000000,36545986429,36546743023,756594
36000000000,39600000000,36546743023,36559037213,12294190
36000000000,39600000000,36559037213,36559042224,5011
36000000000,39600000000,36559042224,36559042230,6
36000000000,39600000000,36559042230,36559042266,36
36000000000,39600000000,36559042266,36560118678,1076412
36000000000,39600000000,36560118678,36570975131,10856453
36000000000,39600000000,36570975131,36570975177,46
36000000000,39600000000,36570975177,36572555589,1580412
36000000000,39600000000,36572555589,36573314383,758794
36000000000,39600000000,36573314383,36580107326,6792943
36000000000,39600000000,36580107326,36581854039,1746713
36000000000,39600000000,36581854039,36586398278,4544239
36000000000,39600000000,36586398278,36592355940,5957662
36000000000,39600000000,36592355940,36592356710,770
36000000000,39600000000,36592356710,36592356730,20
36000000000,39600000000,36592356730,36601209323,8852593
36000000000,39600000000,36601209323,36602383068,1173745
36000000000,39600000000,36602383068,36603236556,853488
36000000000,39600000000,36603236556,36605583456,2346900
36000000000,39600000000,36605583456,36605583462,6
36000000000,39600000000,36605583462,36607126435,1542973
36000000000,39600000000,36607126435,36607916233,789798
36000000000,39600000000,36607916233,36611758186,3841953
36000000000,39600000000,36611758186,36612935849,1177663
36000000000,39600000000,36612935849,36613705043,769194
36000000000,39600000000,36613705043,36614463978,758935
36000000000,39600000000,36614463978,36623650365,9186387
36000000000,39600000000,36623650365,36624875474,1225109
36000000000,39600000000,36624875474,36624878968,3494
36000000000,39600000000,36624878968,36625554165,675197
36000000000,39600000000,36625554165,36626320099,765934
36000000000,39600000000,36626320099,36626320110,11
36000000000,39600000000,36626320110,36627206362,886252
36000000000,39600000000,36627206362,36628785533,1579171
36000000000,39600000000,36628785533,36630327435,1541902
36000000000,39600000000,36630327435,36633573420,3245985
36000000000,39600000000,36633573420,36636980776,3407356
36000000000,39600000000,36636980776,36636983670,2894
36000000000,39600000000,36636983670,36636985738,2068
36000000000,39600000000,36636985738,36636987561,1823
36000000000,39600000000,36636987561,36638460143,1472582
36000000000,39600000000,36638460143,36638460239,96
36000000000,39600000000,36638460239,36638460267,28
36000000000,39600000000,36638460267,36638460279,12
36000000000,39600000000,36638460279,36640801845,2341566
36000000000,39600000000,36640801845,36642287228,1485383
36000000000,39600000000,36642287228,36648307255,6020027
36000000000,39600000000,36648307255,36648307257,2
36000000000,39600000000,36648307257,36649021314,714057
36000000000,39600000000,36649021314,36649735855,714541
36000000000,39600000000,36649735855,36650462995,727140
36000000000,39600000000,36650462995,36651257014,794019
36000000000,39600000000,36651257014,36659707187,8450173
36000000000,39600000000,36659707187,36663408091,3700904
36000000000,39600000000,36663408091,36673743025,10334934
36000000000,39600000000,36673743025,36673753601,10576
36000000000,39600000000,36673753601,36673753604,3
36000000000,39600000000,36673753604,36674454010,700406
36000000000,39600000000,36674454010,36675105150,651140
36000000000,39600000000,36675105150,36675105189,39
36000000000,39600000000,36675105189,36675124831,19642
36000000000,39600000000,36675124831,36675130122,5291
36000000000,39600000000,36675130122,36675868788,738666
36000000000,39600000000,36675868788,36675890487,21699
36000000000,39600000000,36675890487,36677205979,1315492
36000000000,39600000000,36677205979,36677579403,373424
36000000000,39600000000,36677579403,36678302634,723231
36000000000,39600000000,36678302634,36687166811,8864177
36000000000,39600000000,36687166811,36689007366,1840555
36000000000,39600000000,36689007366,36705420516,16413150
36000000000,39600000000,36705420516,36713108460,7687944
36000000000,39600000000,36713108460,36714619192,1510732
36000000000,39600000000,36714619192,36715356736,737544
36000000000,39600000000,36715356736,36720035435,4678699
36000000000,39600000000,36720035435,36720035801,366
36000000000,39600000000,36720035801,36720035928,127
36000000000,39600000000,36720035928,36720035933,5
36000000000,39600000000,36720035933,36725819669,5783736
36000000000,39600000000,36725819669,36728803589,2983920
36000000000,39600000000,36728803589,36748388394,19584805
36000000000,39600000000,36748388394,36749865819,1477425
36000000000,39600000000,36749865819,36774316549,24450730
36000000000,39600000000,36774316549,36774322274,5725
36000000000,39600000000,36774322274,36775040918,718644
36000000000,39600000000,36775040918,36775040921,3
36000000000,39600000000,36775040921,36775785151,744230
36000000000,39600000000,36775785151,36776503673,718522
36000000000,39600000000,36776503673,36776517275,13602
36000000000,39600000000,36776517275,36778368818,1851543
36000000000,39600000000,36778368818,36792067337,13698519
36000000000,39600000000,36792067337,36794268044,2200707
36000000000,39600000000,36794268044,36800347903,6079859
36000000000,39600000000,36800347903,36803061112,2713209
36000000000,39600000000,36803061112,36804892269,1831157
36000000000,39600000000,36804892269,36808447588,3555319
36000000000,39600000000,36808447588,36808463490,15902
36000000000,39600000000,36808463490,36808480358,16868
36000000000,39600000000,36808480358,36808483415,3057
36000000000,39600000000,36808483415,36810337320,1853905
36000000000,39600000000,36810337320,36810337332,12
36000000000,39600000000,36810337332,36810337344,12
36000000000,39600000000,36810337344,36823553987,13216643
36000000000,39600000000,36823553987,36832711855,9157868
36000000000,39600000000,36832711855,36834181358,1469503
36000000000,39600000000,36834181358,36837963190,3781832
36000000000,39600000000,36837963190,36838733111,769921
36000000000,39600000000,36838733111,36840051080,1317969
36000000000,39600000000,36840051080,36840796780,745700
36000000000,39600000000,36840796780,36842633417,1836637
36000000000,39600000000,36842633417,36843400031,766614
36000000000,39600000000,36843400031,36844935042,1535011
36000000000,39600000000,36844935042,36846538907,1603865
36000000000,39600000000,36846538907,36848084012,1545105
36000000000,39600000000,36848084012,36848104672,20660
36000000000,39600000000,36848104672,36849706561,1601889
36000000000,39600000000,36849706561,36851211956,1505395
36000000000,39600000000,36851211956,36851948170,736214
36000000000,39600000000,36851948170,36856289397,4341227
36000000000,39600000000,36856289397,36856294958,5561
36000000000,39600000000,36856294958,36856298225,3267
36000000000,39600000000,36856298225,36857085672,787447
36000000000,39600000000,36857085672,36857795946,710274
36000000000,39600000000,36857795946,36857795958,12
36000000000,39600000000,36857795958,36857795969,11
36000000000,39600000000,36857795969,36857817507,21538
36000000000,39600000000,36857817507,36858558309,740802
36000000000,39600000000,36858558309,36859323232,764923
36000000000,39600000000,36859323232,36861824647,2501415
36000000000,39600000000,36861824647,36863673792,1849145
36000000000,39600000000,36863673792,36863673848,56
36000000000,39600000000,36863673848,36863673852,4
36000000000,39600000000,36863673852,36864472807,798955
36000000000,39600000000,36864472807,36865959933,1487126
36000000000,39600000000,36865959933,36867570029,1610096
36000000000,39600000000,36867570029,36873499927,5929898
36000000000,39600000000,36873499927,36876588309,3088382
36000000000,39600000000,36876588309,36878324819,1736510
36000000000,39600000000,36878324819,36879304448,979629
36000000000,39600000000,36879304448,36880221151,916703
36000000000,39600000000,36880221151,36880243471,22320
36000000000,39600000000,36880243471,36880246108,2637
36000000000,39600000000,36880246108,36880248326,2218
36000000000,39600000000,36880248326,36882019495,1771169
36000000000,39600000000,36882019495,36882019507,12
36000000000,39600000000,36882019507,36882019518,11
36000000000,39600000000,36882019518,36882019529,11
36000000000,39600000000,36882019529,36883708751,1689222
36000000000,39600000000,36883708751,36885770517,2061766
36000000000,39600000000,36885770517,36892695895,6925378
36000000000,39600000000,36892695895,36895200214,2504319
36000000000,39600000000,36895200214,36895200218,4
36000000000,39600000000,36895200218,36896446301,1246083
36000000000,39600000000,36896446301,36900973824,4527523
36000000000,39600000000,36900973824,36902634274,1660450
36000000000,39600000000,36902634274,36906026099,3391825
36000000000,39600000000,36906026099,36908116029,2089930
36000000000,39600000000,36908116029,36911700768,3584739
36000000000,39600000000,36911700768,36915064146,3363378
36000000000,39600000000,36915064146,36915916766,852620
36000000000,39600000000,36915916766,36916723431,806665
36000000000,39600000000,36916723431,36916726037,2606
36000000000,39600000000,36916726037,36917881741,1155704
36000000000,39600000000,36917881741,36919515807,1634066
36000000000,39600000000,36919515807,36919515829,22
36000000000,39600000000,36919515829,36925670934,6155105
36000000000,39600000000,36925670934,36929350071,3679137
36000000000,39600000000,36929350071,36929374635,24564
36000000000,39600000000,36929374635,36929377099,2464
36000000000,39600000000,36929377099,36929379790,2691
36000000000,39600000000,36929379790,36929384254,4464
36000000000,39600000000,36929384254,36930921116,1536862
36000000000,39600000000,36930921116,36930921173,57
36000000000,39600000000,36930921173,36930925285,4112
36000000000,39600000000,36930925285,36930925296,11
36000000000,39600000000,36930925296,36930925628,332
36000000000,39600000000,36930925628,36937725020,6799392
36000000000,39600000000,36937725020,36941931828,4206808
36000000000,39600000000,36941931828,36941936783,4955
36000000000,39600000000,36941936783,36943512179,1575396
36000000000,39600000000,36943512179,36943512190,11
36000000000,39600000000,36943512190,36948447004,4934814
36000000000,39600000000,36948447004,36948447006,2
36000000000,39600000000,36948447006,36950266646,1819640
36000000000,39600000000,36950266646,36951044119,777473
36000000000,39600000000,36951044119,36953191893,2147774
36000000000,39600000000,36953191893,36954287565,1095672
36000000000,39600000000,36954287565,36955736790,1449225
36000000000,39600000000,36955736790,36957228652,1491862
36000000000,39600000000,36957228652,36958780782,1552130
36000000000,39600000000,36958780782,36958798041,17259
36000000000,39600000000,36958798041,36960291747,1493706
36000000000,39600000000,36960291747,36961412600,1120853
36000000000,39600000000,36961412600,36964382264,2969664
36000000000,39600000000,36964382264,36964385032,2768
36000000000,39600000000,36964385032,36965118502,733470
36000000000,39600000000,36965118502,36965905558,787056
36000000000,39600000000,36965905558,36967482334,1576776
36000000000,39600000000,36967482334,36967482834,500
36000000000,39600000000,36967482834,36970116350,2633516
36000000000,39600000000,36970116350,36972054325,1937975
36000000000,39600000000,36972054325,36978087537,6033212
36000000000,39600000000,36978087537,36978098616,11079
36000000000,39600000000,36978098616,36978098619,3
36000000000,39600000000,36978098619,36979578392,1479773
36000000000,39600000000,36979578392,36979578396,4
36000000000,39600000000,36979578396,36979578397,1
36000000000,39600000000,36979578397,36979578429,32
36000000000,39600000000,36979578429,36979603548,25119
36000000000,39600000000,36979603548,36980412135,808587
36000000000,39600000000,36980412135,36980412340,205
36000000000,39600000000,36980412340,36984912464,4500124
36000000000,39600000000,36984912464,36986438624,1526160
36000000000,39600000000,36986438624,36991736602,5297978
36000000000,39600000000,36991736602,37002227430,10490828
36000000000,39600000000,37002227430,37015798735,13571305
36000000000,39600000000,37015798735,37017289828,1491093
36000000000,39600000000,37017289828,37023036760,5746932
36000000000,39600000000,37023036760,37024538170,1501410
36000000000,39600000000,37024538170,37030195588,5657418
36000000000,39600000000,37030195588,37036820592,6625004
36000000000,39600000000,37036820592,37037650449,829857
36000000000,39600000000,37037650449,37037655188,4739
36000000000,39600000000,37037655188,37037657129,1941
36000000000,39600000000,37037657129,37037659767,2638
36000000000,39600000000,37037659767,37037663803,4036
36000000000,39600000000,37037663803,37037666095,2292
36000000000,39600000000,37037666095,37037668227,2132
36000000000,39600000000,37037668227,37040012135,2343908
36000000000,39600000000,37040012135,37040012138,3
36000000000,39600000000,37040012138,37040012161,23
36000000000,39600000000,37040012161,37040012173,12
36000000000,39600000000,37040012173,37040012185,12
36000000000,39600000000,37040012185,37040012197,12
36000000000,39600000000,37040012197,37040012209,12
36000000000,39600000000,37040012209,37040012221,12
36000000000,39600000000,37040012221,37040857098,844877
36000000000,39600000000,37040857098,37046750338,5893240
36000000000,39600000000,37046750338,37046761282,10944
36000000000,39600000000,37046761282,37048406529,1645247
36000000000,39600000000,37048406529,37049285655,879126
36000000000,39600000000,37049285655,37049286263,608
36000000000,39600000000,37049286263,37050901623,1615360
36000000000,39600000000,37050901623,37052928254,2026631
36000000000,39600000000,37052928254,37052928257,3
36000000000,39600000000,37052928257,37052928258,1
36000000000,39600000000,37052928258,37054532414,1604156
36000000000,39600000000,37054532414,37054532839,425
36000000000,39600000000,37054532839,37060110789,5577950
36000000000,39600000000,37060110789,37062668975,2558186
36000000000,39600000000,37062668975,37074330522,11661547
36000000000,39600000000,37074330522,37076305477,1974955
36000000000,39600000000,37076305477,37077951896,1646419
36000000000,39600000000,37077951896,37077967287,15391
36000000000,39600000000,37077967287,37077967534,247
36000000000,39600000000,37077967534,37078916045,948511
36000000000,39600000000,37078916045,37079738155,822110
36000000000,39600000000,37079738155,37084588244,4850089
36000000000,39600000000,37084588244,37086033365,1445121
36000000000,39600000000,37086033365,37088849916,2816551
36000000000,39600000000,37088849916,37088974786,124870
36000000000,39600000000,37088974786,37090417442,1442656
36000000000,39600000000,37090417442,37090417459,17
36000000000,39600000000,37090417459,37092332211,1914752
36000000000,39600000000,37092332211,37097814702,5482491
36000000000,39600000000,37097814702,37099526017,1711315
36000000000,39600000000,37099526017,37101040118,1514101
36000000000,39600000000,37101040118,37101043987,3869
36000000000,39600000000,37101043987,37101047765,3778
36000000000,39600000000,37101047765,37101050091,2326
36000000000,39600000000,37101050091,37102881631,1831540
36000000000,39600000000,37102881631,37102881643,12
36000000000,39600000000,37102881643,37102881662,19
36000000000,39600000000,37102881662,37102882554,892
36000000000,39600000000,37102882554,37105614820,2732266
36000000000,39600000000,37105614820,37109510543,3895723
36000000000,39600000000,37109510543,37112114877,2604334
36000000000,39600000000,37112114877,37112115134,257
36000000000,39600000000,37112115134,37112115139,5
36000000000,39600000000,37112115139,37123563468,11448329
36000000000,39600000000,37123563468,37124328651,765183
36000000000,39600000000,37124328651,37124328678,27
36000000000,39600000000,37124328678,37124328683,5
36000000000,39600000000,37124328683,37127933729,3605046
36000000000,39600000000,37127933729,37134837726,6903997
36000000000,39600000000,37134837726,37134837729,3
36000000000,39600000000,37134837729,37136427050,1589321
36000000000,39600000000,37136427050,37138612699,2185649
36000000000,39600000000,37138612699,37140091610,1478911
36000000000,39600000000,37140091610,37148652544,8560934
36000000000,39600000000,37148652544,37148652925,381
36000000000,39600000000,37148652925,37148652932,7
36000000000,39600000000,37148652932,37148652939,7
36000000000,39600000000,37148652939,37150870525,2217586
36000000000,39600000000,37150870525,37151620604,750079
36000000000,39600000000,37151620604,37152410434,789830
36000000000,39600000000,37152410434,37153931332,1520898
36000000000,39600000000,37153931332,37153931536,204
36000000000,39600000000,37153931536,37158174096,4242560
36000000000,39600000000,37158174096,37158928256,754160
36000000000,39600000000,37158928256,37158928713,457
36000000000,39600000000,37158928713,37158928718,5
36000000000,39600000000,37158928718,37162285977,3357259
36000000000,39600000000,37162285977,37162289800,3823
36000000000,39600000000,37162289800,37163842669,1552869
36000000000,39600000000,37163842669,37163842687,18
36000000000,39600000000,37163842687,37163842691,4
36000000000,39600000000,37163842691,37163842692,1
36000000000,39600000000,37163842692,37164676690,833998
36000000000,39600000000,37164676690,37164676867,177
36000000000,39600000000,37164676867,37172308587,7631720
36000000000,39600000000,37172308587,37172317825,9238
36000000000,39600000000,37172317825,37172317987,162
36000000000,39600000000,37172317987,37172317996,9
36000000000,39600000000,37172317996,37173947829,1629833
36000000000,39600000000,37173947829,37174694627,746798
36000000000,39600000000,37174694627,37176256103,1561476
36000000000,39600000000,37176256103,37176594985,338882
36000000000,39600000000,37176594985,37177322558,727573
36000000000,39600000000,37177322558,37178137991,815433
36000000000,39600000000,37178137991,37178168301,30310
36000000000,39600000000,37178168301,37179661646,1493345
36000000000,39600000000,37179661646,37179683930,22284
36000000000,39600000000,37179683930,37181068419,1384489
36000000000,39600000000,37181068419,37188816994,7748575
36000000000,39600000000,37188816994,37188821059,4065
36000000000,39600000000,37188821059,37188823045,1986
36000000000,39600000000,37188823045,37190310294,1487249
36000000000,39600000000,37190310294,37190310312,18
36000000000,39600000000,37190310312,37190310323,11
36000000000,39600000000,37190310323,37191816604,1506281
36000000000,39600000000,37191816604,37193299422,1482818
36000000000,39600000000,37193299422,37193330254,30832
36000000000,39600000000,37193330254,37193330381,127
36000000000,39600000000,37193330381,37193330388,7
36000000000,39600000000,37193330388,37200640748,7310360
36000000000,39600000000,37200640748,37200640751,3
36000000000,39600000000,37200640751,37201422995,782244
36000000000,39600000000,37201422995,37202174353,751358
36000000000,39600000000,37202174353,37202960718,786365
36000000000,39600000000,37202960718,37202960722,4
36000000000,39600000000,37202960722,37202960723,1
36000000000,39600000000,37202960723,37202976400,15677
36000000000,39600000000,37202976400,37202976497,97
36000000000,39600000000,37202976497,37202989266,12769
36000000000,39600000000,37202989266,37203672489,683223
36000000000,39600000000,37203672489,37203672532,43
36000000000,39600000000,37203672532,37204405381,732849
36000000000,39600000000,37204405381,37208818318,4412937
36000000000,39600000000,37208818318,37210735668,1917350
36000000000,39600000000,37210735668,37211445423,709755
36000000000,39600000000,37211445423,37212845294,1399871
36000000000,39600000000,37212845294,37212858314,13020
36000000000,39600000000,37212858314,37213564732,706418
36000000000,39600000000,37213564732,37213567096,2364
36000000000,39600000000,37213567096,37214200422,633326
36000000000,39600000000,37214200422,37214914756,714334
36000000000,39600000000,37214914756,37214914780,24
36000000000,39600000000,37214914780,37215688056,773276
36000000000,39600000000,37215688056,37218941260,3253204
36000000000,39600000000,37218941260,37225747275,6806015
36000000000,39600000000,37225747275,37225763114,15839
36000000000,39600000000,37225763114,37225770441,7327
36000000000,39600000000,37225770441,37227418409,1647968
36000000000,39600000000,37227418409,37228231990,813581
36000000000,39600000000,37228231990,37228232171,181
36000000000,39600000000,37228232171,37228232376,205
36000000000,39600000000,37228232376,37229814499,1582123
36000000000,39600000000,37229814499,37235891464,6076965
36000000000,39600000000,37235891464,37237503631,1612167
36000000000,39600000000,37237503631,37237563288,59657
36000000000,39600000000,37237563288,37237563290,2
36000000000,39600000000,37237563290,37238351682,788392
36000000000,39600000000,37238351682,37239080576,728894
36000000000,39600000000,37239080576,37239872962,792386
36000000000,39600000000,37239872962,37239890045,17083
36000000000,39600000000,37239890045,37241293973,1403928
36000000000,39600000000,37241293973,37250782003,9488030
36000000000,39600000000,37250782003,37251564622,782619
36000000000,39600000000,37251564622,37251567035,2413
36000000000,39600000000,37251567035,37251568812,1777
36000000000,39600000000,37251568812,37252307514,738702
36000000000,39600000000,37252307514,37252682334,374820
36000000000,39600000000,37252682334,37253480145,797811
36000000000,39600000000,37253480145,37253480164,19
36000000000,39600000000,37253480164,37253480175,11
36000000000,39600000000,37253480175,37254307948,827773
36000000000,39600000000,37254307948,37259510969,5203021
36000000000,39600000000,37259510969,37259510996,27
36000000000,39600000000,37259510996,37259511001,5
36000000000,39600000000,37259511001,37262114434,2603433
36000000000,39600000000,37262114434,37264062028,1947594
36000000000,39600000000,37264062028,37264062155,127
36000000000,39600000000,37264062155,37264062160,5
36000000000,39600000000,37264062160,37265821304,1759144
36000000000,39600000000,37265821304,37265838090,16786
36000000000,39600000000,37265838090,37267511725,1673635
36000000000,39600000000,37267511725,37273260360,5748635
36000000000,39600000000,37273260360,37276817989,3557629
36000000000,39600000000,37276817989,37277590837,772848
36000000000,39600000000,37277590837,37277595913,5076
36000000000,39600000000,37277595913,37277598927,3014
36000000000,39600000000,37277598927,37277602129,3202
36000000000,39600000000,37277602129,37277602132,3
36000000000,39600000000,37277602132,37279075078,1472946
36000000000,39600000000,37279075078,37279075095,17
36000000000,39600000000,37279075095,37279075099,4
36000000000,39600000000,37279075099,37279075156,57
36000000000,39600000000,37279075156,37279075251,95
36000000000,39600000000,37279075251,37279844145,768894
36000000000,39600000000,37279844145,37282278138,2433993
36000000000,39600000000,37282278138,37283880077,1601939
36000000000,39600000000,37283880077,37283905295,25218
36000000000,39600000000,37283905295,37289111243,5205948
36000000000,39600000000,37289111243,37289898151,786908
36000000000,39600000000,37289898151,37289918995,20844
36000000000,39600000000,37289918995,37289921723,2728
36000000000,39600000000,37289921723,37291406437,1484714
36000000000,39600000000,37291406437,37291406455,18
36000000000,39600000000,37291406455,37291406473,18
36000000000,39600000000,37291406473,37305000544,13594071
36000000000,39600000000,37305000544,37306423915,1423371
36000000000,39600000000,37306423915,37306451242,27327
36000000000,39600000000,37306451242,37309596487,3145245
36000000000,39600000000,37309596487,37311076579,1480092
36000000000,39600000000,37311076579,37315650197,4573618
36000000000,39600000000,37315650197,37317103159,1452962
36000000000,39600000000,37317103159,37317103163,4
36000000000,39600000000,37317103163,37317122766,19603
36000000000,39600000000,37317122766,37317122904,138
36000000000,39600000000,37317122904,37317122909,5
36000000000,39600000000,37317122909,37318353142,1230233
36000000000,39600000000,37318353142,37319213056,859914
36000000000,39600000000,37319213056,37320042674,829618
36000000000,39600000000,37320042674,37320953851,911177
36000000000,39600000000,37320953851,37320976195,22344
36000000000,39600000000,37320976195,37321897862,921667
36000000000,39600000000,37321897862,37322743205,845343
36000000000,39600000000,37322743205,37323563432,820227
36000000000,39600000000,37323563432,37326860201,3296769
36000000000,39600000000,37326860201,37327697822,837621
36000000000,39600000000,37327697822,37329561648,1863826
36000000000,39600000000,37329561648,37331128307,1566659
36000000000,39600000000,37331128307,37331128446,139
36000000000,39600000000,37331128446,37331128503,57
36000000000,39600000000,37331128503,37331128508,5
36000000000,39600000000,37331128508,37332748000,1619492
36000000000,39600000000,37332748000,37333489841,741841
36000000000,39600000000,37333489841,37334157179,667338
36000000000,39600000000,37334157179,37334176678,19499
36000000000,39600000000,37334176678,37334896891,720213
36000000000,39600000000,37334896891,37334909372,12481
36000000000,39600000000,37334909372,37335631264,721892
36000000000,39600000000,37335631264,37336401804,770540
36000000000,39600000000,37336401804,37340506753,4104949
36000000000,39600000000,37340506753,37340524326,17573
36000000000,39600000000,37340524326,37342002659,1478333
36000000000,39600000000,37342002659,37342002670,11
36000000000,39600000000,37342002670,37342020613,17943
36000000000,39600000000,37342020613,37342894071,873458
36000000000,39600000000,37342894071,37343946985,1052914
36000000000,39600000000,37343946985,37344944108,997123
36000000000,39600000000,37344944108,37345711775,767667
36000000000,39600000000,37345711775,37348312643,2600868
36000000000,39600000000,37348312643,37352751704,4439061
36000000000,39600000000,37352751704,37352756875,5171
36000000000,39600000000,37352756875,37352759421,2546
36000000000,39600000000,37352759421,37352761811,2390
36000000000,39600000000,37352761811,37354278101,1516290
36000000000,39600000000,37354278101,37354278115,14
36000000000,39600000000,37354278115,37354278127,12
36000000000,39600000000,37354278127,37354278143,16
36000000000,39600000000,37354278143,37357650850,3372707
36000000000,39600000000,37357650850,37371628973,13978123
36000000000,39600000000,37371628973,37375842878,4213905
36000000000,39600000000,37375842878,37378235491,2392613
36000000000,39600000000,37378235491,37378235495,4
36000000000,39600000000,37378235495,37379738112,1502617
36000000000,39600000000,37379738112,37380576378,838266
36000000000,39600000000,37380576378,37384962306,4385928
36000000000,39600000000,37384962306,37385785184,822878
36000000000,39600000000,37385785184,37389066225,3281041
36000000000,39600000000,37389066225,37390621153,1554928
36000000000,39600000000,37390621153,37390621157,4
36000000000,39600000000,37390621157,37390621158,1
36000000000,39600000000,37390621158,37391408262,787104
36000000000,39600000000,37391408262,37391408293,31
36000000000,39600000000,37391408293,37395655484,4247191
36000000000,39600000000,37395655484,37396395921,740437
36000000000,39600000000,37396395921,37396395924,3
36000000000,39600000000,37396395924,37397143022,747098
36000000000,39600000000,37397143022,37397891463,748441
36000000000,39600000000,37397891463,37399474264,1582801
36000000000,39600000000,37399474264,37401777076,2302812
36000000000,39600000000,37401777076,37401781942,4866
36000000000,39600000000,37401781942,37402559229,777287
36000000000,39600000000,37402559229,37403305477,746248
36000000000,39600000000,37403305477,37403305488,11
36000000000,39600000000,37403305488,37415962909,12657421
36000000000,39600000000,37415962909,37415963069,160
36000000000,39600000000,37415963069,37415963074,5
36000000000,39600000000,37415963074,37415963079,5
36000000000,39600000000,37415963079,37421870259,5907180
36000000000,39600000000,37421870259,37427343556,5473297
36000000000,39600000000,37427343556,37427696975,353419
36000000000,39600000000,37427696975,37429237499,1540524
36000000000,39600000000,37429237499,37429950863,713364
36000000000,39600000000,37429950863,37436030815,6079952
36000000000,39600000000,37436030815,37436033180,2365
36000000000,39600000000,37436033180,37438283376,2250196
36000000000,39600000000,37438283376,37439371453,1088077
36000000000,39600000000,37439371453,37440080091,708638
36000000000,39600000000,37440080091,37440080095,4
36000000000,39600000000,37440080095,37440080096,1
36000000000,39600000000,37440080096,37440080097,1
36000000000,39600000000,37440080097,37440080098,1
36000000000,39600000000,37440080098,37440080802,704
36000000000,39600000000,37440080802,37440826799,745997
36000000000,39600000000,37440826799,37441651577,824778
36000000000,39600000000,37441651577,37441651594,17
36000000000,39600000000,37441651594,37441651611,17
36000000000,39600000000,37441651611,37441651628,17
36000000000,39600000000,37441651628,37442551049,899421
36000000000,39600000000,37442551049,37450187801,7636752
36000000000,39600000000,37450187801,37451026386,838585
36000000000,39600000000,37451026386,37451840650,814264
36000000000,39600000000,37451840650,37452643540,802890
36000000000,39600000000,37452643540,37453392381,748841
36000000000,39600000000,37453392381,37453392385,4
36000000000,39600000000,37453392385,37453392386,1
36000000000,39600000000,37453392386,37453409110,16724
36000000000,39600000000,37453409110,37453423661,14551
36000000000,39600000000,37453423661,37454092556,668895
36000000000,39600000000,37454092556,37454092967,411
36000000000,39600000000,37454092967,37454809475,716508
36000000000,39600000000,37454809475,37454809475,0
36000000000,39600000000,37454809475,37461002906,6193431
36000000000,39600000000,37461002906,37461812319,809413
36000000000,39600000000,37461812319,37464973218,3160899
36000000000,39600000000,37464973218,37466496067,1522849
36000000000,39600000000,37466496067,37468239547,1743480
36000000000,39600000000,37468239547,37469780887,1541340
36000000000,39600000000,37469780887,37471741699,1960812
36000000000,39600000000,37471741699,37478791115,7049416
36000000000,39600000000,37478791115,37478791174,59
36000000000,39600000000,37478791174,37478791179,5
36000000000,39600000000,37478791179,37478791184,5
36000000000,39600000000,37478791184,37481518041,2726857
36000000000,39600000000,37481518041,37489709704,8191663
36000000000,39600000000,37489709704,37491185493,1475789
36000000000,39600000000,37491185493,37498650273,7464780
36000000000,39600000000,37498650273,37502437533,3787260
36000000000,39600000000,37502437533,37502550396,112863
36000000000,39600000000,37502550396,37502552828,2432
36000000000,39600000000,37502552828,37502555444,2616
36000000000,39600000000,37502555444,37504453788,1898344
36000000000,39600000000,37504453788,37504453792,4
36000000000,39600000000,37504453792,37504453793,1
36000000000,39600000000,37504453793,37504453929,136
36000000000,39600000000,37504453929,37504453942,13
36000000000,39600000000,37504453942,37504453954,12
36000000000,39600000000,37504453954,37505253387,799433
36000000000,39600000000,37505253387,37505253898,511
36000000000,39600000000,37505253898,37507013393,1759495
36000000000,39600000000,37507013393,37508674347,1660954
36000000000,39600000000,37508674347,37508698313,23966
36000000000,39600000000,37508698313,37509587055,888742
36000000000,39600000000,37509587055,37510438814,851759
36000000000,39600000000,37510438814,37512887221,2448407
36000000000,39600000000,37512887221,37514760574,1873353
36000000000,39600000000,37514760574,37515598423,837849
36000000000,39600000000,37515598423,37516325179,726756
36000000000,39600000000,37516325179,37516335868,10689
36000000000,39600000000,37516335868,37516338688,2820
36000000000,39600000000,37516338688,37516351456,12768
36000000000,39600000000,37516351456,37516351460,4
36000000000,39600000000,37516351460,37516351497,37
36000000000,39600000000,37516351497,37516351502,5
36000000000,39600000000,37516351502,37517260902,909400
36000000000,39600000000,37517260902,37518027268,766366
36000000000,39600000000,37518027268,37518027286,18
36000000000,39600000000,37518027286,37518027296,10
36000000000,39600000000,37518027296,37528467167,10439871
36000000000,39600000000,37528467167,37528467167,0
36000000000,39600000000,37528467167,37528523767,56600
36000000000,39600000000,37528523767,37528526805,3038
36000000000,39600000000,37528526805,37528530255,3450
36000000000,39600000000,37528530255,37528533078,2823
36000000000,39600000000,37528533078,37528551534,18456
36000000000,39600000000,37528551534,37528564689,13155
36000000000,39600000000,37528564689,37530874385,2309696
36000000000,39600000000,37530874385,37530874388,3
36000000000,39600000000,37530874388,37530874389,1
36000000000,39600000000,37530874389,37530875404,1015
36000000000,39600000000,37530875404,37530875408,4
36000000000,39600000000,37530875408,37530876025,617
36000000000,39600000000,37530876025,37530876029,4
36000000000,39600000000,37530876029,37530876441,412
36000000000,39600000000,37530876441,37530876453,12
36000000000,39600000000,37530876453,37530876464,11
36000000000,39600000000,37530876464,37530915407,38943
36000000000,39600000000,37530915407,37530924270,8863
36000000000,39600000000,37530924270,37532407283,1483013
36000000000,39600000000,37532407283,37532483235,75952
36000000000,39600000000,37532483235,37534003892,1520657
36000000000,39600000000,37534003892,37534012962,9070
36000000000,39600000000,37534012962,37534026392,13430
36000000000,39600000000,37534026392,37534034698,8306
36000000000,39600000000,37534034698,37536411139,2376441
36000000000,39600000000,37536411139,37537243683,832544
36000000000,39600000000,37537243683,37537252605,8922
36000000000,39600000000,37537252605,37538071725,819120
36000000000,39600000000,37538071725,37538071807,82
36000000000,39600000000,37538071807,37538071825,18
36000000000,39600000000,37538071825,37538148151,76326
36000000000,39600000000,37538148151,37538991180,843029
36000000000,39600000000,37538991180,37540548667,1557487
36000000000,39600000000,37540548667,37540554179,5512
36000000000,39600000000,37540554179,37541239789,685610
36000000000,39600000000,37541239789,37541240066,277
36000000000,39600000000,37541240066,37541240071,5
36000000000,39600000000,37541240071,37542158580,918509
36000000000,39600000000,37542158580,37542158584,4
36000000000,39600000000,37542158584,37542158585,1
36000000000,39600000000,37542158585,37542158615,30
36000000000,39600000000,37542158615,37543239909,1081294
36000000000,39600000000,37543239909,37543240175,266
36000000000,39600000000,37543240175,37545419872,2179697
36000000000,39600000000,37545419872,37545428737,8865
36000000000,39600000000,37545428737,37545428739,2
36000000000,39600000000,37545428739,37547306544,1877805
36000000000,39600000000,37547306544,37547306562,18
36000000000,39600000000,37547306562,37547711230,404668
36000000000,39600000000,37547711230,37554311309,6600079
36000000000,39600000000,37554311309,37554315419,4110
36000000000,39600000000,37554315419,37556673672,2358253
36000000000,39600000000,37556673672,37562625858,5952186
36000000000,39600000000,37562625858,37564451273,1825415
36000000000,39600000000,37564451273,37566159158,1707885
36000000000,39600000000,37566159158,37572625594,6466436
36000000000,39600000000,37572625594,37572625763,169
36000000000,39600000000,37572625763,37576185370,3559607
36000000000,39600000000,37576185370,37576908205,722835
36000000000,39600000000,37576908205,37577584798,676593
36000000000,39600000000,37577584798,37578390518,805720
36000000000,39600000000,37578390518,37578390522,4
36000000000,39600000000,37578390522,37579128586,738064
36000000000,39600000000,37579128586,37580038560,909974
36000000000,39600000000,37580038560,37580833952,795392
36000000000,39600000000,37580833952,37586716288,5882336
36000000000,39600000000,37586716288,37586717309,1021
36000000000,39600000000,37586717309,37586717312,3
36000000000,39600000000,37586717312,37587622894,905582
36000000000,39600000000,37587622894,37588506887,883993
36000000000,39600000000,37588506887,37588550303,43416
36000000000,39600000000,37588550303,37589366232,815929
36000000000,39600000000,37589366232,37589399349,33117
36000000000,39600000000,37589399349,37591162470,1763121
36000000000,39600000000,37591162470,37595673450,4510980
36000000000,39600000000,37595673450,37601395846,5722396
36000000000,39600000000,37601395846,37601417196,21350
36000000000,39600000000,37601417196,37603014279,1597083
36000000000,39600000000,37603014279,37603014304,25
36000000000,39600000000,37603014304,37614180528,11166224
36000000000,39600000000,37614180528,37614185539,5011
36000000000,39600000000,37614185539,37616001077,1815538
36000000000,39600000000,37616001077,37616001901,824
36000000000,39600000000,37616001901,37619234661,3232760
36000000000,39600000000,37619234661,37622900273,3665612
36000000000,39600000000,37622900273,37624535764,1635491
36000000000,39600000000,37624535764,37625362227,826463
36000000000,39600000000,37625362227,37626439358,1077131
36000000000,39600000000,37626439358,37626464253,24895
36000000000,39600000000,37626464253,37627303708,839455
36000000000,39600000000,37627303708,37628080203,776495
36000000000,39600000000,37628080203,37633137313,5057110
36000000000,39600000000,37633137313,37636729523,3592210
36000000000,39600000000,37636729523,37638352430,1622907
36000000000,39600000000,37638352430,37639820747,1468317
36000000000,39600000000,37639820747,37650094985,10274238
36000000000,39600000000,37650094985,37650095203,218
36000000000,39600000000,37650095203,37650898072,802869
36000000000,39600000000,37650898072,37652413701,1515629
36000000000,39600000000,37652413701,37654046553,1632852
36000000000,39600000000,37654046553,37654046557,4
36000000000,39600000000,37654046557,37655520222,1473665
36000000000,39600000000,37655520222,37655544990,24768
36000000000,39600000000,37655544990,37655544994,4
36000000000,39600000000,37655544994,37655545031,37
36000000000,39600000000,37655545031,37655545036,5
36000000000,39600000000,37655545036,37656409913,864877
36000000000,39600000000,37656409913,37657901909,1491996
36000000000,39600000000,37657901909,37657930627,28718
36000000000,39600000000,37657930627,37659790199,1859572
36000000000,39600000000,37659790199,37660634421,844222
36000000000,39600000000,37660634421,37662138910,1504489
36000000000,39600000000,37662138910,37664330166,2191256
36000000000,39600000000,37664330166,37664335302,5136
36000000000,39600000000,37664335302,37665980151,1644849
36000000000,39600000000,37665980151,37665980168,17
36000000000,39600000000,37665980168,37666005760,25592
36000000000,39600000000,37666005760,37666008062,2302
36000000000,39600000000,37666008062,37667562056,1553994
36000000000,39600000000,37667562056,37667562081,25
36000000000,39600000000,37667562081,37667591403,29322
36000000000,39600000000,37667591403,37667594272,2869
36000000000,39600000000,37667594272,37667599168,4896
36000000000,39600000000,37667599168,37668468547,869379
36000000000,39600000000,37668468547,37669597799,1129252
36000000000,39600000000,37669597799,37669598453,654
36000000000,39600000000,37669598453,37670538173,939720
36000000000,39600000000,37670538173,37670561817,23644
36000000000,39600000000,37670561817,37672114062,1552245
36000000000,39600000000,37672114062,37672971740,857678
36000000000,39600000000,37672971740,37673040065,68325
36000000000,39600000000,37673040065,37673040102,37
36000000000,39600000000,37673040102,37673040107,5
36000000000,39600000000,37673040107,37675121949,2081842
36000000000,39600000000,37675121949,37676046560,924611
36000000000,39600000000,37676046560,37677550296,1503736
36000000000,39600000000,37677550296,37679220320,1670024
36000000000,39600000000,37679220320,37679222973,2653
36000000000,39600000000,37679222973,37681170680,1947707
36000000000,39600000000,37681170680,37681170697,17
36000000000,39600000000,37681170697,37682215295,1044598
36000000000,39600000000,37682215295,37685109503,2894208
36000000000,39600000000,37685109503,37685113263,3760
36000000000,39600000000,37685113263,37685113323,60
36000000000,39600000000,37685113323,37686111080,997757
36000000000,39600000000,37686111080,37689023676,2912596
36000000000,39600000000,37689023676,37689820081,796405
36000000000,39600000000,37689820081,37689822535,2454
36000000000,39600000000,37689822535,37691673592,1851057
36000000000,39600000000,37691673592,37691673624,32
36000000000,39600000000,37691673624,37691717729,44105
36000000000,39600000000,37691717729,37691717766,37
36000000000,39600000000,37691717766,37691717771,5
36000000000,39600000000,37691717771,37695983933,4266162
36000000000,39600000000,37695983933,37696447532,463599
36000000000,39600000000,37696447532,37697338473,890941
36000000000,39600000000,37697338473,37697345091,6618
36000000000,39600000000,37697345091,37699843101,2498010
36000000000,39600000000,37699843101,37699843113,12
36000000000,39600000000,37699843113,37702032772,2189659
36000000000,39600000000,37702032772,37702847255,814483
36000000000,39600000000,37702847255,37702855000,7745
36000000000,39600000000,37702855000,37702857880,2880
36000000000,39600000000,37702857880,37702863772,5892
36000000000,39600000000,37702863772,37703600915,737143
36000000000,39600000000,37703600915,37704580195,979280
36000000000,39600000000,37704580195,37704580200,5
36000000000,39600000000,37704580200,37704580482,282
36000000000,39600000000,37704580482,37704580713,231
36000000000,39600000000,37704580713,37704584613,3900
36000000000,39600000000,37704584613,37705861639,1277026
36000000000,39600000000,37705861639,37706923748,1062109
36000000000,39600000000,37706923748,37710405005,3481257
36000000000,39600000000,37710405005,37714906912,4501907
36000000000,39600000000,37714906912,37714912021,5109
36000000000,39600000000,37714912021,37715689310,777289
36000000000,39600000000,37715689310,37716514590,825280
36000000000,39600000000,37716514590,37716519739,5149
36000000000,39600000000,37716519739,37727980596,11460857
36000000000,39600000000,37727980596,37731634092,3653496
36000000000,39600000000,37731634092,37733570016,1935924
36000000000,39600000000,37733570016,37750337015,16766999
36000000000,39600000000,37750337015,37752100635,1763620
36000000000,39600000000,37752100635,37764735469,12634834
36000000000,39600000000,37764735469,37764741398,5929
36000000000,39600000000,37764741398,37764743872,2474
36000000000,39600000000,37764743872,37764745815,1943
36000000000,39600000000,37764745815,37766971909,2226094
36000000000,39600000000,37766971909,37766971921,12
36000000000,39600000000,37766971921,37766971934,13
36000000000,39600000000,37766971934,37766971946,12
36000000000,39600000000,37766971946,37773878300,6906354
36000000000,39600000000,37773878300,37774761441,883141
36000000000,39600000000,37774761441,37789306766,14545325
36000000000,39600000000,37789306766,37790108435,801669
36000000000,39600000000,37790108435,37790995439,887004
36000000000,39600000000,37790995439,37799745521,8750082
36000000000,39600000000,37799745521,37800556193,810672
36000000000,39600000000,37800556193,37800556663,470
36000000000,39600000000,37800556663,37800556669,6
36000000000,39600000000,37800556669,37803317067,2760398
36000000000,39600000000,37803317067,37816061465,12744398
36000000000,39600000000,37816061465,37816072895,11430
36000000000,39600000000,37816072895,37816812678,739783
36000000000,39600000000,37816812678,37816817908,5230
36000000000,39600000000,37816817908,37817554488,736580
36000000000,39600000000,37817554488,37817554508,20
36000000000,39600000000,37817554508,37818267076,712568
36000000000,39600000000,37818267076,37823580091,5313015
36000000000,39600000000,37823580091,37824835984,1255893
36000000000,39600000000,37824835984,37824842395,6411
36000000000,39600000000,37824842395,37825724103,881708
36000000000,39600000000,37825724103,37825754348,30245
36000000000,39600000000,37825754348,37826654855,900507
36000000000,39600000000,37826654855,37826683976,29121
36000000000,39600000000,37826683976,37827554130,870154
36000000000,39600000000,37827554130,37828317072,762942
36000000000,39600000000,37828317072,37829097254,780182
36000000000,39600000000,37829097254,37829101468,4214
36000000000,39600000000,37829101468,37829104254,2786
36000000000,39600000000,37829104254,37830606877,1502623
36000000000,39600000000,37830606877,37830606888,11
36000000000,39600000000,37830606888,37830606921,33
36000000000,39600000000,37830606921,37833977145,3370224
36000000000,39600000000,37833977145,37835592708,1615563
36000000000,39600000000,37835592708,37835611546,18838
36000000000,39600000000,37835611546,37841194402,5582856
36000000000,39600000000,37841194402,37842997551,1803149
36000000000,39600000000,37842997551,37847495800,4498249
36000000000,39600000000,37847495800,37847495802,2
36000000000,39600000000,37847495802,37849063173,1567371
36000000000,39600000000,37849063173,37852280712,3217539
36000000000,39600000000,37852280712,37854331025,2050313
36000000000,39600000000,37854331025,37854338726,7701
36000000000,39600000000,37854338726,37854346573,7847
36000000000,39600000000,37854346573,37855804884,1458311
36000000000,39600000000,37855804884,37855804888,4
36000000000,39600000000,37855804888,37855805002,114
36000000000,39600000000,37855805002,37855805006,4
36000000000,39600000000,37855805006,37855827011,22005
36000000000,39600000000,37855827011,37856537271,710260
36000000000,39600000000,37856537271,37856538183,912
36000000000,39600000000,37856538183,37856632291,94108
36000000000,39600000000,37856632291,37857409413,777122
36000000000,39600000000,37857409413,37858157392,747979
36000000000,39600000000,37858157392,37861305740,3148348
36000000000,39600000000,37861305740,37862146520,840780
36000000000,39600000000,37862146520,37862900554,754034
36000000000,39600000000,37862900554,37862943184,42630
36000000000,39600000000,37862943184,37864890327,1947143
36000000000,39600000000,37864890327,37866444861,1554534
36000000000,39600000000,37866444861,37878804885,12360024
36000000000,39600000000,37878804885,37881769526,2964641
36000000000,39600000000,37881769526,37882677190,907664
36000000000,39600000000,37882677190,37885798980,3121790
36000000000,39600000000,37885798980,37891160392,5361412
36000000000,39600000000,37891160392,37891160501,109
36000000000,39600000000,37891160501,37891160506,5
36000000000,39600000000,37891160506,37891160511,5
36000000000,39600000000,37891160511,37892992399,1831888
36000000000,39600000000,37892992399,37893855666,863267
36000000000,39600000000,37893855666,37893855763,97
36000000000,39600000000,37893855763,37893855768,5
36000000000,39600000000,37893855768,37893856013,245
36000000000,39600000000,37893856013,37903569896,9713883
36000000000,39600000000,37903569896,37905344123,1774227
36000000000,39600000000,37905344123,37906195988,851865
36000000000,39600000000,37906195988,37907452416,1256428
36000000000,39600000000,37907452416,37909198200,1745784
36000000000,39600000000,37909198200,37909198203,3
36000000000,39600000000,37909198203,37910889950,1691747
36000000000,39600000000,37910889950,37910914654,24704
36000000000,39600000000,37910914654,37913526600,2611946
36000000000,39600000000,37913526600,37913536555,9955
36000000000,39600000000,37913536555,37915108270,1571715
36000000000,39600000000,37915108270,37915108283,13
36000000000,39600000000,37915108283,37930105174,14996891
36000000000,39600000000,37930105174,37931750242,1645068
36000000000,39600000000,37931750242,37935633253,3883011
36000000000,39600000000,37935633253,37945762223,10128970
36000000000,39600000000,37945762223,37951495376,5733153
36000000000,39600000000,37951495376,37951504272,8896
36000000000,39600000000,37951504272,37951510042,5770
36000000000,39600000000,37951510042,37952578828,1068786
36000000000,39600000000,37952578828,37952578967,139
36000000000,39600000000,37952578967,37952578972,5
36000000000,39600000000,37952578972,37952578977,5
36000000000,39600000000,37952578977,37953441342,862365
36000000000,39600000000,37953441342,37953441366,24
36000000000,39600000000,37953441366,37953441370,4
36000000000,39600000000,37953441370,37953441371,1
36000000000,39600000000,37953441371,37953441396,25
36000000000,39600000000,37953441396,37953441400,4
36000000000,39600000000,37953441400,37954310793,869393
36000000000,39600000000,37954310793,37954310836,43
36000000000,39600000000,37954310836,37954311072,236
36000000000,39600000000,37954311072,37959754840,5443768
36000000000,39600000000,37959754840,37959760894,6054
36000000000,39600000000,37959760894,37961719841,1958947
36000000000,39600000000,37961719841,37961742573,22732
36000000000,39600000000,37961742573,37961742610,37
36000000000,39600000000,37961742610,37961742615,5
36000000000,39600000000,37961742615,37962654613,911998
36000000000,39600000000,37962654613,37964595159,1940546
36000000000,39600000000,37964595159,37964619286,24127
36000000000,39600000000,37964619286,37966198613,1579327
36000000000,39600000000,37966198613,37966226141,27528
36000000000,39600000000,37966226141,37969664365,3438224
36000000000,39600000000,37969664365,37969664475,110
36000000000,39600000000,37969664475,37969664480,5
36000000000,39600000000,37969664480,37969664485,5
36000000000,39600000000,37969664485,37970504796,840311
36000000000,39600000000,37970504796,37972497483,1992687
36000000000,39600000000,37972497483,37979296129,6798646
36000000000,39600000000,37979296129,37979300569,4440
36000000000,39600000000,37979300569,37981003180,1702611
36000000000,39600000000,37981003180,37981982130,978950
36000000000,39600000000,37981982130,37988154166,6172036
36000000000,39600000000,37988154166,37992362963,4208797
36000000000,39600000000,37992362963,37994217748,1854785
36000000000,39600000000,37994217748,38004525369,10307621
36000000000,39600000000,38004525369,38011428774,6903405
36000000000,39600000000,38011428774,38013888930,2460156
36000000000,39600000000,38013888930,38022476011,8587081
36000000000,39600000000,38022476011,38024387020,1911009
36000000000,39600000000,38024387020,38024387020,0
36000000000,39600000000,38024387020,38025612314,1225294
36000000000,39600000000,38025612314,38028774273,3161959
36000000000,39600000000,38028774273,38037996573,9222300
36000000000,39600000000,38037996573,38037999823,3250
36000000000,39600000000,38037999823,38038001843,2020
36000000000,39600000000,38038001843,38039897052,1895209
36000000000,39600000000,38039897052,38039897064,12
36000000000,39600000000,38039897064,38039897083,19
36000000000,39600000000,38039897083,38042870441,2973358
36000000000,39600000000,38042870441,38044388697,1518256
36000000000,39600000000,38044388697,38045129703,741006
36000000000,39600000000,38045129703,38045129983,280
36000000000,39600000000,38045129983,38045129988,5
36000000000,39600000000,38045129988,38048730885,3600897
36000000000,39600000000,38048730885,38048730924,39
36000000000,39600000000,38048730924,38048730929,5
36000000000,39600000000,38048730929,38048730934,5
36000000000,39600000000,38048730934,38050427607,1696673
36000000000,39600000000,38050427607,38052825845,2398238
36000000000,39600000000,38052825845,38054364088,1538243
36000000000,39600000000,38054364088,38055156488,792400
36000000000,39600000000,38055156488,38056629017,1472529
36000000000,39600000000,38056629017,38057739364,1110347
36000000000,39600000000,38057739364,38060868823,3129459
36000000000,39600000000,38060868823,38061621308,752485
36000000000,39600000000,38061621308,38062391283,769975
36000000000,39600000000,38062391283,38063220619,829336
36000000000,39600000000,38063220619,38064895697,1675078
36000000000,39600000000,38064895697,38064901325,5628
36000000000,39600000000,38064901325,38064905689,4364
36000000000,39600000000,38064905689,38066326381,1420692
36000000000,39600000000,38066326381,38066326392,11
36000000000,39600000000,38066326392,38066326404,12
36000000000,39600000000,38066326404,38067049041,722637
36000000000,39600000000,38067049041,38070517297,3468256
36000000000,39600000000,38070517297,38071390782,873485
36000000000,39600000000,38071390782,38071391139,357
36000000000,39600000000,38071391139,38071391146,7
36000000000,39600000000,38071391146,38071391153,7
36000000000,39600000000,38071391153,38075257984,3866831
36000000000,39600000000,38075257984,38075260814,2830
36000000000,39600000000,38075260814,38075260819,5
36000000000,39600000000,38075260819,38077307357,2046538
36000000000,39600000000,38077307357,38079368427,2061070
36000000000,39600000000,38079368427,38079577675,209248
36000000000,39600000000,38079577675,38080817011,1239336
36000000000,39600000000,38080817011,38083330644,2513633
36000000000,39600000000,38083330644,38083330655,11
36000000000,39600000000,38083330655,38083330710,55
36000000000,39600000000,38083330710,38087916163,4585453
36000000000,39600000000,38087916163,38088995615,1079452
36000000000,39600000000,38088995615,38090097968,1102353
36000000000,39600000000,38090097968,38090098135,167
36000000000,39600000000,38090098135,38090098140,5
36000000000,39600000000,38090098140,38098039220,7941080
36000000000,39600000000,38098039220,38098039238,18
36000000000,39600000000,38098039238,38101179779,3140541
36000000000,39600000000,38101179779,38102275677,1095898
36000000000,39600000000,38102275677,38104494060,2218383
36000000000,39600000000,38104494060,38106408173,1914113
36000000000,39600000000,38106408173,38111661093,5252920
36000000000,39600000000,38111661093,38112735473,1074380
36000000000,39600000000,38112735473,38112739006,3533
36000000000,39600000000,38112739006,38114077440,1338434
36000000000,39600000000,38114077440,38114077476,36
36000000000,39600000000,38114077476,38114106674,29198
36000000000,39600000000,38114106674,38114106677,3
36000000000,39600000000,38114106677,38114672710,566033
36000000000,39600000000,38114672710,38115276676,603966
36000000000,39600000000,38115276676,38116458544,1181868
36000000000,39600000000,38116458544,38117539153,1080609
36000000000,39600000000,38117539153,38125888806,8349653
36000000000,39600000000,38125888806,38125889658,852
36000000000,39600000000,38125889658,38125889661,3
36000000000,39600000000,38125889661,38128413489,2523828
36000000000,39600000000,38128413489,38128440134,26645
36000000000,39600000000,38128440134,38130788169,2348035
36000000000,39600000000,38130788169,38132007410,1219241
36000000000,39600000000,38132007410,38133502964,1495554
36000000000,39600000000,38133502964,38134261056,758092
36000000000,39600000000,38134261056,38135327206,1066150
36000000000,39600000000,38135327206,38136152513,825307
36000000000,39600000000,38136152513,38137679559,1527046
36000000000,39600000000,38137679559,38139209418,1529859
36000000000,39600000000,38139209418,38139231162,21744
36000000000,39600000000,38139231162,38140784791,1553629
36000000000,39600000000,38140784791,38144949910,4165119
36000000000,39600000000,38144949910,38144950006,96
36000000000,39600000000,38144950006,38144950011,5
36000000000,39600000000,38144950011,38144950016,5
36000000000,39600000000,38144950016,38147586141,2636125
36000000000,39600000000,38147586141,38148924692,1338551
36000000000,39600000000,38148924692,38150312744,1388052
36000000000,39600000000,38150312744,38151024978,712234
36000000000,39600000000,38151024978,38151748848,723870
36000000000,39600000000,38151748848,38151748850,2
36000000000,39600000000,38151748850,38152427687,678837
36000000000,39600000000,38152427687,38153099181,671494
36000000000,39600000000,38153099181,38161525856,8426675
36000000000,39600000000,38161525856,38171757212,10231356
36000000000,39600000000,38171757212,38175156053,3398841
36000000000,39600000000,38175156053,38175156075,22
36000000000,39600000000,38175156075,38175163853,7778
36000000000,39600000000,38175163853,38175163860,7
36000000000,39600000000,38175163860,38176671026,1507166
36000000000,39600000000,38176671026,38176674698,3672
36000000000,39600000000,38176674698,38176676914,2216
36000000000,39600000000,38176676914,38178263117,1586203
36000000000,39600000000,38178263117,38178263128,11
36000000000,39600000000,38178263128,38178263140,12
36000000000,39600000000,38178263140,38180221765,1958625
36000000000,39600000000,38180221765,38189537284,9315519
36000000000,39600000000,38189537284,38190840538,1303254
36000000000,39600000000,38190840538,38190870384,29846
36000000000,39600000000,38190870384,38190870387,3
36000000000,39600000000,38190870387,38192116543,1246156
36000000000,39600000000,38192116543,38204282696,12166153
36000000000,39600000000,38204282696,38204291707,9011
36000000000,39600000000,38204291707,38205725478,1433771
36000000000,39600000000,38205725478,38205725482,4
36000000000,39600000000,38205725482,38205725483,1
36000000000,39600000000,38205725483,38206436576,711093
36000000000,39600000000,38206436576,38206436601,25
36000000000,39600000000,38206436601,38208616893,2180292
36000000000,39600000000,38208616893,38211805781,3188888
36000000000,39600000000,38211805781,38213166776,1360995
36000000000,39600000000,38213166776,38213184660,17884
36000000000,39600000000,38213184660,38213208327,23667
36000000000,39600000000,38213208327,38213913787,705460
36000000000,39600000000,38213913787,38214558723,644936
36000000000,39600000000,38214558723,38214558733,10
36000000000,39600000000,38214558733,38214599633,40900
36000000000,39600000000,38214599633,38215988777,1389144
36000000000,39600000000,38215988777,38216003803,15026
36000000000,39600000000,38216003803,38217326162,1322359
36000000000,39600000000,38217326162,38218042031,715869
36000000000,39600000000,38218042031,38219349311,1307280
36000000000,39600000000,38219349311,38219349315,4
36000000000,39600000000,38219349315,38219349316,1
36000000000,39600000000,38219349316,38219993120,643804
36000000000,39600000000,38219993120,38219993325,205
36000000000,39600000000,38219993325,38223995375,4002050
36000000000,39600000000,38223995375,38225387999,1392624
36000000000,39600000000,38225387999,38226078460,690461
36000000000,39600000000,38226078460,38227461769,1383309
36000000000,39600000000,38227461769,38229658032,2196263
36000000000,39600000000,38229658032,38231380390,1722358
36000000000,39600000000,38231380390,38231409823,29433
36000000000,39600000000,38231409823,38231412404,2581
36000000000,39600000000,38231412404,38231416046,3642
36000000000,39600000000,38231416046,38231419620,3574
36000000000,39600000000,38231419620,38232168844,749224
36000000000,39600000000,38232168844,38232807661,638817
36000000000,39600000000,38232807661,38232807673,12
36000000000,39600000000,38232807673,38232807685,12
36000000000,39600000000,38232807685,38233490939,683254
36000000000,39600000000,38233490939,38234175611,684672
36000000000,39600000000,38234175611,38235683644,1508033
36000000000,39600000000,38235683644,38236475240,791596
36000000000,39600000000,38236475240,38253943471,17468231
36000000000,39600000000,38253943471,38255447390,1503919
36000000000,39600000000,38255447390,38256184840,737450
36000000000,39600000000,38256184840,38256196732,11892
36000000000,39600000000,38256196732,38256927894,731162
36000000000,39600000000,38256927894,38256948516,20622
36000000000,39600000000,38256948516,38257696859,748343
36000000000,39600000000,38257696859,38258447404,750545
36000000000,39600000000,38258447404,38258447408,4
36000000000,39600000000,38258447408,38258447496,88
36000000000,39600000000,38258447496,38258464879,17383
36000000000,39600000000,38258464879,38259194828,729949
36000000000,39600000000,38259194828,38259994430,799602
36000000000,39600000000,38259994430,38259994434,4
36000000000,39600000000,38259994434,38259994438,4
36000000000,39600000000,38259994438,38259994453,15
36000000000,39600000000,38259994453,38262253344,2258891
36000000000,39600000000,38262253344,38262626151,372807
36000000000,39600000000,38262626151,38264283019,1656868
36000000000,39600000000,38264283019,38265101129,818110
36000000000,39600000000,38265101129,38265905961,804832
36000000000,39600000000,38265905961,38266663873,757912
36000000000,39600000000,38266663873,38267439892,776019
36000000000,39600000000,38267439892,38268855201,1415309
36000000000,39600000000,38268855201,38269499686,644485
36000000000,39600000000,38269499686,38270840612,1340926
36000000000,39600000000,38270840612,38274302823,3462211
36000000000,39600000000,38274302823,38275659669,1356846
36000000000,39600000000,38275659669,38281194148,5534479
36000000000,39600000000,38281194148,38281889697,695549
36000000000,39600000000,38281889697,38282595986,706289
36000000000,39600000000,38282595986,38283497320,901334
36000000000,39600000000,38283497320,38283518459,21139
36000000000,39600000000,38283518459,38283519653,1194
36000000000,39600000000,38283519653,38291767736,8248083
36000000000,39600000000,38291767736,38291792685,24949
36000000000,39600000000,38291792685,38292494073,701388
36000000000,39600000000,38292494073,38292515811,21738
36000000000,39600000000,38292515811,38293138274,622463
36000000000,39600000000,38293138274,38293138285,11
36000000000,39600000000,38293138285,38293150229,11944
36000000000,39600000000,38293150229,38293155244,5015
36000000000,39600000000,38293155244,38293158345,3101
36000000000,39600000000,38293158345,38293839120,680775
36000000000,39600000000,38293839120,38293839131,11
36000000000,39600000000,38293839131,38294528570,689439
36000000000,39600000000,38294528570,38294528581,11
36000000000,39600000000,38294528581,38294528605,24
36000000000,39600000000,38294528605,38295615335,1086730
36000000000,39600000000,38295615335,38295615433,98
36000000000,39600000000,38295615433,38295615438,5
36000000000,39600000000,38295615438,38296437832,822394
36000000000,39600000000,38296437832,38298665394,2227562
36000000000,39600000000,38298665394,38298665398,4
36000000000,39600000000,38298665398,38298665434,36
36000000000,39600000000,38298665434,38298665441,7
36000000000,39600000000,38298665441,38305994721,7329280
36000000000,39600000000,38305994721,38305999717,4996
36000000000,39600000000,38305999717,38306946167,946450
36000000000,39600000000,38306946167,38308386175,1440008
36000000000,39600000000,38308386175,38308386178,3
36000000000,39600000000,38308386178,38308386179,1
36000000000,39600000000,38308386179,38308396688,10509
36000000000,39600000000,38308396688,38312685438,4288750
36000000000,39600000000,38312685438,38312685441,3
36000000000,39600000000,38312685441,38313486963,801522
36000000000,39600000000,38313486963,38314196969,710006
36000000000,39600000000,38314196969,38314196996,27
36000000000,39600000000,38314196996,38314197001,5
36000000000,39600000000,38314197001,38318126702,3929701
36000000000,39600000000,38318126702,38320395762,2269060
36000000000,39600000000,38320395762,38323450482,3054720
36000000000,39600000000,38323450482,38323789004,338522
36000000000,39600000000,38323789004,38351951313,28162309
36000000000,39600000000,38351951313,38351991545,40232
36000000000,39600000000,38351991545,38353687329,1695784
36000000000,39600000000,38353687329,38353691235,3906
36000000000,39600000000,38353691235,38358410778,4719543
36000000000,39600000000,38358410778,38362144502,3733724
36000000000,39600000000,38362144502,38362145053,551
36000000000,39600000000,38362145053,38362145144,91
36000000000,39600000000,38362145144,38363816814,1671670
36000000000,39600000000,38363816814,38363816916,102
36000000000,39600000000,38363816916,38363816958,42
36000000000,39600000000,38363816958,38364166878,349920
36000000000,39600000000,38364166878,38364168075,1197
36000000000,39600000000,38364168075,38365754815,1586740
36000000000,39600000000,38365754815,38366137447,382632
36000000000,39600000000,38366137447,38366146594,9147
36000000000,39600000000,38366146594,38370407631,4261037
36000000000,39600000000,38370407631,38371322683,915052
36000000000,39600000000,38371322683,38371322708,25
36000000000,39600000000,38371322708,38376928001,5605293
36000000000,39600000000,38376928001,38378854021,1926020
36000000000,39600000000,38378854021,38379781791,927770
36000000000,39600000000,38379781791,38381520129,1738338
36000000000,39600000000,38381520129,38381701537,181408
36000000000,39600000000,38381701537,38388354099,6652562
36000000000,39600000000,38388354099,38390144284,1790185
36000000000,39600000000,38390144284,38392803243,2658959
36000000000,39600000000,38392803243,38394589394,1786151
36000000000,39600000000,38394589394,38410591920,16002526
36000000000,39600000000,38410591920,38413656333,3064413
36000000000,39600000000,38413656333,38415424207,1767874
36000000000,39600000000,38415424207,38416776470,1352263
36000000000,39600000000,38416776470,38418203403,1426933
36000000000,39600000000,38418203403,38418207543,4140
36000000000,39600000000,38418207543,38418213328,5785
36000000000,39600000000,38418213328,38418218909,5581
36000000000,39600000000,38418218909,38418227021,8112
36000000000,39600000000,38418227021,38418227048,27
36000000000,39600000000,38418227048,38418227053,5
36000000000,39600000000,38418227053,38420698790,2471737
36000000000,39600000000,38420698790,38423194637,2495847
36000000000,39600000000,38423194637,38423194651,14
36000000000,39600000000,38423194651,38423194673,22
36000000000,39600000000,38423194673,38423194683,10
36000000000,39600000000,38423194683,38423194694,11
36000000000,39600000000,38423194694,38425713035,2518341
36000000000,39600000000,38425713035,38426364384,651349
36000000000,39600000000,38426364384,38429702784,3338400
36000000000,39600000000,38429702784,38430370775,667991
36000000000,39600000000,38430370775,38430407497,36722
36000000000,39600000000,38430407497,38430415546,8049
36000000000,39600000000,38430415546,38430419616,4070
36000000000,39600000000,38430419616,38430423413,3797
36000000000,39600000000,38430423413,38432539281,2115868
36000000000,39600000000,38432539281,38432539281,0
36000000000,39600000000,38432539281,38432543707,4426
36000000000,39600000000,38432543707,38432543745,38
36000000000,39600000000,38432543745,38432543750,5
36000000000,39600000000,38432543750,38432543755,5
36000000000,39600000000,38432543755,38436997933,4454178
36000000000,39600000000,38436997933,38436997945,12
36000000000,39600000000,38436997945,38436998182,237
36000000000,39600000000,38436998182,38437073756,75574
36000000000,39600000000,38437073756,38438674569,1600813
36000000000,39600000000,38438674569,38438674590,21
36000000000,39600000000,38438674590,38438674595,5
36000000000,39600000000,38438674595,38438675411,816
36000000000,39600000000,38438675411,38442459035,3783624
36000000000,39600000000,38442459035,38443806200,1347165
36000000000,39600000000,38443806200,38443814440,8240
36000000000,39600000000,38443814440,38443819873,5433
36000000000,39600000000,38443819873,38445671332,1851459
36000000000,39600000000,38445671332,38450357972,4686640
36000000000,39600000000,38450357972,38450358078,106
36000000000,39600000000,38450358078,38450358089,11
36000000000,39600000000,38450358089,38450378129,20040
36000000000,39600000000,38450378129,38450403166,25037
36000000000,39600000000,38450403166,38450407310,4144
36000000000,39600000000,38450407310,38456433092,6025782
36000000000,39600000000,38456433092,38456476089,42997
36000000000,39600000000,38456476089,38456479851,3762
36000000000,39600000000,38456479851,38457300107,820256
36000000000,39600000000,38457300107,38459832585,2532478
36000000000,39600000000,38459832585,38459832619,34
36000000000,39600000000,38459832619,38461301191,1468572
36000000000,39600000000,38461301191,38463412548,2111357
36000000000,39600000000,38463412548,38468454301,5041753
36000000000,39600000000,38468454301,38468454555,254
36000000000,39600000000,38468454555,38468454560,5
36000000000,39600000000,38468454560,38479672754,11218194
36000000000,39600000000,38479672754,38485817376,6144622
36000000000,39600000000,38485817376,38485817385,9
36000000000,39600000000,38485817385,38490079191,4261806
36000000000,39600000000,38490079191,38490079203,12
36000000000,39600000000,38490079203,38492040224,1961021
36000000000,39600000000,38492040224,38492080191,39967
36000000000,39600000000,38492080191,38492083613,3422
36000000000,39600000000,38492083613,38495344852,3261239
36000000000,39600000000,38495344852,38495344877,25
36000000000,39600000000,38495344877,38495344881,4
36000000000,39600000000,38495344881,38495344882,1
36000000000,39600000000,38495344882,38495344947,65
36000000000,39600000000,38495344947,38495344952,5
36000000000,39600000000,38495344952,38495344953,1
36000000000,39600000000,38495344953,38495344954,1
36000000000,39600000000,38495344954,38498884338,3539384
36000000000,39600000000,38498884338,38498884364,26
36000000000,39600000000,38498884364,38498884595,231
36000000000,39600000000,38498884595,38498884683,88
36000000000,39600000000,38498884683,38498954709,70026
36000000000,39600000000,38498954709,38505913058,6958349
36000000000,39600000000,38505913058,38505913060,2
36000000000,39600000000,38505913060,38511143561,5230501
36000000000,39600000000,38511143561,38511794081,650520
36000000000,39600000000,38511794081,38515858633,4064552
36000000000,39600000000,38515858633,38521254688,5396055
36000000000,39600000000,38521254688,38524891849,3637161
36000000000,39600000000,38524891849,38525730649,838800
36000000000,39600000000,38525730649,38530998900,5268251
36000000000,39600000000,38530998900,38531812231,813331
36000000000,39600000000,38531812231,38536725880,4913649
36000000000,39600000000,38536725880,38539820518,3094638
36000000000,39600000000,38539820518,38539999612,179094
36000000000,39600000000,38539999612,38540002738,3126
36000000000,39600000000,38540002738,38544135826,4133088
36000000000,39600000000,38544135826,38544135836,10
36000000000,39600000000,38544135836,38550101070,5965234
36000000000,39600000000,38550101070,38552323067,2221997
36000000000,39600000000,38552323067,38558994299,6671232
36000000000,39600000000,38558994299,38565918082,6923783
36000000000,39600000000,38565918082,38572417918,6499836
36000000000,39600000000,38572417918,38573565698,1147780
36000000000,39600000000,38573565698,38573565707,9
36000000000,39600000000,38573565707,38573565824,117
36000000000,39600000000,38573565824,38573565829,5
36000000000,39600000000,38573565829,38573565834,5
36000000000,39600000000,38573565834,38575574077,2008243
36000000000,39600000000,38575574077,38578804143,3230066
36000000000,39600000000,38578804143,38578804155,12
36000000000,39600000000,38578804155,38578804197,42
36000000000,39600000000,38578804197,38582308200,3504003
36000000000,39600000000,38582308200,38582308289,89
36000000000,39600000000,38582308289,38589665160,7356871
36000000000,39600000000,38589665160,38590713368,1048208
36000000000,39600000000,38590713368,38591726202,1012834
36000000000,39600000000,38591726202,38594803052,3076850
36000000000,39600000000,38594803052,38598386710,3583658
36000000000,39600000000,38598386710,38598386737,27
36000000000,39600000000,38598386737,38598386744,7
36000000000,39600000000,38598386744,38600795533,2408789
36000000000,39600000000,38600795533,38602449698,1654165
36000000000,39600000000,38602449698,38604156228,1706530
36000000000,39600000000,38604156228,38605779759,1623531
36000000000,39600000000,38605779759,38628054896,22275137
36000000000,39600000000,38628054896,38628886128,831232
36000000000,39600000000,38628886128,38628894190,8062
36000000000,39600000000,38628894190,38629693508,799318
36000000000,39600000000,38629693508,38630533748,840240
36000000000,39600000000,38630533748,38630533752,4
36000000000,39600000000,38630533752,38630533753,1
36000000000,39600000000,38630533753,38630533821,68
36000000000,39600000000,38630533821,38630561432,27611
36000000000,39600000000,38630561432,38632503889,1942457
36000000000,39600000000,38632503889,38632504457,568
36000000000,39600000000,38632504457,38632703097,198640
36000000000,39600000000,38632703097,38635086848,2383751
36000000000,39600000000,38635086848,38636861894,1775046
36000000000,39600000000,38636861894,38636862608,714
36000000000,39600000000,38636862608,38640909305,4046697
36000000000,39600000000,38640909305,38640912804,3499
36000000000,39600000000,38640912804,38642383424,1470620
36000000000,39600000000,38642383424,38642383837,413
36000000000,39600000000,38642383837,38642595471,211634
36000000000,39600000000,38642595471,38643712888,1117417
36000000000,39600000000,38643712888,38645253848,1540960
36000000000,39600000000,38645253848,38646818102,1564254
36000000000,39600000000,38646818102,38648509583,1691481
36000000000,39600000000,38648509583,38654636758,6127175
36000000000,39600000000,38654636758,38657718965,3082207
36000000000,39600000000,38657718965,38658513549,794584
36000000000,39600000000,38658513549,38658513588,39
36000000000,39600000000,38658513588,38658513593,5
36000000000,39600000000,38658513593,38658513598,5
36000000000,39600000000,38658513598,38658513664,66
36000000000,39600000000,38658513664,38658513811,147
36000000000,39600000000,38658513811,38658513816,5
36000000000,39600000000,38658513816,38664927425,6413609
36000000000,39600000000,38664927425,38666822077,1894652
36000000000,39600000000,38666822077,38671583953,4761876
36000000000,39600000000,38671583953,38673297495,1713542
36000000000,39600000000,38673297495,38677056216,3758721
36000000000,39600000000,38677056216,38678052274,996058
36000000000,39600000000,38678052274,38678054788,2514
36000000000,39600000000,38678054788,38679764290,1709502
36000000000,39600000000,38679764290,38679764302,12
36000000000,39600000000,38679764302,38679794927,30625
36000000000,39600000000,38679794927,38682273134,2478207
36000000000,39600000000,38682273134,38683576660,1303526
36000000000,39600000000,38683576660,38687445227,3868567
36000000000,39600000000,38687445227,38691180963,3735736
36000000000,39600000000,38691180963,38691183764,2801
36000000000,39600000000,38691183764,38691186185,2421
36000000000,39600000000,38691186185,38691189108,2923
36000000000,39600000000,38691189108,38693213187,2024079
36000000000,39600000000,38693213187,38693213205,18
36000000000,39600000000,38693213205,38693213229,24
36000000000,39600000000,38693213229,38693213255,26
36000000000,39600000000,38693213255,38703731854,10518599
36000000000,39600000000,38703731854,38705232902,1501048
36000000000,39600000000,38705232902,38707631071,2398169
36000000000,39600000000,38707631071,38713804011,6172940
36000000000,39600000000,38713804011,38715529100,1725089
36000000000,39600000000,38715529100,38717202993,1673893
36000000000,39600000000,38717202993,38717202997,4
36000000000,39600000000,38717202997,38717202998,1
36000000000,39600000000,38717202998,38718066644,863646
36000000000,39600000000,38718066644,38718066676,32
36000000000,39600000000,38718066676,38719711439,1644763
36000000000,39600000000,38719711439,38719719445,8006
36000000000,39600000000,38719719445,38720808631,1089186
36000000000,39600000000,38720808631,38721594561,785930
36000000000,39600000000,38721594561,38721594611,50
36000000000,39600000000,38721594611,38728131176,6536565
36000000000,39600000000,38728131176,38729726904,1595728
36000000000,39600000000,38729726904,38733404890,3677986
36000000000,39600000000,38733404890,38738431918,5027028
36000000000,39600000000,38738431918,38739255852,823934
36000000000,39600000000,38739255852,38740023772,767920
36000000000,39600000000,38740023772,38740023772,0
36000000000,39600000000,38740023772,38758113454,18089682
36000000000,39600000000,38758113454,38758113458,4
36000000000,39600000000,38758113458,38759571986,1458528
36000000000,39600000000,38759571986,38762061345,2489359
36000000000,39600000000,38762061345,38762064561,3216
36000000000,39600000000,38762064561,38762931522,866961
36000000000,39600000000,38762931522,38764061381,1129859
36000000000,39600000000,38764061381,38764061503,122
36000000000,39600000000,38764061503,38764093279,31776
36000000000,39600000000,38764093279,38764852946,759667
36000000000,39600000000,38764852946,38764871829,18883
36000000000,39600000000,38764871829,38765641676,769847
36000000000,39600000000,38765641676,38765665780,24104
36000000000,39600000000,38765665780,38765670208,4428
36000000000,39600000000,38765670208,38765670210,2
36000000000,39600000000,38765670210,38766457810,787600
36000000000,39600000000,38766457810,38767165856,708046
36000000000,39600000000,38767165856,38767165867,11
36000000000,39600000000,38767165867,38767204292,38425
36000000000,39600000000,38767204292,38768720656,1516364
36000000000,39600000000,38768720656,38769485654,764998
36000000000,39600000000,38769485654,38769521275,35621
36000000000,39600000000,38769521275,38771658768,2137493
36000000000,39600000000,38771658768,38771688791,30023
36000000000,39600000000,38771688791,38771699610,10819
36000000000,39600000000,38771699610,38772550461,850851
36000000000,39600000000,38772550461,38774504431,1953970
36000000000,39600000000,38774504431,38774635720,131289
36000000000,39600000000,38774635720,38777922370,3286650
36000000000,39600000000,38777922370,38782221673,4299303
36000000000,39600000000,38782221673,38794453394,12231721
36000000000,39600000000,38794453394,38795553616,1100222
36000000000,39600000000,38795553616,38804471528,8917912
36000000000,39600000000,38804471528,38804537577,66049
36000000000,39600000000,38804537577,38807229583,2692006
36000000000,39600000000,38807229583,38807229587,4
36000000000,39600000000,38807229587,38807229588,1
36000000000,39600000000,38807229588,38807229664,76
36000000000,39600000000,38807229664,38807229668,4
36000000000,39600000000,38807229668,38808835346,1605678
36000000000,39600000000,38808835346,38808836477,1131
36000000000,39600000000,38808836477,38808837642,1165
36000000000,39600000000,38808837642,38812836608,3998966
36000000000,39600000000,38812836608,38814267416,1430808
36000000000,39600000000,38814267416,38817629259,3361843
36000000000,39600000000,38817629259,38836202594,18573335
36000000000,39600000000,38836202594,38836202597,3
36000000000,39600000000,38836202597,38838100303,1897706
36000000000,39600000000,38838100303,38841294291,3193988
36000000000,39600000000,38841294291,38841298713,4422
36000000000,39600000000,38841298713,38841301110,2397
36000000000,39600000000,38841301110,38842796366,1495256
36000000000,39600000000,38842796366,38842796404,38
36000000000,39600000000,38842796404,38842796435,31
36000000000,39600000000,38842796435,38852474585,9678150
36000000000,39600000000,38852474585,38853295436,820851
36000000000,39600000000,38853295436,38854855785,1560349
36000000000,39600000000,38854855785,38854855790,5
36000000000,39600000000,38854855790,38855620501,764711
36000000000,39600000000,38855620501,38869097267,13476766
36000000000,39600000000,38869097267,38869097814,547
36000000000,39600000000,38869097814,38869097857,43
36000000000,39600000000,38869097857,38870325221,1227364
36000000000,39600000000,38870325221,38871833731,1508510
36000000000,39600000000,38871833731,38875832381,3998650
36000000000,39600000000,38875832381,38891130751,15298370
36000000000,39600000000,38891130751,38891157781,27030
36000000000,39600000000,38891157781,38892697936,1540155
36000000000,39600000000,38892697936,38892697940,4
36000000000,39600000000,38892697940,38892698053,113
36000000000,39600000000,38892698053,38892732108,34055
36000000000,39600000000,38892732108,38892732678,570
36000000000,39600000000,38892732678,38893688126,955448
36000000000,39600000000,38893688126,38894478232,790106
36000000000,39600000000,38894478232,38897002982,2524750
36000000000,39600000000,38897002982,38898645734,1642752
36000000000,39600000000,38898645734,38898645738,4
36000000000,39600000000,38898645738,38898667104,21366
36000000000,39600000000,38898667104,38898684999,17895
36000000000,39600000000,38898684999,38899489748,804749
36000000000,39600000000,38899489748,38900351539,861791
36000000000,39600000000,38900351539,38903114386,2762847
36000000000,39600000000,38903114386,38904731273,1616887
36000000000,39600000000,38904731273,38908212769,3481496
36000000000,39600000000,38908212769,38910683995,2471226
36000000000,39600000000,38910683995,38912495474,1811479
36000000000,39600000000,38912495474,38914506153,2010679
36000000000,39600000000,38914506153,38916927328,2421175
36000000000,39600000000,38916927328,38916927891,563
36000000000,39600000000,38916927891,38916927904,13
36000000000,39600000000,38916927904,38927945696,11017792
36000000000,39600000000,38927945696,38941597194,13651498
36000000000,39600000000,38941597194,38942591529,994335
36000000000,39600000000,38942591529,38943325702,734173
36000000000,39600000000,38943325702,38943325706,4
36000000000,39600000000,38943325706,38943325707,1
36000000000,39600000000,38943325707,38943352449,26742
36000000000,39600000000,38943352449,38943356899,4450
36000000000,39600000000,38943356899,38944897793,1540894
36000000000,39600000000,38944897793,38944897835,42
36000000000,39600000000,38944897835,38944897911,76
36000000000,39600000000,38944897911,38946931037,2033126
36000000000,39600000000,38946931037,38950598453,3667416
36000000000,39600000000,38950598453,38952268948,1670495
36000000000,39600000000,38952268948,38952291420,22472
36000000000,39600000000,38952291420,38954000661,1709241
36000000000,39600000000,38954000661,38954003509,2848
36000000000,39600000000,38954003509,38954005624,2115
36000000000,39600000000,38954005624,38954007910,2286
36000000000,39600000000,38954007910,38954010029,2119
36000000000,39600000000,38954010029,38954011589,1560
36000000000,39600000000,38954011589,38954013105,1516
36000000000,39600000000,38954013105,38954812300,799195
36000000000,39600000000,38954812300,38956349188,1536888
36000000000,39600000000,38956349188,38956349328,140
36000000000,39600000000,38956349328,38956349339,11
36000000000,39600000000,38956349339,38956349350,11
36000000000,39600000000,38956349350,38956349361,11
36000000000,39600000000,38956349361,38956349372,11
36000000000,39600000000,38956349372,38956349383,11
36000000000,39600000000,38956349383,38957486517,1137134
36000000000,39600000000,38957486517,38957486543,26
36000000000,39600000000,38957486543,38957486550,7
36000000000,39600000000,38957486550,38966590247,9103697
36000000000,39600000000,38966590247,38968561787,1971540
36000000000,39600000000,38968561787,38968561791,4
36000000000,39600000000,38968561791,38968589152,27361
36000000000,39600000000,38968589152,38969434545,845393
36000000000,39600000000,38969434545,38974993380,5558835
36000000000,39600000000,38974993380,38975935716,942336
36000000000,39600000000,38975935716,38976741664,805948
36000000000,39600000000,38976741664,38976903396,161732
36000000000,39600000000,38976903396,38979635906,2732510
36000000000,39600000000,38979635906,38979646436,10530
36000000000,39600000000,38979646436,38981182145,1535709
36000000000,39600000000,38981182145,38981987267,805122
36000000000,39600000000,38981987267,38982779607,792340
36000000000,39600000000,38982779607,38983665977,886370
36000000000,39600000000,38983665977,38984545039,879062
36000000000,39600000000,38984545039,38987843956,3298917
36000000000,39600000000,38987843956,38991470926,3626970
36000000000,39600000000,38991470926,38992347824,876898
36000000000,39600000000,38992347824,38992354435,6611
36000000000,39600000000,38992354435,38994020255,1665820
36000000000,39600000000,38994020255,38994020279,24
36000000000,39600000000,38994020279,39000583799,6563520
36000000000,39600000000,39000583799,39000597363,13564
36000000000,39600000000,39000597363,39000597366,3
36000000000,39600000000,39000597366,39003325204,2727838
36000000000,39600000000,39003325204,39003325278,74
36000000000,39600000000,39003325278,39003356505,31227
36000000000,39600000000,39003356505,39005686023,2329518
36000000000,39600000000,39005686023,39007322142,1636119
36000000000,39600000000,39007322142,39008959650,1637508
36000000000,39600000000,39008959650,39009793640,833990
36000000000,39600000000,39009793640,39011597372,1803732
36000000000,39600000000,39011597372,39012804597,1207225
36000000000,39600000000,39012804597,39012804601,4
36000000000,39600000000,39012804601,39012804648,47
36000000000,39600000000,39012804648,39012804653,5
36000000000,39600000000,39012804653,39013889442,1084789
36000000000,39600000000,39013889442,39013910028,20586
36000000000,39600000000,39013910028,39014793995,883967
36000000000,39600000000,39014793995,39015727402,933407
36000000000,39600000000,39015727402,39015727448,46
36000000000,39600000000,39015727448,39016477155,749707
36000000000,39600000000,39016477155,39018105797,1628642
36000000000,39600000000,39018105797,39019729830,1624033
36000000000,39600000000,39019729830,39019755347,25517
36000000000,39600000000,39019755347,39019760348,5001
36000000000,39600000000,39019760348,39019762709,2361
36000000000,39600000000,39019762709,39019765184,2475
36000000000,39600000000,39019765184,39021262461,1497277
36000000000,39600000000,39021262461,39021262486,25
36000000000,39600000000,39021262486,39021262496,10
36000000000,39600000000,39021262496,39021262507,11
36000000000,39600000000,39021262507,39021298090,35583
36000000000,39600000000,39021298090,39023327924,2029834
36000000000,39600000000,39023327924,39023333250,5326
36000000000,39600000000,39023333250,39023333785,535
36000000000,39600000000,39023333785,39025666875,2333090
36000000000,39600000000,39025666875,39030779410,5112535
36000000000,39600000000,39030779410,39030780008,598
36000000000,39600000000,39030780008,39030780013,5
36000000000,39600000000,39030780013,39030780026,13
36000000000,39600000000,39030780026,39032997987,2217961
36000000000,39600000000,39032997987,39033869511,871524
36000000000,39600000000,39033869511,39037882561,4013050
36000000000,39600000000,39037882561,39044847167,6964606
36000000000,39600000000,39044847167,39046445495,1598328
36000000000,39600000000,39046445495,39052214900,5769405
36000000000,39600000000,39052214900,39052214903,3
36000000000,39600000000,39052214903,39053863223,1648320
36000000000,39600000000,39053863223,39055123869,1260646
36000000000,39600000000,39055123869,39056321287,1197418
36000000000,39600000000,39056321287,39056332349,11062
36000000000,39600000000,39056332349,39056332466,117
36000000000,39600000000,39056332466,39056332471,5
36000000000,39600000000,39056332471,39057119133,786662
36000000000,39600000000,39057119133,39057861620,742487
36000000000,39600000000,39057861620,39057897511,35891
36000000000,39600000000,39057897511,39057897513,2
36000000000,39600000000,39057897513,39058694745,797232
36000000000,39600000000,39058694745,39058694749,4
36000000000,39600000000,39058694749,39058730270,35521
36000000000,39600000000,39058730270,39059617317,887047
36000000000,39600000000,39059617317,39059618223,906
36000000000,39600000000,39059618223,39062530215,2911992
36000000000,39600000000,39062530215,39063296618,766403
36000000000,39600000000,39063296618,39066895187,3598569
36000000000,39600000000,39066895187,39068500264,1605077
36000000000,39600000000,39068500264,39068531638,31374
36000000000,39600000000,39068531638,39068531832,194
36000000000,39600000000,39068531832,39068531835,3
36000000000,39600000000,39068531835,39070315388,1783553
36000000000,39600000000,39070315388,39076701584,6386196
36000000000,39600000000,39076701584,39081666544,4964960
36000000000,39600000000,39081666544,39083188308,1521764
36000000000,39600000000,39083188308,39083977669,789361
36000000000,39600000000,39083977669,39093329731,9352062
36000000000,39600000000,39093329731,39098225927,4896196
36000000000,39600000000,39098225927,39106653561,8427634
36000000000,39600000000,39106653561,39108267976,1614415
36000000000,39600000000,39108267976,39117022346,8754370
36000000000,39600000000,39117022346,39118616186,1593840
36000000000,39600000000,39118616186,39133560855,14944669
36000000000,39600000000,39133560855,39136220584,2659729
36000000000,39600000000,39136220584,39136280704,60120
36000000000,39600000000,39136280704,39137197437,916733
36000000000,39600000000,39137197437,39137244150,46713
36000000000,39600000000,39137244150,39137245188,1038
36000000000,39600000000,39137245188,39137245216,28
36000000000,39600000000,39137245216,39137245221,5
36000000000,39600000000,39137245221,39139375615,2130394
36000000000,39600000000,39139375615,39140178437,802822
36000000000,39600000000,39140178437,39141022718,844281
36000000000,39600000000,39141022718,39142224972,1202254
36000000000,39600000000,39142224972,39142227186,2214
36000000000,39600000000,39142227186,39143016394,789208
36000000000,39600000000,39143016394,39144212232,1195838
36000000000,39600000000,39144212232,39144212242,10
36000000000,39600000000,39144212242,39144932722,720480
36000000000,39600000000,39144932722,39146515073,1582351
36000000000,39600000000,39146515073,39147367537,852464
36000000000,39600000000,39147367537,39147404946,37409
36000000000,39600000000,39147404946,39148221507,816561
36000000000,39600000000,39148221507,39154295616,6074109
36000000000,39600000000,39154295616,39166534830,12239214
36000000000,39600000000,39166534830,39169190134,2655304
36000000000,39600000000,39169190134,39179039687,9849553
36000000000,39600000000,39179039687,39179042399,2712
36000000000,39600000000,39179042399,39180662601,1620202
36000000000,39600000000,39180662601,39180662625,24
36000000000,39600000000,39180662625,39183226131,2563506
36000000000,39600000000,39183226131,39185038227,1812096
36000000000,39600000000,39185038227,39185038230,3
36000000000,39600000000,39185038230,39189080643,4042413
36000000000,39600000000,39189080643,39193439806,4359163
36000000000,39600000000,39193439806,39195078867,1639061
36000000000,39600000000,39195078867,39195078871,4
36000000000,39600000000,39195078871,39195121338,42467
36000000000,39600000000,39195121338,39195995149,873811
36000000000,39600000000,39195995149,39195995154,5
36000000000,39600000000,39195995154,39196861863,866709
36000000000,39600000000,39196861863,39212765482,15903619
36000000000,39600000000,39212765482,39214450544,1685062
36000000000,39600000000,39214450544,39218588272,4137728
36000000000,39600000000,39218588272,39237522537,18934265
36000000000,39600000000,39237522537,39238271558,749021
36000000000,39600000000,39238271558,39239059821,788263
36000000000,39600000000,39239059821,39239059821,0
36000000000,39600000000,39239059821,39244218622,5158801
36000000000,39600000000,39244218622,39245714902,1496280
36000000000,39600000000,39245714902,39251858250,6143348
36000000000,39600000000,39251858250,39254551274,2693024
36000000000,39600000000,39254551274,39255299465,748191
36000000000,39600000000,39255299465,39255325100,25635
36000000000,39600000000,39255325100,39255327212,2112
36000000000,39600000000,39255327212,39255330108,2896
36000000000,39600000000,39255330108,39255332398,2290
36000000000,39600000000,39255332398,39255337627,5229
36000000000,39600000000,39255337627,39258302077,2964450
36000000000,39600000000,39258302077,39258302109,32
36000000000,39600000000,39258302109,39258302274,165
36000000000,39600000000,39258302274,39258302291,17
36000000000,39600000000,39258302291,39258302314,23
36000000000,39600000000,39258302314,39258302347,33
36000000000,39600000000,39258302347,39271230532,12928185
36000000000,39600000000,39271230532,39272086999,856467
36000000000,39600000000,39272086999,39281132027,9045028
36000000000,39600000000,39281132027,39282693508,1561481
36000000000,39600000000,39282693508,39284316531,1623023
36000000000,39600000000,39284316531,39290968712,6652181
36000000000,39600000000,39290968712,39292494133,1525421
36000000000,39600000000,39292494133,39292494137,4
36000000000,39600000000,39292494137,39292494138,1
36000000000,39600000000,39292494138,39293291689,797551
36000000000,39600000000,39293291689,39293292678,989
36000000000,39600000000,39293292678,39294351864,1059186
36000000000,39600000000,39294351864,39297762346,3410482
36000000000,39600000000,39297762346,39297762368,22
36000000000,39600000000,39297762368,39297762382,14
36000000000,39600000000,39297762382,39301333599,3571217
36000000000,39600000000,39301333599,39302951715,1618116
36000000000,39600000000,39302951715,39302999418,47703
36000000000,39600000000,39302999418,39303001769,2351
36000000000,39600000000,39303001769,39303003512,1743
36000000000,39600000000,39303003512,39304645097,1641585
36000000000,39600000000,39304645097,39304645150,53
36000000000,39600000000,39304645150,39304645176,26
36000000000,39600000000,39304645176,39307515880,2870704
36000000000,39600000000,39307515880,39309169398,1653518
36000000000,39600000000,39309169398,39318189038,9019640
36000000000,39600000000,39318189038,39318194754,5716
36000000000,39600000000,39318194754,39318196993,2239
36000000000,39600000000,39318196993,39318199550,2557
36000000000,39600000000,39318199550,39319833095,1633545
36000000000,39600000000,39319833095,39319833121,26
36000000000,39600000000,39319833121,39319833145,24
36000000000,39600000000,39319833145,39319833155,10
36000000000,39600000000,39319833155,39319992624,159469
36000000000,39600000000,39319992624,39320807345,814721
36000000000,39600000000,39320807345,39328717738,7910393
36000000000,39600000000,39328717738,39328717740,2
36000000000,39600000000,39328717740,39330298500,1580760
36000000000,39600000000,39330298500,39354312403,24013903
36000000000,39600000000,39354312403,39355070853,758450
36000000000,39600000000,39355070853,39355070890,37
36000000000,39600000000,39355070890,39355938096,867206
36000000000,39600000000,39355938096,39357523065,1584969
36000000000,39600000000,39357523065,39358434855,911790
36000000000,39600000000,39358434855,39362138243,3703388
36000000000,39600000000,39362138243,39373364298,11226055
36000000000,39600000000,39373364298,39378545540,5181242
36000000000,39600000000,39378545540,39379990223,1444683
36000000000,39600000000,39379990223,39383319677,3329454
36000000000,39600000000,39383319677,39385741323,2421646
36000000000,39600000000,39385741323,39395330708,9589385
36000000000,39600000000,39395330708,39398615192,3284484
36000000000,39600000000,39398615192,39404722955,6107763
36000000000,39600000000,39404722955,39407176340,2453385
36000000000,39600000000,39407176340,39407176343,3
36000000000,39600000000,39407176343,39407991843,815500
36000000000,39600000000,39407991843,39408884077,892234
36000000000,39600000000,39408884077,39415380638,6496561
36000000000,39600000000,39415380638,39415443844,63206
36000000000,39600000000,39415443844,39415444407,563
36000000000,39600000000,39415444407,39417063095,1618688
36000000000,39600000000,39417063095,39417110452,47357
36000000000,39600000000,39417110452,39419538966,2428514
36000000000,39600000000,39419538966,39421550518,2011552
36000000000,39600000000,39421550518,39424063020,2512502
36000000000,39600000000,39424063020,39429610885,5547865
36000000000,39600000000,39429610885,39434254356,4643471
36000000000,39600000000,39434254356,39434254544,188
36000000000,39600000000,39434254544,39434254562,18
36000000000,39600000000,39434254562,39436071080,1816518
36000000000,39600000000,39436071080,39442703518,6632438
36000000000,39600000000,39442703518,39442703678,160
36000000000,39600000000,39442703678,39442703684,6
36000000000,39600000000,39442703684,39443505263,801579
36000000000,39600000000,39443505263,39445791091,2285828
36000000000,39600000000,39445791091,39455319944,9528853
36000000000,39600000000,39455319944,39456087125,767181
36000000000,39600000000,39456087125,39456944456,857331
36000000000,39600000000,39456944456,39458141652,1197196
36000000000,39600000000,39458141652,39458141976,324
36000000000,39600000000,39458141976,39458141981,5
36000000000,39600000000,39458141981,39458141986,5
36000000000,39600000000,39458141986,39458142689,703
36000000000,39600000000,39458142689,39458142966,277
36000000000,39600000000,39458142966,39458142971,5
36000000000,39600000000,39458142971,39458142980,9
36000000000,39600000000,39458142980,39459194170,1051190
36000000000,39600000000,39459194170,39463605013,4410843
36000000000,39600000000,39463605013,39463608677,3664
36000000000,39600000000,39463608677,39463608680,3
36000000000,39600000000,39463608680,39466087169,2478489
36000000000,39600000000,39466087169,39466087222,53
36000000000,39600000000,39466087222,39466115075,27853
36000000000,39600000000,39466115075,39477004963,10889888
36000000000,39600000000,39477004963,39477004968,5
36000000000,39600000000,39477004968,39477814969,810001
36000000000,39600000000,39477814969,39477815048,79
36000000000,39600000000,39477815048,39477815053,5
36000000000,39600000000,39477815053,39477815058,5
36000000000,39600000000,39477815058,39478731133,916075
36000000000,39600000000,39478731133,39480590336,1859203
36000000000,39600000000,39480590336,39480595729,5393
36000000000,39600000000,39480595729,39480600206,4477
36000000000,39600000000,39480600206,39480605308,5102
36000000000,39600000000,39480605308,39480609767,4459
36000000000,39600000000,39480609767,39480614908,5141
36000000000,39600000000,39480614908,39485180008,4565100
36000000000,39600000000,39485180008,39485187693,7685
36000000000,39600000000,39485187693,39485187817,124
36000000000,39600000000,39485187817,39485196051,8234
36000000000,39600000000,39485196051,39490112892,4916841
36000000000,39600000000,39490112892,39490120711,7819
36000000000,39600000000,39490120711,39490295041,174330
36000000000,39600000000,39490295041,39492447138,2152097
36000000000,39600000000,39492447138,39492448109,971
36000000000,39600000000,39492448109,39492448169,60
36000000000,39600000000,39492448169,39492448174,5
36000000000,39600000000,39492448174,39494380180,1932006
36000000000,39600000000,39494380180,39496683300,2303120
36000000000,39600000000,39496683300,39496724465,41165
36000000000,39600000000,39496724465,39503187390,6462925
36000000000,39600000000,39503187390,39509150894,5963504
36000000000,39600000000,39509150894,39513675299,4524405
36000000000,39600000000,39513675299,39518735701,5060402
36000000000,39600000000,39518735701,39518735706,5
36000000000,39600000000,39518735706,39519684004,948298
36000000000,39600000000,39519684004,39520659491,975487
36000000000,39600000000,39520659491,39525609661,4950170
36000000000,39600000000,39525609661,39528896743,3287082
36000000000,39600000000,39528896743,39533798815,4902072
36000000000,39600000000,39533798815,39545564975,11766160
36000000000,39600000000,39545564975,39545564999,24
36000000000,39600000000,39545564999,39546909849,1344850
36000000000,39600000000,39546909849,39546909910,61
36000000000,39600000000,39546909910,39546909915,5
36000000000,39600000000,39546909915,39556474594,9564679
36000000000,39600000000,39556474594,39560931444,4456850
36000000000,39600000000,39560931444,39569563715,8632271
36000000000,39600000000,39569563715,39570357367,793652
36000000000,39600000000,39570357367,39570357802,435
36000000000,39600000000,39570357802,39575481439,5123637
36000000000,39600000000,39575481439,39575481442,3
36000000000,39600000000,39575481442,39575481443,1
36000000000,39600000000,39575481443,39581904465,6423022
36000000000,39600000000,39581904465,39581904671,206
36000000000,39600000000,39581904671,39583572903,1668232
36000000000,39600000000,39583572903,39585224264,1651361
36000000000,39600000000,39585224264,39586032163,807899
36000000000,39600000000,39586032163,39592606834,6574671
36000000000,39600000000,39592606834,39593651301,1044467
36000000000,39600000000,39593651301,39596982872,3331571
36000000000,39600000000,39596982872,39597005206,22334
39600000000,43200000000,39601668250,39601668738,488
39600000000,43200000000,39601668738,39601668756,18
39600000000,43200000000,39601668756,39601669069,313
39600000000,43200000000,39601669069,39601669086,17
39600000000,43200000000,39601669086,39619133045,17463959
39600000000,43200000000,39619133045,39620202945,1069900
39600000000,43200000000,39620202945,39620230412,27467
39600000000,43200000000,39620230412,39621232633,1002221
39600000000,43200000000,39621232633,39622234957,1002324
39600000000,43200000000,39622234957,39622234968,11
39600000000,43200000000,39622234968,39623735958,1500990
39600000000,43200000000,39623735958,39623736045,87
39600000000,43200000000,39623736045,39623736050,5
39600000000,43200000000,39623736050,39631712205,7976155
39600000000,43200000000,39631712205,39634278087,2565882
39600000000,43200000000,39634278087,39634284619,6532
39600000000,43200000000,39634284619,39635277272,992653
39600000000,43200000000,39635277272,39635326698,49426
39600000000,43200000000,39635326698,39636325174,998476
39600000000,43200000000,39636325174,39636325185,11
39600000000,43200000000,39636325185,39638668268,2343083
39600000000,43200000000,39638668268,39640541598,1873330
39600000000,43200000000,39640541598,39646518420,5976822
39600000000,43200000000,39646518420,39646525088,6668
39600000000,43200000000,39646525088,39647473161,948073
39600000000,43200000000,39647473161,39647473163,2
39600000000,43200000000,39647473163,39648328760,855597
39600000000,43200000000,39648328760,39648328764,4
39600000000,43200000000,39648328764,39648328765,1
39600000000,43200000000,39648328765,39649204685,875920
39600000000,43200000000,39649204685,39650192107,987422
39600000000,43200000000,39650192107,39650193069,962
39600000000,43200000000,39650193069,39650193216,147
39600000000,43200000000,39650193216,39661615054,11421838
39600000000,43200000000,39661615054,39664284657,2669603
39600000000,43200000000,39664284657,39668998641,4713984
39600000000,43200000000,39668998641,39668998739,98
39600000000,43200000000,39668998739,39670699019,1700280
39600000000,43200000000,39670699019,39671546479,847460
39600000000,43200000000,39671546479,39674884982,3338503
39600000000,43200000000,39674884982,39674896053,11071
39600000000,43200000000,39674896053,39681716783,6820730
39600000000,43200000000,39681716783,39681716786,3
39600000000,43200000000,39681716786,39682499940,783154
39600000000,43200000000,39682499940,39683369161,869221
39600000000,43200000000,39683369161,39693638720,10269559
39600000000,43200000000,39693638720,39708552616,14913896
39600000000,43200000000,39708552616,39711253298,2700682
39600000000,43200000000,39711253298,39722086538,10833240
39600000000,43200000000,39722086538,39722859532,772994
39600000000,43200000000,39722859532,39722868624,9092
39600000000,43200000000,39722868624,39722874197,5573
39600000000,43200000000,39722874197,39723658445,784248
39600000000,43200000000,39723658445,39725248093,1589648
39600000000,43200000000,39725248093,39725248111,18
39600000000,43200000000,39725248111,39725248128,17
39600000000,43200000000,39725248128,39733270087,8021959
39600000000,43200000000,39733270087,39733275475,5388
39600000000,43200000000,39733275475,39733278273,2798
39600000000,43200000000,39733278273,39734848523,1570250
39600000000,43200000000,39734848523,39734848548,25
39600000000,43200000000,39734848548,39734848572,24
39600000000,43200000000,39734848572,39738143402,3294830
39600000000,43200000000,39738143402,39740538646,2395244
39600000000,43200000000,39740538646,39744920221,4381575
39600000000,43200000000,39744920221,39746508565,1588344
39600000000,43200000000,39746508565,39748114040,1605475
39600000000,43200000000,39748114040,39763459219,15345179
39600000000,43200000000,39763459219,39767317606,3858387
39600000000,43200000000,39767317606,39774334486,7016880
39600000000,43200000000,39774334486,39781200810,6866324
39600000000,43200000000,39781200810,39782792663,1591853
39600000000,43200000000,39782792663,39802448153,19655490
39600000000,43200000000,39802448153,39802448155,2
39600000000,43200000000,39802448155,39803899039,1450884
39600000000,43200000000,39803899039,39805483245,1584206
39600000000,43200000000,39805483245,39810670985,5187740
39600000000,43200000000,39810670985,39818581181,7910196
39600000000,43200000000,39818581181,39827133476,8552295
39600000000,43200000000,39827133476,39843693344,16559868
39600000000,43200000000,39843693344,39845176278,1482934
39600000000,43200000000,39845176278,39846668267,1491989
39600000000,43200000000,39846668267,39848222098,1553831
39600000000,43200000000,39848222098,39853215113,4993015
39600000000,43200000000,39853215113,39853986369,771256
39600000000,43200000000,39853986369,39854766517,780148
39600000000,43200000000,39854766517,39863654806,8888289
39600000000,43200000000,39863654806,39865636787,1981981
39600000000,43200000000,39865636787,39871740242,6103455
39600000000,43200000000,39871740242,39871740268,26
39600000000,43200000000,39871740268,39878607173,6866905
39600000000,43200000000,39878607173,39878616935,9762
39600000000,43200000000,39878616935,39879404597,787662
39600000000,43200000000,39879404597,39880289260,884663
39600000000,43200000000,39880289260,39880289265,5
39600000000,43200000000,39880289265,39881053172,763907
39600000000,43200000000,39881053172,39881053176,4
39600000000,43200000000,39881053176,39881845940,792764
39600000000,43200000000,39881845940,39889578959,7733019
39600000000,43200000000,39889578959,39891259447,1680488
39600000000,43200000000,39891259447,39893005696,1746249
39600000000,43200000000,39893005696,39902990315,9984619
39600000000,43200000000,39902990315,39904546341,1556026
39600000000,43200000000,39904546341,39904566525,20184
39600000000,43200000000,39904566525,39906431960,1865435
39600000000,43200000000,39906431960,39907307101,875141
39600000000,43200000000,39907307101,39907307663,562
39600000000,43200000000,39907307663,39908244508,936845
39600000000,43200000000,39908244508,39909088995,844487
39600000000,43200000000,39909088995,39909096469,7474
39600000000,43200000000,39909096469,39909096472,3
39600000000,43200000000,39909096472,39911497301,2400829
39600000000,43200000000,39911497301,39911497318,17
39600000000,43200000000,39911497318,39911531126,33808
39600000000,43200000000,39911531126,39913087845,1556719
39600000000,43200000000,39913087845,39913943726,855881
39600000000,43200000000,39913943726,39914801135,857409
39600000000,43200000000,39914801135,39915534975,733840
39600000000,43200000000,39915534975,39916468316,933341
39600000000,43200000000,39916468316,39916472429,4113
39600000000,43200000000,39916472429,39919941165,3468736
39600000000,43200000000,39919941165,39919941168,3
39600000000,43200000000,39919941168,39919941169,1
39600000000,43200000000,39919941169,39919941226,57
39600000000,43200000000,39919941226,39922177072,2235846
39600000000,43200000000,39922177072,39922177697,625
39600000000,43200000000,39922177697,39922226293,48596
39600000000,43200000000,39922226293,39922226295,2
39600000000,43200000000,39922226295,39924498936,2272641
39600000000,43200000000,39924498936,39929211314,4712378
39600000000,43200000000,39929211314,39931439622,2228308
39600000000,43200000000,39931439622,39931439625,3
39600000000,43200000000,39931439625,39931439626,1
39600000000,43200000000,39931439626,39932922738,1483112
39600000000,43200000000,39932922738,39932923280,542
39600000000,43200000000,39932923280,39941344114,8420834
39600000000,43200000000,39941344114,39945946894,4602780
39600000000,43200000000,39945946894,39946550430,603536
39600000000,43200000000,39946550430,39952405588,5855158
39600000000,43200000000,39952405588,39952405592,4
39600000000,43200000000,39952405592,39952405593,1
39600000000,43200000000,39952405593,39954101132,1695539
39600000000,43200000000,39954101132,39954304747,203615
39600000000,43200000000,39954304747,39954304996,249
39600000000,43200000000,39954304996,39955266697,961701
39600000000,43200000000,39955266697,39956092188,825491
39600000000,43200000000,39956092188,39973478701,17386513
39600000000,43200000000,39973478701,39977921405,4442704
39600000000,43200000000,39977921405,39981704824,3783419
39600000000,43200000000,39981704824,39982609599,904775
39600000000,43200000000,39982609599,39982609727,128
39600000000,43200000000,39982609727,39982609732,5
39600000000,43200000000,39982609732,39984493791,1884059
39600000000,43200000000,39984493791,39984493795,4
39600000000,43200000000,39984493795,39984493796,1
39600000000,43200000000,39984493796,39984916440,422644
39600000000,43200000000,39984916440,39985917767,1001327
39600000000,43200000000,39985917767,39986833902,916135
39600000000,43200000000,39986833902,39987789630,955728
39600000000,43200000000,39987789630,39988690306,900676
39600000000,43200000000,39988690306,39991263737,2573431
39600000000,43200000000,39991263737,39991263762,25
39600000000,43200000000,39991263762,39992126641,862879
39600000000,43200000000,39992126641,39993284512,1157871
39600000000,43200000000,39993284512,39994985743,1701231
39600000000,43200000000,39994985743,39997727349,2741606
39600000000,43200000000,39997727349,40009743399,12016050
39600000000,43200000000,40009743399,40015828201,6084802
39600000000,43200000000,40015828201,40015828289,88
39600000000,43200000000,40015828289,40015828294,5
39600000000,43200000000,40015828294,40015828403,109
39600000000,43200000000,40015828403,40015828406,3
39600000000,43200000000,40015828406,40017775649,1947243
39600000000,43200000000,40017775649,40017819669,44020
39600000000,43200000000,40017819669,40020359181,2539512
39600000000,43200000000,40020359181,40021190515,831334
39600000000,43200000000,40021190515,40026519332,5328817
39600000000,43200000000,40026519332,40028626789,2107457
39600000000,43200000000,40028626789,40037058689,8431900
39600000000,43200000000,40037058689,40037058807,118
39600000000,43200000000,40037058807,40037058826,19
39600000000,43200000000,40037058826,40039247166,2188340
39600000000,43200000000,40039247166,40039253726,6560
39600000000,43200000000,40039253726,40040080994,827268
39600000000,43200000000,40040080994,40040925292,844298
39600000000,43200000000,40040925292,40040925317,25
39600000000,43200000000,40040925317,40048499555,7574238
39600000000,43200000000,40048499555,40048499699,144
39600000000,43200000000,40048499699,40048499710,11
39600000000,43200000000,40048499710,40051853785,3354075
39600000000,43200000000,40051853785,40068297922,16444137
39600000000,43200000000,40068297922,40068297989,67
39600000000,43200000000,40068297989,40068297996,7
39600000000,43200000000,40068297996,40080954504,12656508
39600000000,43200000000,40080954504,40080954553,49
39600000000,43200000000,40080954553,40080954558,5
39600000000,43200000000,40080954558,40080954563,5
39600000000,43200000000,40080954563,40090232909,9278346
39600000000,43200000000,40090232909,40090238272,5363
39600000000,43200000000,40090238272,40090238340,68
39600000000,43200000000,40090238340,40090238345,5
39600000000,43200000000,40090238345,40092098274,1859929
39600000000,43200000000,40092098274,40097482692,5384418
39600000000,43200000000,40097482692,40097488219,5527
39600000000,43200000000,40097488219,40098286937,798718
39600000000,43200000000,40098286937,40098288482,1545
39600000000,43200000000,40098288482,40098288487,5
39600000000,43200000000,40098288487,40098288510,23
39600000000,43200000000,40098288510,40099076806,788296
39600000000,43200000000,40099076806,40099076826,20
39600000000,43200000000,40099076826,40113642187,14565361
39600000000,43200000000,40113642187,40114420146,777959
39600000000,43200000000,40114420146,40114420150,4
39600000000,43200000000,40114420150,40114420151,1
39600000000,43200000000,40114420151,40115237489,817338
39600000000,43200000000,40115237489,40115996419,758930
39600000000,43200000000,40115996419,40115996450,31
39600000000,43200000000,40115996450,40117640283,1643833
39600000000,43200000000,40117640283,40118405544,765261
39600000000,43200000000,40118405544,40120782006,2376462
39600000000,43200000000,40120782006,40120782010,4
39600000000,43200000000,40120782010,40122320101,1538091
39600000000,43200000000,40122320101,40125176659,2856558
39600000000,43200000000,40125176659,40125176663,4
39600000000,43200000000,40125176663,40125176759,96
39600000000,43200000000,40125176759,40125994117,817358
39600000000,43200000000,40125994117,40128828169,2834052
39600000000,43200000000,40128828169,40129640952,812783
39600000000,43200000000,40129640952,40131073988,1433036
39600000000,43200000000,40131073988,40131846333,772345
39600000000,43200000000,40131846333,40155687734,23841401
39600000000,43200000000,40155687734,40160385654,4697920
39600000000,43200000000,40160385654,40160419046,33392
39600000000,43200000000,40160419046,40174097418,13678372
39600000000,43200000000,40174097418,40193397818,19300400
39600000000,43200000000,40193397818,40198363786,4965968
39600000000,43200000000,40198363786,40198383716,19930
39600000000,43200000000,40198383716,40200753095,2369379
39600000000,43200000000,40200753095,40200753099,4
39600000000,43200000000,40200753099,40200753228,129
39600000000,43200000000,40200753228,40202459231,1706003
39600000000,43200000000,40202459231,40210919872,8460641
39600000000,43200000000,40210919872,40212546662,1626790
39600000000,43200000000,40212546662,40212619360,72698
39600000000,43200000000,40212619360,40213436432,817072
39600000000,43200000000,40213436432,40214584795,1148363
39600000000,43200000000,40214584795,40215354459,769664
39600000000,43200000000,40215354459,40216916486,1562027
39600000000,43200000000,40216916486,40217747702,831216
39600000000,43200000000,40217747702,40218480583,732881
39600000000,43200000000,40218480583,40221620032,3139449
39600000000,43200000000,40221620032,40222339863,719831
39600000000,43200000000,40222339863,40223800209,1460346
39600000000,43200000000,40223800209,40223829676,29467
39600000000,43200000000,40223829676,40223831953,2277
39600000000,43200000000,40223831953,40223833701,1748
39600000000,43200000000,40223833701,40224975310,1141609
39600000000,43200000000,40224975310,40225811306,835996
39600000000,43200000000,40225811306,40225811317,11
39600000000,43200000000,40225811317,40225811328,11
39600000000,43200000000,40225811328,40225832080,20752
39600000000,43200000000,40225832080,40225859988,27908
39600000000,43200000000,40225859988,40228221900,2361912
39600000000,43200000000,40228221900,40235974866,7752966
39600000000,43200000000,40235974866,40236797782,822916
39600000000,43200000000,40236797782,40236800463,2681
39600000000,43200000000,40236800463,40236803406,2943
39600000000,43200000000,40236803406,40236806144,2738
39600000000,43200000000,40236806144,40236808594,2450
39600000000,43200000000,40236808594,40237567017,758423
39600000000,43200000000,40237567017,40238462629,895612
39600000000,43200000000,40238462629,40238462677,48
39600000000,43200000000,40238462677,40238462711,34
39600000000,43200000000,40238462711,40238462743,32
39600000000,43200000000,40238462743,40238462754,11
39600000000,43200000000,40238462754,40246389129,7926375
39600000000,43200000000,40246389129,40247987595,1598466
39600000000,43200000000,40247987595,40250348917,2361322
39600000000,43200000000,40250348917,40253263113,2914196
39600000000,43200000000,40253263113,40253263116,3
39600000000,43200000000,40253263116,40253264065,949
39600000000,43200000000,40253264065,40253264067,2
39600000000,43200000000,40253264067,40254957999,1693932
39600000000,43200000000,40254957999,40256784934,1826935
39600000000,43200000000,40256784934,40256784955,21
39600000000,43200000000,40256784955,40256785303,348
39600000000,43200000000,40256785303,40256785308,5
39600000000,43200000000,40256785308,40260819959,4034651
39600000000,43200000000,40260819959,40262468050,1648091
39600000000,43200000000,40262468050,40262568966,100916
39600000000,43200000000,40262568966,40264333563,1764597
39600000000,43200000000,40264333563,40266479571,2146008
39600000000,43200000000,40266479571,40267311651,832080
39600000000,43200000000,40267311651,40273042354,5730703
39600000000,43200000000,40273042354,40275159651,2117297
39600000000,43200000000,40275159651,40275159656,5
39600000000,43200000000,40275159656,40276727908,1568252
39600000000,43200000000,40276727908,40276788276,60368
39600000000,43200000000,40276788276,40276788445,169
39600000000,43200000000,40276788445,40276788450,5
39600000000,43200000000,40276788450,40276788455,5
39600000000,43200000000,40276788455,40283185076,6396621
39600000000,43200000000,40283185076,40285604954,2419878
39600000000,43200000000,40285604954,40285609001,4047
39600000000,43200000000,40285609001,40287119205,1510204
39600000000,43200000000,40287119205,40287119666,461
39600000000,43200000000,40287119666,40294560098,7440432
39600000000,43200000000,40294560098,40296148314,1588216
39600000000,43200000000,40296148314,40296148317,3
39600000000,43200000000,40296148317,40297702838,1554521
39600000000,43200000000,40297702838,40309655996,11953158
39600000000,43200000000,40309655996,40309656000,4
39600000000,43200000000,40309656000,40311171765,1515765
39600000000,43200000000,40311171765,40321380721,10208956
39600000000,43200000000,40321380721,40325538231,4157510
39600000000,43200000000,40325538231,40327155716,1617485
39600000000,43200000000,40327155716,40327933607,777891
39600000000,43200000000,40327933607,40331665580,3731973
39600000000,43200000000,40331665580,40333978997,2313417
39600000000,43200000000,40333978997,40335600724,1621727
39600000000,43200000000,40335600724,40335626193,25469
39600000000,43200000000,40335626193,40339993707,4367514
39600000000,43200000000,40339993707,40340787794,794087
39600000000,43200000000,40340787794,40340787797,3
39600000000,43200000000,40340787797,40341523272,735475
39600000000,43200000000,40341523272,40342704744,1181472
39600000000,43200000000,40342704744,40355338899,12634155
39600000000,43200000000,40355338899,40356081307,742408
39600000000,43200000000,40356081307,40356814101,732794
39600000000,43200000000,40356814101,40363580731,6766630
39600000000,43200000000,40363580731,40364796028,1215297
39600000000,43200000000,40364796028,40369434541,4638513
39600000000,43200000000,40369434541,40370900078,1465537
39600000000,43200000000,40370900078,40372374241,1474163
39600000000,43200000000,40372374241,40379271846,6897605
39600000000,43200000000,40379271846,40389435471,10163625
39600000000,43200000000,40389435471,40395854350,6418879
39600000000,43200000000,40395854350,40396932203,1077853
39600000000,43200000000,40396932203,40397699788,767585
39600000000,43200000000,40397699788,40408591382,10891594
39600000000,43200000000,40408591382,40410154405,1563023
39600000000,43200000000,40410154405,40410154409,4
39600000000,43200000000,40410154409,40410154410,1
39600000000,43200000000,40410154410,40410947204,792794
39600000000,43200000000,40410947204,40410948139,935
39600000000,43200000000,40410948139,40451252196,40304057
39600000000,43200000000,40451252196,40452003579,751383
39600000000,43200000000,40452003579,40452010627,7048
39600000000,43200000000,40452010627,40453110742,1100115
39600000000,43200000000,40453110742,40453129609,18867
39600000000,43200000000,40453129609,40454588809,1459200
39600000000,43200000000,40454588809,40454588827,18
39600000000,43200000000,40454588827,40456075114,1486287
39600000000,43200000000,40456075114,40466325088,10249974
39600000000,43200000000,40466325088,40466325092,4
39600000000,43200000000,40466325092,40467929397,1604305
39600000000,43200000000,40467929397,40469320587,1391190
39600000000,43200000000,40469320587,40469324247,3660
39600000000,43200000000,40469324247,40469329156,4909
39600000000,43200000000,40469329156,40469342561,13405
39600000000,43200000000,40469342561,40470799413,1456852
39600000000,43200000000,40470799413,40470799424,11
39600000000,43200000000,40470799424,40470799442,18
39600000000,43200000000,40470799442,40470799459,17
39600000000,43200000000,40470799459,40484866222,14066763
39600000000,43200000000,40484866222,40484871057,4835
39600000000,43200000000,40484871057,40484871155,98
39600000000,43200000000,40484871155,40484871160,5
39600000000,43200000000,40484871160,40486517804,1646644
39600000000,43200000000,40486517804,40486553490,35686
39600000000,43200000000,40486553490,40492681421,6127931
39600000000,43200000000,40492681421,40494340563,1659142
39600000000,43200000000,40494340563,40497007699,2667136
39600000000,43200000000,40497007699,40500851062,3843363
39600000000,43200000000,40500851062,40503788176,2937114
39600000000,43200000000,40503788176,40504484662,696486
39600000000,43200000000,40504484662,40504504178,19516
39600000000,43200000000,40504504178,40507928655,3424477
39600000000,43200000000,40507928655,40509459718,1531063
39600000000,43200000000,40509459718,40510312875,853157
39600000000,43200000000,40510312875,40511891082,1578207
39600000000,43200000000,40511891082,40512795375,904293
39600000000,43200000000,40512795375,40513647768,852393
39600000000,43200000000,40513647768,40514470750,822982
39600000000,43200000000,40514470750,40514505892,35142
39600000000,43200000000,40514505892,40515296270,790378
39600000000,43200000000,40515296270,40516184465,888195
39600000000,43200000000,40516184465,40516989104,804639
39600000000,43200000000,40516989104,40517426968,437864
39600000000,43200000000,40517426968,40519718131,2291163
39600000000,43200000000,40519718131,40519736665,18534
39600000000,43200000000,40519736665,40521250052,1513387
39600000000,43200000000,40521250052,40523582786,2332734
39600000000,43200000000,40523582786,40526702054,3119268
39600000000,43200000000,40526702054,40526702422,368
39600000000,43200000000,40526702422,40540033121,13330699
39600000000,43200000000,40540033121,40540033123,2
39600000000,43200000000,40540033123,40540816387,783264
39600000000,43200000000,40540816387,40541562964,746577
39600000000,43200000000,40541562964,40544416561,2853597
39600000000,43200000000,40544416561,40546804231,2387670
39600000000,43200000000,40546804231,40546804235,4
39600000000,43200000000,40546804235,40547593580,789345
39600000000,43200000000,40547593580,40547616980,23400
39600000000,43200000000,40547616980,40551087873,3470893
39600000000,43200000000,40551087873,40551879699,791826
39600000000,43200000000,40551879699,40555645076,3765377
39600000000,43200000000,40555645076,40555652506,7430
39600000000,43200000000,40555652506,40557026066,1373560
39600000000,43200000000,40557026066,40557052687,26621
39600000000,43200000000,40557052687,40557058755,6068
39600000000,43200000000,40557058755,40557061234,2479
39600000000,43200000000,40557061234,40559296018,2234784
39600000000,43200000000,40559296018,40559296067,49
39600000000,43200000000,40559296067,40559296078,11
39600000000,43200000000,40559296078,40563486541,4190463
39600000000,43200000000,40563486541,40566831471,3344930
39600000000,43200000000,40566831471,40570121031,3289560
39600000000,43200000000,40570121031,40572030069,1909038
39600000000,43200000000,40572030069,40573601105,1571036
39600000000,43200000000,40573601105,40575935849,2334744
39600000000,43200000000,40575935849,40583781166,7845317
39600000000,43200000000,40583781166,40583781169,3
39600000000,43200000000,40583781169,40585645635,1864466
39600000000,43200000000,40585645635,40588014974,2369339
39600000000,43200000000,40588014974,40592527808,4512834
39600000000,43200000000,40592527808,40599167897,6640089
39600000000,43200000000,40599167897,40602193550,3025653
39600000000,43200000000,40602193550,40602193577,27
39600000000,43200000000,40602193577,40602193582,5
39600000000,43200000000,40602193582,40603577078,1383496
39600000000,43200000000,40603577078,40603580675,3597
39600000000,43200000000,40603580675,40603581551,876
39600000000,43200000000,40603581551,40603581556,5
39600000000,43200000000,40603581556,40603581575,19
39600000000,43200000000,40603581575,40605555447,1973872
39600000000,43200000000,40605555447,40605601153,45706
39600000000,43200000000,40605601153,40607115225,1514072
39600000000,43200000000,40607115225,40611746207,4630982
39600000000,43200000000,40611746207,40613278904,1532697
39600000000,43200000000,40613278904,40617565419,4286515
39600000000,43200000000,40617565419,40618344043,778624
39600000000,43200000000,40618344043,40619104719,760676
39600000000,43200000000,40619104719,40632596780,13492061
39600000000,43200000000,40632596780,40632597071,291
39600000000,43200000000,40632597071,40632597076,5
39600000000,43200000000,40632597076,40632597081,5
39600000000,43200000000,40632597081,40636526089,3929008
39600000000,43200000000,40636526089,40638352142,1826053
39600000000,43200000000,40638352142,40638352321,179
39600000000,43200000000,40638352321,40638352328,7
39600000000,43200000000,40638352328,40642557751,4205423
39600000000,43200000000,40642557751,40644910049,2352298
39600000000,43200000000,40644910049,40644910049,0
39600000000,43200000000,40644910049,40650166152,5256103
39600000000,43200000000,40650166152,40659871833,9705681
39600000000,43200000000,40659871833,40663811491,3939658
39600000000,43200000000,40663811491,40665446139,1634648
39600000000,43200000000,40665446139,40665478888,32749
39600000000,43200000000,40665478888,40666946311,1467423
39600000000,43200000000,40666946311,40666969425,23114
39600000000,43200000000,40666969425,40668754039,1784614
39600000000,43200000000,40668754039,40672552283,3798244
39600000000,43200000000,40672552283,40673388732,836449
39600000000,43200000000,40673388732,40674206566,817834
39600000000,43200000000,40674206566,40674928157,721591
39600000000,43200000000,40674928157,40675741289,813132
39600000000,43200000000,40675741289,40675767006,25717
39600000000,43200000000,40675767006,40677363431,1596425
39600000000,43200000000,40677363431,40679982030,2618599
39600000000,43200000000,40679982030,40680717230,735200
39600000000,43200000000,40680717230,40681451129,733899
39600000000,43200000000,40681451129,40681469311,18182
39600000000,43200000000,40681469311,40682157554,688243
39600000000,43200000000,40682157554,40682915779,758225
39600000000,43200000000,40682915779,40682925294,9515
39600000000,43200000000,40682925294,40683617251,691957
39600000000,43200000000,40683617251,40684406399,789148
39600000000,43200000000,40684406399,40684406527,128
39600000000,43200000000,40684406527,40686666538,2260011
39600000000,43200000000,40686666538,40687532300,865762
39600000000,43200000000,40687532300,40689027798,1495498
39600000000,43200000000,40689027798,40689064031,36233
39600000000,43200000000,40689064031,40692891378,3827347
39600000000,43200000000,40692891378,40695124862,2233484
39600000000,43200000000,40695124862,40696552728,1427866
39600000000,43200000000,40696552728,40697334519,781791
39600000000,43200000000,40697334519,40698737025,1402506
39600000000,43200000000,40698737025,40699497291,760266
39600000000,43200000000,40699497291,40701042350,1545059
39600000000,43200000000,40701042350,40701795908,753558
39600000000,43200000000,40701795908,40702084608,288700
39600000000,43200000000,40702084608,40703175085,1090477
39600000000,43200000000,40703175085,40703998250,823165
39600000000,43200000000,40703998250,40709546334,5548084
39600000000,43200000000,40709546334,40709546360,26
39600000000,43200000000,40709546360,40709547044,684
39600000000,43200000000,40709547044,40724261637,14714593
39600000000,43200000000,40724261637,40725940132,1678495
39600000000,43200000000,40725940132,40727525196,1585064
39600000000,43200000000,40727525196,40742552194,15026998
39600000000,43200000000,40742552194,40743966509,1414315
39600000000,43200000000,40743966509,40746629221,2662712
39600000000,43200000000,40746629221,40746629224,3
39600000000,43200000000,40746629224,40747438838,809614
39600000000,43200000000,40747438838,40748249910,811072
39600000000,43200000000,40748249910,40749060498,810588
39600000000,43200000000,40749060498,40749065425,4927
39600000000,43200000000,40749065425,40751488071,2422646
39600000000,43200000000,40751488071,40754302212,2814141
39600000000,43200000000,40754302212,40757672028,3369816
39600000000,43200000000,40757672028,40757672042,14
39600000000,43200000000,40757672042,40774001701,16329659
39600000000,43200000000,40774001701,40796987521,22985820
39600000000,43200000000,40796987521,40801995832,5008311
39600000000,43200000000,40801995832,40802001022,5190
39600000000,43200000000,40802001022,40802807922,806900
39600000000,43200000000,40802807922,40802808019,97
39600000000,43200000000,40802808019,40802818727,10708
39600000000,43200000000,40802818727,40803593973,775246
39600000000,43200000000,40803593973,40803594103,130
39600000000,43200000000,40803594103,40804429221,835118
39600000000,43200000000,40804429221,40805216308,787087
39600000000,43200000000,40805216308,40805970246,753938
39600000000,43200000000,40805970246,40807421142,1450896
39600000000,43200000000,40807421142,40808122843,701701
39600000000,43200000000,40808122843,40808129794,6951
39600000000,43200000000,40808129794,40808132726,2932
39600000000,43200000000,40808132726,40810186893,2054167
39600000000,43200000000,40810186893,40810186904,11
39600000000,43200000000,40810186904,40810186942,38
39600000000,43200000000,40810186942,40820156009,9969067
39600000000,43200000000,40820156009,40821563550,1407541
39600000000,43200000000,40821563550,40823402891,1839341
39600000000,43200000000,40823402891,40823432389,29498
39600000000,43200000000,40823432389,40825645208,2212819
39600000000,43200000000,40825645208,40831087647,5442439
39600000000,43200000000,40831087647,40833694540,2606893
39600000000,43200000000,40833694540,40834474829,780289
39600000000,43200000000,40834474829,40835960401,1485572
39600000000,43200000000,40835960401,40836704393,743992
39600000000,43200000000,40836704393,40837465130,760737
39600000000,43200000000,40837465130,40838255888,790758
39600000000,43200000000,40838255888,40839727495,1471607
39600000000,43200000000,40839727495,40842899875,3172380
39600000000,43200000000,40842899875,40842900457,582
39600000000,43200000000,40842900457,40842900462,5
39600000000,43200000000,40842900462,40842900467,5
39600000000,43200000000,40842900467,40852673997,9773530
39600000000,43200000000,40852673997,40852673999,2
39600000000,43200000000,40852673999,40854113828,1439829
39600000000,43200000000,40854113828,40854146841,33013
39600000000,43200000000,40854146841,40871119871,16973030
39600000000,43200000000,40871119871,40871119910,39
39600000000,43200000000,40871119910,40871119915,5
39600000000,43200000000,40871119915,40871119920,5
39600000000,43200000000,40871119920,40883579968,12460048
39600000000,43200000000,40883579968,40883585171,5203
39600000000,43200000000,40883585171,40885647402,2062231
39600000000,43200000000,40885647402,40887674759,2027357
39600000000,43200000000,40887674759,40893050283,5375524
39600000000,43200000000,40893050283,40893050286,3
39600000000,43200000000,40893050286,40894515906,1465620
39600000000,43200000000,40894515906,40895972159,1456253
39600000000,43200000000,40895972159,40895978493,6334
39600000000,43200000000,40895978493,40895986662,8169
39600000000,43200000000,40895986662,40897388166,1401504
39600000000,43200000000,40897388166,40897388190,24
39600000000,43200000000,40897388190,40897388361,171
39600000000,43200000000,40897388361,40898491538,1103177
39600000000,43200000000,40898491538,40899918109,1426571
39600000000,43200000000,40899918109,40908220358,8302249
39600000000,43200000000,40908220358,40910726379,2506021
39600000000,43200000000,40910726379,40910726382,3
39600000000,43200000000,40910726382,40911453312,726930
39600000000,43200000000,40911453312,40912232741,779429
39600000000,43200000000,40912232741,40914479036,2246295
39600000000,43200000000,40914479036,40917502683,3023647
39600000000,43200000000,40917502683,40920648532,3145849
39600000000,43200000000,40920648532,40922736623,2088091
39600000000,43200000000,40922736623,40922736626,3
39600000000,43200000000,40922736626,40923419310,682684
39600000000,43200000000,40923419310,40926615109,3195799
39600000000,43200000000,40926615109,40926638577,23468
39600000000,43200000000,40926638577,40928911101,2272524
39600000000,43200000000,40928911101,40933088745,4177644
39600000000,43200000000,40933088745,40933095543,6798
39600000000,43200000000,40933095543,40933103761,8218
39600000000,43200000000,40933103761,40933814509,710748
39600000000,43200000000,40933814509,40933825755,11246
39600000000,43200000000,40933825755,40934539807,714052
39600000000,43200000000,40934539807,40934540001,194
39600000000,43200000000,40934540001,40934540012,11
39600000000,43200000000,40934540012,40935304065,764053
39600000000,43200000000,40935304065,40935304075,10
39600000000,43200000000,40935304075,40935334695,30620
39600000000,43200000000,40935334695,40935334950,255
39600000000,43200000000,40935334950,40936321758,986808
39600000000,43200000000,40936321758,40936389274,67516
39600000000,43200000000,40936389274,40937983690,1594416
39600000000,43200000000,40937983690,40938023555,39865
39600000000,43200000000,40938023555,40941699575,3676020
39600000000,43200000000,40941699575,40946357379,4657804
39600000000,43200000000,40946357379,40946366939,9560
39600000000,43200000000,40946366939,40947234940,868001
39600000000,43200000000,40947234940,40947235078,138
39600000000,43200000000,40947235078,40947235083,5
39600000000,43200000000,40947235083,40948069559,834476
39600000000,43200000000,40948069559,40948069570,11
39600000000,43200000000,40948069570,40949539746,1470176
39600000000,43200000000,40949539746,40951121360,1581614
39600000000,43200000000,40951121360,40951923898,802538
39600000000,43200000000,40951923898,40951923989,91
39600000000,43200000000,40951923989,40951923997,8
39600000000,43200000000,40951923997,40955612985,3688988
39600000000,43200000000,40955612985,40962373396,6760411
39600000000,43200000000,40962373396,40964288451,1915055
39600000000,43200000000,40964288451,40966891244,2602793
39600000000,43200000000,40966891244,40969126907,2235663
39600000000,43200000000,40969126907,40972170565,3043658
39600000000,43200000000,40972170565,40973015802,845237
39600000000,43200000000,40973015802,40975008244,1992442
39600000000,43200000000,40975008244,40984463235,9454991
39600000000,43200000000,40984463235,40988123457,3660222
39600000000,43200000000,40988123457,40990961779,2838322
39600000000,43200000000,40990961779,40993241650,2279871
39600000000,43200000000,40993241650,40994070337,828687
39600000000,43200000000,40994070337,40994883724,813387
39600000000,43200000000,40994883724,40995654139,770415
39600000000,43200000000,40995654139,40995673052,18913
39600000000,43200000000,40995673052,40996475102,802050
39600000000,43200000000,40996475102,40997246132,771030
39600000000,43200000000,40997246132,41007575348,10329216
39600000000,43200000000,41007575348,41009375594,1800246
39600000000,43200000000,41009375594,41019102063,9726469
39600000000,43200000000,41019102063,41030733483,11631420
39600000000,43200000000,41030733483,41036589667,5856184
39600000000,43200000000,41036589667,41038067388,1477721
39600000000,43200000000,41038067388,41043547458,5480070
39600000000,43200000000,41043547458,41043558936,11478
39600000000,43200000000,41043558936,41045044783,1485847
39600000000,43200000000,41045044783,41045044787,4
39600000000,43200000000,41045044787,41045044839,52
39600000000,43200000000,41045044839,41045800659,755820
39600000000,43200000000,41045800659,41045800664,5
39600000000,43200000000,41045800664,41046557342,756678
39600000000,43200000000,41046557342,41046583110,25768
39600000000,43200000000,41046583110,41046583294,184
39600000000,43200000000,41046583294,41046583307,13
39600000000,43200000000,41046583307,41055835655,9252348
39600000000,43200000000,41055835655,41055845103,9448
39600000000,43200000000,41055845103,41057361065,1515962
39600000000,43200000000,41057361065,41057361089,24
39600000000,43200000000,41057361089,41058842460,1481371
39600000000,43200000000,41058842460,41058843068,608
39600000000,43200000000,41058843068,41068196121,9353053
39600000000,43200000000,41068196121,41068196619,498
39600000000,43200000000,41068196619,41068196624,5
39600000000,43200000000,41068196624,41068196691,67
39600000000,43200000000,41068196691,41069852049,1655358
39600000000,43200000000,41069852049,41070589569,737520
39600000000,43200000000,41070589569,41070593128,3559
39600000000,43200000000,41070593128,41071268075,674947
39600000000,43200000000,41071268075,41071979979,711904
39600000000,43200000000,41071979979,41073070501,1090522
39600000000,43200000000,41073070501,41073071412,911
39600000000,43200000000,41073071412,41073121531,50119
39600000000,43200000000,41073121531,41073121670,139
39600000000,43200000000,41073121670,41073121677,7
39600000000,43200000000,41073121677,41096291243,23169566
39600000000,43200000000,41096291243,41096291420,177
39600000000,43200000000,41096291420,41100403628,4112208
39600000000,43200000000,41100403628,41101202550,798922
39600000000,43200000000,41101202550,41101202609,59
39600000000,43200000000,41101202609,41101202614,5
39600000000,43200000000,41101202614,41101202619,5
39600000000,43200000000,41101202619,41106203085,5000466
39600000000,43200000000,41106203085,41106203131,46
39600000000,43200000000,41106203131,41106203138,7
39600000000,43200000000,41106203138,41107999717,1796579
39600000000,43200000000,41107999717,41109763668,1763951
39600000000,43200000000,41109763668,41109763672,4
39600000000,43200000000,41109763672,41110592970,829298
39600000000,43200000000,41110592970,41113003100,2410130
39600000000,43200000000,41113003100,41113813261,810161
39600000000,43200000000,41113813261,41114622429,809168
39600000000,43200000000,41114622429,41115445180,822751
39600000000,43200000000,41115445180,41116587816,1142636
39600000000,43200000000,41116587816,41117502999,915183
39600000000,43200000000,41117502999,41117502999,0
39600000000,43200000000,41117502999,41118284880,781881
39600000000,43200000000,41118284880,41119135749,850869
39600000000,43200000000,41119135749,41119996778,861029
39600000000,43200000000,41119996778,41120791772,794994
39600000000,43200000000,41120791772,41120812136,20364
39600000000,43200000000,41120812136,41120814600,2464
39600000000,43200000000,41120814600,41120816920,2320
39600000000,43200000000,41120816920,41120819346,2426
39600000000,43200000000,41120819346,41120821346,2000
39600000000,43200000000,41120821346,41122447560,1626214
39600000000,43200000000,41122447560,41122447584,24
39600000000,43200000000,41122447584,41122447595,11
39600000000,43200000000,41122447595,41122447606,11
39600000000,43200000000,41122447606,41122447639,33
39600000000,43200000000,41122447639,41122447759,120
39600000000,43200000000,41122447759,41124904412,2456653
39600000000,43200000000,41124904412,41124904873,461
39600000000,43200000000,41124904873,41124904878,5
39600000000,43200000000,41124904878,41133831286,8926408
39600000000,43200000000,41133831286,41135566471,1735185
39600000000,43200000000,41135566471,41138892217,3325746
39600000000,43200000000,41138892217,41138892219,2
39600000000,43200000000,41138892219,41140957957,2065738
39600000000,43200000000,41140957957,41145892474,4934517
39600000000,43200000000,41145892474,41145898844,6370
39600000000,43200000000,41145898844,41145898953,109
39600000000,43200000000,41145898953,41145898958,5
39600000000,43200000000,41145898958,41145898963,5
39600000000,43200000000,41145898963,41147602895,1703932
39600000000,43200000000,41147602895,41151693289,4090394
39600000000,43200000000,41151693289,41162613329,10920040
39600000000,43200000000,41162613329,41162613697,368
39600000000,43200000000,41162613697,41164945123,2331426
39600000000,43200000000,41164945123,41164945126,3
39600000000,43200000000,41164945126,41166345705,1400579
39600000000,43200000000,41166345705,41168482555,2136850
39600000000,43200000000,41168482555,41176857528,8374973
39600000000,43200000000,41176857528,41181708715,4851187
39600000000,43200000000,41181708715,41181716972,8257
39600000000,43200000000,41181716972,41181720438,3466
39600000000,43200000000,41181720438,41181725821,5383
39600000000,43200000000,41181725821,41181732510,6689
39600000000,43200000000,41181732510,41181737712,5202
39600000000,43200000000,41181737712,41181740683,2971
39600000000,43200000000,41181740683,41181753215,12532
39600000000,43200000000,41181753215,41185677175,3923960
39600000000,43200000000,41185677175,41185683500,6325
39600000000,43200000000,41185683500,41185683542,42
39600000000,43200000000,41185683542,41185690488,6946
39600000000,43200000000,41185690488,41190920694,5230206
39600000000,43200000000,41190920694,41190927879,7185
39600000000,43200000000,41190927879,41190927906,27
39600000000,43200000000,41190927906,41190933855,5949
39600000000,43200000000,41190933855,41202082586,11148731
39600000000,43200000000,41202082586,41202884526,801940
39600000000,43200000000,41202884526,41205500200,2615674
39600000000,43200000000,41205500200,41214301975,8801775
39600000000,43200000000,41214301975,41215255667,953692
39600000000,43200000000,41215255667,41222255072,6999405
39600000000,43200000000,41222255072,41223053287,798215
39600000000,43200000000,41223053287,41223874608,821321
39600000000,43200000000,41223874608,41229311763,5437155
39600000000,43200000000,41229311763,41230876696,1564933
39600000000,43200000000,41230876696,41235857521,4980825
39600000000,43200000000,41235857521,41247545805,11688284
39600000000,43200000000,41247545805,41250671531,3125726
39600000000,43200000000,41250671531,41261103373,10431842
39600000000,43200000000,41261103373,41261103440,67
39600000000,43200000000,41261103440,41261103447,7
39600000000,43200000000,41261103447,41271474623,10371176
39600000000,43200000000,41271474623,41272314468,839845
39600000000,43200000000,41272314468,41272314479,11
39600000000,43200000000,41272314479,41272314490,11
39600000000,43200000000,41272314490,41272314507,17
39600000000,43200000000,41272314507,41273989949,1675442
39600000000,43200000000,41273989949,41280262649,6272700
39600000000,43200000000,41280262649,41283202967,2940318
39600000000,43200000000,41283202967,41284013557,810590
39600000000,43200000000,41284013557,41284039000,25443
39600000000,43200000000,41284039000,41286365099,2326099
39600000000,43200000000,41286365099,41289363359,2998260
39600000000,43200000000,41289363359,41290895278,1531919
39600000000,43200000000,41290895278,41294371041,3475763
39600000000,43200000000,41294371041,41294398037,26996
39600000000,43200000000,41294398037,41294398508,471
39600000000,43200000000,41294398508,41294398515,7
39600000000,43200000000,41294398515,41295346701,948186
39600000000,43200000000,41295346701,41296254635,907934
39600000000,43200000000,41296254635,41300857331,4602696
39600000000,43200000000,41300857331,41300857348,17
39600000000,43200000000,41300857348,41300857365,17
39600000000,43200000000,41300857365,41305054034,4196669
39600000000,43200000000,41305054034,41309160327,4106293
39600000000,43200000000,41309160327,41309200920,40593
39600000000,43200000000,41309200920,41309209889,8969
39600000000,43200000000,41309209889,41310893158,1683269
39600000000,43200000000,41310893158,41310893175,17
39600000000,43200000000,41310893175,41310941558,48383
39600000000,43200000000,41310941558,41310944912,3354
39600000000,43200000000,41310944912,41312648348,1703436
39600000000,43200000000,41312648348,41312648379,31
39600000000,43200000000,41312648379,41312699613,51234
39600000000,43200000000,41312699613,41312702759,3146
39600000000,43200000000,41312702759,41316860916,4158157
39600000000,43200000000,41316860916,41316861534,618
39600000000,43200000000,41316861534,41316938361,76827
39600000000,43200000000,41316938361,41316939934,1573
39600000000,43200000000,41316939934,41316939939,5
39600000000,43200000000,41316939939,41316939940,1
39600000000,43200000000,41316939940,41319651702,2711762
39600000000,43200000000,41319651702,41323173394,3521692
39600000000,43200000000,41323173394,41324063828,890434
39600000000,43200000000,41324063828,41324067679,3851
39600000000,43200000000,41324067679,41326569436,2501757
39600000000,43200000000,41326569436,41326569453,17
39600000000,43200000000,41326569453,41332353670,5784217
39600000000,43200000000,41332353670,41334005472,1651802
39600000000,43200000000,41334005472,41335119150,1113678
39600000000,43200000000,41335119150,41336739381,1620231
39600000000,43200000000,41336739381,41337608344,868963
39600000000,43200000000,41337608344,41339500590,1892246
39600000000,43200000000,41339500590,41340344261,843671
39600000000,43200000000,41340344261,41350217703,9873442
39600000000,43200000000,41350217703,41351838302,1620599
39600000000,43200000000,41351838302,41351862458,24156
39600000000,43200000000,41351862458,41351862685,227
39600000000,43200000000,41351862685,41351862690,5
39600000000,43200000000,41351862690,41378207553,26344863
39600000000,43200000000,41378207553,41381691827,3484274
39600000000,43200000000,41381691827,41382543452,851625
39600000000,43200000000,41382543452,41383216412,672960
39600000000,43200000000,41383216412,41383946016,729604
39600000000,43200000000,41383946016,41407639731,23693715
39600000000,43200000000,41407639731,41413266002,5626271
39600000000,43200000000,41413266002,41422159929,8893927
39600000000,43200000000,41422159929,41423007472,847543
39600000000,43200000000,41423007472,41423014444,6972
39600000000,43200000000,41423014444,41423798972,784528
39600000000,43200000000,41423798972,41423823595,24623
39600000000,43200000000,41423823595,41424717568,893973
39600000000,43200000000,41424717568,41426146861,1429293
39600000000,43200000000,41426146861,41426176559,29698
39600000000,43200000000,41426176559,41426268418,91859
39600000000,43200000000,41426268418,41426279797,11379
39600000000,43200000000,41426279797,41426285104,5307
39600000000,43200000000,41426285104,41427122079,836975
39600000000,43200000000,41427122079,41427122090,11
39600000000,43200000000,41427122090,41427122101,11
39600000000,43200000000,41427122101,41427122112,11
39600000000,43200000000,41427122112,41428766339,1644227
39600000000,43200000000,41428766339,41428766366,27
39600000000,43200000000,41428766366,41428766369,3
39600000000,43200000000,41428766369,41428766426,57
39600000000,43200000000,41428766426,41428766437,11
39600000000,43200000000,41428766437,41428766448,11
39600000000,43200000000,41428766448,41430432948,1666500
39600000000,43200000000,41430432948,41432198498,1765550
39600000000,43200000000,41432198498,41436912955,4714457
39600000000,43200000000,41436912955,41438701195,1788240
39600000000,43200000000,41438701195,41441563588,2862393
39600000000,43200000000,41441563588,41443170365,1606777
39600000000,43200000000,41443170365,41444566658,1396293
39600000000,43200000000,41444566658,41445403648,836990
39600000000,43200000000,41445403648,41446132607,728959
39600000000,43200000000,41446132607,41447241197,1108590
39600000000,43200000000,41447241197,41451331860,4090663
39600000000,43200000000,41451331860,41452198501,866641
39600000000,43200000000,41452198501,41453078121,879620
39600000000,43200000000,41453078121,41456649100,3570979
39600000000,43200000000,41456649100,41457912422,1263322
39600000000,43200000000,41457912422,41457913088,666
39600000000,43200000000,41457913088,41458816864,903776
39600000000,43200000000,41458816864,41458849060,32196
39600000000,43200000000,41458849060,41459812611,963551
39600000000,43200000000,41459812611,41467132282,7319671
39600000000,43200000000,41467132282,41474866687,7734405
39600000000,43200000000,41474866687,41474872732,6045
39600000000,43200000000,41474872732,41476561046,1688314
39600000000,43200000000,41476561046,41477341417,780371
39600000000,43200000000,41477341417,41477354788,13371
39600000000,43200000000,41477354788,41477354790,2
39600000000,43200000000,41477354790,41477354955,165
39600000000,43200000000,41477354955,41479236341,1881386
39600000000,43200000000,41479236341,41479236561,220
39600000000,43200000000,41479236561,41482653647,3417086
39600000000,43200000000,41482653647,41484954704,2301057
39600000000,43200000000,41484954704,41485723373,768669
39600000000,43200000000,41485723373,41488288280,2564907
39600000000,43200000000,41488288280,41490161576,1873296
39600000000,43200000000,41490161576,41515387152,25225576
39600000000,43200000000,41515387152,41517069502,1682350
39600000000,43200000000,41517069502,41519684201,2614699
39600000000,43200000000,41519684201,41519684204,3
39600000000,43200000000,41519684204,41521677578,1993374
39600000000,43200000000,41521677578,41522622960,945382
39600000000,43200000000,41522622960,41524228562,1605602
39600000000,43200000000,41524228562,41532046141,7817579
39600000000,43200000000,41532046141,41534607313,2561172
39600000000,43200000000,41534607313,41536251789,1644476
39600000000,43200000000,41536251789,41537922501,1670712
39600000000,43200000000,41537922501,41546776502,8854001
39600000000,43200000000,41546776502,41548422159,1645657
39600000000,43200000000,41548422159,41551914365,3492206
39600000000,43200000000,41551914365,41554721708,2807343
39600000000,43200000000,41554721708,41558956124,4234416
39600000000,43200000000,41558956124,41563599791,4643667
39600000000,43200000000,41563599791,41574329322,10729531
39600000000,43200000000,41574329322,41574329325,3
39600000000,43200000000,41574329325,41574329342,17
39600000000,43200000000,41574329342,41576291658,1962316
39600000000,43200000000,41576291658,41581602042,5310384
39600000000,43200000000,41581602042,41602430637,20828595
39600000000,43200000000,41602430637,41604054021,1623384
39600000000,43200000000,41604054021,41626096003,22041982
39600000000,43200000000,41626096003,41641452602,15356599
39600000000,43200000000,41641452602,41643154052,1701450
39600000000,43200000000,41643154052,41645669152,2515100
39600000000,43200000000,41645669152,41645671403,2251
39600000000,43200000000,41645671403,41646536775,865372
39600000000,43200000000,41646536775,41648060438,1523663
39600000000,43200000000,41648060438,41648060441,3
39600000000,43200000000,41648060441,41648060758,317
39600000000,43200000000,41648060758,41650618518,2557760
39600000000,43200000000,41650618518,41650618794,276
39600000000,43200000000,41650618794,41654146186,3527392
39600000000,43200000000,41654146186,41654146343,157
39600000000,43200000000,41654146343,41654146348,5
39600000000,43200000000,41654146348,41658240993,4094645
39600000000,43200000000,41658240993,41658245924,4931
39600000000,43200000000,41658245924,41658969772,723848
39600000000,43200000000,41658969772,41658970449,677
39600000000,43200000000,41658970449,41658970456,7
39600000000,43200000000,41658970456,41658970463,7
39600000000,43200000000,41658970463,41660526836,1556373
39600000000,43200000000,41660526836,41660526839,3
39600000000,43200000000,41660526839,41660526840,1
39600000000,43200000000,41660526840,41660526898,58
39600000000,43200000000,41660526898,41661906481,1379583
39600000000,43200000000,41661906481,41662617391,710910
39600000000,43200000000,41662617391,41662618306,915
39600000000,43200000000,41662618306,41673490962,10872656
39600000000,43200000000,41673490962,41673491209,247
39600000000,43200000000,41673491209,41675315980,1824771
39600000000,43200000000,41675315980,41676212050,896070
39600000000,43200000000,41676212050,41677836301,1624251
39600000000,43200000000,41677836301,41688600081,10763780
39600000000,43200000000,41688600081,41692173596,3573515
39600000000,43200000000,41692173596,41695269392,3095796
39600000000,43200000000,41695269392,41695269396,4
39600000000,43200000000,41695269396,41695269473,77
39600000000,43200000000,41695269473,41695269478,5
39600000000,43200000000,41695269478,41696138143,868665
39600000000,43200000000,41696138143,41698543753,2405610
39600000000,43200000000,41698543753,41700163001,1619248
39600000000,43200000000,41700163001,41701143500,980499
39600000000,43200000000,41701143500,41702912171,1768671
39600000000,43200000000,41702912171,41702944433,32262
39600000000,43200000000,41702944433,41704652972,1708539
39600000000,43200000000,41704652972,41705849202,1196230
39600000000,43200000000,41705849202,41706779204,930002
39600000000,43200000000,41706779204,41708480497,1701293
39600000000,43200000000,41708480497,41708511150,30653
39600000000,43200000000,41708511150,41709386702,875552
39600000000,43200000000,41709386702,41710180102,793400
39600000000,43200000000,41710180102,41711025844,845742
39600000000,43200000000,41711025844,41711048164,22320
39600000000,43200000000,41711048164,41711817221,769057
39600000000,43200000000,41711817221,41713382326,1565105
39600000000,43200000000,41713382326,41716051653,2669327
39600000000,43200000000,41716051653,41734112931,18061278
39600000000,43200000000,41734112931,41735703723,1590792
39600000000,43200000000,41735703723,41735703725,2
39600000000,43200000000,41735703725,41737311949,1608224
39600000000,43200000000,41737311949,41744401599,7089650
39600000000,43200000000,41744401599,41746165496,1763897
39600000000,43200000000,41746165496,41748901390,2735894
39600000000,43200000000,41748901390,41751336477,2435087
39600000000,43200000000,41751336477,41754249315,2912838
39600000000,43200000000,41754249315,41754249434,119
39600000000,43200000000,41754249434,41754249439,5
39600000000,43200000000,41754249439,41754249444,5
39600000000,43200000000,41754249444,41770252553,16003109
39600000000,43200000000,41770252553,41771813919,1561366
39600000000,43200000000,41771813919,41771813924,5
39600000000,43200000000,41771813924,41771857122,43198
39600000000,43200000000,41771857122,41771857231,109
39600000000,43200000000,41771857231,41771857234,3
39600000000,43200000000,41771857234,41772633688,776454
39600000000,43200000000,41772633688,41772633693,5
39600000000,43200000000,41772633693,41773480326,846633
39600000000,43200000000,41773480326,41773480709,383
39600000000,43200000000,41773480709,41773528974,48265
39600000000,43200000000,41773528974,41775134366,1605392
39600000000,43200000000,41775134366,41779244493,4110127
39600000000,43200000000,41779244493,41779244660,167
39600000000,43200000000,41779244660,41780069894,825234
39600000000,43200000000,41780069894,41780070070,176
39600000000,43200000000,41780070070,41780070077,7
39600000000,43200000000,41780070077,41783118881,3048804
39600000000,43200000000,41783118881,41784795036,1676155
39600000000,43200000000,41784795036,41787563180,2768144
39600000000,43200000000,41787563180,41787563184,4
39600000000,43200000000,41787563184,41787563251,67
39600000000,43200000000,41787563251,41787563256,5
39600000000,43200000000,41787563256,41792962187,5398931
39600000000,43200000000,41792962187,41795482236,2520049
39600000000,43200000000,41795482236,41795482376,140
39600000000,43200000000,41795482376,41795482393,17
39600000000,43200000000,41795482393,41796427815,945422
39600000000,43200000000,41796427815,41799049439,2621624
39600000000,43200000000,41799049439,41800757031,1707592
39600000000,43200000000,41800757031,41810186157,9429126
39600000000,43200000000,41810186157,41827099644,16913487
39600000000,43200000000,41827099644,41842711601,15611957
39600000000,43200000000,41842711601,41844348153,1636552
39600000000,43200000000,41844348153,41846099615,1751462
39600000000,43200000000,41846099615,41847800182,1700567
39600000000,43200000000,41847800182,41887396588,39596406
39600000000,43200000000,41887396588,41887407341,10753
39600000000,43200000000,41887407341,41888304057,896716
39600000000,43200000000,41888304057,41888318111,14054
39600000000,43200000000,41888318111,41889077948,759837
39600000000,43200000000,41889077948,41889957416,879468
39600000000,43200000000,41889957416,41892314165,2356749
39600000000,43200000000,41892314165,41893136438,822273
39600000000,43200000000,41893136438,41893136449,11
39600000000,43200000000,41893136449,41893136460,11
39600000000,43200000000,41893136460,41894900241,1763781
39600000000,43200000000,41894900241,41895698852,798611
39600000000,43200000000,41895698852,41895730106,31254
39600000000,43200000000,41895730106,41896636944,906838
39600000000,43200000000,41896636944,41897346758,709814
39600000000,43200000000,41897346758,41898135112,788354
39600000000,43200000000,41898135112,41906545669,8410557
39600000000,43200000000,41906545669,41906545672,3
39600000000,43200000000,41906545672,41908191588,1645916
39600000000,43200000000,41908191588,41911557198,3365610
39600000000,43200000000,41911557198,41920496245,8939047
39600000000,43200000000,41920496245,41921942194,1445949
39600000000,43200000000,41921942194,41927114873,5172679
39600000000,43200000000,41927114873,41929488959,2374086
39600000000,43200000000,41929488959,41930315334,826375
39600000000,43200000000,41930315334,41931115747,800413
39600000000,43200000000,41931115747,41931971994,856247
39600000000,43200000000,41931971994,41938928658,6956664
39600000000,43200000000,41938928658,41939751596,822938
39600000000,43200000000,41939751596,41949282158,9530562
39600000000,43200000000,41949282158,41950880228,1598070
39600000000,43200000000,41950880228,41950904122,23894
39600000000,43200000000,41950904122,41951762208,858086
39600000000,43200000000,41951762208,41955091717,3329509
39600000000,43200000000,41955091717,41955919448,827731
39600000000,43200000000,41955919448,41956782244,862796
39600000000,43200000000,41956782244,41975648314,18866070
39600000000,43200000000,41975648314,41975648352,38
39600000000,43200000000,41975648352,41975648357,5
39600000000,43200000000,41975648357,41976649034,1000677
39600000000,43200000000,41976649034,41979276938,2627904
39600000000,43200000000,41979276938,41980835655,1558717
39600000000,43200000000,41980835655,41980835659,4
39600000000,43200000000,41980835659,41981568087,732428
39600000000,43200000000,41981568087,41982390039,821952
39600000000,43200000000,41982390039,41984395995,2005956
39600000000,43200000000,41984395995,41985337426,941431
39600000000,43200000000,41985337426,41991610500,6273074
39600000000,43200000000,41991610500,41993218168,1607668
39600000000,43200000000,41993218168,42004740189,11522021
39600000000,43200000000,42004740189,42006479901,1739712
39600000000,43200000000,42006479901,42010198999,3719098
39600000000,43200000000,42010198999,42010209311,10312
39600000000,43200000000,42010209311,42010218578,9267
39600000000,43200000000,42010218578,42011298202,1079624
39600000000,43200000000,42011298202,42011300154,1952
39600000000,43200000000,42011300154,42011303430,3276
39600000000,43200000000,42011303430,42012063953,760523
39600000000,43200000000,42012063953,42012121269,57316
39600000000,43200000000,42012121269,42013918963,1797694
39600000000,43200000000,42013918963,42014844244,925281
39600000000,43200000000,42014844244,42015660142,815898
39600000000,43200000000,42015660142,42015660927,785
39600000000,43200000000,42015660927,42015756087,95160
39600000000,43200000000,42015756087,42015760309,4222
39600000000,43200000000,42015760309,42015762789,2480
39600000000,43200000000,42015762789,42015765338,2549
39600000000,43200000000,42015765338,42020968791,5203453
39600000000,43200000000,42020968791,42020968802,11
39600000000,43200000000,42020968802,42020968813,11
39600000000,43200000000,42020968813,42020968825,12
39600000000,43200000000,42020968825,42021075779,106954
39600000000,43200000000,42021075779,42024728676,3652897
39600000000,43200000000,42024728676,42028340814,3612138
39600000000,43200000000,42028340814,42028352114,11300
39600000000,43200000000,42028352114,42032809588,4457474
39600000000,43200000000,42032809588,42032810038,450
39600000000,43200000000,42032810038,42033714035,903997
39600000000,43200000000,42033714035,42033714216,181
39600000000,43200000000,42033714216,42041445619,7731403
39600000000,43200000000,42041445619,42041473808,28189
39600000000,43200000000,42041473808,42041476001,2193
39600000000,43200000000,42041476001,42041478749,2748
39600000000,43200000000,42041478749,42041482033,3284
39600000000,43200000000,42041482033,42041483726,1693
39600000000,43200000000,42041483726,42041485970,2244
39600000000,43200000000,42041485970,42041512578,26608
39600000000,43200000000,42041512578,42043614985,2102407
39600000000,43200000000,42043614985,42043614987,2
39600000000,43200000000,42043614987,42045536083,1921096
39600000000,43200000000,42045536083,42045536122,39
39600000000,43200000000,42045536122,42045536146,24
39600000000,43200000000,42045536146,42045536170,24
39600000000,43200000000,42045536170,42045536223,53
39600000000,43200000000,42045536223,42045536257,34
39600000000,43200000000,42045536257,42045536288,31
39600000000,43200000000,42045536288,42048188566,2652278
39600000000,43200000000,42048188566,42057236524,9047958
39600000000,43200000000,42057236524,42059015805,1779281
39600000000,43200000000,42059015805,42059889153,873348
39600000000,43200000000,42059889153,42067504999,7615846
39600000000,43200000000,42067504999,42070073398,2568399
39600000000,43200000000,42070073398,42072679599,2606201
39600000000,43200000000,42072679599,42072679599,0
39600000000,43200000000,42072679599,42072687480,7881
39600000000,43200000000,42072687480,42074528296,1840816
39600000000,43200000000,42074528296,42077181658,2653362
39600000000,43200000000,42077181658,42077181663,5
39600000000,43200000000,42077181663,42080180968,2999305
39600000000,43200000000,42080180968,42080180973,5
39600000000,43200000000,42080180973,42083547978,3367005
39600000000,43200000000,42083547978,42083720233,172255
39600000000,43200000000,42083720233,42083720236,3
39600000000,43200000000,42083720236,42084522666,802430
39600000000,43200000000,42084522666,42085782503,1259837
39600000000,43200000000,42085782503,42087419162,1636659
39600000000,43200000000,42087419162,42087419536,374
39600000000,43200000000,42087419536,42090387709,2968173
39600000000,43200000000,42090387709,42090387713,4
39600000000,43200000000,42090387713,42090387714,1
39600000000,43200000000,42090387714,42091268547,880833
39600000000,43200000000,42091268547,42092049520,780973
39600000000,43200000000,42092049520,42092866583,817063
39600000000,43200000000,42092866583,42092867089,506
39600000000,43200000000,42092867089,42094661217,1794128
39600000000,43200000000,42094661217,42096242103,1580886
39600000000,43200000000,42096242103,42097094584,852481
39600000000,43200000000,42097094584,42097971621,877037
39600000000,43200000000,42097971621,42101988427,4016806
39600000000,43200000000,42101988427,42101988619,192
39600000000,43200000000,42101988619,42101988623,4
39600000000,43200000000,42101988623,42101988624,1
39600000000,43200000000,42101988624,42101988625,1
39600000000,43200000000,42101988625,42102876569,887944
39600000000,43200000000,42102876569,42105282412,2405843
39600000000,43200000000,42105282412,42105282760,348
39600000000,43200000000,42105282760,42108773941,3491181
39600000000,43200000000,42108773941,42108822713,48772
39600000000,43200000000,42108822713,42110515942,1693229
39600000000,43200000000,42110515942,42115076127,4560185
39600000000,43200000000,42115076127,42115076139,12
39600000000,43200000000,42115076139,42115079241,3102
39600000000,43200000000,42115079241,42115079253,12
39600000000,43200000000,42115079253,42117649429,2570176
39600000000,43200000000,42117649429,42120939979,3290550
39600000000,43200000000,42120939979,42123208076,2268097
39600000000,43200000000,42123208076,42123240795,32719
39600000000,43200000000,42123240795,42123247943,7148
39600000000,43200000000,42123247943,42125713201,2465258
39600000000,43200000000,42125713201,42126528866,815665
39600000000,43200000000,42126528866,42126529083,217
39600000000,43200000000,42126529083,42126529113,30
39600000000,43200000000,42126529113,42126580602,51489
39600000000,43200000000,42126580602,42126595334,14732
39600000000,43200000000,42126595334,42130217110,3621776
39600000000,43200000000,42130217110,42132951380,2734270
39600000000,43200000000,42132951380,42134587498,1636118
39600000000,43200000000,42134587498,42135359277,771779
39600000000,43200000000,42135359277,42135360174,897
39600000000,43200000000,42135360174,42135438607,78433
39600000000,43200000000,42135438607,42135441311,2704
39600000000,43200000000,42135441311,42135444925,3614
39600000000,43200000000,42135444925,42135451729,6804
39600000000,43200000000,42135451729,42135460647,8918
39600000000,43200000000,42135460647,42135466492,5845
39600000000,43200000000,42135466492,42135480231,13739
39600000000,43200000000,42135480231,42135484239,4008
39600000000,43200000000,42135484239,42136321917,837678
39600000000,43200000000,42136321917,42137835219,1513302
39600000000,43200000000,42137835219,42141167266,3332047
39600000000,43200000000,42141167266,42141167418,152
39600000000,43200000000,42141167418,42141167422,4
39600000000,43200000000,42141167422,42141167423,1
39600000000,43200000000,42141167423,42141167464,41
39600000000,43200000000,42141167464,42141167468,4
39600000000,43200000000,42141167468,42141167469,1
39600000000,43200000000,42141167469,42141167510,41
39600000000,43200000000,42141167510,42141167514,4
39600000000,43200000000,42141167514,42141167567,53
39600000000,43200000000,42141167567,42141167765,198
39600000000,43200000000,42141167765,42141167917,152
39600000000,43200000000,42141167917,42141167929,12
39600000000,43200000000,42141167929,42141173681,5752
39600000000,43200000000,42141173681,42142301726,1128045
39600000000,43200000000,42142301726,42143427269,1125543
39600000000,43200000000,42143427269,42144293278,866009
39600000000,43200000000,42144293278,42144293418,140
39600000000,43200000000,42144293418,42144294184,766
39600000000,43200000000,42144294184,42144294201,17
39600000000,43200000000,42144294201,42145749117,1454916
39600000000,43200000000,42145749117,42148068030,2318913
39600000000,43200000000,42148068030,42148090073,22043
39600000000,43200000000,42148090073,42148150232,60159
39600000000,43200000000,42148150232,42148162271,12039
39600000000,43200000000,42148162271,42148177619,15348
39600000000,43200000000,42148177619,42148190647,13028
39600000000,43200000000,42148190647,42155060736,6870089
39600000000,43200000000,42155060736,42155299647,238911
39600000000,43200000000,42155299647,42157853331,2553684
39600000000,43200000000,42157853331,42160425992,2572661
39600000000,43200000000,42160425992,42166321046,5895054
39600000000,43200000000,42166321046,42188472468,22151422
39600000000,43200000000,42188472468,42212294286,23821818
39600000000,43200000000,42212294286,42212294291,5
39600000000,43200000000,42212294291,42212294371,80
39600000000,43200000000,42212294371,42212294375,4
39600000000,43200000000,42212294375,42212294376,1
39600000000,43200000000,42212294376,42212294441,65
39600000000,43200000000,42212294441,42212294445,4
39600000000,43200000000,42212294445,42212294446,1
39600000000,43200000000,42212294446,42212294447,1
39600000000,43200000000,42212294447,42212294682,235
39600000000,43200000000,42212294682,42212294686,4
39600000000,43200000000,42212294686,42212294687,1
39600000000,43200000000,42212294687,42212294688,1
39600000000,43200000000,42212294688,42212295571,883
39600000000,43200000000,42212295571,42212295743,172
39600000000,43200000000,42212295743,42212301451,5708
39600000000,43200000000,42212301451,42212307250,5799
39600000000,43200000000,42212307250,42218751557,6444307
39600000000,43200000000,42218751557,42218751568,11
39600000000,43200000000,42218751568,42218753547,1979
39600000000,43200000000,42218753547,42218753802,255
39600000000,43200000000,42218753802,42218759623,5821
39600000000,43200000000,42218759623,42218759833,210
39600000000,43200000000,42218759833,42227895666,9135833
39600000000,43200000000,42227895666,42232521826,4626160
39600000000,43200000000,42232521826,42232522284,458
39600000000,43200000000,42232522284,42232522295,11
39600000000,43200000000,42232522295,42235105105,2582810
39600000000,43200000000,42235105105,42235105116,11
39600000000,43200000000,42235105116,42241572798,6467682
39600000000,43200000000,42241572798,42246055332,4482534
39600000000,43200000000,42246055332,42246055972,640
39600000000,43200000000,42246055972,42246055989,17
39600000000,43200000000,42246055989,42246056006,17
39600000000,43200000000,42246056006,42246056017,11
39600000000,43200000000,42246056017,42246114381,58364
39600000000,43200000000,42246114381,42249513661,3399280
39600000000,43200000000,42249513661,42265725181,16211520
39600000000,43200000000,42265725181,42266683397,958216
39600000000,43200000000,42266683397,42266683789,392
39600000000,43200000000,42266683789,42268355588,1671799
39600000000,43200000000,42268355588,42269248005,892417
39600000000,43200000000,42269248005,42271666721,2418716
39600000000,43200000000,42271666721,42271708414,41693
39600000000,43200000000,42271708414,42274426513,2718099
39600000000,43200000000,42274426513,42274453521,27008
39600000000,43200000000,42274453521,42276094812,1641291
39600000000,43200000000,42276094812,42287287826,11193014
39600000000,43200000000,42287287826,42287287826,0
39600000000,43200000000,42287287826,42297938146,10650320
39600000000,43200000000,42297938146,42298755813,817667
39600000000,43200000000,42298755813,42300329094,1573281
39600000000,43200000000,42300329094,42302816245,2487151
39600000000,43200000000,42302816245,42302819023,2778
39600000000,43200000000,42302819023,42304527051,1708028
39600000000,43200000000,42304527051,42308120341,3593290
39600000000,43200000000,42308120341,42310471086,2350745
39600000000,43200000000,42310471086,42312870472,2399386
39600000000,43200000000,42312870472,42312870472,0
39600000000,43200000000,42312870472,42323904022,11033550
39600000000,43200000000,42323904022,42323905111,1089
39600000000,43200000000,42323905111,42323905118,7
39600000000,43200000000,42323905118,42330261119,6356001
39600000000,43200000000,42330261119,42331052769,791650
39600000000,43200000000,42331052769,42331052771,2
39600000000,43200000000,42331052771,42333458776,2406005
39600000000,43200000000,42333458776,42355940540,22481764
39600000000,43200000000,42355940540,42359057492,3116952
39600000000,43200000000,42359057492,42359057495,3
39600000000,43200000000,42359057495,42360482993,1425498
39600000000,43200000000,42360482993,42362978654,2495661
39600000000,43200000000,42362978654,42363675903,697249
39600000000,43200000000,42363675903,42364368351,692448
39600000000,43200000000,42364368351,42364390054,21703
39600000000,43200000000,42364390054,42365296349,906295
39600000000,43200000000,42365296349,42365319572,23223
39600000000,43200000000,42365319572,42366186976,867404
39600000000,43200000000,42366186976,42367056083,869107
39600000000,43200000000,42367056083,42382738883,15682800
39600000000,43200000000,42382738883,42384630061,1891178
39600000000,43200000000,42384630061,42386645973,2015912
39600000000,43200000000,42386645973,42388291346,1645373
39600000000,43200000000,42388291346,42389047709,756363
39600000000,43200000000,42389047709,42390642607,1594898
39600000000,43200000000,42390642607,42390686609,44002
39600000000,43200000000,42390686609,42393862062,3175453
39600000000,43200000000,42393862062,42393862118,56
39600000000,43200000000,42393862118,42393862127,9
39600000000,43200000000,42393862127,42395959449,2097322
39600000000,43200000000,42395959449,42395963026,3577
39600000000,43200000000,42395963026,42399835884,3872858
39600000000,43200000000,42399835884,42401488483,1652599
39600000000,43200000000,42401488483,42404983712,3495229
39600000000,43200000000,42404983712,42405357104,373392
39600000000,43200000000,42405357104,42408549661,3192557
39600000000,43200000000,42408549661,42409368484,818823
39600000000,43200000000,42409368484,42409368487,3
39600000000,43200000000,42409368487,42409368634,147
39600000000,43200000000,42409368634,42412639094,3270460
39600000000,43200000000,42412639094,42412639182,88
39600000000,43200000000,42412639182,42412639187,5
39600000000,43200000000,42412639187,42413686448,1047261
39600000000,43200000000,42413686448,42413686451,3
39600000000,43200000000,42413686451,42413686548,97
39600000000,43200000000,42413686548,42416717213,3030665
39600000000,43200000000,42416717213,42420844872,4127659
39600000000,43200000000,42420844872,42420873257,28385
39600000000,43200000000,42420873257,42424923303,4050046
39600000000,43200000000,42424923303,42426521261,1597958
39600000000,43200000000,42426521261,42426521266,5
39600000000,43200000000,42426521266,42426687663,166397
39600000000,43200000000,42426687663,42430173358,3485695
39600000000,43200000000,42430173358,42430173362,4
39600000000,43200000000,42430173362,42430285266,111904
39600000000,43200000000,42430285266,42433490136,3204870
39600000000,43200000000,42433490136,42439812021,6321885
39600000000,43200000000,42439812021,42444925807,5113786
39600000000,43200000000,42444925807,42444926054,247
39600000000,43200000000,42444926054,42447262717,2336663
39600000000,43200000000,42447262717,42448767608,1504891
39600000000,43200000000,42448767608,42452540379,3772771
39600000000,43200000000,42452540379,42454515891,1975512
39600000000,43200000000,42454515891,42454515908,17
39600000000,43200000000,42454515908,42467124638,12608730
39600000000,43200000000,42467124638,42467125229,591
39600000000,43200000000,42467125229,42467125236,7
39600000000,43200000000,42467125236,42467125251,15
39600000000,43200000000,42467125251,42469231032,2105781
39600000000,43200000000,42469231032,42471429288,2198256
39600000000,43200000000,42471429288,42472420385,991097
39600000000,43200000000,42472420385,42472420955,570
39600000000,43200000000,42472420955,42472579647,158692
39600000000,43200000000,42472579647,42474321358,1741711
39600000000,43200000000,42474321358,42476108908,1787550
39600000000,43200000000,42476108908,42482373045,6264137
39600000000,43200000000,42482373045,42482373542,497
39600000000,43200000000,42482373542,42482373549,7
39600000000,43200000000,42482373549,42482373572,23
39600000000,43200000000,42482373572,42482373717,145
39600000000,43200000000,42482373717,42486336721,3963004
39600000000,43200000000,42486336721,42486344571,7850
39600000000,43200000000,42486344571,42488113152,1768581
39600000000,43200000000,42488113152,42489936482,1823330
39600000000,43200000000,42489936482,42489936875,393
39600000000,43200000000,42489936875,42489936882,7
39600000000,43200000000,42489936882,42489936891,9
39600000000,43200000000,42489936891,42495230537,5293646
39600000000,43200000000,42495230537,42508616701,13386164
39600000000,43200000000,42508616701,42514249893,5633192
39600000000,43200000000,42514249893,42516368752,2118859
39600000000,43200000000,42516368752,42517215039,846287
39600000000,43200000000,42517215039,42517215113,74
39600000000,43200000000,42517215113,42517215119,6
39600000000,43200000000,42517215119,42517215125,6
39600000000,43200000000,42517215125,42518000140,785015
39600000000,43200000000,42518000140,42520317994,2317854
39600000000,43200000000,42520317994,42520345037,27043
39600000000,43200000000,42520345037,42521778748,1433711
39600000000,43200000000,42521778748,42521778748,0
39600000000,43200000000,42521778748,42526021844,4243096
39600000000,43200000000,42526021844,42526022277,433
39600000000,43200000000,42526022277,42526022284,7
39600000000,43200000000,42526022284,42526022297,13
39600000000,43200000000,42526022297,42528957539,2935242
39600000000,43200000000,42528957539,42528957798,259
39600000000,43200000000,42528957798,42528957805,7
39600000000,43200000000,42528957805,42528957820,15
39600000000,43200000000,42528957820,42534350365,5392545
39600000000,43200000000,42534350365,42534350368,3
39600000000,43200000000,42534350368,42536698480,2348112
39600000000,43200000000,42536698480,42545322319,8623839
39600000000,43200000000,42545322319,42545332955,10636
39600000000,43200000000,42545332955,42546877648,1544693
39600000000,43200000000,42546877648,42546877652,4
39600000000,43200000000,42546877652,42546877673,21
39600000000,43200000000,42546877673,42546913401,35728
39600000000,43200000000,42546913401,42546913545,144
39600000000,43200000000,42546913545,42546913568,23
39600000000,43200000000,42546913568,42547794317,880749
39600000000,43200000000,42547794317,42547794322,5
39600000000,43200000000,42547794322,42548659353,865031
39600000000,43200000000,42548659353,42549049901,390548
39600000000,43200000000,42549049901,42550625170,1575269
39600000000,43200000000,42550625170,42552778570,2153400
39600000000,43200000000,42552778570,42557288984,4510414
39600000000,43200000000,42557288984,42558023000,734016
39600000000,43200000000,42558023000,42559514477,1491477
39600000000,43200000000,42559514477,42560636901,1122424
39600000000,43200000000,42560636901,42573840138,13203237
39600000000,43200000000,42573840138,42575378817,1538679
39600000000,43200000000,42575378817,42580123576,4744759
39600000000,43200000000,42580123576,42582778717,2655141
39600000000,43200000000,42582778717,42587681615,4902898
39600000000,43200000000,42587681615,42588520429,838814
39600000000,43200000000,42588520429,42588520571,142
39600000000,43200000000,42588520571,42588520578,7
39600000000,43200000000,42588520578,42588520585,7
39600000000,43200000000,42588520585,42590154721,1634136
39600000000,43200000000,42590154721,42597623259,7468538
39600000000,43200000000,42597623259,42600156744,2533485
39600000000,43200000000,42600156744,42616111712,15954968
39600000000,43200000000,42616111712,42618724274,2612562
39600000000,43200000000,42618724274,42626882504,8158230
39600000000,43200000000,42626882504,42631001241,4118737
39600000000,43200000000,42631001241,42632756078,1754837
39600000000,43200000000,42632756078,42633550191,794113
39600000000,43200000000,42633550191,42633556428,6237
39600000000,43200000000,42633556428,42633559551,3123
39600000000,43200000000,42633559551,42634356796,797245
39600000000,43200000000,42634356796,42635231177,874381
39600000000,43200000000,42635231177,42635231181,4
39600000000,43200000000,42635231181,42635231288,107
39600000000,43200000000,42635231288,42635231299,11
39600000000,43200000000,42635231299,42635276803,45504
39600000000,43200000000,42635276803,42637145309,1868506
39600000000,43200000000,42637145309,42638029727,884418
39600000000,43200000000,42638029727,42638849305,819578
39600000000,43200000000,42638849305,42640603285,1753980
39600000000,43200000000,42640603285,42640770258,166973
39600000000,43200000000,42640770258,42642521296,1751038
39600000000,43200000000,42642521296,42643572704,1051408
39600000000,43200000000,42643572704,42643575327,2623
39600000000,43200000000,42643575327,42644400289,824962
39600000000,43200000000,42644400289,42645298913,898624
39600000000,43200000000,42645298913,42646117773,818860
39600000000,43200000000,42646117773,42646117778,5
39600000000,43200000000,42646117778,42646117883,105
39600000000,43200000000,42646117883,42646117894,11
39600000000,43200000000,42646117894,42646157710,39816
39600000000,43200000000,42646157710,42647300477,1142767
39600000000,43200000000,42647300477,42647300577,100
39600000000,43200000000,42647300577,42647300611,34
39600000000,43200000000,42647300611,42648226928,926317
39600000000,43200000000,42648226928,42648226932,4
39600000000,43200000000,42648226932,42648227159,227
39600000000,43200000000,42648227159,42649853268,1626109
39600000000,43200000000,42649853268,42649853580,312
39600000000,43200000000,42649853580,42653275148,3421568
39600000000,43200000000,42653275148,42654312394,1037246
39600000000,43200000000,42654312394,42654312396,2
39600000000,43200000000,42654312396,42655910699,1598303
39600000000,43200000000,42655910699,42656694930,784231
39600000000,43200000000,42656694930,42657515841,820911
39600000000,43200000000,42657515841,42658686606,1170765
39600000000,43200000000,42658686606,42659495140,808534
39600000000,43200000000,42659495140,42659534328,39188
39600000000,43200000000,42659534328,42661233663,1699335
39600000000,43200000000,42661233663,42662123823,890160
39600000000,43200000000,42662123823,42663775216,1651393
39600000000,43200000000,42663775216,42664533061,757845
39600000000,43200000000,42664533061,42664563774,30713
39600000000,43200000000,42664563774,42667017035,2453261
39600000000,43200000000,42667017035,42667075757,58722
39600000000,43200000000,42667075757,42667990113,914356
39600000000,43200000000,42667990113,42670949273,2959160
39600000000,43200000000,42670949273,42671881649,932376
39600000000,43200000000,42671881649,42672693359,811710
39600000000,43200000000,42672693359,42673541039,847680
39600000000,43200000000,42673541039,42673576536,35497
39600000000,43200000000,42673576536,42675288517,1711981
39600000000,43200000000,42675288517,42677779911,2491394
39600000000,43200000000,42677779911,42681345842,3565931
39600000000,43200000000,42681345842,42683135927,1790085
39600000000,43200000000,42683135927,42685745215,2609288
39600000000,43200000000,42685745215,42685792712,47497
39600000000,43200000000,42685792712,42685804534,11822
39600000000,43200000000,42685804534,42685804537,3
39600000000,43200000000,42685804537,42687430274,1625737
39600000000,43200000000,42687430274,42687430298,24
39600000000,43200000000,42687430298,42687468552,38254
39600000000,43200000000,42687468552,42689144323,1675771
39600000000,43200000000,42689144323,42689185229,40906
39600000000,43200000000,42689185229,42689543822,358593
39600000000,43200000000,42689543822,42693374865,3831043
39600000000,43200000000,42693374865,42695240033,1865168
39600000000,43200000000,42695240033,42696010436,770403
39600000000,43200000000,42696010436,42698810584,2800148
39600000000,43200000000,42698810584,42703367325,4556741
39600000000,43200000000,42703367325,42705996083,2628758
39600000000,43200000000,42705996083,42709297344,3301261
39600000000,43200000000,42709297344,42719442097,10144753
39600000000,43200000000,42719442097,42719442124,27
39600000000,43200000000,42719442124,42719442129,5
39600000000,43200000000,42719442129,42720308541,866412
39600000000,43200000000,42720308541,42721584833,1276292
39600000000,43200000000,42721584833,42722587995,1003162
39600000000,43200000000,42722587995,42725193302,2605307
39600000000,43200000000,42725193302,42726101598,908296
39600000000,43200000000,42726101598,42729457862,3356264
39600000000,43200000000,42729457862,42729457889,27
39600000000,43200000000,42729457889,42729457894,5
39600000000,43200000000,42729457894,42732162059,2704165
39600000000,43200000000,42732162059,42732169141,7082
39600000000,43200000000,42732169141,42732528359,359218
39600000000,43200000000,42732528359,42734131238,1602879
39600000000,43200000000,42734131238,42734131263,25
39600000000,43200000000,42734131263,42737757623,3626360
39600000000,43200000000,42737757623,42741297318,3539695
39600000000,43200000000,42741297318,42746584540,5287222
39600000000,43200000000,42746584540,42748324014,1739474
39600000000,43200000000,42748324014,42755500687,7176673
39600000000,43200000000,42755500687,42757586897,2086210
39600000000,43200000000,42757586897,42761996164,4409267
39600000000,43200000000,42761996164,42766073484,4077320
39600000000,43200000000,42766073484,42771688856,5615372
39600000000,43200000000,42771688856,42771688871,15
39600000000,43200000000,42771688871,42775171310,3482439
39600000000,43200000000,42775171310,42780391582,5220272
39600000000,43200000000,42780391582,42789046401,8654819
39600000000,43200000000,42789046401,42796236471,7190070
39600000000,43200000000,42796236471,42797842323,1605852
39600000000,43200000000,42797842323,42797842327,4
39600000000,43200000000,42797842327,42798599417,757090
39600000000,43200000000,42798599417,42803186457,4587040
39600000000,43200000000,42803186457,42805724056,2537599
39600000000,43200000000,42805724056,42830141904,24417848
39600000000,43200000000,42830141904,42831073783,931879
39600000000,43200000000,42831073783,42832938579,1864796
39600000000,43200000000,42832938579,42852432545,19493966
39600000000,43200000000,42852432545,42853220539,787994
39600000000,43200000000,42853220539,42854380577,1160038
39600000000,43200000000,42854380577,42854414340,33763
39600000000,43200000000,42854414340,42854428544,14204
39600000000,43200000000,42854428544,42855152124,723580
39600000000,43200000000,42855152124,42855187123,34999
39600000000,43200000000,42855187123,42855941296,754173
39600000000,43200000000,42855941296,42855941335,39
39600000000,43200000000,42855941335,42855941340,5
39600000000,43200000000,42855941340,42855941345,5
39600000000,43200000000,42855941345,42856742012,800667
39600000000,43200000000,42856742012,42856742022,10
39600000000,43200000000,42856742022,42870426538,13684516
39600000000,43200000000,42870426538,42870427240,702
39600000000,43200000000,42870427240,42870427310,70
39600000000,43200000000,42870427310,42870427315,5
39600000000,43200000000,42870427315,42870427320,5
39600000000,43200000000,42870427320,42871407711,980391
39600000000,43200000000,42871407711,42872990791,1583080
39600000000,43200000000,42872990791,42889636195,16645404
39600000000,43200000000,42889636195,42889636232,37
39600000000,43200000000,42889636232,42889636237,5
39600000000,43200000000,42889636237,42897658834,8022597
39600000000,43200000000,42897658834,42899089209,1430375
39600000000,43200000000,42899089209,42901321608,2232399
39600000000,43200000000,42901321608,42901373164,51556
39600000000,43200000000,42901373164,42902135796,762632
39600000000,43200000000,42902135796,42903731164,1595368
39600000000,43200000000,42903731164,42903753290,22126
39600000000,43200000000,42903753290,42905327931,1574641
39600000000,43200000000,42905327931,42910538084,5210153
39600000000,43200000000,42910538084,42910553426,15342
39600000000,43200000000,42910553426,42912156303,1602877
39600000000,43200000000,42912156303,42912156368,65
39600000000,43200000000,42912156368,42914464326,2307958
39600000000,43200000000,42914464326,42914464516,190
39600000000,43200000000,42914464516,42914464523,7
39600000000,43200000000,42914464523,42914464530,7
39600000000,43200000000,42914464530,42919098908,4634378
39600000000,43200000000,42919098908,42919997576,898668
39600000000,43200000000,42919997576,42920000508,2932
39600000000,43200000000,42920000508,42920691197,690689
39600000000,43200000000,42920691197,42921438451,747254
39600000000,43200000000,42921438451,42921438462,11
39600000000,43200000000,42921438462,42923035134,1596672
39600000000,43200000000,42923035134,42923035411,277
39600000000,43200000000,42923035411,42923035418,7
39600000000,43200000000,42923035418,42924946796,1911378
39600000000,43200000000,42924946796,42927494044,2547248
39600000000,43200000000,42927494044,42927501826,7782
39600000000,43200000000,42927501826,42929010069,1508243
39600000000,43200000000,42929010069,42929028014,17945
39600000000,43200000000,42929028014,42930850380,1822366
39600000000,43200000000,42930850380,42931577576,727196
39600000000,43200000000,42931577576,42932306508,728932
39600000000,43200000000,42932306508,42932309117,2609
39600000000,43200000000,42932309117,42932311493,2376
39600000000,43200000000,42932311493,42933047220,735727
39600000000,43200000000,42933047220,42933864916,817696
39600000000,43200000000,42933864916,42933864927,11
39600000000,43200000000,42933864927,42933864959,32
39600000000,43200000000,42933864959,42933889141,24182
39600000000,43200000000,42933889141,42933894752,5611
39600000000,43200000000,42933894752,42933901788,7036
39600000000,43200000000,42933901788,42933901927,139
39600000000,43200000000,42933901927,42933901929,2
39600000000,43200000000,42933901929,42935377450,1475521
39600000000,43200000000,42935377450,42935377474,24
39600000000,43200000000,42935377474,42935377543,69
39600000000,43200000000,42935377543,42938518857,3141314
39600000000,43200000000,42938518857,42939288701,769844
39600000000,43200000000,42939288701,42943299365,4010664
39600000000,43200000000,42943299365,42947463482,4164117
39600000000,43200000000,42947463482,42949751729,2288247
39600000000,43200000000,42949751729,42955059037,5307308
39600000000,43200000000,42955059037,42956499519,1440482
39600000000,43200000000,42956499519,42958746516,2246997
39600000000,43200000000,42958746516,42966734396,7987880
39600000000,43200000000,42966734396,42966734399,3
39600000000,43200000000,42966734399,42968197096,1462697
39600000000,43200000000,42968197096,42977867925,9670829
39600000000,43200000000,42977867925,42977884049,16124
39600000000,43200000000,42977884049,42979412139,1528090
39600000000,43200000000,42979412139,42979437707,25568
39600000000,43200000000,42979437707,42979443046,5339
39600000000,43200000000,42979443046,42980967430,1524384
39600000000,43200000000,42980967430,42980989638,22208
39600000000,43200000000,42980989638,42982616479,1626841
39600000000,43200000000,42982616479,42983511575,895096
39600000000,43200000000,42983511575,42983748503,236928
39600000000,43200000000,42983748503,42983787139,38636
39600000000,43200000000,42983787139,42983789893,2754
39600000000,43200000000,42983789893,42983793141,3248
39600000000,43200000000,42983793141,42986103147,2310006
39600000000,43200000000,42986103147,42986103166,19
39600000000,43200000000,42986103166,42986103177,11
39600000000,43200000000,42986103177,42986103195,18
39600000000,43200000000,42986103195,42986103199,4
39600000000,43200000000,42986103199,42986159132,55933
39600000000,43200000000,42986159132,42987031613,872481
39600000000,43200000000,42987031613,42987973712,942099
39600000000,43200000000,42987973712,42987997778,24066
39600000000,43200000000,42987997778,42989471717,1473939
39600000000,43200000000,42989471717,42989494681,22964
39600000000,43200000000,42989494681,42989502869,8188
39600000000,43200000000,42989502869,42989503049,180
39600000000,43200000000,42989503049,42989503054,5
39600000000,43200000000,42989503054,42989503059,5
39600000000,43200000000,42989503059,42990427280,924221
39600000000,43200000000,42990427280,42991343844,916564
39600000000,43200000000,42991343844,42992280651,936807
39600000000,43200000000,42992280651,42993160650,879999
39600000000,43200000000,42993160650,42994841404,1680754
39600000000,43200000000,42994841404,42998992124,4150720
39600000000,43200000000,42998992124,42998999307,7183
39600000000,43200000000,42998999307,42998999311,4
39600000000,43200000000,42998999311,42998999326,15
39600000000,43200000000,42998999326,43000744313,1744987
39600000000,43200000000,43000744313,43007433400,6689087
39600000000,43200000000,43007433400,43009041123,1607723
39600000000,43200000000,43009041123,43009041130,7
39600000000,43200000000,43009041130,43010548858,1507728
39600000000,43200000000,43010548858,43010549131,273
39600000000,43200000000,43010549131,43010549136,5
39600000000,43200000000,43010549136,43011818281,1269145
39600000000,43200000000,43011818281,43011818321,40
39600000000,43200000000,43011818321,43017142345,5324024
39600000000,43200000000,43017142345,43021274832,4132487
39600000000,43200000000,43021274832,43022844367,1569535
39600000000,43200000000,43022844367,43027423070,4578703
39600000000,43200000000,43027423070,43028595033,1171963
39600000000,43200000000,43028595033,43034430840,5835807
39600000000,43200000000,43034430840,43034434269,3429
39600000000,43200000000,43034434269,43035983197,1548928
39600000000,43200000000,43035983197,43035983217,20
39600000000,43200000000,43035983217,43036821673,838456
39600000000,43200000000,43036821673,43037673847,852174
39600000000,43200000000,43037673847,43038442709,768862
39600000000,43200000000,43038442709,43039512386,1069677
39600000000,43200000000,43039512386,43039537696,25310
39600000000,43200000000,43039537696,43040286655,748959
39600000000,43200000000,43040286655,43040316922,30267
39600000000,43200000000,43040316922,43041139917,822995
39600000000,43200000000,43041139917,43041253367,113450
39600000000,43200000000,43041253367,43042014844,761477
39600000000,43200000000,43042014844,43042036527,21683
39600000000,43200000000,43042036527,43042053818,17291
39600000000,43200000000,43042053818,43042874563,820745
39600000000,43200000000,43042874563,43043693736,819173
39600000000,43200000000,43043693736,43044637973,944237
39600000000,43200000000,43044637973,43045820023,1182050
39600000000,43200000000,43045820023,43045820038,15
39600000000,43200000000,43045820038,43047512563,1692525
39600000000,43200000000,43047512563,43047520048,7485
39600000000,43200000000,43047520048,43050224815,2704767
39600000000,43200000000,43050224815,43050224833,18
39600000000,43200000000,43050224833,43055197194,4972361
39600000000,43200000000,43055197194,43055986508,789314
39600000000,43200000000,43055986508,43055986523,15
39600000000,43200000000,43055986523,43057831905,1845382
39600000000,43200000000,43057831905,43062748051,4916146
39600000000,43200000000,43062748051,43063691840,943789
39600000000,43200000000,43063691840,43072742055,9050215
39600000000,43200000000,43072742055,43086034583,13292528
39600000000,43200000000,43086034583,43087624548,1589965
39600000000,43200000000,43087624548,43088430561,806013
39600000000,43200000000,43088430561,43089948681,1518120
39600000000,43200000000,43089948681,43095926963,5978282
39600000000,43200000000,43095926963,43097449709,1522746
39600000000,43200000000,43097449709,43103145609,5695900
39600000000,43200000000,43103145609,43108593840,5448231
39600000000,43200000000,43108593840,43111649209,3055369
39600000000,43200000000,43111649209,43111649212,3
39600000000,43200000000,43111649212,43111649213,1
39600000000,43200000000,43111649213,43113222440,1573227
39600000000,43200000000,43113222440,43113222812,372
39600000000,43200000000,43113222812,43115953195,2730383
39600000000,43200000000,43115953195,43115953199,4
39600000000,43200000000,43115953199,43115953214,15
39600000000,43200000000,43115953214,43116789363,836149
39600000000,43200000000,43116789363,43117655612,866249
39600000000,43200000000,43117655612,43119213657,1558045
39600000000,43200000000,43119213657,43120018907,805250
39600000000,43200000000,43120018907,43120036622,17715
39600000000,43200000000,43120036622,43121563667,1527045
39600000000,43200000000,43121563667,43137531977,15968310
39600000000,43200000000,43137531977,43138425000,893023
39600000000,43200000000,43138425000,43139138869,713869
39600000000,43200000000,43139138869,43139918741,779872
39600000000,43200000000,43139918741,43139983005,64264
39600000000,43200000000,43139983005,43141527402,1544397
39600000000,43200000000,43141527402,43141570761,43359
39600000000,43200000000,43141570761,43143132885,1562124
39600000000,43200000000,43143132885,43143186982,54097
39600000000,43200000000,43143186982,43143997991,811009
39600000000,43200000000,43143997991,43145592394,1594403
39600000000,43200000000,43145592394,43146756886,1164492
39600000000,43200000000,43146756886,43148339654,1582768
39600000000,43200000000,43148339654,43149174423,834769
39600000000,43200000000,43149174423,43160939917,11765494
39600000000,43200000000,43160939917,43162339752,1399835
39600000000,43200000000,43162339752,43163155803,816051
39600000000,43200000000,43163155803,43165704402,2548599
39600000000,43200000000,43165704402,43165725262,20860
39600000000,43200000000,43165725262,43167263998,1538736
39600000000,43200000000,43167263998,43175935746,8671748
39600000000,43200000000,43175935746,43183583081,7647335
39600000000,43200000000,43183583081,43185090035,1506954
39600000000,43200000000,43185090035,43190082181,4992146
39600000000,43200000000,43190082181,43193844625,3762444
43200000000,46800000000,43207666838,43207666842,4
43200000000,46800000000,43207666842,43207666869,27
43200000000,46800000000,43207666869,43207666874,5
43200000000,46800000000,43207666874,43208446510,779636
43200000000,46800000000,43208446510,43209287766,841256
43200000000,46800000000,43209287766,43209292121,4355
43200000000,46800000000,43209292121,43209299408,7287
43200000000,46800000000,43209299408,43210039514,740106
43200000000,46800000000,43210039514,43211996689,1957175
43200000000,46800000000,43211996689,43212722273,725584
43200000000,46800000000,43212722273,43212722276,3
43200000000,46800000000,43212722276,43212722336,60
43200000000,46800000000,43212722336,43212722339,3
43200000000,46800000000,43212722339,43212722425,86
43200000000,46800000000,43212722425,43212760630,38205
43200000000,46800000000,43212760630,43214166201,1405571
43200000000,46800000000,43214166201,43214166602,401
43200000000,46800000000,43214166602,43214167061,459
43200000000,46800000000,43214167061,43214966628,799567
43200000000,46800000000,43214966628,43215673275,706647
43200000000,46800000000,43215673275,43216462261,788986
43200000000,46800000000,43216462261,43217268478,806217
43200000000,46800000000,43217268478,43217268505,27
43200000000,46800000000,43217268505,43217268510,5
43200000000,46800000000,43217268510,43221175403,3906893
43200000000,46800000000,43221175403,43221175651,248
43200000000,46800000000,43221175651,43221312907,137256
43200000000,46800000000,43221312907,43221325227,12320
43200000000,46800000000,43221325227,43221328069,2842
43200000000,46800000000,43221328069,43221673655,345586
43200000000,46800000000,43221673655,43222502883,829228
43200000000,46800000000,43222502883,43223305792,802909
43200000000,46800000000,43223305792,43223305803,11
43200000000,46800000000,43223305803,43223305814,11
43200000000,46800000000,43223305814,43224951791,1645977
43200000000,46800000000,43224951791,43226428581,1476790
43200000000,46800000000,43226428581,43233839886,7411305
43200000000,46800000000,43233839886,43233844349,4463
43200000000,46800000000,43233844349,43233846971,2622
43200000000,46800000000,43233846971,43233851649,4678
43200000000,46800000000,43233851649,43233854350,2701
43200000000,46800000000,43233854350,43236201956,2347606
43200000000,46800000000,43236201956,43236201975,19
43200000000,46800000000,43236201975,43236201998,23
43200000000,46800000000,43236201998,43236202002,4
43200000000,46800000000,43236202002,43236202003,1
43200000000,46800000000,43236202003,43236202023,20
43200000000,46800000000,43236202023,43237824304,1622281
43200000000,46800000000,43237824304,43237824870,566
43200000000,46800000000,43237824870,43239376663,1551793
43200000000,46800000000,43239376663,43239376665,2
43200000000,46800000000,43239376665,43240891272,1514607
43200000000,46800000000,43240891272,43245846156,4954884
43200000000,46800000000,43245846156,43247506374,1660218
43200000000,46800000000,43247506374,43249140929,1634555
43200000000,46800000000,43249140929,43250686977,1546048
43200000000,46800000000,43250686977,43256206699,5519722
43200000000,46800000000,43256206699,43259095048,2888349
43200000000,46800000000,43259095048,43260616281,1521233
43200000000,46800000000,43260616281,43262150766,1534485
43200000000,46800000000,43262150766,43262921403,770637
43200000000,46800000000,43262921403,43263697146,775743
43200000000,46800000000,43263697146,43264522355,825209
43200000000,46800000000,43264522355,43264553545,31190
43200000000,46800000000,43264553545,43265364073,810528
43200000000,46800000000,43265364073,43272030269,6666196
43200000000,46800000000,43272030269,43273439711,1409442
43200000000,46800000000,43273439711,43273465074,25363
43200000000,46800000000,43273465074,43273465469,395
43200000000,46800000000,43273465469,43273465472,3
43200000000,46800000000,43273465472,43275009361,1543889
43200000000,46800000000,43275009361,43275025084,15723
43200000000,46800000000,43275025084,43275030435,5351
43200000000,46800000000,43275030435,43275030439,4
43200000000,46800000000,43275030439,43276598604,1568165
43200000000,46800000000,43276598604,43276598687,83
43200000000,46800000000,43276598687,43282264702,5666015
43200000000,46800000000,43282264702,43282264789,87
43200000000,46800000000,43282264789,43284923194,2658405
43200000000,46800000000,43284923194,43291646619,6723425
43200000000,46800000000,43291646619,43291646623,4
43200000000,46800000000,43291646623,43291646624,1
43200000000,46800000000,43291646624,43293237519,1590895
43200000000,46800000000,43293237519,43293237543,24
43200000000,46800000000,43293237543,43294830194,1592651
43200000000,46800000000,43294830194,43294835559,5365
43200000000,46800000000,43294835559,43297122123,2286564
43200000000,46800000000,43297122123,43297122133,10
43200000000,46800000000,43297122133,43305122187,8000054
43200000000,46800000000,43305122187,43307568490,2446303
43200000000,46800000000,43307568490,43308355914,787424
43200000000,46800000000,43308355914,43310273373,1917459
43200000000,46800000000,43310273373,43310297415,24042
43200000000,46800000000,43310297415,43311802916,1505501
43200000000,46800000000,43311802916,43314245556,2442640
43200000000,46800000000,43314245556,43317231525,2985969
43200000000,46800000000,43317231525,43318023639,792114
43200000000,46800000000,43318023639,43318893006,869367
43200000000,46800000000,43318893006,43321660522,2767516
43200000000,46800000000,43321660522,43321660537,15
43200000000,46800000000,43321660537,43322552978,892441
43200000000,46800000000,43322552978,43322553063,85
43200000000,46800000000,43322553063,43322553071,8
43200000000,46800000000,43322553071,43324324045,1770974
43200000000,46800000000,43324324045,43324324048,3
43200000000,46800000000,43324324048,43324324221,173
43200000000,46800000000,43324324221,43324324344,123
43200000000,46800000000,43324324344,43324324361,17
43200000000,46800000000,43324324361,43326056017,1731656
43200000000,46800000000,43326056017,43330174070,4118053
43200000000,46800000000,43330174070,43332076592,1902522
43200000000,46800000000,43332076592,43332097667,21075
43200000000,46800000000,43332097667,43333611064,1513397
43200000000,46800000000,43333611064,43336598244,2987180
43200000000,46800000000,43336598244,43342906768,6308524
43200000000,46800000000,43342906768,43343667552,760784
43200000000,46800000000,43343667552,43343675879,8327
43200000000,46800000000,43343675879,43344455608,779729
43200000000,46800000000,43344455608,43344923574,467966
43200000000,46800000000,43344923574,43344928710,5136
43200000000,46800000000,43344928710,43345728069,799359
43200000000,46800000000,43345728069,43345728080,11
43200000000,46800000000,43345728080,43346506755,778675
43200000000,46800000000,43346506755,43346506765,10
43200000000,46800000000,43346506765,43348957597,2450832
43200000000,46800000000,43348957597,43350501689,1544092
43200000000,46800000000,43350501689,43357058578,6556889
43200000000,46800000000,43357058578,43357061603,3025
43200000000,46800000000,43357061603,43357063816,2213
43200000000,46800000000,43357063816,43357780465,716649
43200000000,46800000000,43357780465,43358520464,739999
43200000000,46800000000,43358520464,43358520475,11
43200000000,46800000000,43358520475,43358520499,24
43200000000,46800000000,43358520499,43358520503,4
43200000000,46800000000,43358520503,43359275658,755155
43200000000,46800000000,43359275658,43359276554,896
43200000000,46800000000,43359276554,43359320104,43550
43200000000,46800000000,43359320104,43359320108,4
43200000000,46800000000,43359320108,43359320123,15
43200000000,46800000000,43359320123,43360171333,851210
43200000000,46800000000,43360171333,43360171337,4
43200000000,46800000000,43360171337,43360171514,177
43200000000,46800000000,43360171514,43360171519,5
43200000000,46800000000,43360171519,43361831199,1659680
43200000000,46800000000,43361831199,43362681469,850270
43200000000,46800000000,43362681469,43364752512,2071043
43200000000,46800000000,43364752512,43365519843,767331
43200000000,46800000000,43365519843,43367097812,1577969
43200000000,46800000000,43367097812,43368618966,1521154
43200000000,46800000000,43368618966,43371820313,3201347
43200000000,46800000000,43371820313,43371847511,27198
43200000000,46800000000,43371847511,43375338333,3490822
43200000000,46800000000,43375338333,43379662844,4324511
43200000000,46800000000,43379662844,43381893905,2231061
43200000000,46800000000,43381893905,43381893909,4
43200000000,46800000000,43381893909,43381893924,15
43200000000,46800000000,43381893924,43383342805,1448881
43200000000,46800000000,43383342805,43385151203,1808398
43200000000,46800000000,43385151203,43385952717,801514
43200000000,46800000000,43385952717,43390206020,4253303
43200000000,46800000000,43390206020,43391856906,1650886
43200000000,46800000000,43391856906,43394079686,2222780
43200000000,46800000000,43394079686,43396624284,2544598
43200000000,46800000000,43396624284,43396624458,174
43200000000,46800000000,43396624458,43396624467,9
43200000000,46800000000,43396624467,43398240521,1616054
43200000000,46800000000,43398240521,43399046693,806172
43200000000,46800000000,43399046693,43399812466,765773
43200000000,46800000000,43399812466,43400814646,1002180
43200000000,46800000000,43400814646,43404886433,4071787
43200000000,46800000000,43404886433,43407826249,2939816
43200000000,46800000000,43407826249,43409294460,1468211
43200000000,46800000000,43409294460,43409317091,22631
43200000000,46800000000,43409317091,43419019779,9702688
43200000000,46800000000,43419019779,43426425487,7405708
43200000000,46800000000,43426425487,43427517977,1092490
43200000000,46800000000,43427517977,43435805881,8287904
43200000000,46800000000,43435805881,43437308454,1502573
43200000000,46800000000,43437308454,43439803393,2494939
43200000000,46800000000,43439803393,43445626308,5822915
43200000000,46800000000,43445626308,43445626378,70
43200000000,46800000000,43445626378,43445626383,5
43200000000,46800000000,43445626383,43445626388,5
43200000000,46800000000,43445626388,43448111863,2485475
43200000000,46800000000,43448111863,43449024758,912895
43200000000,46800000000,43449024758,43450136426,1111668
43200000000,46800000000,43450136426,43450136426,0
43200000000,46800000000,43450136426,43450141793,5367
43200000000,46800000000,43450141793,43451080623,938830
43200000000,46800000000,43451080623,43452728775,1648152
43200000000,46800000000,43452728775,43453483682,754907
43200000000,46800000000,43453483682,43454256732,773050
43200000000,46800000000,43454256732,43455155577,898845
43200000000,46800000000,43455155577,43455155657,80
43200000000,46800000000,43455155657,43457510490,2354833
43200000000,46800000000,43457510490,43457510517,27
43200000000,46800000000,43457510517,43457510522,5
43200000000,46800000000,43457510522,43461115077,3604555
43200000000,46800000000,43461115077,43461892395,777318
43200000000,46800000000,43461892395,43461905611,13216
43200000000,46800000000,43461905611,43461905862,251
43200000000,46800000000,43461905862,43461905867,5
43200000000,46800000000,43461905867,43461905872,5
43200000000,46800000000,43461905872,43461905877,5
43200000000,46800000000,43461905877,43464542518,2636641
43200000000,46800000000,43464542518,43466108859,1566341
43200000000,46800000000,43466108859,43467186269,1077410
43200000000,46800000000,43467186269,43470296717,3110448
43200000000,46800000000,43470296717,43472286869,1990152
43200000000,46800000000,43472286869,43478293689,6006820
43200000000,46800000000,43478293689,43480035505,1741816
43200000000,46800000000,43480035505,43483586599,3551094
43200000000,46800000000,43483586599,43484369054,782455
43200000000,46800000000,43484369054,43485736552,1367498
43200000000,46800000000,43485736552,43485736555,3
43200000000,46800000000,43485736555,43485759277,22722
43200000000,46800000000,43485759277,43486478549,719272
43200000000,46800000000,43486478549,43486556267,77718
43200000000,46800000000,43486556267,43487283097,726830
43200000000,46800000000,43487283097,43490399212,3116115
43200000000,46800000000,43490399212,43492071543,1672331
43200000000,46800000000,43492071543,43493267967,1196424
43200000000,46800000000,43493267967,43494167954,899987
43200000000,46800000000,43494167954,43496045418,1877464
43200000000,46800000000,43496045418,43498208579,2163161
43200000000,46800000000,43498208579,43499593961,1385382
43200000000,46800000000,43499593961,43499630050,36089
43200000000,46800000000,43499630050,43499630054,4
43200000000,46800000000,43499630054,43500349596,719542
43200000000,46800000000,43500349596,43501062120,712524
43200000000,46800000000,43501062120,43501925934,863814
43200000000,46800000000,43501925934,43504804648,2878714
43200000000,46800000000,43504804648,43504816235,11587
43200000000,46800000000,43504816235,43504828120,11885
43200000000,46800000000,43504828120,43507770174,2942054
43200000000,46800000000,43507770174,43507770185,11
43200000000,46800000000,43507770185,43507770331,146
43200000000,46800000000,43507770331,43507812814,42483
43200000000,46800000000,43507812814,43509557524,1744710
43200000000,46800000000,43509557524,43509560308,2784
43200000000,46800000000,43509560308,43509562382,2074
43200000000,46800000000,43509562382,43511264953,1702571
43200000000,46800000000,43511264953,43511264958,5
43200000000,46800000000,43511264958,43511264967,9
43200000000,46800000000,43511264967,43511264993,26
43200000000,46800000000,43511264993,43512183916,918923
43200000000,46800000000,43512183916,43512183920,4
43200000000,46800000000,43512183920,43513063981,880061
43200000000,46800000000,43513063981,43513130803,66822
43200000000,46800000000,43513130803,43514606496,1475693
43200000000,46800000000,43514606496,43521948734,7342238
43200000000,46800000000,43521948734,43521954343,5609
43200000000,46800000000,43521954343,43521957565,3222
43200000000,46800000000,43521957565,43521959909,2344
43200000000,46800000000,43521959909,43521962104,2195
43200000000,46800000000,43521962104,43521964109,2005
43200000000,46800000000,43521964109,43523590251,1626142
43200000000,46800000000,43523590251,43523590256,5
43200000000,46800000000,43523590256,43523590274,18
43200000000,46800000000,43523590274,43523590305,31
43200000000,46800000000,43523590305,43523590464,159
43200000000,46800000000,43523590464,43523590483,19
43200000000,46800000000,43523590483,43523590494,11
43200000000,46800000000,43523590494,43524426867,836373
43200000000,46800000000,43524426867,43524426871,4
43200000000,46800000000,43524426871,43525704071,1277200
43200000000,46800000000,43525704071,43533769371,8065300
43200000000,46800000000,43533769371,43533769933,562
43200000000,46800000000,43533769933,43534672720,902787
43200000000,46800000000,43534672720,43535571473,898753
43200000000,46800000000,43535571473,43537035023,1463550
43200000000,46800000000,43537035023,43537035027,4
43200000000,46800000000,43537035027,43538152516,1117489
43200000000,46800000000,43538152516,43541490188,3337672
43200000000,46800000000,43541490188,43541490191,3
43200000000,46800000000,43541490191,43542311565,821374
43200000000,46800000000,43542311565,43543071094,759529
43200000000,46800000000,43543071094,43543851286,780192
43200000000,46800000000,43543851286,43543851288,2
43200000000,46800000000,43543851288,43544709486,858198
43200000000,46800000000,43544709486,43546398339,1688853
43200000000,46800000000,43546398339,43547910124,1511785
43200000000,46800000000,43547910124,43549041919,1131795
43200000000,46800000000,43549041919,43550634434,1592515
43200000000,46800000000,43550634434,43550634438,4
43200000000,46800000000,43550634438,43550634439,1
43200000000,46800000000,43550634439,43552120284,1485845
43200000000,46800000000,43552120284,43552120471,187
43200000000,46800000000,43552120471,43552184708,64237
43200000000,46800000000,43552184708,43555005938,2821230
43200000000,46800000000,43555005938,43556512552,1506614
43200000000,46800000000,43556512552,43568290212,11777660
43200000000,46800000000,43568290212,43568290503,291
43200000000,46800000000,43568290503,43568290508,5
43200000000,46800000000,43568290508,43572889480,4598972
43200000000,46800000000,43572889480,43575204785,2315305
43200000000,46800000000,43575204785,43575981126,776341
43200000000,46800000000,43575981126,43575981153,27
43200000000,46800000000,43575981153,43575981158,5
43200000000,46800000000,43575981158,43583456891,7475733
43200000000,46800000000,43583456891,43583462827,5936
43200000000,46800000000,43583462827,43583462830,3
43200000000,46800000000,43583462830,43584962870,1500040
43200000000,46800000000,43584962870,43584962881,11
43200000000,46800000000,43584962881,43603558305,18595424
43200000000,46800000000,43603558305,43605429367,1871062
43200000000,46800000000,43605429367,43607895044,2465677
43200000000,46800000000,43607895044,43607895094,50
43200000000,46800000000,43607895094,43607895099,5
43200000000,46800000000,43607895099,43607895104,5
43200000000,46800000000,43607895104,43612575808,4680704
43200000000,46800000000,43612575808,43616046210,3470402
43200000000,46800000000,43616046210,43618386972,2340762
43200000000,46800000000,43618386972,43618395824,8852
43200000000,46800000000,43618395824,43618395903,79
43200000000,46800000000,43618395903,43618395908,5
43200000000,46800000000,43618395908,43618395913,5
43200000000,46800000000,43618395913,43620080081,1684168
43200000000,46800000000,43620080081,43620125520,45439
43200000000,46800000000,43620125520,43620995829,870309
43200000000,46800000000,43620995829,43622839536,1843707
43200000000,46800000000,43622839536,43623629080,789544
43200000000,46800000000,43623629080,43632024887,8395807
43200000000,46800000000,43632024887,43633630428,1605541
43200000000,46800000000,43633630428,43634487931,857503
43200000000,46800000000,43634487931,43635283670,795739
43200000000,46800000000,43635283670,43636137261,853591
43200000000,46800000000,43636137261,43639746817,3609556
43200000000,46800000000,43639746817,43646541686,6794869
43200000000,46800000000,43646541686,43648571015,2029329
43200000000,46800000000,43648571015,43668796344,20225329
43200000000,46800000000,43668796344,43670602291,1805947
43200000000,46800000000,43670602291,43677194872,6592581
43200000000,46800000000,43677194872,43679845615,2650743
43200000000,46800000000,43679845615,43679845643,28
43200000000,46800000000,43679845643,43679845648,5
43200000000,46800000000,43679845648,43688999072,9153424
43200000000,46800000000,43688999072,43693606931,4607859
43200000000,46800000000,43693606931,43695099086,1492155
43200000000,46800000000,43695099086,43696501221,1402135
43200000000,46800000000,43696501221,43708650042,12148821
43200000000,46800000000,43708650042,43708653990,3948
43200000000,46800000000,43708653990,43710032693,1378703
43200000000,46800000000,43710032693,43710032712,19
43200000000,46800000000,43710032712,43710784441,751729
43200000000,46800000000,43710784441,43710784797,356
43200000000,46800000000,43710784797,43710784813,16
43200000000,46800000000,43710784813,43716402032,5617219
43200000000,46800000000,43716402032,43724213313,7811281
43200000000,46800000000,43724213313,43726669983,2456670
43200000000,46800000000,43726669983,43727400213,730230
43200000000,46800000000,43727400213,43727400219,6
43200000000,46800000000,43727400219,43728874392,1474173
43200000000,46800000000,43728874392,43755780243,26905851
43200000000,46800000000,43755780243,43755780322,79
43200000000,46800000000,43755780322,43755780327,5
43200000000,46800000000,43755780327,43755780332,5
43200000000,46800000000,43755780332,43761846587,6066255
43200000000,46800000000,43761846587,43772068388,10221801
43200000000,46800000000,43772068388,43772876631,808243
43200000000,46800000000,43772876631,43774486634,1610003
43200000000,46800000000,43774486634,43778523695,4037061
43200000000,46800000000,43778523695,43781951754,3428059
43200000000,46800000000,43781951754,43783337952,1386198
43200000000,46800000000,43783337952,43785777889,2439937
43200000000,46800000000,43785777889,43790042655,4264766
43200000000,46800000000,43790042655,43790897097,854442
43200000000,46800000000,43790897097,43794334901,3437804
43200000000,46800000000,43794334901,43795791314,1456413
43200000000,46800000000,43795791314,43801991957,6200643
43200000000,46800000000,43801991957,43808189701,6197744
43200000000,46800000000,43808189701,43809004999,815298
43200000000,46800000000,43809004999,43809701484,696485
43200000000,46800000000,43809701484,43810501877,800393
43200000000,46800000000,43810501877,43812355091,1853214
43200000000,46800000000,43812355091,43813067918,712827
43200000000,46800000000,43813067918,43813072300,4382
43200000000,46800000000,43813072300,43813861356,789056
43200000000,46800000000,43813861356,43814566582,705226
43200000000,46800000000,43814566582,43814566592,10
43200000000,46800000000,43814566592,43820972822,6406230
43200000000,46800000000,43820972822,43820981651,8829
43200000000,46800000000,43820981651,43820987492,5841
43200000000,46800000000,43820987492,43820991516,4024
43200000000,46800000000,43820991516,43820996395,4879
43200000000,46800000000,43820996395,43822760254,1763859
43200000000,46800000000,43822760254,43822760258,4
43200000000,46800000000,43822760258,43822760259,1
43200000000,46800000000,43822760259,43822760290,31
43200000000,46800000000,43822760290,43822760294,4
43200000000,46800000000,43822760294,43822760295,1
43200000000,46800000000,43822760295,43822760327,32
43200000000,46800000000,43822760327,43822760338,11
43200000000,46800000000,43822760338,43822760349,11
43200000000,46800000000,43822760349,43822779631,19282
43200000000,46800000000,43822779631,43823445551,665920
43200000000,46800000000,43823445551,43823445582,31
43200000000,46800000000,43823445582,43823445787,205
43200000000,46800000000,43823445787,43823445926,139
43200000000,46800000000,43823445926,43824203894,757968
43200000000,46800000000,43824203894,43824930773,726879
43200000000,46800000000,43824930773,43826424261,1493488
43200000000,46800000000,43826424261,43833754856,7330595
43200000000,46800000000,43833754856,43833760404,5548
43200000000,46800000000,43833760404,43833762376,1972
43200000000,46800000000,43833762376,43833764612,2236
43200000000,46800000000,43833764612,43833766614,2002
43200000000,46800000000,43833766614,43833770554,3940
43200000000,46800000000,43833770554,43835292037,1521483
43200000000,46800000000,43835292037,43835292049,12
43200000000,46800000000,43835292049,43835292061,12
43200000000,46800000000,43835292061,43835292080,19
43200000000,46800000000,43835292080,43835292091,11
43200000000,46800000000,43835292091,43835292103,12
43200000000,46800000000,43835292103,43839171878,3879775
43200000000,46800000000,43839171878,43844281991,5110113
43200000000,46800000000,43844281991,43844281993,2
43200000000,46800000000,43844281993,43846513573,2231580
43200000000,46800000000,43846513573,43847273858,760285
43200000000,46800000000,43847273858,43847278155,4297
43200000000,46800000000,43847278155,43847280861,2706
43200000000,46800000000,43847280861,43848057057,776196
43200000000,46800000000,43848057057,43848845444,788387
43200000000,46800000000,43848845444,43848845455,11
43200000000,46800000000,43848845455,43848845466,11
43200000000,46800000000,43848845466,43848864619,19153
43200000000,46800000000,43848864619,43852486340,3621721
43200000000,46800000000,43852486340,43853244224,757884
43200000000,46800000000,43853244224,43855172324,1928100
43200000000,46800000000,43855172324,43855199460,27136
43200000000,46800000000,43855199460,43856648999,1449539
43200000000,46800000000,43856648999,43859623250,2974251
43200000000,46800000000,43859623250,43859629682,6432
43200000000,46800000000,43859629682,43861165729,1536047
43200000000,46800000000,43861165729,43862019379,853650
43200000000,46800000000,43862019379,43862019417,38
43200000000,46800000000,43862019417,43862036145,16728
43200000000,46800000000,43862036145,43862776545,740400
43200000000,46800000000,43862776545,43863482482,705937
43200000000,46800000000,43863482482,43863508749,26267
43200000000,46800000000,43863508749,43864240987,732238
43200000000,46800000000,43864240987,43866074701,1833714
43200000000,46800000000,43866074701,43870804261,4729560
43200000000,46800000000,43870804261,43871593621,789360
43200000000,46800000000,43871593621,43872328396,734775
43200000000,46800000000,43872328396,43872368973,40577
43200000000,46800000000,43872368973,43873140135,771162
43200000000,46800000000,43873140135,43873159469,19334
43200000000,46800000000,43873159469,43873882559,723090
43200000000,46800000000,43873882559,43874632280,749721
43200000000,46800000000,43874632280,43874673131,40851
43200000000,46800000000,43874673131,43876685079,2011948
43200000000,46800000000,43876685079,43880265023,3579944
43200000000,46800000000,43880265023,43880295252,30229
43200000000,46800000000,43880295252,43880295790,538
43200000000,46800000000,43880295790,43880295793,3
43200000000,46800000000,43880295793,43881863360,1567567
43200000000,46800000000,43881863360,43881886093,22733
43200000000,46800000000,43881886093,43884274461,2388368
43200000000,46800000000,43884274461,43884279966,5505
43200000000,46800000000,43884279966,43884284202,4236
43200000000,46800000000,43884284202,43884290736,6534
43200000000,46800000000,43884290736,43886302982,2012246
43200000000,46800000000,43886302982,43886303008,26
43200000000,46800000000,43886303008,43886304323,1315
43200000000,46800000000,43886304323,43886304339,16
43200000000,46800000000,43886304339,43886376779,72440
43200000000,46800000000,43886376779,43887219012,842233
43200000000,46800000000,43887219012,43891268665,4049653
43200000000,46800000000,43891268665,43892148476,879811
43200000000,46800000000,43892148476,43897898010,5749534
43200000000,46800000000,43897898010,43897900779,2769
43200000000,46800000000,43897900779,43897905632,4853
43200000000,46800000000,43897905632,43900255627,2349995
43200000000,46800000000,43900255627,43900255746,119
43200000000,46800000000,43900255746,43900255751,5
43200000000,46800000000,43900255751,43900255758,7
43200000000,46800000000,43900255758,43901300419,1044661
43200000000,46800000000,43901300419,43901300445,26
43200000000,46800000000,43901300445,43901304612,4167
43200000000,46800000000,43901304612,43901304616,4
43200000000,46800000000,43901304616,43901304617,1
43200000000,46800000000,43901304617,43905122465,3817848
43200000000,46800000000,43905122465,43906097513,975048
43200000000,46800000000,43906097513,43907633896,1536383
43200000000,46800000000,43907633896,43907711761,77865
43200000000,46800000000,43907711761,43909585329,1873568
43200000000,46800000000,43909585329,43911252383,1667054
43200000000,46800000000,43911252383,43913595661,2343278
43200000000,46800000000,43913595661,43916089252,2493591
43200000000,46800000000,43916089252,43916089380,128
43200000000,46800000000,43916089380,43917075062,985682
43200000000,46800000000,43917075062,43920909073,3834011
43200000000,46800000000,43920909073,43920933070,23997
43200000000,46800000000,43920933070,43920933129,59
43200000000,46800000000,43920933129,43923432485,2499356
43200000000,46800000000,43923432485,43926865005,3432520
43200000000,46800000000,43926865005,43928667492,1802487
43200000000,46800000000,43928667492,43931542128,2874636
43200000000,46800000000,43931542128,43934008414,2466286
43200000000,46800000000,43934008414,43934799071,790657
43200000000,46800000000,43934799071,43934864620,65549
43200000000,46800000000,43934864620,43938041307,3176687
43200000000,46800000000,43938041307,43939545142,1503835
43200000000,46800000000,43939545142,43942433473,2888331
43200000000,46800000000,43942433473,43942465524,32051
43200000000,46800000000,43942465524,43942482542,17018
43200000000,46800000000,43942482542,43944375445,1892903
43200000000,46800000000,43944375445,43944375470,25
43200000000,46800000000,43944375470,43949560457,5184987
43200000000,46800000000,43949560457,43951209722,1649265
43200000000,46800000000,43951209722,43954832518,3622796
43200000000,46800000000,43954832518,43956425975,1593457
43200000000,46800000000,43956425975,43956460612,34637
43200000000,46800000000,43956460612,43958052837,1592225
43200000000,46800000000,43958052837,43958072720,19883
43200000000,46800000000,43958072720,43958080593,7873
43200000000,46800000000,43958080593,43959630065,1549472
43200000000,46800000000,43959630065,43959634030,3965
43200000000,46800000000,43959634030,43960382266,748236
43200000000,46800000000,43960382266,43960382270,4
43200000000,46800000000,43960382270,43960382328,58
43200000000,46800000000,43960382328,43961163645,781317
43200000000,46800000000,43961163645,43961163823,178
43200000000,46800000000,43961163823,43966259511,5095688
43200000000,46800000000,43966259511,43967932123,1672612
43200000000,46800000000,43967932123,43969467916,1535793
43200000000,46800000000,43969467916,43969487860,19944
43200000000,46800000000,43969487860,43971090790,1602930
43200000000,46800000000,43971090790,43971107595,16805
43200000000,46800000000,43971107595,43971112567,4972
43200000000,46800000000,43971112567,43972665894,1553327
43200000000,46800000000,43972665894,43976187653,3521759
43200000000,46800000000,43976187653,43979227413,3039760
43200000000,46800000000,43979227413,43979957844,730431
43200000000,46800000000,43979957844,43979970147,12303
43200000000,46800000000,43979970147,43980763555,793408
43200000000,46800000000,43980763555,43980799707,36152
43200000000,46800000000,43980799707,43981580653,780946
43200000000,46800000000,43981580653,43981616887,36234
43200000000,46800000000,43981616887,43982414209,797322
43200000000,46800000000,43982414209,43983265480,851271
43200000000,46800000000,43983265480,43983285267,19787
43200000000,46800000000,43983285267,43984069157,783890
43200000000,46800000000,43984069157,43986119305,2050148
43200000000,46800000000,43986119305,43988462453,2343148
43200000000,46800000000,43988462453,43990038463,1576010
43200000000,46800000000,43990038463,43993281583,3243120
43200000000,46800000000,43993281583,43994879890,1598307
43200000000,46800000000,43994879890,43995714472,834582
43200000000,46800000000,43995714472,43995718504,4032
43200000000,46800000000,43995718504,43996593970,875466
43200000000,46800000000,43996593970,43997792909,1198939
43200000000,46800000000,43997792909,43997792928,19
43200000000,46800000000,43997792928,43997818772,25844
43200000000,46800000000,43997818772,43999406733,1587961
43200000000,46800000000,43999406733,44001768827,2362094
43200000000,46800000000,44001768827,44008842901,7074074
43200000000,46800000000,44008842901,44010299856,1456955
43200000000,46800000000,44010299856,44011735952,1436096
43200000000,46800000000,44011735952,44013404945,1668993
43200000000,46800000000,44013404945,44013405065,120
43200000000,46800000000,44013405065,44013405080,15
43200000000,46800000000,44013405080,44021555180,8150100
43200000000,46800000000,44021555180,44022864154,1308974
43200000000,46800000000,44022864154,44022864158,4
43200000000,46800000000,44022864158,44022864159,1
43200000000,46800000000,44022864159,44024233438,1369279
43200000000,46800000000,44024233438,44024233630,192
43200000000,46800000000,44024233630,44025023644,790014
43200000000,46800000000,44025023644,44031051056,6027412
43200000000,46800000000,44031051056,44032717416,1666360
43200000000,46800000000,44032717416,44032739971,22555
43200000000,46800000000,44032739971,44032739975,4
43200000000,46800000000,44032739975,44032739990,15
43200000000,46800000000,44032739990,44038158047,5418057
43200000000,46800000000,44038158047,44040122470,1964423
43200000000,46800000000,44040122470,44042573795,2451325
43200000000,46800000000,44042573795,44044186206,1612411
43200000000,46800000000,44044186206,44044186210,4
43200000000,46800000000,44044186210,44044186225,15
43200000000,46800000000,44044186225,44044972112,785887
43200000000,46800000000,44044972112,44044972141,29
43200000000,46800000000,44044972141,44044972146,5
43200000000,46800000000,44044972146,44045860660,888514
43200000000,46800000000,44045860660,44049070058,3209398
43200000000,46800000000,44049070058,44053296582,4226524
43200000000,46800000000,44053296582,44053304196,7614
43200000000,46800000000,44053304196,44054036703,732507
43200000000,46800000000,44054036703,44054045464,8761
43200000000,46800000000,44054045464,44054852814,807350
43200000000,46800000000,44054852814,44054852825,11
43200000000,46800000000,44054852825,44055560026,707201
43200000000,46800000000,44055560026,44055560037,11
43200000000,46800000000,44055560037,44057076736,1516699
43200000000,46800000000,44057076736,44059284600,2207864
43200000000,46800000000,44059284600,44060013177,728577
43200000000,46800000000,44060013177,44060772236,759059
43200000000,46800000000,44060772236,44060772240,4
43200000000,46800000000,44060772240,44060772241,1
43200000000,46800000000,44060772241,44061897436,1125195
43200000000,46800000000,44061897436,44061898319,883
43200000000,46800000000,44061898319,44068018344,6120025
43200000000,46800000000,44068018344,44069515802,1497458
43200000000,46800000000,44069515802,44071831689,2315887
43200000000,46800000000,44071831689,44072181814,350125
43200000000,46800000000,44072181814,44073725490,1543676
43200000000,46800000000,44073725490,44084334718,10609228
43200000000,46800000000,44084334718,44084338176,3458
43200000000,46800000000,44084338176,44084340613,2437
43200000000,46800000000,44084340613,44084342986,2373
43200000000,46800000000,44084342986,44084344903,1917
43200000000,46800000000,44084344903,44085037225,692322
43200000000,46800000000,44085037225,44085804976,767751
43200000000,46800000000,44085804976,44085804995,19
43200000000,46800000000,44085804995,44085805006,11
43200000000,46800000000,44085805006,44085805018,12
43200000000,46800000000,44085805018,44085805029,11
43200000000,46800000000,44085805029,44088025800,2220771
43200000000,46800000000,44088025800,44088028253,2453
43200000000,46800000000,44088028253,44088028634,381
43200000000,46800000000,44088028634,44088028641,7
43200000000,46800000000,44088028641,44088028650,9
43200000000,46800000000,44088028650,44089562915,1534265
43200000000,46800000000,44089562915,44094323161,4760246
43200000000,46800000000,44094323161,44094328350,5189
43200000000,46800000000,44094328350,44096174983,1846633
43200000000,46800000000,44096174983,44096175007,24
43200000000,46800000000,44096175007,44097796215,1621208
43200000000,46800000000,44097796215,44099989962,2193747
43200000000,46800000000,44099989962,44099989966,4
43200000000,46800000000,44099989966,44099989967,1
43200000000,46800000000,44099989967,44099989968,1
43200000000,46800000000,44099989968,44101519439,1529471
43200000000,46800000000,44101519439,44101519464,25
43200000000,46800000000,44101519464,44101519646,182
43200000000,46800000000,44101519646,44102268506,748860
43200000000,46800000000,44102268506,44102279500,10994
43200000000,46800000000,44102279500,44103745683,1466183
43200000000,46800000000,44103745683,44107904005,4158322
43200000000,46800000000,44107904005,44109383195,1479190
43200000000,46800000000,44109383195,44111595915,2212720
43200000000,46800000000,44111595915,44112345491,749576
43200000000,46800000000,44112345491,44112395010,49519
43200000000,46800000000,44112395010,44113842919,1447909
43200000000,46800000000,44113842919,44113843150,231
43200000000,46800000000,44113843150,44114651386,808236
43200000000,46800000000,44114651386,44114651389,3
43200000000,46800000000,44114651389,44114651424,35
43200000000,46800000000,44114651424,44114651428,4
43200000000,46800000000,44114651428,44114651429,1
43200000000,46800000000,44114651429,44115446050,794621
43200000000,46800000000,44115446050,44115446249,199
43200000000,46800000000,44115446249,44115446418,169
43200000000,46800000000,44115446418,44115481850,35432
43200000000,46800000000,44115481850,44115498335,16485
43200000000,46800000000,44115498335,44115502268,3933
43200000000,46800000000,44115502268,44118123741,2621473
43200000000,46800000000,44118123741,44118123759,18
43200000000,46800000000,44118123759,44118123776,17
43200000000,46800000000,44118123776,44124933223,6809447
43200000000,46800000000,44124933223,44124936806,3583
43200000000,46800000000,44124936806,44127040229,2103423
43200000000,46800000000,44127040229,44127040232,3
43200000000,46800000000,44127040232,44127040233,1
43200000000,46800000000,44127040233,44127040261,28
43200000000,46800000000,44127040261,44128121751,1081490
43200000000,46800000000,44128121751,44128122217,466
43200000000,46800000000,44128122217,44130933450,2811233
43200000000,46800000000,44130933450,44130933698,248
43200000000,46800000000,44130933698,44132433689,1499991
43200000000,46800000000,44132433689,44132529007,95318
43200000000,46800000000,44132529007,44137194260,4665253
43200000000,46800000000,44137194260,44139174797,1980537
43200000000,46800000000,44139174797,44139174800,3
43200000000,46800000000,44139174800,44139208988,34188
43200000000,46800000000,44139208988,44140056347,847359
43200000000,46800000000,44140056347,44140878283,821936
43200000000,46800000000,44140878283,44143588518,2710235
43200000000,46800000000,44143588518,44145140279,1551761
43200000000,46800000000,44145140279,44145155862,15583
43200000000,46800000000,44145155862,44146531148,1375286
43200000000,46800000000,44146531148,44147347832,816684
43200000000,46800000000,44147347832,44147348010,178
43200000000,46800000000,44147348010,44147348015,5
43200000000,46800000000,44147348015,44147348546,531
43200000000,46800000000,44147348546,44147348548,2
43200000000,46800000000,44147348548,44149028661,1680113
43200000000,46800000000,44149028661,44151819117,2790456
43200000000,46800000000,44151819117,44153374601,1555484
43200000000,46800000000,44153374601,44155727332,2352731
43200000000,46800000000,44155727332,44157020937,1293605
43200000000,46800000000,44157020937,44157035801,14864
43200000000,46800000000,44157035801,44157040188,4387
43200000000,46800000000,44157040188,44157751454,711266
43200000000,46800000000,44157751454,44157751457,3
43200000000,46800000000,44157751457,44158473236,721779
43200000000,46800000000,44158473236,44158473247,11
43200000000,46800000000,44158473247,44159154507,681260
43200000000,46800000000,44159154507,44161997703,2843196
43200000000,46800000000,44161997703,44163466212,1468509
43200000000,46800000000,44163466212,44164226698,760486
43200000000,46800000000,44164226698,44164975244,748546
43200000000,46800000000,44164975244,44165683040,707796
43200000000,46800000000,44165683040,44165683044,4
43200000000,46800000000,44165683044,44165683045,1
43200000000,46800000000,44165683045,44166367320,684275
43200000000,46800000000,44166367320,44166367345,25
43200000000,46800000000,44166367345,44169857894,3490549
43200000000,46800000000,44169857894,44176953858,7095964
43200000000,46800000000,44176953858,44179994466,3040608
43200000000,46800000000,44179994466,44181400176,1405710
43200000000,46800000000,44181400176,44183233592,1833416
43200000000,46800000000,44183233592,44183233595,3
43200000000,46800000000,44183233595,44184772746,1539151
43200000000,46800000000,44184772746,44184789097,16351
43200000000,46800000000,44184789097,44184789097,0
43200000000,46800000000,44184789097,44188292674,3503577
43200000000,46800000000,44188292674,44188292744,70
43200000000,46800000000,44188292744,44188292749,5
43200000000,46800000000,44188292749,44188292754,5
43200000000,46800000000,44188292754,44189178484,885730
43200000000,46800000000,44189178484,44193449921,4271437
43200000000,46800000000,44193449921,44196785696,3335775
43200000000,46800000000,44196785696,44199769248,2983552
43200000000,46800000000,44199769248,44201233299,1464051
43200000000,46800000000,44201233299,44203577648,2344349
43200000000,46800000000,44203577648,44205374395,1796747
43200000000,46800000000,44205374395,44205374399,4
43200000000,46800000000,44205374399,44205400480,26081
43200000000,46800000000,44205400480,44205401044,564
43200000000,46800000000,44205401044,44206193853,792809
43200000000,46800000000,44206193853,44207020565,826712
43200000000,46800000000,44207020565,44207020596,31
43200000000,46800000000,44207020596,44207020603,7
43200000000,46800000000,44207020603,44207021098,495
43200000000,46800000000,44207021098,44207021125,27
43200000000,46800000000,44207021125,44207021130,5
43200000000,46800000000,44207021130,44210175649,3154519
43200000000,46800000000,44210175649,44210175788,139
43200000000,46800000000,44210175788,44210175793,5
43200000000,46800000000,44210175793,44210175798,5
43200000000,46800000000,44210175798,44216193949,6018151
43200000000,46800000000,44216193949,44216203332,9383
43200000000,46800000000,44216203332,44216207807,4475
43200000000,46800000000,44216207807,44216211179,3372
43200000000,46800000000,44216211179,44216213424,2245
43200000000,46800000000,44216213424,44217004878,791454
43200000000,46800000000,44217004878,44217792611,787733
43200000000,46800000000,44217792611,44217792624,13
43200000000,46800000000,44217792624,44217792636,12
43200000000,46800000000,44217792636,44217792648,12
43200000000,46800000000,44217792648,44217792666,18
43200000000,46800000000,44217792666,44217793615,949
43200000000,46800000000,44217793615,44217793617,2
43200000000,46800000000,44217793617,44219434349,1640732
43200000000,46800000000,44219434349,44219434609,260
43200000000,46800000000,44219434609,44220220000,785391
43200000000,46800000000,44220220000,44220225406,5406
43200000000,46800000000,44220225406,44220225751,345
43200000000,46800000000,44220225751,44221680340,1454589
43200000000,46800000000,44221680340,44221699333,18993
43200000000,46800000000,44221699333,44223948803,2249470
43200000000,46800000000,44223948803,44225431137,1482334
43200000000,46800000000,44225431137,44225431236,99
43200000000,46800000000,44225431236,44225431241,5
43200000000,46800000000,44225431241,44225431246,5
43200000000,46800000000,44225431246,44240964007,15532761
43200000000,46800000000,44240964007,44240968730,4723
43200000000,46800000000,44240968730,44240970924,2194
43200000000,46800000000,44240970924,44241727220,756296
43200000000,46800000000,44241727220,44242476812,749592
43200000000,46800000000,44242476812,44242476824,12
43200000000,46800000000,44242476824,44242476836,12
43200000000,46800000000,44242476836,44242502628,25792
43200000000,46800000000,44242502628,44243321742,819114
43200000000,46800000000,44243321742,44243321839,97
43200000000,46800000000,44243321839,44243321846,7
43200000000,46800000000,44243321846,44245670358,2348512
43200000000,46800000000,44245670358,44249838021,4167663
43200000000,46800000000,44249838021,44252842180,3004159
43200000000,46800000000,44252842180,44255673575,2831395
43200000000,46800000000,44255673575,44256433306,759731
43200000000,46800000000,44256433306,44257185672,752366
43200000000,46800000000,44257185672,44260818391,3632719
43200000000,46800000000,44260818391,44265402022,4583631
43200000000,46800000000,44265402022,44265410096,8074
43200000000,46800000000,44265410096,44265410100,4
43200000000,46800000000,44265410100,44265410115,15
43200000000,46800000000,44265410115,44267018715,1608600
43200000000,46800000000,44267018715,44267843172,824457
43200000000,46800000000,44267843172,44267843360,188
43200000000,46800000000,44267843360,44267843367,7
43200000000,46800000000,44267843367,44270794739,2951372
43200000000,46800000000,44270794739,44276515599,5720860
43200000000,46800000000,44276515599,44277449259,933660
43200000000,46800000000,44277449259,44277454551,5292
43200000000,46800000000,44277454551,44279495868,2041317
43200000000,46800000000,44279495868,44281317950,1822082
43200000000,46800000000,44281317950,44282831072,1513122
43200000000,46800000000,44282831072,44289693232,6862160
43200000000,46800000000,44289693232,44289698417,5185
43200000000,46800000000,44289698417,44289705287,6870
43200000000,46800000000,44289705287,44289710606,5319
43200000000,46800000000,44289710606,44290440651,730045
43200000000,46800000000,44290440651,44292253225,1812574
43200000000,46800000000,44292253225,44292253229,4
43200000000,46800000000,44292253229,44292253294,65
43200000000,46800000000,44292253294,44292253298,4
43200000000,46800000000,44292253298,44292253346,48
43200000000,46800000000,44292253346,44292253371,25
43200000000,46800000000,44292253371,44292974457,721086
43200000000,46800000000,44292974457,44292974504,47
43200000000,46800000000,44292974504,44292974509,5
43200000000,46800000000,44292974509,44293852116,877607
43200000000,46800000000,44293852116,44293853024,908
43200000000,46800000000,44293853024,44296293144,2440120
43200000000,46800000000,44296293144,44296297844,4700
43200000000,46800000000,44296297844,44296297941,97
43200000000,46800000000,44296297941,44296297946,5
43200000000,46800000000,44296297946,44297994391,1696445
43200000000,46800000000,44297994391,44298800516,806125
43200000000,46800000000,44298800516,44299533752,733236
43200000000,46800000000,44299533752,44301765351,2231599
43200000000,46800000000,44301765351,44301770563,5212
43200000000,46800000000,44301770563,44303603325,1832762
43200000000,46800000000,44303603325,44303603337,12
43200000000,46800000000,44303603337,44303708469,105132
43200000000,46800000000,44303708469,44306535248,2826779
43200000000,46800000000,44306535248,44306545220,9972
43200000000,46800000000,44306545220,44308938345,2393125
43200000000,46800000000,44308938345,44321191809,12253464
43200000000,46800000000,44321191809,44323506993,2315184
43200000000,46800000000,44323506993,44323506997,4
43200000000,46800000000,44323506997,44323507012,15
43200000000,46800000000,44323507012,44334319630,10812618
43200000000,46800000000,44334319630,44334326425,6795
43200000000,46800000000,44334326425,44335448931,1122506
43200000000,46800000000,44335448931,44336139102,690171
43200000000,46800000000,44336139102,44336938008,798906
43200000000,46800000000,44336938008,44337819055,881047
43200000000,46800000000,44337819055,44342845717,5026662
43200000000,46800000000,44342845717,44342845836,119
43200000000,46800000000,44342845836,44342845841,5
43200000000,46800000000,44342845841,44342845846,5
43200000000,46800000000,44342845846,44344620813,1774967
43200000000,46800000000,44344620813,44349513603,4892790
43200000000,46800000000,44349513603,44349519637,6034
43200000000,46800000000,44349519637,44351610161,2090524
43200000000,46800000000,44351610161,44351610178,17
43200000000,46800000000,44351610178,44351610182,4
43200000000,46800000000,44351610182,44352345145,734963
43200000000,46800000000,44352345145,44354568391,2223246
43200000000,46800000000,44354568391,44357323264,2754873
43200000000,46800000000,44357323264,44357323268,4
43200000000,46800000000,44357323268,44357323335,67
43200000000,46800000000,44357323335,44357323342,7
43200000000,46800000000,44357323342,44358250601,927259
43200000000,46800000000,44358250601,44359132415,881814
43200000000,46800000000,44359132415,44359132817,402
43200000000,46800000000,44359132817,44359991468,858651
43200000000,46800000000,44359991468,44361652241,1660773
43200000000,46800000000,44361652241,44361655034,2793
43200000000,46800000000,44361655034,44361657140,2106
43200000000,46800000000,44361657140,44361664261,7121
43200000000,46800000000,44361664261,44363257845,1593584
43200000000,46800000000,44363257845,44363257870,25
43200000000,46800000000,44363257870,44363257907,37
43200000000,46800000000,44363257907,44363258571,664
43200000000,46800000000,44363258571,44374848010,11589439
43200000000,46800000000,44374848010,44374852383,4373
43200000000,46800000000,44374852383,44374862380,9997
43200000000,46800000000,44374862380,44376487166,1624786
43200000000,46800000000,44376487166,44376487178,12
43200000000,46800000000,44376487178,44376517777,30599
43200000000,46800000000,44376517777,44378021464,1503687
43200000000,46800000000,44378021464,44381042196,3020732
43200000000,46800000000,44381042196,44382809371,1767175
43200000000,46800000000,44382809371,44387335936,4526565
43200000000,46800000000,44387335936,44388867915,1531979
43200000000,46800000000,44388867915,44399119045,10251130
43200000000,46800000000,44399119045,44399830788,711743
43200000000,46800000000,44399830788,44399839531,8743
43200000000,46800000000,44399839531,44399844466,4935
43200000000,46800000000,44399844466,44400664446,819980
43200000000,46800000000,44400664446,44401393767,729321
43200000000,46800000000,44401393767,44401393771,4
43200000000,46800000000,44401393771,44401393772,1
43200000000,46800000000,44401393772,44401393808,36
43200000000,46800000000,44401393808,44401393812,4
43200000000,46800000000,44401393812,44401393813,1
43200000000,46800000000,44401393813,44401393858,45
43200000000,46800000000,44401393858,44401393862,4
43200000000,46800000000,44401393862,44402157917,764055
43200000000,46800000000,44402157917,44402158116,199
43200000000,46800000000,44402158116,44402158333,217
43200000000,46800000000,44402158333,44402158510,177
43200000000,46800000000,44402158510,44402158535,25
43200000000,46800000000,44402158535,44407051707,4893172
43200000000,46800000000,44407051707,44407895985,844278
43200000000,46800000000,44407895985,44408609196,713211
43200000000,46800000000,44408609196,44408626244,17048
43200000000,46800000000,44408626244,44409395154,768910
43200000000,46800000000,44409395154,44410176922,781768
43200000000,46800000000,44410176922,44410210627,33705
43200000000,46800000000,44410210627,44411751253,1540626
43200000000,46800000000,44411751253,44411772976,21723
43200000000,46800000000,44411772976,44411773073,97
43200000000,46800000000,44411773073,44412479908,706835
43200000000,46800000000,44412479908,44412487317,7409
43200000000,46800000000,44412487317,44413195818,708501
43200000000,46800000000,44413195818,44413204327,8509
43200000000,46800000000,44413204327,44413903116,698789
43200000000,46800000000,44413903116,44413903286,170
43200000000,46800000000,44413903286,44414977239,1073953
43200000000,46800000000,44414977239,44414995328,18089
43200000000,46800000000,44414995328,44415737174,741846
43200000000,46800000000,44415737174,44416469676,732502
43200000000,46800000000,44416469676,44417233392,763716
43200000000,46800000000,44417233392,44419616826,2383434
43200000000,46800000000,44419616826,44419623424,6598
43200000000,46800000000,44419623424,44421301564,1678140
43200000000,46800000000,44421301564,44421340791,39227
43200000000,46800000000,44421340791,44424935217,3594426
43200000000,46800000000,44424935217,44424935224,7
43200000000,46800000000,44424935224,44424950112,14888
43200000000,46800000000,44424950112,44424952993,2881
43200000000,46800000000,44424952993,44424955616,2623
43200000000,46800000000,44424955616,44424958006,2390
43200000000,46800000000,44424958006,44424959915,1909
43200000000,46800000000,44424959915,44424962082,2167
43200000000,46800000000,44424962082,44424966455,4373
43200000000,46800000000,44424966455,44424972306,5851
43200000000,46800000000,44424972306,44424975658,3352
43200000000,46800000000,44424975658,44424982790,7132
43200000000,46800000000,44424982790,44424989995,7205
43200000000,46800000000,44424989995,44427009998,2020003
43200000000,46800000000,44427009998,44427010000,2
43200000000,46800000000,44427010000,44429170763,2160763
43200000000,46800000000,44429170763,44429170766,3
43200000000,46800000000,44429170766,44429170767,1
43200000000,46800000000,44429170767,44429170929,162
43200000000,46800000000,44429170929,44429170932,3
43200000000,46800000000,44429170932,44429171006,74
43200000000,46800000000,44429171006,44429171030,24
43200000000,46800000000,44429171030,44429171040,10
43200000000,46800000000,44429171040,44429946187,775147
43200000000,46800000000,44429946187,44431372760,1426573
43200000000,46800000000,44431372760,44431372994,234
43200000000,46800000000,44431372994,44431373019,25
43200000000,46800000000,44431373019,44431376145,3126
43200000000,46800000000,44431376145,44431376157,12
43200000000,46800000000,44431376157,44431376169,12
43200000000,46800000000,44431376169,44431376187,18
43200000000,46800000000,44431376187,44431376661,474
43200000000,46800000000,44431376661,44431377005,344
43200000000,46800000000,44431377005,44433005488,1628483
43200000000,46800000000,44433005488,44438534782,5529294
43200000000,46800000000,44438534782,44438547822,13040
43200000000,46800000000,44438547822,44438552784,4962
43200000000,46800000000,44438552784,44438559922,7138
43200000000,46800000000,44438559922,44438563283,3361
43200000000,46800000000,44438563283,44439329999,766716
43200000000,46800000000,44439329999,44439330211,212
43200000000,46800000000,44439330211,44439330216,5
43200000000,46800000000,44439330216,44443104711,3774495
43200000000,46800000000,44443104711,44443104714,3
43200000000,46800000000,44443104714,44443104792,78
43200000000,46800000000,44443104792,44443104795,3
43200000000,46800000000,44443104795,44443104948,153
43200000000,46800000000,44443104948,44443104960,12
43200000000,46800000000,44443104960,44445047111,1942151
43200000000,46800000000,44445047111,44445047548,437
43200000000,46800000000,44445047548,44446800385,1752837
43200000000,46800000000,44446800385,44451015940,4215555
43200000000,46800000000,44451015940,44451019431,3491
43200000000,46800000000,44451019431,44451022930,3499
43200000000,46800000000,44451022930,44451025004,2074
43200000000,46800000000,44451025004,44451774703,749699
43200000000,46800000000,44451774703,44452593567,818864
43200000000,46800000000,44452593567,44453417618,824051
43200000000,46800000000,44453417618,44453417634,16
43200000000,46800000000,44453417634,44453418122,488
43200000000,46800000000,44453418122,44455886600,2468478
43200000000,46800000000,44455886600,44455886617,17
43200000000,46800000000,44455886617,44455886621,4
43200000000,46800000000,44455886621,44457461371,1574750
43200000000,46800000000,44457461371,44462393981,4932610
43200000000,46800000000,44462393981,44463345252,951271
43200000000,46800000000,44463345252,44463351375,6123
43200000000,46800000000,44463351375,44464847719,1496344
43200000000,46800000000,44464847719,44464849168,1449
43200000000,46800000000,44464849168,44464849172,4
43200000000,46800000000,44464849172,44465677470,828298
43200000000,46800000000,44465677470,44466415360,737890
43200000000,46800000000,44466415360,44466480089,64729
43200000000,46800000000,44466480089,44466480092,3
43200000000,46800000000,44466480092,44469095932,2615840
43200000000,46800000000,44469095932,44469859326,763394
43200000000,46800000000,44469859326,44470660294,800968
43200000000,46800000000,44470660294,44471446486,786192
43200000000,46800000000,44471446486,44472306246,859760
43200000000,46800000000,44472306246,44473137856,831610
43200000000,46800000000,44473137856,44473162635,24779
43200000000,46800000000,44473162635,44473946731,784096
43200000000,46800000000,44473946731,44474699686,752955
43200000000,46800000000,44474699686,44482009133,7309447
43200000000,46800000000,44482009133,44483669181,1660048
43200000000,46800000000,44483669181,44487417672,3748491
43200000000,46800000000,44487417672,44489006151,1588479
43200000000,46800000000,44489006151,44495199923,6193772
43200000000,46800000000,44495199923,44495979099,779176
43200000000,46800000000,44495979099,44498272102,2293003
43200000000,46800000000,44498272102,44498272710,608
43200000000,46800000000,44498272710,44499287885,1015175
43200000000,46800000000,44499287885,44500129235,841350
43200000000,46800000000,44500129235,44501269536,1140301
43200000000,46800000000,44501269536,44501270310,774
43200000000,46800000000,44501270310,44501270325,15
43200000000,46800000000,44501270325,44507977052,6706727
43200000000,46800000000,44507977052,44510369739,2392687
43200000000,46800000000,44510369739,44517085849,6716110
43200000000,46800000000,44517085849,44518023108,937259
43200000000,46800000000,44518023108,44522793796,4770688
43200000000,46800000000,44522793796,44522799633,5837
43200000000,46800000000,44522799633,44523888133,1088500
43200000000,46800000000,44523888133,44523895669,7536
43200000000,46800000000,44523895669,44523899151,3482
43200000000,46800000000,44523899151,44524701479,802328
43200000000,46800000000,44524701479,44524701497,18
43200000000,46800000000,44524701497,44525506115,804618
43200000000,46800000000,44525506115,44525506145,30
43200000000,46800000000,44525506145,44526263967,757822
43200000000,46800000000,44526263967,44527031174,767207
43200000000,46800000000,44527031174,44527031201,27
43200000000,46800000000,44527031201,44527031206,5
43200000000,46800000000,44527031206,44527781431,750225
43200000000,46800000000,44527781431,44530086731,2305300
43200000000,46800000000,44530086731,44531524247,1437516
43200000000,46800000000,44531524247,44536290190,4765943
43200000000,46800000000,44536290190,44536980501,690311
43200000000,46800000000,44536980501,44536984821,4320
43200000000,46800000000,44536984821,44536987094,2273
43200000000,46800000000,44536987094,44536989678,2584
43200000000,46800000000,44536989678,44536991509,1831
43200000000,46800000000,44536991509,44536993333,1824
43200000000,46800000000,44536993333,44538340346,1347013
43200000000,46800000000,44538340346,44538340359,13
43200000000,46800000000,44538340359,44538340371,12
43200000000,46800000000,44538340371,44538340383,12
43200000000,46800000000,44538340383,44538340394,11
43200000000,46800000000,44538340394,44538340408,14
43200000000,46800000000,44538340408,44540695826,2355418
43200000000,46800000000,44540695826,44540696015,189
43200000000,46800000000,44540696015,44540696020,5
43200000000,46800000000,44540696020,44542352467,1656447
43200000000,46800000000,44542352467,44542352471,4
43200000000,46800000000,44542352471,44542352472,1
43200000000,46800000000,44542352472,44543905240,1552768
43200000000,46800000000,44543905240,44543913317,8077
43200000000,46800000000,44543913317,44549560113,5646796
43200000000,46800000000,44549560113,44549560610,497
43200000000,46800000000,44549560610,44549560615,5
43200000000,46800000000,44549560615,44557083303,7522688
43200000000,46800000000,44557083303,44561053167,3969864
43200000000,46800000000,44561053167,44568775585,7722418
43200000000,46800000000,44568775585,44569137448,361863
43200000000,46800000000,44569137448,44570656695,1519247
43200000000,46800000000,44570656695,44572191747,1535052
43200000000,46800000000,44572191747,44572192760,1013
43200000000,46800000000,44572192760,44577424138,5231378
43200000000,46800000000,44577424138,44579018531,1594393
43200000000,46800000000,44579018531,44584544450,5525919
43200000000,46800000000,44584544450,44585317088,772638
43200000000,46800000000,44585317088,44587742648,2425560
43200000000,46800000000,44587742648,44599116044,11373396
43200000000,46800000000,44599116044,44599928467,812423
43200000000,46800000000,44599928467,44608860452,8931985
43200000000,46800000000,44608860452,44608863922,3470
43200000000,46800000000,44608863922,44608866399,2477
43200000000,46800000000,44608866399,44610317764,1451365
43200000000,46800000000,44610317764,44610317826,62
43200000000,46800000000,44610317826,44610317861,35
43200000000,46800000000,44610317861,44616995769,6677908
43200000000,46800000000,44616995769,44616995859,90
43200000000,46800000000,44616995859,44616995864,5
43200000000,46800000000,44616995864,44616995869,5
43200000000,46800000000,44616995869,44617964342,968473
43200000000,46800000000,44617964342,44617965325,983
43200000000,46800000000,44617965325,44617965344,19
43200000000,46800000000,44617965344,44618911779,946435
43200000000,46800000000,44618911779,44619694223,782444
43200000000,46800000000,44619694223,44619694232,9
43200000000,46800000000,44619694232,44619694515,283
43200000000,46800000000,44619694515,44619694522,7
43200000000,46800000000,44619694522,44621232771,1538249
43200000000,46800000000,44621232771,44621911371,678600
43200000000,46800000000,44621911371,44622609551,698180
43200000000,46800000000,44622609551,44622659400,49849
43200000000,46800000000,44622659400,44622659787,387
43200000000,46800000000,44622659787,44623534479,874692
43200000000,46800000000,44623534479,44623965258,430779
43200000000,46800000000,44623965258,44623965347,89
43200000000,46800000000,44623965347,44623965352,5
43200000000,46800000000,44623965352,44623965357,5
43200000000,46800000000,44623965357,44631411007,7445650
43200000000,46800000000,44631411007,44635441230,4030223
43200000000,46800000000,44635441230,44635445521,4291
43200000000,46800000000,44635445521,44637019855,1574334
43200000000,46800000000,44637019855,44637019880,25
43200000000,46800000000,44637019880,44640866820,3846940
43200000000,46800000000,44640866820,44641629509,762689
43200000000,46800000000,44641629509,44641634635,5126
43200000000,46800000000,44641634635,44641634849,214
43200000000,46800000000,44641634849,44642463306,828457
43200000000,46800000000,44642463306,44643301760,838454
43200000000,46800000000,44643301760,44644898154,1596394
43200000000,46800000000,44644898154,44644902664,4510
43200000000,46800000000,44644902664,44644902703,39
43200000000,46800000000,44644902703,44644902708,5
43200000000,46800000000,44644902708,44644902713,5
43200000000,46800000000,44644902713,44647063659,2160946
43200000000,46800000000,44647063659,44647063662,3
43200000000,46800000000,44647063662,44647824583,760921
43200000000,46800000000,44647824583,44647829149,4566
43200000000,46800000000,44647829149,44647832132,2983
43200000000,46800000000,44647832132,44648704273,872141
43200000000,46800000000,44648704273,44649452831,748558
43200000000,46800000000,44649452831,44649452848,17
43200000000,46800000000,44649452848,44649453090,242
43200000000,46800000000,44649453090,44650275658,822568
43200000000,46800000000,44650275658,44651855078,1579420
43200000000,46800000000,44651855078,44655603394,3748316
43200000000,46800000000,44655603394,44657400721,1797327
43200000000,46800000000,44657400721,44659702284,2301563
43200000000,46800000000,44659702284,44661187067,1484783
43200000000,46800000000,44661187067,44662779783,1592716
43200000000,46800000000,44662779783,44665702992,2923209
43200000000,46800000000,44665702992,44666536806,833814
43200000000,46800000000,44666536806,44669996061,3459255
43200000000,46800000000,44669996061,44669997126,1065
43200000000,46800000000,44669997126,44669997133,7
43200000000,46800000000,44669997133,44671794234,1797101
43200000000,46800000000,44671794234,44671801429,7195
43200000000,46800000000,44671801429,44671804208,2779
43200000000,46800000000,44671804208,44672552602,748394
43200000000,46800000000,44672552602,44673396897,844295
43200000000,46800000000,44673396897,44673396916,19
43200000000,46800000000,44673396916,44673396939,23
43200000000,46800000000,44673396939,44673396943,4
43200000000,46800000000,44673396943,44673396944,1
43200000000,46800000000,44673396944,44674226007,829063
43200000000,46800000000,44674226007,44674226032,25
43200000000,46800000000,44674226032,44675193429,967397
43200000000,46800000000,44675193429,44676750049,1556620
43200000000,46800000000,44676750049,44684270708,7520659
43200000000,46800000000,44684270708,44688102536,3831828
43200000000,46800000000,44688102536,44698650502,10547966
43200000000,46800000000,44698650502,44698650511,9
43200000000,46800000000,44698650511,44698650614,103
43200000000,46800000000,44698650614,44698650621,7
43200000000,46800000000,44698650621,44708477114,9826493
43200000000,46800000000,44708477114,44708477222,108
43200000000,46800000000,44708477222,44708477227,5
43200000000,46800000000,44708477227,44710122224,1644997
43200000000,46800000000,44710122224,44711933882,1811658
43200000000,46800000000,44711933882,44711958000,24118
43200000000,46800000000,44711958000,44714964215,3006215
43200000000,46800000000,44714964215,44714964215,0
43200000000,46800000000,44714964215,44718772150,3807935
43200000000,46800000000,44718772150,44722200499,3428349
43200000000,46800000000,44722200499,44722203148,2649
43200000000,46800000000,44722203148,44722206266,3118
43200000000,46800000000,44722206266,44722208094,1828
43200000000,46800000000,44722208094,44723645920,1437826
43200000000,46800000000,44723645920,44723645932,12
43200000000,46800000000,44723645932,44723645943,11
43200000000,46800000000,44723645943,44723645954,11
43200000000,46800000000,44723645954,44733700832,10054878
43200000000,46800000000,44733700832,44733700834,2
43200000000,46800000000,44733700834,44735197576,1496742
43200000000,46800000000,44735197576,44735213765,16189
43200000000,46800000000,44735213765,44735225042,11277
43200000000,46800000000,44735225042,44736757331,1532289
43200000000,46800000000,44736757331,44736757335,4
43200000000,46800000000,44736757335,44736757336,1
43200000000,46800000000,44736757336,44737496659,739323
43200000000,46800000000,44737496659,44737505933,9274
43200000000,46800000000,44737505933,44746714275,9208342
43200000000,46800000000,44746714275,44748283513,1569238
43200000000,46800000000,44748283513,44751496921,3213408
43200000000,46800000000,44751496921,44751496930,9
43200000000,46800000000,44751496930,44751496997,67
43200000000,46800000000,44751496997,44751497004,7
43200000000,46800000000,44751497004,44758129578,6632574
43200000000,46800000000,44758129578,44758129802,224
43200000000,46800000000,44758129802,44762104430,3974628
43200000000,46800000000,44762104430,44763692255,1587825
43200000000,46800000000,44763692255,44768651540,4959285
43200000000,46800000000,44768651540,44768651543,3
43200000000,46800000000,44768651543,44770074146,1422603
43200000000,46800000000,44770074146,44772454175,2380029
43200000000,46800000000,44772454175,44773232381,778206
43200000000,46800000000,44773232381,44774029605,797224
43200000000,46800000000,44774029605,44774029609,4
43200000000,46800000000,44774029609,44774029610,1
43200000000,46800000000,44774029610,44775911080,1881470
43200000000,46800000000,44775911080,44775925032,13952
43200000000,46800000000,44775925032,44775925061,29
43200000000,46800000000,44775925061,44779466906,3541845
43200000000,46800000000,44779466906,44779466909,3
43200000000,46800000000,44779466909,44780968180,1501271
43200000000,46800000000,44780968180,44781780355,812175
43200000000,46800000000,44781780355,44783418563,1638208
43200000000,46800000000,44783418563,44784934896,1516333
43200000000,46800000000,44784934896,44784934901,5
43200000000,46800000000,44784934901,44794715002,9780101
43200000000,46800000000,44794715002,44798223351,3508349
43200000000,46800000000,44798223351,44802127953,3904602
43200000000,46800000000,44802127953,44804368582,2240629
43200000000,46800000000,44804368582,44805160041,791459
43200000000,46800000000,44805160041,44805949801,789760
43200000000,46800000000,44805949801,44805973528,23727
43200000000,46800000000,44805973528,44805983031,9503
43200000000,46800000000,44805983031,44806791568,808537
43200000000,46800000000,44806791568,44806821065,29497
43200000000,46800000000,44806821065,44807835931,1014866
43200000000,46800000000,44807835931,44807836014,83
43200000000,46800000000,44807836014,44807861628,25614
43200000000,46800000000,44807861628,44808588692,727064
43200000000,46800000000,44808588692,44808620804,32112
43200000000,46800000000,44808620804,44809374195,753391
43200000000,46800000000,44809374195,44810965065,1590870
43200000000,46800000000,44810965065,44812014567,1049502
43200000000,46800000000,44812014567,44813573129,1558562
43200000000,46800000000,44813573129,44813594985,21856
43200000000,46800000000,44813594985,44815902986,2308001
43200000000,46800000000,44815902986,44818899754,2996768
43200000000,46800000000,44818899754,44822361110,3461356
43200000000,46800000000,44822361110,44822361119,9
43200000000,46800000000,44822361119,44822361643,524
43200000000,46800000000,44822361643,44822361650,7
43200000000,46800000000,44822361650,44823311054,949404
43200000000,46800000000,44823311054,44823319284,8230
43200000000,46800000000,44823319284,44823324945,5661
43200000000,46800000000,44823324945,44824211571,886626
43200000000,46800000000,44824211571,44825057008,845437
43200000000,46800000000,44825057008,44825057029,21
43200000000,46800000000,44825057029,44825057041,12
43200000000,46800000000,44825057041,44825086290,29249
43200000000,46800000000,44825086290,44825094294,8004
43200000000,46800000000,44825094294,44825953697,859403
43200000000,46800000000,44825953697,44826858498,904801
43200000000,46800000000,44826858498,44831233489,4374991
43200000000,46800000000,44831233489,44832050634,817145
43200000000,46800000000,44832050634,44832883729,833095
43200000000,46800000000,44832883729,44832904151,20422
43200000000,46800000000,44832904151,44833675639,771488
43200000000,46800000000,44833675639,44834444549,768910
43200000000,46800000000,44834444549,44835251191,806642
43200000000,46800000000,44835251191,44836879365,1628174
43200000000,46800000000,44836879365,44839417680,2538315
43200000000,46800000000,44839417680,44848133186,8715506
43200000000,46800000000,44848133186,44849600337,1467151
43200000000,46800000000,44849600337,44849600341,4
43200000000,46800000000,44849600341,44849600342,1
43200000000,46800000000,44849600342,44849600343,1
43200000000,46800000000,44849600343,44850426162,825819
43200000000,46800000000,44850426162,44850426490,328
43200000000,46800000000,44850426490,44850426495,5
43200000000,46800000000,44850426495,44851346173,919678
43200000000,46800000000,44851346173,44851346701,528
43200000000,46800000000,44851346701,44851348474,1773
43200000000,46800000000,44851348474,44855916812,4568338
43200000000,46800000000,44855916812,44855916839,27
43200000000,46800000000,44855916839,44855916844,5
43200000000,46800000000,44855916844,44857514524,1597680
43200000000,46800000000,44857514524,44857662236,147712
43200000000,46800000000,44857662236,44857665728,3492
43200000000,46800000000,44857665728,44858468149,802421
43200000000,46800000000,44858468149,44858469272,1123
43200000000,46800000000,44858469272,44858469311,39
43200000000,46800000000,44858469311,44858469316,5
43200000000,46800000000,44858469316,44858469321,5
43200000000,46800000000,44858469321,44859513789,1044468
43200000000,46800000000,44859513789,44859513806,17
43200000000,46800000000,44859513806,44859513823,17
43200000000,46800000000,44859513823,44859667591,153768
43200000000,46800000000,44859667591,44859672184,4593
43200000000,46800000000,44859672184,44859675214,3030
43200000000,46800000000,44859675214,44860457324,782110
43200000000,46800000000,44860457324,44861334560,877236
43200000000,46800000000,44861334560,44861334585,25
43200000000,46800000000,44861334585,44861334620,35
43200000000,46800000000,44861334620,44861383264,48644
43200000000,46800000000,44861383264,44862354802,971538
43200000000,46800000000,44862354802,44862358322,3520
43200000000,46800000000,44862358322,44863666199,1307877
43200000000,46800000000,44863666199,44864466895,800696
43200000000,46800000000,44864466895,44864467556,661
43200000000,46800000000,44864467556,44865263044,795488
43200000000,46800000000,44865263044,44869094547,3831503
43200000000,46800000000,44869094547,44871692215,2597668
43200000000,46800000000,44871692215,44871696690,4475
43200000000,46800000000,44871696690,44872489260,792570
43200000000,46800000000,44872489260,44872489264,4
43200000000,46800000000,44872489264,44872489268,4
43200000000,46800000000,44872489268,44872489283,15
43200000000,46800000000,44872489283,44873889642,1400359
43200000000,46800000000,44873889642,44874738487,848845
43200000000,46800000000,44874738487,44874738499,12
43200000000,46800000000,44874738499,44874766885,28386
43200000000,46800000000,44874766885,44876518233,1751348
43200000000,46800000000,44876518233,44885789400,9271167
43200000000,46800000000,44885789400,44885794400,5000
43200000000,46800000000,44885794400,44887239735,1445335
43200000000,46800000000,44887239735,44887239756,21
43200000000,46800000000,44887239756,44890473069,3233313
43200000000,46800000000,44890473069,44892955365,2482296
43200000000,46800000000,44892955365,44894542689,1587324
43200000000,46800000000,44894542689,44899609741,5067052
43200000000,46800000000,44899609741,44901062843,1453102
43200000000,46800000000,44901062843,44909462768,8399925
43200000000,46800000000,44909462768,44910258028,795260
43200000000,46800000000,44910258028,44910258043,15
43200000000,46800000000,44910258043,44911110007,851964
43200000000,46800000000,44911110007,44912754968,1644961
43200000000,46800000000,44912754968,44914369939,1614971
43200000000,46800000000,44914369939,44915963067,1593128
43200000000,46800000000,44915963067,44915963071,4
43200000000,46800000000,44915963071,44915963072,1
43200000000,46800000000,44915963072,44917932627,1969555
43200000000,46800000000,44917932627,44917932793,166
43200000000,46800000000,44917932793,44921946604,4013811
43200000000,46800000000,44921946604,44924360413,2413809
43200000000,46800000000,44924360413,44924365181,4768
43200000000,46800000000,44924365181,44925943005,1577824
43200000000,46800000000,44925943005,44926759793,816788
43200000000,46800000000,44926759793,44928583476,1823683
43200000000,46800000000,44928583476,44935860428,7276952
43200000000,46800000000,44935860428,44947867731,12007303
43200000000,46800000000,44947867731,44947868994,1263
43200000000,46800000000,44947868994,44947869018,24
43200000000,46800000000,44947869018,44955833047,7964029
43200000000,46800000000,44955833047,44956632050,799003
43200000000,46800000000,44956632050,44958175705,1543655
43200000000,46800000000,44958175705,44970861420,12685715
43200000000,46800000000,44970861420,44970861657,237
43200000000,46800000000,44970861657,44973274779,2413122
43200000000,46800000000,44973274779,44978749365,5474586
43200000000,46800000000,44978749365,44978759490,10125
43200000000,46800000000,44978759490,44981871624,3112134
43200000000,46800000000,44981871624,44981871801,177
43200000000,46800000000,44981871801,44981871807,6
43200000000,46800000000,44981871807,44984442126,2570319
43200000000,46800000000,44984442126,44987637178,3195052
43200000000,46800000000,44987637178,44990938114,3300936
43200000000,46800000000,44990938114,44996272113,5333999
43200000000,46800000000,44996272113,44996272192,79
43200000000,46800000000,44996272192,44996272197,5
43200000000,46800000000,44996272197,44996272202,5
43200000000,46800000000,44996272202,45010892120,14619918
43200000000,46800000000,45010892120,45014375043,3482923
43200000000,46800000000,45014375043,45014375070,27
43200000000,46800000000,45014375070,45014375075,5
43200000000,46800000000,45014375075,45016839694,2464619
43200000000,46800000000,45016839694,45017635016,795322
43200000000,46800000000,45017635016,45017640959,5943
43200000000,46800000000,45017640959,45017644321,3362
43200000000,46800000000,45017644321,45017650588,6267
43200000000,46800000000,45017650588,45017654305,3717
43200000000,46800000000,45017654305,45018478670,824365
43200000000,46800000000,45018478670,45018496537,17867
43200000000,46800000000,45018496537,45019334175,837638
43200000000,46800000000,45019334175,45019334323,148
43200000000,46800000000,45019334323,45019334342,19
43200000000,46800000000,45019334342,45019334360,18
43200000000,46800000000,45019334360,45020174381,840021
43200000000,46800000000,45020174381,45026888945,6714564
43200000000,46800000000,45026888945,45028541462,1652517
43200000000,46800000000,45028541462,45029324410,782948
43200000000,46800000000,45029324410,45029342946,18536
43200000000,46800000000,45029342946,45029346363,3417
43200000000,46800000000,45029346363,45029349189,2826
43200000000,46800000000,45029349189,45030888031,1538842
43200000000,46800000000,45030888031,45030888043,12
43200000000,46800000000,45030888043,45030888054,11
43200000000,46800000000,45030888054,45030888065,11
43200000000,46800000000,45030888065,45032488831,1600766
43200000000,46800000000,45032488831,45034120056,1631225
43200000000,46800000000,45034120056,45034993477,873421
43200000000,46800000000,45034993477,45035805516,812039
43200000000,46800000000,45035805516,45036729005,923489
43200000000,46800000000,45036729005,45040379975,3650970
43200000000,46800000000,45040379975,45041921348,1541373
43200000000,46800000000,45041921348,45041943445,22097
43200000000,46800000000,45041943445,45043434913,1491468
43200000000,46800000000,45043434913,45052886194,9451281
43200000000,46800000000,45052886194,45058958144,6071950
43200000000,46800000000,45058958144,45058958146,2
43200000000,46800000000,45058958146,45058958486,340
43200000000,46800000000,45058958486,45060443814,1485328
43200000000,46800000000,45060443814,45061203028,759214
43200000000,46800000000,45061203028,45064200122,2997094
43200000000,46800000000,45064200122,45064951300,751178
43200000000,46800000000,45064951300,45066365283,1413983
43200000000,46800000000,45066365283,45068440268,2074985
43200000000,46800000000,45068440268,45070106838,1666570
43200000000,46800000000,45070106838,45073874481,3767643
43200000000,46800000000,45073874481,45077560485,3686004
43200000000,46800000000,45077560485,45078299065,738580
43200000000,46800000000,45078299065,45078299065,0
43200000000,46800000000,45078299065,45084886768,6587703
43200000000,46800000000,45084886768,45084886771,3
43200000000,46800000000,45084886771,45086388267,1501496
43200000000,46800000000,45086388267,45098401713,12013446
43200000000,46800000000,45098401713,45115191039,16789326
43200000000,46800000000,45115191039,45118989638,3798599
43200000000,46800000000,45118989638,45118993662,4024
43200000000,46800000000,45118993662,45118994405,743
43200000000,46800000000,45118994405,45120583440,1589035
43200000000,46800000000,45120583440,45124837384,4253944
43200000000,46800000000,45124837384,45126309274,1471890
43200000000,46800000000,45126309274,45126333317,24043
43200000000,46800000000,45126333317,45132737069,6403752
43200000000,46800000000,45132737069,45133741701,1004632
43200000000,46800000000,45133741701,45138017257,4275556
43200000000,46800000000,45138017257,45138022443,5186
43200000000,46800000000,45138022443,45138022447,4
43200000000,46800000000,45138022447,45138022714,267
43200000000,46800000000,45138022714,45138022719,5
43200000000,46800000000,45138022719,45139665409,1642690
43200000000,46800000000,45139665409,45139688425,23016
43200000000,46800000000,45139688425,45142028999,2340574
43200000000,46800000000,45142028999,45145857371,3828372
43200000000,46800000000,45145857371,45145857375,4
43200000000,46800000000,45145857375,45145857414,39
43200000000,46800000000,45145857414,45145857419,5
43200000000,46800000000,45145857419,45152115149,6257730
43200000000,46800000000,45152115149,45152834700,719551
43200000000,46800000000,45152834700,45167041441,14206741
43200000000,46800000000,45167041441,45172439853,5398412
43200000000,46800000000,45172439853,45175528447,3088594
43200000000,46800000000,45175528447,45175593873,65426
43200000000,46800000000,45175593873,45177488995,1895122
43200000000,46800000000,45177488995,45209952330,32463335
43200000000,46800000000,45209952330,45211469566,1517236
43200000000,46800000000,45211469566,45211497308,27742
43200000000,46800000000,45211497308,45212959719,1462411
43200000000,46800000000,45212959719,45212959819,100
43200000000,46800000000,45212959819,45212959822,3
43200000000,46800000000,45212959822,45212959823,1
43200000000,46800000000,45212959823,45214515876,1556053
43200000000,46800000000,45214515876,45214524270,8394
43200000000,46800000000,45214524270,45235022291,20498021
43200000000,46800000000,45235022291,45241577815,6555524
43200000000,46800000000,45241577815,45243022814,1444999
43200000000,46800000000,45243022814,45247695931,4673117
43200000000,46800000000,45247695931,45249183843,1487912
43200000000,46800000000,45249183843,45257434488,8250645
43200000000,46800000000,45257434488,45258169363,734875
43200000000,46800000000,45258169363,45258169420,57
43200000000,46800000000,45258169420,45258169425,5
43200000000,46800000000,45258169425,45273380174,15210749
43200000000,46800000000,45273380174,45287111000,13730826
43200000000,46800000000,45287111000,45287115741,4741
43200000000,46800000000,45287115741,45288592139,1476398
43200000000,46800000000,45288592139,45288592150,11
43200000000,46800000000,45288592150,45300544172,11952022
43200000000,46800000000,45300544172,45302055477,1511305
43200000000,46800000000,45302055477,45302827681,772204
43200000000,46800000000,45302827681,45303571136,743455
43200000000,46800000000,45303571136,45304391747,820611
43200000000,46800000000,45304391747,45305137221,745474
43200000000,46800000000,45305137221,45307036922,1899701
43200000000,46800000000,45307036922,45310082470,3045548
43200000000,46800000000,45310082470,45310832713,750243
43200000000,46800000000,45310832713,45318920098,8087385
43200000000,46800000000,45318920098,45325632567,6712469
43200000000,46800000000,45325632567,45325632569,2
43200000000,46800000000,45325632569,45325632776,207
43200000000,46800000000,45325632776,45327286862,1654086
43200000000,46800000000,45327286862,45345154843,17867981
43200000000,46800000000,45345154843,45345163387,8544
43200000000,46800000000,45345163387,45346711718,1548331
43200000000,46800000000,45346711718,45346711722,4
43200000000,46800000000,45346711722,45346711723,1
43200000000,46800000000,45346711723,45346711846,123
43200000000,46800000000,45346711846,45347491519,779673
43200000000,46800000000,45347491519,45347493906,2387
43200000000,46800000000,45347493906,45355781387,8287481
43200000000,46800000000,45355781387,45355781390,3
43200000000,46800000000,45355781390,45357301446,1520056
43200000000,46800000000,45357301446,45366868437,9566991
43200000000,46800000000,45366868437,45368316304,1447867
43200000000,46800000000,45368316304,45374278089,5961785
43200000000,46800000000,45374278089,45375622519,1344430
43200000000,46800000000,45375622519,45385606066,9983547
43200000000,46800000000,45385606066,45386982817,1376751
43200000000,46800000000,45386982817,45393094053,6111236
43200000000,46800000000,45393094053,45395952847,2858794
43200000000,46800000000,45395952847,45398379312,2426465
43200000000,46800000000,45398379312,45399831639,1452327
43200000000,46800000000,45399831639,45399850133,18494
43200000000,46800000000,45399850133,45405412786,5562653
43200000000,46800000000,45405412786,45405412853,67
43200000000,46800000000,45405412853,45405412858,5
43200000000,46800000000,45405412858,45415991692,10578834
43200000000,46800000000,45415991692,45417552627,1560935
43200000000,46800000000,45417552627,45417572966,20339
43200000000,46800000000,45417572966,45417572970,4
43200000000,46800000000,45417572970,45419144582,1571612
43200000000,46800000000,45419144582,45419967944,823362
43200000000,46800000000,45419967944,45419968120,176
43200000000,46800000000,45419968120,45419968127,7
43200000000,46800000000,45419968127,45421663075,1694948
43200000000,46800000000,45421663075,45422566751,903676
43200000000,46800000000,45422566751,45422567240,489
43200000000,46800000000,45422567240,45422567415,175
43200000000,46800000000,45422567415,45422567422,7
43200000000,46800000000,45422567422,45424364410,1796988
43200000000,46800000000,45424364410,45425139919,775509
43200000000,46800000000,45425139919,45425939005,799086
43200000000,46800000000,45425939005,45427085141,1146136
43200000000,46800000000,45427085141,45427858022,772881
43200000000,46800000000,45427858022,45428655198,797176
43200000000,46800000000,45428655198,45430164546,1509348
43200000000,46800000000,45430164546,45431727124,1562578
43200000000,46800000000,45431727124,45433308167,1581043
43200000000,46800000000,45433308167,45434122285,814118
43200000000,46800000000,45434122285,45434920423,798138
43200000000,46800000000,45434920423,45435743878,823455
43200000000,46800000000,45435743878,45438373906,2630028
43200000000,46800000000,45438373906,45439863565,1489659
43200000000,46800000000,45439863565,45456921947,17058382
43200000000,46800000000,45456921947,45457683681,761734
43200000000,46800000000,45457683681,45462101595,4417914
43200000000,46800000000,45462101595,45470641203,8539608
43200000000,46800000000,45470641203,45482597167,11955964
43200000000,46800000000,45482597167,45482600128,2961
43200000000,46800000000,45482600128,45482600735,607
43200000000,46800000000,45482600735,45482600742,7
43200000000,46800000000,45482600742,45483449267,848525
43200000000,46800000000,45483449267,45483554568,105301
43200000000,46800000000,45483554568,45484313448,758880
43200000000,46800000000,45484313448,45484330371,16923
43200000000,46800000000,45484330371,45484334248,3877
43200000000,46800000000,45484334248,45485054731,720483
43200000000,46800000000,45485054731,45485054742,11
43200000000,46800000000,45485054742,45485912550,857808
43200000000,46800000000,45485912550,45485912569,19
43200000000,46800000000,45485912569,45486741232,828663
43200000000,46800000000,45486741232,45497009112,10267880
43200000000,46800000000,45497009112,45498430746,1421634
43200000000,46800000000,45498430746,45501098668,2667922
43200000000,46800000000,45501098668,45508392216,7293548
43200000000,46800000000,45508392216,45509879394,1487178
43200000000,46800000000,45509879394,45510643684,764290
43200000000,46800000000,45510643684,45512517572,1873888
43200000000,46800000000,45512517572,45513645867,1128295
43200000000,46800000000,45513645867,45515191734,1545867
43200000000,46800000000,45515191734,45518468703,3276969
43200000000,46800000000,45518468703,45528617124,10148421
43200000000,46800000000,45528617124,45530110998,1493874
43200000000,46800000000,45530110998,45539287939,9176941
43200000000,46800000000,45539287939,45539287942,3
43200000000,46800000000,45539287942,45540796253,1508311
43200000000,46800000000,45540796253,45541596661,800408
43200000000,46800000000,45541596661,45544046092,2449431
43200000000,46800000000,45544046092,45544046150,58
43200000000,46800000000,45544046150,45545907620,1861470
43200000000,46800000000,45545907620,45547436027,1528407
43200000000,46800000000,45547436027,45557252281,9816254
43200000000,46800000000,45557252281,45563601522,6349241
43200000000,46800000000,45563601522,45579607445,16005923
43200000000,46800000000,45579607445,45587135637,7528192
43200000000,46800000000,45587135637,45589008355,1872718
43200000000,46800000000,45589008355,45589036978,28623
43200000000,46800000000,45589036978,45600255142,11218164
43200000000,46800000000,45600255142,45602012750,1757608
43200000000,46800000000,45602012750,45605387130,3374380
43200000000,46800000000,45605387130,45605388029,899
43200000000,46800000000,45605388029,45605388046,17
43200000000,46800000000,45605388046,45606243607,855561
43200000000,46800000000,45606243607,45607900629,1657022
43200000000,46800000000,45607900629,45608776152,875523
43200000000,46800000000,45608776152,45609586511,810359
43200000000,46800000000,45609586511,45610853772,1267261
43200000000,46800000000,45610853772,45611672564,818792
43200000000,46800000000,45611672564,45611698275,25711
43200000000,46800000000,45611698275,45613311871,1613596
43200000000,46800000000,45613311871,45614085117,773246
43200000000,46800000000,45614085117,45614097897,12780
43200000000,46800000000,45614097897,45618089464,3991567
43200000000,46800000000,45618089464,45618113827,24363
43200000000,46800000000,45618113827,45618119916,6089
43200000000,46800000000,45618119916,45619607513,1487597
43200000000,46800000000,45619607513,45619607517,4
43200000000,46800000000,45619607517,45619607518,1
43200000000,46800000000,45619607518,45619607583,65
43200000000,46800000000,45619607583,45619607587,4
43200000000,46800000000,45619607587,45619607588,1
43200000000,46800000000,45619607588,45619607647,59
43200000000,46800000000,45619607647,45619626600,18953
43200000000,46800000000,45619626600,45619626686,86
43200000000,46800000000,45619626686,45619626692,6
43200000000,46800000000,45619626692,45619626698,6
43200000000,46800000000,45619626698,45621434607,1807909
43200000000,46800000000,45621434607,45621435376,769
43200000000,46800000000,45621435376,45621436200,824
43200000000,46800000000,45621436200,45621436212,12
43200000000,46800000000,45621436212,45621540764,104552
43200000000,46800000000,45621540764,45623796845,2256081
43200000000,46800000000,45623796845,45625213615,1416770
43200000000,46800000000,45625213615,45626031996,818381
43200000000,46800000000,45626031996,45631310063,5278067
43200000000,46800000000,45631310063,45631313615,3552
43200000000,46800000000,45631313615,45631315832,2217
43200000000,46800000000,45631315832,45633234830,1918998
43200000000,46800000000,45633234830,45633234848,18
43200000000,46800000000,45633234848,45633234859,11
43200000000,46800000000,45633234859,45634798338,1563479
43200000000,46800000000,45634798338,45637039790,2241452
43200000000,46800000000,45637039790,45637061890,22100
43200000000,46800000000,45637061890,45637812882,750992
43200000000,46800000000,45637812882,45637812884,2
43200000000,46800000000,45637812884,45639369817,1556933
43200000000,46800000000,45639369817,45639600351,230534
43200000000,46800000000,45639600351,45640449040,848689
43200000000,46800000000,45640449040,45640473855,24815
43200000000,46800000000,45640473855,45641222030,748175
43200000000,46800000000,45641222030,45641248601,26571
43200000000,46800000000,45641248601,45642039425,790824
43200000000,46800000000,45642039425,45643205283,1165858
43200000000,46800000000,45643205283,45644443187,1237904
43200000000,46800000000,45644443187,45644447077,3890
43200000000,46800000000,45644447077,45644459256,12179
43200000000,46800000000,45644459256,45645966244,1506988
43200000000,46800000000,45645966244,45645966255,11
43200000000,46800000000,45645966255,45649987428,4021173
43200000000,46800000000,45649987428,45651653567,1666139
43200000000,46800000000,45651653567,45665323888,13670321
43200000000,46800000000,45665323888,45666190220,866332
43200000000,46800000000,45666190220,45667802504,1612284
43200000000,46800000000,45667802504,45667825483,22979
43200000000,46800000000,45667825483,45668590361,764878
43200000000,46800000000,45668590361,45668590364,3
43200000000,46800000000,45668590364,45670103463,1513099
43200000000,46800000000,45670103463,45670941300,837837
43200000000,46800000000,45670941300,45671701774,760474
43200000000,46800000000,45671701774,45671701774,0
43200000000,46800000000,45671701774,45671707522,5748
43200000000,46800000000,45671707522,45671708215,693
43200000000,46800000000,45671708215,45674643052,2934837
43200000000,46800000000,45674643052,45684950487,10307435
43200000000,46800000000,45684950487,45700897755,15947268
43200000000,46800000000,45700897755,45727190447,26292692
43200000000,46800000000,45727190447,45728671783,1481336
43200000000,46800000000,45728671783,45728671787,4
43200000000,46800000000,45728671787,45729389706,717919
43200000000,46800000000,45729389706,45732078280,2688574
43200000000,46800000000,45732078280,45733622277,1543997
43200000000,46800000000,45733622277,45738917643,5295366
43200000000,46800000000,45738917643,45739655883,738240
43200000000,46800000000,45739655883,45739671020,15137
43200000000,46800000000,45739671020,45739674031,3011
43200000000,46800000000,45739674031,45740387036,713005
43200000000,46800000000,45740387036,45741479433,1092397
43200000000,46800000000,45741479433,45741479444,11
43200000000,46800000000,45741479444,45741479966,522
43200000000,46800000000,45741479966,45747939247,6459281
43200000000,46800000000,45747939247,45752179846,4240599
43200000000,46800000000,45752179846,45752184896,5050
43200000000,46800000000,45752184896,45752187609,2713
43200000000,46800000000,45752187609,45755802587,3614978
43200000000,46800000000,45755802587,45755802959,372
43200000000,46800000000,45755802959,45755803570,611
43200000000,46800000000,45755803570,45761495290,5691720
43200000000,46800000000,45761495290,45763282559,1787269
43200000000,46800000000,45763282559,45764310966,1028407
43200000000,46800000000,45764310966,45765106063,795097
43200000000,46800000000,45765106063,45765106067,4
43200000000,46800000000,45765106067,45765106194,127
43200000000,46800000000,45765106194,45765106199,5
43200000000,46800000000,45765106199,45765932462,826263
43200000000,46800000000,45765932462,45776584059,10651597
43200000000,46800000000,45776584059,45778133450,1549391
43200000000,46800000000,45778133450,45778919048,785598
43200000000,46800000000,45778919048,45783208349,4289301
43200000000,46800000000,45783208349,45787777226,4568877
43200000000,46800000000,45787777226,45788597451,820225
43200000000,46800000000,45788597451,45822016864,33419413
43200000000,46800000000,45822016864,45822017154,290
43200000000,46800000000,45822017154,45822017159,5
43200000000,46800000000,45822017159,45825309303,3292144
43200000000,46800000000,45825309303,45825309500,197
43200000000,46800000000,45825309500,45825309505,5
43200000000,46800000000,45825309505,45832080105,6770600
43200000000,46800000000,45832080105,45833482501,1402396
43200000000,46800000000,45833482501,45835057707,1575206
43200000000,46800000000,45835057707,45836532741,1475034
43200000000,46800000000,45836532741,45836562579,29838
43200000000,46800000000,45836562579,45838179632,1617053
43200000000,46800000000,45838179632,45842374010,4194378
43200000000,46800000000,45842374010,45844138435,1764425
43200000000,46800000000,45844138435,45848547301,4408866
43200000000,46800000000,45848547301,45850149768,1602467
43200000000,46800000000,45850149768,45854223974,4074206
43200000000,46800000000,45854223974,45855762986,1539012
43200000000,46800000000,45855762986,45860379160,4616174
43200000000,46800000000,45860379160,45862166542,1787382
43200000000,46800000000,45862166542,45863686590,1520048
43200000000,46800000000,45863686590,45869374061,5687471
43200000000,46800000000,45869374061,45875457090,6083029
43200000000,46800000000,45875457090,45876857121,1400031
43200000000,46800000000,45876857121,45880550216,3693095
43200000000,46800000000,45880550216,45883808035,3257819
43200000000,46800000000,45883808035,45885293476,1485441
43200000000,46800000000,45885293476,45887678294,2384818
43200000000,46800000000,45887678294,45888486108,807814
43200000000,46800000000,45888486108,45889241169,755061
43200000000,46800000000,45889241169,45890058075,816906
43200000000,46800000000,45890058075,45890078993,20918
43200000000,46800000000,45890078993,45892596041,2517048
43200000000,46800000000,45892596041,45894498307,1902266
43200000000,46800000000,45894498307,45897850650,3352343
43200000000,46800000000,45897850650,45899320257,1469607
43200000000,46800000000,45899320257,45901675569,2355312
43200000000,46800000000,45901675569,45903364831,1689262
43200000000,46800000000,45903364831,45910114795,6749964
43200000000,46800000000,45910114795,45911660820,1546025
43200000000,46800000000,45911660820,45922614470,10953650
43200000000,46800000000,45922614470,45925346146,2731676
43200000000,46800000000,45925346146,45925346148,2
43200000000,46800000000,45925346148,45926142776,796628
43200000000,46800000000,45926142776,45927969517,1826741
43200000000,46800000000,45927969517,45938391700,10422183
43200000000,46800000000,45938391700,45938391700,0
43200000000,46800000000,45938391700,45949034911,10643211
43200000000,46800000000,45949034911,45955975575,6940664
43200000000,46800000000,45955975575,45957701402,1725827
43200000000,46800000000,45957701402,45966974503,9273101
43200000000,46800000000,45966974503,45966974503,0
43200000000,46800000000,45966974503,45966976860,2357
43200000000,46800000000,45966976860,45967773258,796398
43200000000,46800000000,45967773258,45967783781,10523
43200000000,46800000000,45967783781,45968535270,751489
43200000000,46800000000,45968535270,45968561054,25784
43200000000,46800000000,45968561054,45969780840,1219786
43200000000,46800000000,45969780840,45969780858,18
43200000000,46800000000,45969780858,45970592758,811900
43200000000,46800000000,45970592758,45984949234,14356476
43200000000,46800000000,45984949234,45990735584,5786350
43200000000,46800000000,45990735584,45991492796,757212
43200000000,46800000000,45991492796,45991492803,7
43200000000,46800000000,45991492803,45992302459,809656
43200000000,46800000000,45992302459,45997105181,4802722
43200000000,46800000000,45997105181,45997116781,11600
43200000000,46800000000,45997116781,45998688581,1571800
43200000000,46800000000,45998688581,45998688586,5
43200000000,46800000000,45998688586,45999500893,812307
43200000000,46800000000,45999500893,45999500898,5
43200000000,46800000000,45999500898,46000308103,807205
43200000000,46800000000,46000308103,46005018188,4710085
43200000000,46800000000,46005018188,46005018191,3
43200000000,46800000000,46005018191,46006651924,1633733
43200000000,46800000000,46006651924,46012967016,6315092
43200000000,46800000000,46012967016,46014472674,1505658
43200000000,46800000000,46014472674,46021161158,6688484
43200000000,46800000000,46021161158,46022659492,1498334
43200000000,46800000000,46022659492,46022695108,35616
43200000000,46800000000,46022695108,46029892090,7196982
43200000000,46800000000,46029892090,46029892652,562
43200000000,46800000000,46029892652,46031698448,1805796
43200000000,46800000000,46031698448,46033620604,1922156
43200000000,46800000000,46033620604,46036538534,2917930
43200000000,46800000000,46036538534,46045943245,9404711
43200000000,46800000000,46045943245,46048174379,2231134
43200000000,46800000000,46048174379,46048994140,819761
43200000000,46800000000,46048994140,46085365770,36371630
43200000000,46800000000,46085365770,46086924275,1558505
43200000000,46800000000,46086924275,46091116569,4192294
43200000000,46800000000,46091116569,46091116569,0
43200000000,46800000000,46091116569,46099580149,8463580
43200000000,46800000000,46099580149,46099580224,75
43200000000,46800000000,46099580224,46099580230,6
43200000000,46800000000,46099580230,46099580236,6
43200000000,46800000000,46099580236,46101498081,1917845
43200000000,46800000000,46101498081,46103095061,1596980
43200000000,46800000000,46103095061,46111437776,8342715
43200000000,46800000000,46111437776,46114456634,3018858
43200000000,46800000000,46114456634,46114456634,0
43200000000,46800000000,46114456634,46121224210,6767576
43200000000,46800000000,46121224210,46129440595,8216385
43200000000,46800000000,46129440595,46134312397,4871802
43200000000,46800000000,46134312397,46135705066,1392669
43200000000,46800000000,46135705066,46135722888,17822
43200000000,46800000000,46135722888,46144747660,9024772
43200000000,46800000000,46144747660,46146260754,1513094
43200000000,46800000000,46146260754,46150815235,4554481
43200000000,46800000000,46150815235,46151656532,841297
43200000000,46800000000,46151656532,46155767415,4110883
43200000000,46800000000,46155767415,46157340860,1573445
43200000000,46800000000,46157340860,46158053396,712536
43200000000,46800000000,46158053396,46158838910,785514
43200000000,46800000000,46158838910,46159595168,756258
43200000000,46800000000,46159595168,46183165763,23570595
43200000000,46800000000,46183165763,46183191936,26173
43200000000,46800000000,46183191936,46184655547,1463611
43200000000,46800000000,46184655547,46184655551,4
43200000000,46800000000,46184655551,46184655552,1
43200000000,46800000000,46184655552,46184655617,65
43200000000,46800000000,46184655617,46185441104,785487
43200000000,46800000000,46185441104,46185441928,824
43200000000,46800000000,46185441928,46212009581,26567653
43200000000,46800000000,46212009581,46212780141,770560
43200000000,46800000000,46212780141,46213491405,711264
43200000000,46800000000,46213491405,46213516314,24909
43200000000,46800000000,46213516314,46214242365,726051
43200000000,46800000000,46214242365,46214943700,701335
43200000000,46800000000,46214943700,46220757718,5814018
43200000000,46800000000,46220757718,46220762989,5271
43200000000,46800000000,46220762989,46222268067,1505078
43200000000,46800000000,46222268067,46222268078,11
43200000000,46800000000,46222268078,46228760541,6492463
43200000000,46800000000,46228760541,46230551604,1791063
43200000000,46800000000,46230551604,46232938912,2387308
43200000000,46800000000,46232938912,46232943105,4193
43200000000,46800000000,46232943105,46234446526,1503421
43200000000,46800000000,46234446526,46234446537,11
43200000000,46800000000,46234446537,46240264950,5818413
43200000000,46800000000,46240264950,46240264952,2
43200000000,46800000000,46240264952,46241652368,1387416
43200000000,46800000000,46241652368,46243601779,1949411
43200000000,46800000000,46243601779,46245083184,1481405
43200000000,46800000000,46245083184,46246558380,1475196
43200000000,46800000000,46246558380,46246574924,16544
43200000000,46800000000,46246574924,46248167798,1592874
43200000000,46800000000,46248167798,46248963294,795496
43200000000,46800000000,46248963294,46248984204,20910
43200000000,46800000000,46248984204,46250620370,1636166
43200000000,46800000000,46250620370,46253746323,3125953
43200000000,46800000000,46253746323,46256637491,2891168
43200000000,46800000000,46256637491,46256637621,130
43200000000,46800000000,46256637621,46256637630,9
43200000000,46800000000,46256637630,46262569851,5932221
43200000000,46800000000,46262569851,46262570433,582
43200000000,46800000000,46262570433,46262570436,3
43200000000,46800000000,46262570436,46264259234,1688798
43200000000,46800000000,46264259234,46267727932,3468698
43200000000,46800000000,46267727932,46267727935,3
43200000000,46800000000,46267727935,46269217512,1489577
43200000000,46800000000,46269217512,46272840728,3623216
43200000000,46800000000,46272840728,46272840774,46
43200000000,46800000000,46272840774,46272841511,737
43200000000,46800000000,46272841511,46272841514,3
43200000000,46800000000,46272841514,46274531166,1689652
43200000000,46800000000,46274531166,46274574454,43288
43200000000,46800000000,46274574454,46274575213,759
43200000000,46800000000,46274575213,46275496187,920974
43200000000,46800000000,46275496187,46282533257,7037070
43200000000,46800000000,46282533257,46282536297,3040
43200000000,46800000000,46282536297,46282538155,1858
43200000000,46800000000,46282538155,46282540005,1850
43200000000,46800000000,46282540005,46282542341,2336
43200000000,46800000000,46282542341,46282544408,2067
43200000000,46800000000,46282544408,46282546673,2265
43200000000,46800000000,46282546673,46282549129,2456
43200000000,46800000000,46282549129,46284580702,2031573
43200000000,46800000000,46284580702,46284580720,18
43200000000,46800000000,46284580720,46284580737,17
43200000000,46800000000,46284580737,46284580754,17
43200000000,46800000000,46284580754,46284580771,17
43200000000,46800000000,46284580771,46284580788,17
43200000000,46800000000,46284580788,46284580805,17
43200000000,46800000000,46284580805,46284580822,17
43200000000,46800000000,46284580822,46288124423,3543601
43200000000,46800000000,46288124423,46294643716,6519293
43200000000,46800000000,46294643716,46296244171,1600455
43200000000,46800000000,46296244171,46300436938,4192767
43200000000,46800000000,46300436938,46301974769,1537831
43200000000,46800000000,46301974769,46310514620,8539851
43200000000,46800000000,46310514620,46311761440,1246820
43200000000,46800000000,46311761440,46312533076,771636
43200000000,46800000000,46312533076,46322714296,10181220
43200000000,46800000000,46322714296,46324324075,1609779
43200000000,46800000000,46324324075,46325146068,821993
43200000000,46800000000,46325146068,46330310588,5164520
43200000000,46800000000,46330310588,46331811394,1500806
43200000000,46800000000,46331811394,46331827911,16517
43200000000,46800000000,46331827911,46333319607,1491696
43200000000,46800000000,46333319607,46333329333,9726
43200000000,46800000000,46333329333,46333339841,10508
43200000000,46800000000,46333339841,46334909511,1569670
43200000000,46800000000,46334909511,46335668681,759170
43200000000,46800000000,46335668681,46335668692,11
43200000000,46800000000,46335668692,46335692971,24279
43200000000,46800000000,46335692971,46336485682,792711
43200000000,46800000000,46336485682,46336485797,115
43200000000,46800000000,46336485797,46337386678,900881
43200000000,46800000000,46337386678,46337392265,5587
43200000000,46800000000,46337392265,46339387866,1995601
43200000000,46800000000,46339387866,46341845169,2457303
43200000000,46800000000,46341845169,46341845220,51
43200000000,46800000000,46341845220,46341845226,6
43200000000,46800000000,46341845226,46343466469,1621243
43200000000,46800000000,46343466469,46351407286,7940817
43200000000,46800000000,46351407286,46352872498,1465212
43200000000,46800000000,46352872498,46353654910,782412
43200000000,46800000000,46353654910,46354457544,802634
43200000000,46800000000,46354457544,46354462090,4546
43200000000,46800000000,46354462090,46354469858,7768
43200000000,46800000000,46354469858,46355951923,1482065
43200000000,46800000000,46355951923,46355951940,17
43200000000,46800000000,46355951940,46355970325,18385
43200000000,46800000000,46355970325,46355977166,6841
43200000000,46800000000,46355977166,46356754077,776911
43200000000,46800000000,46356754077,46357524581,770504
43200000000,46800000000,46357524581,46357524613,32
43200000000,46800000000,46357524613,46357708567,183954
43200000000,46800000000,46357708567,46357725956,17389
43200000000,46800000000,46357725956,46358462601,736645
43200000000,46800000000,46358462601,46359328501,865900
43200000000,46800000000,46359328501,46359348695,20194
43200000000,46800000000,46359348695,46359348794,99
43200000000,46800000000,46359348794,46359348799,5
43200000000,46800000000,46359348799,46359348804,5
43200000000,46800000000,46359348804,46360642301,1293497
43200000000,46800000000,46360642301,46360642968,667
43200000000,46800000000,46360642968,46361130543,487575
43200000000,46800000000,46361130543,46361216502,85959
43200000000,46800000000,46361216502,46362729775,1513273
43200000000,46800000000,46362729775,46364362581,1632806
43200000000,46800000000,46364362581,46365152643,790062
43200000000,46800000000,46365152643,46365152661,18
43200000000,46800000000,46365152661,46365181506,28845
43200000000,46800000000,46365181506,46366001823,820317
43200000000,46800000000,46366001823,46366044084,42261
43200000000,46800000000,46366044084,46366050076,5992
43200000000,46800000000,46366050076,46367667707,1617631
43200000000,46800000000,46367667707,46386901945,19234238
43200000000,46800000000,46386901945,46387841660,939715
43200000000,46800000000,46387841660,46393839077,5997417
43200000000,46800000000,46393839077,46401219171,7380094
43200000000,46800000000,46401219171,46407329742,6110571
43200000000,46800000000,46407329742,46436868379,29538637
43200000000,46800000000,46436868379,46444974629,8106250
43200000000,46800000000,46444974629,46444977709,3080
43200000000,46800000000,46444977709,46445010419,32710
43200000000,46800000000,46445010419,46445017077,6658
43200000000,46800000000,46445017077,46445873617,856540
43200000000,46800000000,46445873617,46447785314,1911697
43200000000,46800000000,46447785314,46448512339,727025
43200000000,46800000000,46448512339,46448512428,89
43200000000,46800000000,46448512428,46448512450,22
43200000000,46800000000,46448512450,46450091906,1579456
43200000000,46800000000,46450091906,46450091992,86
43200000000,46800000000,46450091992,46450092009,17
43200000000,46800000000,46450092009,46459192878,9100869
43200000000,46800000000,46459192878,46460788717,1595839
43200000000,46800000000,46460788717,46460788721,4
43200000000,46800000000,46460788721,46460788722,1
43200000000,46800000000,46460788722,46462446839,1658117
43200000000,46800000000,46462446839,46462447631,792
43200000000,46800000000,46462447631,46471729818,9282187
43200000000,46800000000,46471729818,46473213328,1483510
43200000000,46800000000,46473213328,46474776739,1563411
43200000000,46800000000,46474776739,46474776896,157
43200000000,46800000000,46474776896,46474776901,5
43200000000,46800000000,46474776901,46485773567,10996666
43200000000,46800000000,46485773567,46487227374,1453807
43200000000,46800000000,46487227374,46495992421,8765047
43200000000,46800000000,46495992421,46497486460,1494039
43200000000,46800000000,46497486460,46499846937,2360477
43200000000,46800000000,46499846937,46501768504,1921567
43200000000,46800000000,46501768504,46501787072,18568
43200000000,46800000000,46501787072,46504664567,2877495
43200000000,46800000000,46504664567,46504668700,4133
43200000000,46800000000,46504668700,46505473535,804835
43200000000,46800000000,46505473535,46505490649,17114
43200000000,46800000000,46505490649,46505490766,117
43200000000,46800000000,46505490766,46505490782,16
43200000000,46800000000,46505490782,46505490788,6
43200000000,46800000000,46505490788,46507010409,1519621
43200000000,46800000000,46507010409,46507010460,51
43200000000,46800000000,46507010460,46513080233,6069773
43200000000,46800000000,46513080233,46513094773,14540
43200000000,46800000000,46513094773,46513915201,820428
43200000000,46800000000,46513915201,46514761039,845838
43200000000,46800000000,46514761039,46516485231,1724192
43200000000,46800000000,46516485231,46517421869,936638
43200000000,46800000000,46517421869,46519111505,1689636
43200000000,46800000000,46519111505,46519134358,22853
43200000000,46800000000,46519134358,46520782016,1647658
43200000000,46800000000,46520782016,46520813923,31907
43200000000,46800000000,46520813923,46520822310,8387
43200000000,46800000000,46520822310,46520826406,4096
43200000000,46800000000,46520826406,46520829082,2676
43200000000,46800000000,46520829082,46520831350,2268
43200000000,46800000000,46520831350,46522694401,1863051
43200000000,46800000000,46522694401,46522694412,11
43200000000,46800000000,46522694412,46522694424,12
43200000000,46800000000,46522694424,46522694435,11
43200000000,46800000000,46522694435,46522694475,40
43200000000,46800000000,46522694475,46523510586,816111
43200000000,46800000000,46523510586,46525686329,2175743
43200000000,46800000000,46525686329,46525710835,24506
43200000000,46800000000,46525710835,46526434550,723715
43200000000,46800000000,46526434550,46529518648,3084098
43200000000,46800000000,46529518648,46531764653,2246005
43200000000,46800000000,46531764653,46538459521,6694868
43200000000,46800000000,46538459521,46539286190,826669
43200000000,46800000000,46539286190,46540117201,831011
43200000000,46800000000,46540117201,46552636679,12519478
43200000000,46800000000,46552636679,46556181235,3544556
43200000000,46800000000,46556181235,46559246141,3064906
43200000000,46800000000,46559246141,46559246960,819
43200000000,46800000000,46559246960,46559246965,5
43200000000,46800000000,46559246965,46559246998,33
43200000000,46800000000,46559246998,46569747441,10500443
43200000000,46800000000,46569747441,46574664513,4917072
43200000000,46800000000,46574664513,46574664516,3
43200000000,46800000000,46574664516,46576466535,1802019
43200000000,46800000000,46576466535,46578042537,1576002
43200000000,46800000000,46578042537,46581364500,3321963
43200000000,46800000000,46581364500,46582948427,1583927
43200000000,46800000000,46582948427,46582989450,41023
43200000000,46800000000,46582989450,46584573513,1584063
43200000000,46800000000,46584573513,46584573517,4
43200000000,46800000000,46584573517,46584573518,1
43200000000,46800000000,46584573518,46586880145,2306627
43200000000,46800000000,46586880145,46586880540,395
43200000000,46800000000,46586880540,46587032767,152227
43200000000,46800000000,46587032767,46591356069,4323302
43200000000,46800000000,46591356069,46591402568,46499
43200000000,46800000000,46591402568,46592997802,1595234
43200000000,46800000000,46592997802,46596201635,3203833
43200000000,46800000000,46596201635,46598922632,2720997
43200000000,46800000000,46598922632,46605160176,6237544
43200000000,46800000000,46605160176,46605940362,780186
43200000000,46800000000,46605940362,46605940364,2
43200000000,46800000000,46605940364,46606800230,859866
43200000000,46800000000,46606800230,46607918762,1118532
43200000000,46800000000,46607918762,46621201723,13282961
43200000000,46800000000,46621201723,46622077212,875489
43200000000,46800000000,46622077212,46623712286,1635074
43200000000,46800000000,46623712286,46630059435,6347149
43200000000,46800000000,46630059435,46634444199,4384764
43200000000,46800000000,46634444199,46640765399,6321200
43200000000,46800000000,46640765399,46646691326,5925927
43200000000,46800000000,46646691326,46654829512,8138186
43200000000,46800000000,46654829512,46657424269,2594757
43200000000,46800000000,46657424269,46657424272,3
43200000000,46800000000,46657424272,46657424273,1
43200000000,46800000000,46657424273,46662554765,5130492
43200000000,46800000000,46662554765,46662599323,44558
43200000000,46800000000,46662599323,46665001813,2402490
43200000000,46800000000,46665001813,46669898482,4896669
43200000000,46800000000,46669898482,46669898485,3
43200000000,46800000000,46669898485,46670740044,841559
43200000000,46800000000,46670740044,46672640623,1900579
43200000000,46800000000,46672640623,46678398729,5758106
43200000000,46800000000,46678398729,46692450341,14051612
43200000000,46800000000,46692450341,46694289360,1839019
43200000000,46800000000,46694289360,46698187293,3897933
43200000000,46800000000,46698187293,46703471289,5283996
43200000000,46800000000,46703471289,46703471768,479
43200000000,46800000000,46703471768,46703471773,5
43200000000,46800000000,46703471773,46706168379,2696606
43200000000,46800000000,46706168379,46719887413,13719034
43200000000,46800000000,46719887413,46719894833,7420
43200000000,46800000000,46719894833,46723322026,3427193
43200000000,46800000000,46723322026,46723322037,11
43200000000,46800000000,46723322037,46729168172,5846135
43200000000,46800000000,46729168172,46731030885,1862713
43200000000,46800000000,46731030885,46734303959,3273074
43200000000,46800000000,46734303959,46736978303,2674344
43200000000,46800000000,46736978303,46736978303,0
43200000000,46800000000,46736978303,46743934602,6956299
43200000000,46800000000,46743934602,46748170360,4235758
43200000000,46800000000,46748170360,46750183306,2012946
43200000000,46800000000,46750183306,46753970391,3787085
43200000000,46800000000,46753970391,46754881100,910709
43200000000,46800000000,46754881100,46756522941,1641841
43200000000,46800000000,46756522941,46756555368,32427
43200000000,46800000000,46756555368,46766759677,10204309
43200000000,46800000000,46766759677,46779696043,12936366
43200000000,46800000000,46779696043,46781237514,1541471
43200000000,46800000000,46781237514,46785126868,3889354
43200000000,46800000000,46785126868,46787462900,2336032
43200000000,46800000000,46787462900,46790004065,2541165
43200000000,46800000000,46790004065,46790004121,56
43200000000,46800000000,46790004121,46792550169,2546048
43200000000,46800000000,46792550169,46794409447,1859278
46800000000,50400000000,46800103624,46802041485,1937861
46800000000,50400000000,46802041485,46802048584,7099
46800000000,50400000000,46802048584,46802810234,761650
46800000000,50400000000,46802810234,46804722454,1912220
46800000000,50400000000,46804722454,46804722770,316
46800000000,50400000000,46804722770,46805530915,808145
46800000000,50400000000,46805530915,46805539560,8645
46800000000,50400000000,46805539560,46806330262,790702
46800000000,50400000000,46806330262,46807867267,1537005
46800000000,50400000000,46807867267,46807867271,4
46800000000,50400000000,46807867271,46807867272,1
46800000000,50400000000,46807867272,46807867330,58
46800000000,50400000000,46807867330,46809482554,1615224
46800000000,50400000000,46809482554,46809483385,831
46800000000,50400000000,46809483385,46809483644,259
46800000000,50400000000,46809483644,46809537994,54350
46800000000,50400000000,46809537994,46811982388,2444394
46800000000,50400000000,46811982388,46820862962,8880574
46800000000,50400000000,46820862962,46820868810,5848
46800000000,50400000000,46820868810,46820870856,2046
46800000000,50400000000,46820870856,46820899920,29064
46800000000,50400000000,46820899920,46820908197,8277
46800000000,50400000000,46820908197,46823263510,2355313
46800000000,50400000000,46823263510,46823263513,3
46800000000,50400000000,46823263513,46823263514,1
46800000000,50400000000,46823263514,46823263515,1
46800000000,50400000000,46823263515,46823265545,2030
46800000000,50400000000,46823265545,46823265572,27
46800000000,50400000000,46823265572,46823265576,4
46800000000,50400000000,46823265576,46823265584,8
46800000000,50400000000,46823265584,46823265595,11
46800000000,50400000000,46823265595,46824867801,1602206
46800000000,50400000000,46824867801,46824867920,119
46800000000,50400000000,46824867920,46824867925,5
46800000000,50400000000,46824867925,46824867930,5
46800000000,50400000000,46824867930,46825999570,1131640
46800000000,50400000000,46825999570,46825999572,2
46800000000,50400000000,46825999572,46828835282,2835710
46800000000,50400000000,46828835282,46828856839,21557
46800000000,50400000000,46828856839,46833832994,4976155
46800000000,50400000000,46833832994,46834656383,823389
46800000000,50400000000,46834656383,46838017785,3361402
46800000000,50400000000,46838017785,46840597847,2580062
46800000000,50400000000,46840597847,46840642481,44634
46800000000,50400000000,46840642481,46841677933,1035452
46800000000,50400000000,46841677933,46841678050,117
46800000000,50400000000,46841678050,46843887441,2209391
46800000000,50400000000,46843887441,46856076782,12189341
46800000000,50400000000,46856076782,46858003398,1926616
46800000000,50400000000,46858003398,46862331650,4328252
46800000000,50400000000,46862331650,46871182113,8850463
46800000000,50400000000,46871182113,46873648169,2466056
46800000000,50400000000,46873648169,46875737382,2089213
46800000000,50400000000,46875737382,46880905777,5168395
46800000000,50400000000,46880905777,46880905780,3
46800000000,50400000000,46880905780,46882706248,1800468
46800000000,50400000000,46882706248,46882744225,37977
46800000000,50400000000,46882744225,46885799726,3055501
46800000000,50400000000,46885799726,46885809979,10253
46800000000,50400000000,46885809979,46885825942,15963
46800000000,50400000000,46885825942,46885833047,7105
46800000000,50400000000,46885833047,46885894863,61816
46800000000,50400000000,46885894863,46885902802,7939
46800000000,50400000000,46885902802,46885910537,7735
46800000000,50400000000,46885910537,46888624611,2714074
46800000000,50400000000,46888624611,46888624628,17
46800000000,50400000000,46888624628,46888624645,17
46800000000,50400000000,46888624645,46888624662,17
46800000000,50400000000,46888624662,46888624679,17
46800000000,50400000000,46888624679,46888624696,17
46800000000,50400000000,46888624696,46888624713,17
46800000000,50400000000,46888624713,46922638273,34013560
46800000000,50400000000,46922638273,46923531385,893112
46800000000,50400000000,46923531385,46923543784,12399
46800000000,50400000000,46923543784,46924322036,778252
46800000000,50400000000,46924322036,46924343133,21097
46800000000,50400000000,46924343133,46925960872,1617739
46800000000,50400000000,46925960872,46925960882,10
46800000000,50400000000,46925960882,46927155345,1194463
46800000000,50400000000,46927155345,46933646842,6491497
46800000000,50400000000,46933646842,46933652845,6003
46800000000,50400000000,46933652845,46935273043,1620198
46800000000,50400000000,46935273043,46935273054,11
46800000000,50400000000,46935273054,46942697787,7424733
46800000000,50400000000,46942697787,46942704599,6812
46800000000,50400000000,46942704599,46942706738,2139
46800000000,50400000000,46942706738,46942706746,8
46800000000,50400000000,46942706746,46942706758,12
46800000000,50400000000,46942706758,46946530430,3823672
46800000000,50400000000,46946530430,46946590011,59581
46800000000,50400000000,46946590011,46948704003,2113992
46800000000,50400000000,46948704003,46950367783,1663780
46800000000,50400000000,46950367783,46953603845,3236062
46800000000,50400000000,46953603845,46955237440,1633595
46800000000,50400000000,46955237440,46956993238,1755798
46800000000,50400000000,46956993238,46959815543,2822305
46800000000,50400000000,46959815543,46961393287,1577744
46800000000,50400000000,46961393287,46962222057,828770
46800000000,50400000000,46962222057,46964459572,2237515
46800000000,50400000000,46964459572,46964459620,48
46800000000,50400000000,46964459620,46964459625,5
46800000000,50400000000,46964459625,46966342275,1882650
46800000000,50400000000,46966342275,46968985211,2642936
46800000000,50400000000,46968985211,46969785759,800548
46800000000,50400000000,46969785759,46972534466,2748707
46800000000,50400000000,46972534466,46975090010,2555544
46800000000,50400000000,46975090010,46976811887,1721877
46800000000,50400000000,46976811887,46979271451,2459564
46800000000,50400000000,46979271451,46982925729,3654278
46800000000,50400000000,46982925729,46985448439,2522710
46800000000,50400000000,46985448439,46989533830,4085391
46800000000,50400000000,46989533830,46991160085,1626255
46800000000,50400000000,46991160085,46993897212,2737127
46800000000,50400000000,46993897212,46995516811,1619599
46800000000,50400000000,46995516811,46997899933,2383122
46800000000,50400000000,46997899933,46999409214,1509281
46800000000,50400000000,46999409214,46999435207,25993
46800000000,50400000000,46999435207,47000889746,1454539
46800000000,50400000000,47000889746,47000919245,29499
46800000000,50400000000,47000919245,47000923923,4678
46800000000,50400000000,47000923923,47000940903,16980
46800000000,50400000000,47000940903,47001778973,838070
46800000000,50400000000,47001778973,47002555542,776569
46800000000,50400000000,47002555542,47005959270,3403728
46800000000,50400000000,47005959270,47006204070,244800
46800000000,50400000000,47006204070,47007704879,1500809
46800000000,50400000000,47007704879,47008465341,760462
46800000000,50400000000,47008465341,47020824082,12358741
46800000000,50400000000,47020824082,47022344961,1520879
46800000000,50400000000,47022344961,47024375937,2030976
46800000000,50400000000,47024375937,47026842782,2466845
46800000000,50400000000,47026842782,47026842787,5
46800000000,50400000000,47026842787,47026842803,16
46800000000,50400000000,47026842803,47029686820,2844017
46800000000,50400000000,47029686820,47041252846,11566026
46800000000,50400000000,47041252846,47042852331,1599485
46800000000,50400000000,47042852331,47044595811,1743480
46800000000,50400000000,47044595811,47047032328,2436517
46800000000,50400000000,47047032328,47058470906,11438578
46800000000,50400000000,47058470906,47058476390,5484
46800000000,50400000000,47058476390,47058490865,14475
46800000000,50400000000,47058490865,47060444394,1953529
46800000000,50400000000,47060444394,47060444425,31
46800000000,50400000000,47060444425,47071319694,10875269
46800000000,50400000000,47071319694,47071319699,5
46800000000,50400000000,47071319699,47071319700,1
46800000000,50400000000,47071319700,47074294910,2975210
46800000000,50400000000,47074294910,47076110156,1815246
46800000000,50400000000,47076110156,47076114523,4367
46800000000,50400000000,47076114523,47076114790,267
46800000000,50400000000,47076114790,47076114795,5
46800000000,50400000000,47076114795,47078778088,2663293
46800000000,50400000000,47078778088,47078778090,2
46800000000,50400000000,47078778090,47079692719,914629
46800000000,50400000000,47079692719,47084440969,4748250
46800000000,50400000000,47084440969,47086108566,1667597
46800000000,50400000000,47086108566,47086819038,710472
46800000000,50400000000,47086819038,47086819043,5
46800000000,50400000000,47086819043,47088405283,1586240
46800000000,50400000000,47088405283,47088405287,4
46800000000,50400000000,47088405287,47090060808,1655521
46800000000,50400000000,47090060808,47097706396,7645588
46800000000,50400000000,47097706396,47098480670,774274
46800000000,50400000000,47098480670,47101007749,2527079
46800000000,50400000000,47101007749,47101007754,5
46800000000,50400000000,47101007754,47102907677,1899923
46800000000,50400000000,47102907677,47102907681,4
46800000000,50400000000,47102907681,47103856841,949160
46800000000,50400000000,47103856841,47105975201,2118360
46800000000,50400000000,47105975201,47108420125,2444924
46800000000,50400000000,47108420125,47112606131,4186006
46800000000,50400000000,47112606131,47112606692,561
46800000000,50400000000,47112606692,47112780453,173761
46800000000,50400000000,47112780453,47112785915,5462
46800000000,50400000000,47112785915,47114504745,1718830
46800000000,50400000000,47114504745,47118262865,3758120
46800000000,50400000000,47118262865,47118263392,527
46800000000,50400000000,47118263392,47118263397,5
46800000000,50400000000,47118263397,47124948815,6685418
46800000000,50400000000,47124948815,47127042382,2093567
46800000000,50400000000,47127042382,47127042382,0
46800000000,50400000000,47127042382,47134298158,7255776
46800000000,50400000000,47134298158,47134298161,3
46800000000,50400000000,47134298161,47136039992,1741831
46800000000,50400000000,47136039992,47173760450,37720458
46800000000,50400000000,47173760450,47173760453,3
46800000000,50400000000,47173760453,47175234889,1474436
46800000000,50400000000,47175234889,47178222827,2987938
46800000000,50400000000,47178222827,47178222829,2
46800000000,50400000000,47178222829,47179816533,1593704
46800000000,50400000000,47179816533,47183818534,4002001
46800000000,50400000000,47183818534,47185664577,1846043
46800000000,50400000000,47185664577,47186501584,837007
46800000000,50400000000,47186501584,47194579284,8077700
46800000000,50400000000,47194579284,47196094940,1515656
46800000000,50400000000,47196094940,47210572872,14477932
46800000000,50400000000,47210572872,47210572875,3
46800000000,50400000000,47210572875,47212541606,1968731
46800000000,50400000000,47212541606,47219465889,6924283
46800000000,50400000000,47219465889,47225205545,5739656
46800000000,50400000000,47225205545,47229015711,3810166
46800000000,50400000000,47229015711,47231545572,2529861
46800000000,50400000000,47231545572,47239332493,7786921
46800000000,50400000000,47239332493,47244892906,5560413
46800000000,50400000000,47244892906,47244898294,5388
46800000000,50400000000,47244898294,47246451066,1552772
46800000000,50400000000,47246451066,47246451100,34
46800000000,50400000000,47246451100,47258885503,12434403
46800000000,50400000000,47258885503,47262086453,3200950
46800000000,50400000000,47262086453,47265219106,3132653
46800000000,50400000000,47265219106,47267057999,1838893
46800000000,50400000000,47267057999,47278476697,11418698
46800000000,50400000000,47278476697,47280046114,1569417
46800000000,50400000000,47280046114,47280092222,46108
46800000000,50400000000,47280092222,47280092241,19
46800000000,50400000000,47280092241,47282168352,2076111
46800000000,50400000000,47282168352,47284632037,2463685
46800000000,50400000000,47284632037,47289030540,4398503
46800000000,50400000000,47289030540,47289112742,82202
46800000000,50400000000,47289112742,47290077355,964613
46800000000,50400000000,47290077355,47290874624,797269
46800000000,50400000000,47290874624,47290911935,37311
46800000000,50400000000,47290911935,47292051646,1139711
46800000000,50400000000,47292051646,47292860720,809074
46800000000,50400000000,47292860720,47293707454,846734
46800000000,50400000000,47293707454,47295255427,1547973
46800000000,50400000000,47295255427,47312537135,17281708
46800000000,50400000000,47312537135,47313841707,1304572
46800000000,50400000000,47313841707,47314747049,905342
46800000000,50400000000,47314747049,47315679364,932315
46800000000,50400000000,47315679364,47315691114,11750
46800000000,50400000000,47315691114,47319315563,3624449
46800000000,50400000000,47319315563,47321303442,1987879
46800000000,50400000000,47321303442,47322733240,1429798
46800000000,50400000000,47322733240,47323598874,865634
46800000000,50400000000,47323598874,47325569958,1971084
46800000000,50400000000,47325569958,47327171492,1601534
46800000000,50400000000,47327171492,47327200627,29135
46800000000,50400000000,47327200627,47327200629,2
46800000000,50400000000,47327200629,47328803887,1603258
46800000000,50400000000,47328803887,47329704915,901028
46800000000,50400000000,47329704915,47331310371,1605456
46800000000,50400000000,47331310371,47331310371,0
46800000000,50400000000,47331310371,47338684153,7373782
46800000000,50400000000,47338684153,47338690388,6235
46800000000,50400000000,47338690388,47338710549,20161
46800000000,50400000000,47338710549,47338710556,7
46800000000,50400000000,47338710556,47338710569,13
46800000000,50400000000,47338710569,47341188430,2477861
46800000000,50400000000,47341188430,47342671776,1483346
46800000000,50400000000,47342671776,47342671802,26
46800000000,50400000000,47342671802,47344259842,1588040
46800000000,50400000000,47344259842,47344259867,25
46800000000,50400000000,47344259867,47344293586,33719
46800000000,50400000000,47344293586,47345046810,753224
46800000000,50400000000,47345046810,47347160567,2113757
46800000000,50400000000,47347160567,47347160655,88
46800000000,50400000000,47347160655,47349117765,1957110
46800000000,50400000000,47349117765,47349117839,74
46800000000,50400000000,47349117839,47350118282,1000443
46800000000,50400000000,47350118282,47352028566,1910284
46800000000,50400000000,47352028566,47352028863,297
46800000000,50400000000,47352028863,47352083809,54946
46800000000,50400000000,47352083809,47353986791,1902982
46800000000,50400000000,47353986791,47355780387,1793596
46800000000,50400000000,47355780387,47359936700,4156313
46800000000,50400000000,47359936700,47359939084,2384
46800000000,50400000000,47359939084,47359939088,4
46800000000,50400000000,47359939088,47359939089,1
46800000000,50400000000,47359939089,47359939105,16
46800000000,50400000000,47359939105,47359939109,4
46800000000,50400000000,47359939109,47359939110,1
46800000000,50400000000,47359939110,47359939126,16
46800000000,50400000000,47359939126,47359939130,4
46800000000,50400000000,47359939130,47360778389,839259
46800000000,50400000000,47360778389,47362400402,1622013
46800000000,50400000000,47362400402,47362400743,341
46800000000,50400000000,47362400743,47367856205,5455462
46800000000,50400000000,47367856205,47367856216,11
46800000000,50400000000,47367856216,47367856228,12
46800000000,50400000000,47367856228,47367856239,11
46800000000,50400000000,47367856239,47367856257,18
46800000000,50400000000,47367856257,47367856288,31
46800000000,50400000000,47367856288,47368404646,548358
46800000000,50400000000,47368404646,47368404650,4
46800000000,50400000000,47368404650,47368404651,1
46800000000,50400000000,47368404651,47372920661,4516010
46800000000,50400000000,47372920661,47372920686,25
46800000000,50400000000,47372920686,47372985529,64843
46800000000,50400000000,47372985529,47375265190,2279661
46800000000,50400000000,47375265190,47376837448,1572258
46800000000,50400000000,47376837448,47376871808,34360
46800000000,50400000000,47376871808,47376877853,6045
46800000000,50400000000,47376877853,47376884848,6995
46800000000,50400000000,47376884848,47381836984,4952136
46800000000,50400000000,47381836984,47381836996,12
46800000000,50400000000,47381836996,47381837008,12
46800000000,50400000000,47381837008,47381916610,79602
46800000000,50400000000,47381916610,47387893011,5976401
46800000000,50400000000,47387893011,47387893734,723
46800000000,50400000000,47387893734,47390849550,2955816
46800000000,50400000000,47390849550,47390856174,6624
46800000000,50400000000,47390856174,47393808216,2952042
46800000000,50400000000,47393808216,47400035236,6227020
46800000000,50400000000,47400035236,47400035251,15
46800000000,50400000000,47400035251,47401227844,1192593
46800000000,50400000000,47401227844,47402306246,1078402
46800000000,50400000000,47402306246,47403738625,1432379
46800000000,50400000000,47403738625,47403744788,6163
46800000000,50400000000,47403744788,47403758377,13589
46800000000,50400000000,47403758377,47404698258,939881
46800000000,50400000000,47404698258,47405678508,980250
46800000000,50400000000,47405678508,47405678563,55
46800000000,50400000000,47405678563,47405723000,44437
46800000000,50400000000,47405723000,47406692955,969955
46800000000,50400000000,47406692955,47406710834,17879
46800000000,50400000000,47406710834,47407647568,936734
46800000000,50400000000,47407647568,47408706987,1059419
46800000000,50400000000,47408706987,47408707294,307
46800000000,50400000000,47408707294,47408764039,56745
46800000000,50400000000,47408764039,47411338575,2574536
46800000000,50400000000,47411338575,47413118724,1780149
46800000000,50400000000,47413118724,47415190745,2072021
46800000000,50400000000,47415190745,47415200915,10170
46800000000,50400000000,47415200915,47415203967,3052
46800000000,50400000000,47415203967,47415205919,1952
46800000000,50400000000,47415205919,47415208108,2189
46800000000,50400000000,47415208108,47415210058,1950
46800000000,50400000000,47415210058,47415219013,8955
46800000000,50400000000,47415219013,47415221023,2010
46800000000,50400000000,47415221023,47416085567,864544
46800000000,50400000000,47416085567,47416085571,4
46800000000,50400000000,47416085571,47416085586,15
46800000000,50400000000,47416085586,47417846995,1761409
46800000000,50400000000,47417846995,47417847013,18
46800000000,50400000000,47417847013,47417847045,32
46800000000,50400000000,47417847045,47417847077,32
46800000000,50400000000,47417847077,47417847100,23
46800000000,50400000000,47417847100,47417847134,34
46800000000,50400000000,47417847134,47417847145,11
46800000000,50400000000,47417847145,47417847156,11
46800000000,50400000000,47417847156,47417847800,644
46800000000,50400000000,47417847800,47418769544,921744
46800000000,50400000000,47418769544,47419615511,845967
46800000000,50400000000,47419615511,47419615514,3
46800000000,50400000000,47419615514,47419687566,72052
46800000000,50400000000,47419687566,47433441736,13754170
46800000000,50400000000,47433441736,47433852233,410497
46800000000,50400000000,47433852233,47433984348,132115
46800000000,50400000000,47433984348,47434250167,265819
46800000000,50400000000,47434250167,47434437813,187646
46800000000,50400000000,47434437813,47434437817,4
46800000000,50400000000,47434437817,47437697993,3260176
46800000000,50400000000,47437697993,47439643392,1945399
46800000000,50400000000,47439643392,47439643395,3
46800000000,50400000000,47439643395,47439643396,1
46800000000,50400000000,47439643396,47439645484,2088
46800000000,50400000000,47439645484,47439646264,780
46800000000,50400000000,47439646264,47443546493,3900229
46800000000,50400000000,47443546493,47443546603,110
46800000000,50400000000,47443546603,47443546608,5
46800000000,50400000000,47443546608,47443546617,9
46800000000,50400000000,47443546617,47445269039,1722422
46800000000,50400000000,47445269039,47446755826,1486787
46800000000,50400000000,47446755826,47446755830,4
46800000000,50400000000,47446755830,47446755846,16
46800000000,50400000000,47446755846,47447841602,1085756
46800000000,50400000000,47447841602,47447841700,98
46800000000,50400000000,47447841700,47447855461,13761
46800000000,50400000000,47447855461,47447868484,13023
46800000000,50400000000,47447868484,47447868995,511
46800000000,50400000000,47447868995,47447869053,58
46800000000,50400000000,47447869053,47447869074,21
46800000000,50400000000,47447869074,47449816047,1946973
46800000000,50400000000,47449816047,47449821578,5531
46800000000,50400000000,47449821578,47452687068,2865490
46800000000,50400000000,47452687068,47452687070,2
46800000000,50400000000,47452687070,47455341251,2654181
46800000000,50400000000,47455341251,47458725633,3384382
46800000000,50400000000,47458725633,47458725737,104
46800000000,50400000000,47458725737,47458877444,151707
46800000000,50400000000,47458877444,47459870323,992879
46800000000,50400000000,47459870323,47460965391,1095068
46800000000,50400000000,47460965391,47460967479,2088
46800000000,50400000000,47460967479,47462245762,1278283
46800000000,50400000000,47462245762,47464102651,1856889
46800000000,50400000000,47464102651,47464102655,4
46800000000,50400000000,47464102655,47464102656,1
46800000000,50400000000,47464102656,47465016642,913986
46800000000,50400000000,47465016642,47465017802,1160
46800000000,50400000000,47465017802,47466891546,1873744
46800000000,50400000000,47466891546,47473206720,6315174
46800000000,50400000000,47473206720,47473206777,57
46800000000,50400000000,47473206777,47473206782,5
46800000000,50400000000,47473206782,47474297938,1091156
46800000000,50400000000,47474297938,47475353477,1055539
46800000000,50400000000,47475353477,47476267340,913863
46800000000,50400000000,47476267340,47477317711,1050371
46800000000,50400000000,47477317711,47478379342,1061631
46800000000,50400000000,47478379342,47478379571,229
46800000000,50400000000,47478379571,47481658347,3278776
46800000000,50400000000,47481658347,47484982361,3324014
46800000000,50400000000,47484982361,47487274513,2292152
46800000000,50400000000,47487274513,47489163818,1889305
46800000000,50400000000,47489163818,47489163822,4
46800000000,50400000000,47489163822,47489163823,1
46800000000,50400000000,47489163823,47489163824,1
46800000000,50400000000,47489163824,47491457960,2294136
46800000000,50400000000,47491457960,47491457991,31
46800000000,50400000000,47491457991,47491462035,4044
46800000000,50400000000,47491462035,47492690369,1228334
46800000000,50400000000,47492690369,47497011578,4321209
46800000000,50400000000,47497011578,47498006018,994440
46800000000,50400000000,47498006018,47498006022,4
46800000000,50400000000,47498006022,47498006363,341
46800000000,50400000000,47498006363,47499923119,1916756
46800000000,50400000000,47499923119,47499948667,25548
46800000000,50400000000,47499948667,47511802848,11854181
46800000000,50400000000,47511802848,47524639105,12836257
46800000000,50400000000,47524639105,47529262919,4623814
46800000000,50400000000,47529262919,47532733010,3470091
46800000000,50400000000,47532733010,47535687551,2954541
46800000000,50400000000,47535687551,47537355307,1667756
46800000000,50400000000,47537355307,47537387620,32313
46800000000,50400000000,47537387620,47539069154,1681534
46800000000,50400000000,47539069154,47539976380,907226
46800000000,50400000000,47539976380,47541642162,1665782
46800000000,50400000000,47541642162,47548951501,7309339
46800000000,50400000000,47548951501,47548958261,6760
46800000000,50400000000,47548958261,47548959508,1247
46800000000,50400000000,47548959508,47548959513,5
46800000000,50400000000,47548959513,47548959524,11
46800000000,50400000000,47548959524,47549914025,954501
46800000000,50400000000,47549914025,47550752460,838435
46800000000,50400000000,47550752460,47552493893,1741433
46800000000,50400000000,47552493893,47553941472,1447579
46800000000,50400000000,47553941472,47561240231,7298759
46800000000,50400000000,47561240231,47562804277,1564046
46800000000,50400000000,47562804277,47571099483,8295206
46800000000,50400000000,47571099483,47575044192,3944709
46800000000,50400000000,47575044192,47575048219,4027
46800000000,50400000000,47575048219,47576528160,1479941
46800000000,50400000000,47576528160,47576528196,36
46800000000,50400000000,47576528196,47579650223,3122027
46800000000,50400000000,47579650223,47581648826,1998603
46800000000,50400000000,47581648826,47584190094,2541268
46800000000,50400000000,47584190094,47586652270,2462176
46800000000,50400000000,47586652270,47587501744,849474
46800000000,50400000000,47587501744,47587505582,3838
46800000000,50400000000,47587505582,47587508902,3320
46800000000,50400000000,47587508902,47589127049,1618147
46800000000,50400000000,47589127049,47589127254,205
46800000000,50400000000,47589127254,47589923251,795997
46800000000,50400000000,47589923251,47589924208,957
46800000000,50400000000,47589924208,47589924213,5
46800000000,50400000000,47589924213,47589924224,11
46800000000,50400000000,47589924224,47593215720,3291496
46800000000,50400000000,47593215720,47599639113,6423393
46800000000,50400000000,47599639113,47601223129,1584016
46800000000,50400000000,47601223129,47604913320,3690191
46800000000,50400000000,47604913320,47606731667,1818347
46800000000,50400000000,47606731667,47608590285,1858618
46800000000,50400000000,47608590285,47612013930,3423645
46800000000,50400000000,47612013930,47612019454,5524
46800000000,50400000000,47612019454,47614020390,2000936
46800000000,50400000000,47614020390,47614020402,12
46800000000,50400000000,47614020402,47624705286,10684884
46800000000,50400000000,47624705286,47626236210,1530924
46800000000,50400000000,47626236210,47626990018,753808
46800000000,50400000000,47626990018,47627758795,768777
46800000000,50400000000,47627758795,47627759388,593
46800000000,50400000000,47627759388,47627759393,5
46800000000,50400000000,47627759393,47627759398,5
46800000000,50400000000,47627759398,47628746414,987016
46800000000,50400000000,47628746414,47629549896,803482
46800000000,50400000000,47629549896,47633238912,3689016
46800000000,50400000000,47633238912,47635128533,1889621
46800000000,50400000000,47635128533,47637061979,1933446
46800000000,50400000000,47637061979,47638764964,1702985
46800000000,50400000000,47638764964,47642990409,4225445
46800000000,50400000000,47642990409,47643769027,778618
46800000000,50400000000,47643769027,47643777450,8423
46800000000,50400000000,47643777450,47644619649,842199
46800000000,50400000000,47644619649,47644640943,21294
46800000000,50400000000,47644640943,47645439083,798140
46800000000,50400000000,47645439083,47645439094,11
46800000000,50400000000,47645439094,47646343387,904293
46800000000,50400000000,47646343387,47656695432,10352045
46800000000,50400000000,47656695432,47660850482,4155050
46800000000,50400000000,47660850482,47660853124,2642
46800000000,50400000000,47660853124,47660856014,2890
46800000000,50400000000,47660856014,47660858322,2308
46800000000,50400000000,47660858322,47660884511,26189
46800000000,50400000000,47660884511,47662504590,1620079
46800000000,50400000000,47662504590,47662504602,12
46800000000,50400000000,47662504602,47662504634,32
46800000000,50400000000,47662504634,47662504638,4
46800000000,50400000000,47662504638,47662506652,2014
46800000000,50400000000,47662506652,47662506662,10
46800000000,50400000000,47662506662,47663434331,927669
46800000000,50400000000,47663434331,47664453864,1019533
46800000000,50400000000,47664453864,47665844569,1390705
46800000000,50400000000,47665844569,47670499464,4654895
46800000000,50400000000,47670499464,47670499531,67
46800000000,50400000000,47670499531,47670529530,29999
46800000000,50400000000,47670529530,47676161359,5631829
46800000000,50400000000,47676161359,47684986833,8825474
46800000000,50400000000,47684986833,47686735873,1749040
46800000000,50400000000,47686735873,47697401654,10665781
46800000000,50400000000,47697401654,47698495115,1093461
46800000000,50400000000,47698495115,47702829028,4333913
46800000000,50400000000,47702829028,47702843410,14382
46800000000,50400000000,47702843410,47702848063,4653
46800000000,50400000000,47702848063,47702848213,150
46800000000,50400000000,47702848213,47702848218,5
46800000000,50400000000,47702848218,47702848223,5
46800000000,50400000000,47702848223,47705068136,2219913
46800000000,50400000000,47705068136,47705068171,35
46800000000,50400000000,47705068171,47707027930,1959759
46800000000,50400000000,47707027930,47710075409,3047479
46800000000,50400000000,47710075409,47711943134,1867725
46800000000,50400000000,47711943134,47711945606,2472
46800000000,50400000000,47711945606,47711949846,4240
46800000000,50400000000,47711949846,47711951678,1832
46800000000,50400000000,47711951678,47712325614,373936
46800000000,50400000000,47712325614,47712330017,4403
46800000000,50400000000,47712330017,47712330024,7
46800000000,50400000000,47712330024,47714330082,2000058
46800000000,50400000000,47714330082,47715153450,823368
46800000000,50400000000,47715153450,47715153454,4
46800000000,50400000000,47715153454,47715153476,22
46800000000,50400000000,47715153476,47715153508,32
46800000000,50400000000,47715153508,47715153518,10
46800000000,50400000000,47715153518,47716670063,1516545
46800000000,50400000000,47716670063,47716670075,12
46800000000,50400000000,47716670075,47724368951,7698876
46800000000,50400000000,47724368951,47725250790,881839
46800000000,50400000000,47725250790,47725258127,7337
46800000000,50400000000,47725258127,47725276842,18715
46800000000,50400000000,47725276842,47726306922,1030080
46800000000,50400000000,47726306922,47727311096,1004174
46800000000,50400000000,47727311096,47727311107,11
46800000000,50400000000,47727311107,47727311458,351
46800000000,50400000000,47727311458,47728248990,937532
46800000000,50400000000,47728248990,47728273135,24145
46800000000,50400000000,47728273135,47732728742,4455607
46800000000,50400000000,47732728742,47734036996,1308254
46800000000,50400000000,47734036996,47738249563,4212567
46800000000,50400000000,47738249563,47738258405,8842
46800000000,50400000000,47738258405,47738258407,2
46800000000,50400000000,47738258407,47739318686,1060279
46800000000,50400000000,47739318686,47740211925,893239
46800000000,50400000000,47740211925,47740211949,24
46800000000,50400000000,47740211949,47741165865,953916
46800000000,50400000000,47741165865,47741191418,25553
46800000000,50400000000,47741191418,47743036668,1845250
46800000000,50400000000,47743036668,47744655638,1618970
46800000000,50400000000,47744655638,47746744412,2088774
46800000000,50400000000,47746744412,47747675007,930595
46800000000,50400000000,47747675007,47748705956,1030949
46800000000,50400000000,47748705956,47749633173,927217
46800000000,50400000000,47749633173,47750523930,890757
46800000000,50400000000,47750523930,47758386092,7862162
46800000000,50400000000,47758386092,47758386143,51
46800000000,50400000000,47758386143,47758386148,5
46800000000,50400000000,47758386148,47758386153,5
46800000000,50400000000,47758386153,47761282007,2895854
46800000000,50400000000,47761282007,47761282055,48
46800000000,50400000000,47761282055,47761282060,5
46800000000,50400000000,47761282060,47761282968,908
46800000000,50400000000,47761282968,47767286373,6003405
46800000000,50400000000,47767286373,47769452126,2165753
46800000000,50400000000,47769452126,47776223198,6771072
46800000000,50400000000,47776223198,47780913310,4690112
46800000000,50400000000,47780913310,47781814646,901336
46800000000,50400000000,47781814646,47781814649,3
46800000000,50400000000,47781814649,47783502119,1687470
46800000000,50400000000,47783502119,47787497571,3995452
46800000000,50400000000,47787497571,47789136667,1639096
46800000000,50400000000,47789136667,47791118975,1982308
46800000000,50400000000,47791118975,47791969505,850530
46800000000,50400000000,47791969505,47793868995,1899490
46800000000,50400000000,47793868995,47794731227,862232
46800000000,50400000000,47794731227,47800733765,6002538
46800000000,50400000000,47800733765,47800733792,27
46800000000,50400000000,47800733792,47800733797,5
46800000000,50400000000,47800733797,47808270531,7536734
46800000000,50400000000,47808270531,47812919300,4648769
46800000000,50400000000,47812919300,47813708492,789192
46800000000,50400000000,47813708492,47814440342,731850
46800000000,50400000000,47814440342,47814440346,4
46800000000,50400000000,47814440346,47814440347,1
46800000000,50400000000,47814440347,47816074382,1634035
46800000000,50400000000,47816074382,47816887994,813612
46800000000,50400000000,47816887994,47816906336,18342
46800000000,50400000000,47816906336,47822868485,5962149
46800000000,50400000000,47822868485,47824078364,1209879
46800000000,50400000000,47824078364,47824078433,69
46800000000,50400000000,47824078433,47824078438,5
46800000000,50400000000,47824078438,47824078443,5
46800000000,50400000000,47824078443,47824963544,885101
46800000000,50400000000,47824963544,47825004146,40602
46800000000,50400000000,47825004146,47825008563,4417
46800000000,50400000000,47825008563,47825010623,2060
46800000000,50400000000,47825010623,47826546092,1535469
46800000000,50400000000,47826546092,47826546104,12
46800000000,50400000000,47826546104,47826546116,12
46800000000,50400000000,47826546116,47831110630,4564514
46800000000,50400000000,47831110630,47835116823,4006193
46800000000,50400000000,47835116823,47835116827,4
46800000000,50400000000,47835116827,47835116828,1
46800000000,50400000000,47835116828,47836933694,1816866
46800000000,50400000000,47836933694,47836933712,18
46800000000,50400000000,47836933712,47838637290,1703578
46800000000,50400000000,47838637290,47843681622,5044332
46800000000,50400000000,47843681622,47847163604,3481982
46800000000,50400000000,47847163604,47849205264,2041660
46800000000,50400000000,47849205264,47850302728,1097464
46800000000,50400000000,47850302728,47850313443,10715
46800000000,50400000000,47850313443,47853907585,3594142
46800000000,50400000000,47853907585,47854730505,822920
46800000000,50400000000,47854730505,47856742126,2011621
46800000000,50400000000,47856742126,47861402910,4660784
46800000000,50400000000,47861402910,47861402914,4
46800000000,50400000000,47861402914,47861402915,1
46800000000,50400000000,47861402915,47861408424,5509
46800000000,50400000000,47861408424,47866598479,5190055
46800000000,50400000000,47866598479,47868644978,2046499
46800000000,50400000000,47868644978,47871982762,3337784
46800000000,50400000000,47871982762,47880119622,8136860
46800000000,50400000000,47880119622,47887324056,7204434
46800000000,50400000000,47887324056,47887324056,0
46800000000,50400000000,47887324056,47891351119,4027063
46800000000,50400000000,47891351119,47892614158,1263039
46800000000,50400000000,47892614158,47892666578,52420
46800000000,50400000000,47892666578,47892672333,5755
46800000000,50400000000,47892672333,47897337869,4665536
46800000000,50400000000,47897337869,47897337895,26
46800000000,50400000000,47897337895,47897337920,25
46800000000,50400000000,47897337920,47906454821,9116901
46800000000,50400000000,47906454821,47910726248,4271427
46800000000,50400000000,47910726248,47918421467,7695219
46800000000,50400000000,47918421467,47921723624,3302157
46800000000,50400000000,47921723624,47925176191,3452567
46800000000,50400000000,47925176191,47925176195,4
46800000000,50400000000,47925176195,47925176196,1
46800000000,50400000000,47925176196,47925176197,1
46800000000,50400000000,47925176197,47929115144,3938947
46800000000,50400000000,47929115144,47929115175,31
46800000000,50400000000,47929115175,47931066243,1951068
46800000000,50400000000,47931066243,47932513137,1446894
46800000000,50400000000,47932513137,47941810448,9297311
46800000000,50400000000,47941810448,47954898339,13087891
46800000000,50400000000,47954898339,47956124739,1226400
46800000000,50400000000,47956124739,47957479804,1355065
46800000000,50400000000,47957479804,47960294202,2814398
46800000000,50400000000,47960294202,47960294868,666
46800000000,50400000000,47960294868,47960294878,10
46800000000,50400000000,47960294878,47960588178,293300
46800000000,50400000000,47960588178,47961822903,1234725
46800000000,50400000000,47961822903,47967237777,5414874
46800000000,50400000000,47967237777,47969213241,1975464
46800000000,50400000000,47969213241,47972268190,3054949
46800000000,50400000000,47972268190,47976082788,3814598
46800000000,50400000000,47976082788,47976082788,0
46800000000,50400000000,47976082788,47979654559,3571771
46800000000,50400000000,47979654559,47981909099,2254540
46800000000,50400000000,47981909099,47990777594,8868495
46800000000,50400000000,47990777594,47991763835,986241
46800000000,50400000000,47991763835,47993439553,1675718
46800000000,50400000000,47993439553,47993439557,4
46800000000,50400000000,47993439557,47994374797,935240
46800000000,50400000000,47994374797,47994374874,77
46800000000,50400000000,47994374874,47994374877,3
46800000000,50400000000,47994374877,47995599634,1224757
46800000000,50400000000,47995599634,47995622324,22690
46800000000,50400000000,47995622324,47996631083,1008759
46800000000,50400000000,47996631083,47997587007,955924
46800000000,50400000000,47997587007,47997619438,32431
46800000000,50400000000,47997619438,47997619482,44
46800000000,50400000000,47997619482,47997619487,5
46800000000,50400000000,47997619487,47997619492,5
46800000000,50400000000,47997619492,48011124354,13504862
46800000000,50400000000,48011124354,48012734416,1610062
46800000000,50400000000,48012734416,48012767051,32635
46800000000,50400000000,48012767051,48012767054,3
46800000000,50400000000,48012767054,48014421384,1654330
46800000000,50400000000,48014421384,48014452210,30826
46800000000,50400000000,48014452210,48014475490,23280
46800000000,50400000000,48014475490,48015358965,883475
46800000000,50400000000,48015358965,48016197915,838950
46800000000,50400000000,48016197915,48016197945,30
46800000000,50400000000,48016197945,48016239954,42009
46800000000,50400000000,48016239954,48016268195,28241
46800000000,50400000000,48016268195,48016270630,2435
46800000000,50400000000,48016270630,48017460371,1189741
46800000000,50400000000,48017460371,48017861847,401476
46800000000,50400000000,48017861847,48017872018,10171
46800000000,50400000000,48017872018,48017872115,97
46800000000,50400000000,48017872115,48019608433,1736318
46800000000,50400000000,48019608433,48019608456,23
46800000000,50400000000,48019608456,48019608460,4
46800000000,50400000000,48019608460,48019608461,1
46800000000,50400000000,48019608461,48019608493,32
46800000000,50400000000,48019608493,48020861862,1253369
46800000000,50400000000,48020861862,48020862102,240
46800000000,50400000000,48020862102,48023798162,2936060
46800000000,50400000000,48023798162,48025493809,1695647
46800000000,50400000000,48025493809,48026344553,850744
46800000000,50400000000,48026344553,48028069317,1724764
46800000000,50400000000,48028069317,48030082106,2012789
46800000000,50400000000,48030082106,48030085231,3125
46800000000,50400000000,48030085231,48030087478,2247
46800000000,50400000000,48030087478,48030089726,2248
46800000000,50400000000,48030089726,48030091982,2256
46800000000,50400000000,48030091982,48030108258,16276
46800000000,50400000000,48030108258,48030112168,3910
46800000000,50400000000,48030112168,48032362864,2250696
46800000000,50400000000,48032362864,48032362888,24
46800000000,50400000000,48032362888,48032363066,178
46800000000,50400000000,48032363066,48032363235,169
46800000000,50400000000,48032363235,48032364746,1511
46800000000,50400000000,48032364746,48032522333,157587
46800000000,50400000000,48032522333,48034965670,2443337
46800000000,50400000000,48034965670,48034965718,48
46800000000,50400000000,48034965718,48034965723,5
46800000000,50400000000,48034965723,48034965730,7
46800000000,50400000000,48034965730,48035902499,936769
46800000000,50400000000,48035902499,48037659038,1756539
46800000000,50400000000,48037659038,48041303298,3644260
46800000000,50400000000,48041303298,48043605686,2302388
46800000000,50400000000,48043605686,48043608746,3060
46800000000,50400000000,48043608746,48043608746,0
46800000000,50400000000,48043608746,48045309881,1701135
46800000000,50400000000,48045309881,48047771481,2461600
46800000000,50400000000,48047771481,48047771483,2
46800000000,50400000000,48047771483,48051349570,3578087
46800000000,50400000000,48051349570,48054966286,3616716
46800000000,50400000000,48054966286,48055766918,800632
46800000000,50400000000,48055766918,48057284453,1517535
46800000000,50400000000,48057284453,48057311660,27207
46800000000,50400000000,48057311660,48057315143,3483
46800000000,50400000000,48057315143,48058056489,741346
46800000000,50400000000,48058056489,48058818227,761738
46800000000,50400000000,48058818227,48058818227,0
46800000000,50400000000,48058818227,48062010877,3192650
46800000000,50400000000,48062010877,48065792147,3781270
46800000000,50400000000,48065792147,48068008517,2216370
46800000000,50400000000,48068008517,48068012222,3705
46800000000,50400000000,48068012222,48068014300,2078
46800000000,50400000000,48068014300,48069523738,1509438
46800000000,50400000000,48069523738,48073291026,3767288
46800000000,50400000000,48073291026,48073291045,19
46800000000,50400000000,48073291045,48073291056,11
46800000000,50400000000,48073291056,48073322120,31064
46800000000,50400000000,48073322120,48073322120,0
46800000000,50400000000,48073322120,48076787941,3465821
46800000000,50400000000,48076787941,48077611313,823372
46800000000,50400000000,48077611313,48079244133,1632820
46800000000,50400000000,48079244133,48081075910,1831777
46800000000,50400000000,48081075910,48081082562,6652
46800000000,50400000000,48081082562,48082706097,1623535
46800000000,50400000000,48082706097,48082706115,18
46800000000,50400000000,48082706115,48086130358,3424243
46800000000,50400000000,48086130358,48087003517,873159
46800000000,50400000000,48087003517,48087003517,0
46800000000,50400000000,48087003517,48090428172,3424655
46800000000,50400000000,48090428172,48090428175,3
46800000000,50400000000,48090428175,48091211432,783257
46800000000,50400000000,48091211432,48092003507,792075
46800000000,50400000000,48092003507,48093742994,1739487
46800000000,50400000000,48093742994,48095372725,1629731
46800000000,50400000000,48095372725,48095372725,0
46800000000,50400000000,48095372725,48098535406,3162681
46800000000,50400000000,48098535406,48101277796,2742390
46800000000,50400000000,48101277796,48103597384,2319588
46800000000,50400000000,48103597384,48103597384,0
46800000000,50400000000,48103597384,48111853371,8255987
46800000000,50400000000,48111853371,48112754523,901152
46800000000,50400000000,48112754523,48125315744,12561221
46800000000,50400000000,48125315744,48126157262,841518
46800000000,50400000000,48126157262,48126164432,7170
46800000000,50400000000,48126164432,48127029684,865252
46800000000,50400000000,48127029684,48127876623,846939
46800000000,50400000000,48127876623,48129137753,1261130
46800000000,50400000000,48129137753,48130121683,983930
46800000000,50400000000,48130121683,48130980529,858846
46800000000,50400000000,48130980529,48130991576,11047
46800000000,50400000000,48130991576,48130997368,5792
46800000000,50400000000,48130997368,48131002610,5242
46800000000,50400000000,48131002610,48131002808,198
46800000000,50400000000,48131002808,48131002813,5
46800000000,50400000000,48131002813,48132007648,1004835
46800000000,50400000000,48132007648,48135885377,3877729
46800000000,50400000000,48135885377,48135885387,10
46800000000,50400000000,48135885387,48135885405,18
46800000000,50400000000,48135885405,48140270839,4385434
46800000000,50400000000,48140270839,48141914711,1643872
46800000000,50400000000,48141914711,48141917718,3007
46800000000,50400000000,48141917718,48141920178,2460
46800000000,50400000000,48141920178,48141922043,1865
46800000000,50400000000,48141922043,48143599679,1677636
46800000000,50400000000,48143599679,48143599715,36
46800000000,50400000000,48143599715,48143599732,17
46800000000,50400000000,48143599732,48143599743,11
46800000000,50400000000,48143599743,48149051254,5451511
46800000000,50400000000,48149051254,48150770613,1719359
46800000000,50400000000,48150770613,48150785592,14979
46800000000,50400000000,48150785592,48156063757,5278165
46800000000,50400000000,48156063757,48157574744,1510987
46800000000,50400000000,48157574744,48165678562,8103818
46800000000,50400000000,48165678562,48170514752,4836190
46800000000,50400000000,48170514752,48173222800,2708048
46800000000,50400000000,48173222800,48173222913,113
46800000000,50400000000,48173222913,48177536156,4313243
46800000000,50400000000,48177536156,48178345273,809117
46800000000,50400000000,48178345273,48180642199,2296926
46800000000,50400000000,48180642199,48182242759,1600560
46800000000,50400000000,48182242759,48192033222,9790463
46800000000,50400000000,48192033222,48192813565,780343
46800000000,50400000000,48192813565,48193959438,1145873
46800000000,50400000000,48193959438,48194660245,700807
46800000000,50400000000,48194660245,48195435844,775599
46800000000,50400000000,48195435844,48195467455,31611
46800000000,50400000000,48195467455,48198377788,2910333
46800000000,50400000000,48198377788,48199246347,868559
46800000000,50400000000,48199246347,48208620376,9374029
46800000000,50400000000,48208620376,48208621147,771
46800000000,50400000000,48208621147,48208621152,5
46800000000,50400000000,48208621152,48209621991,1000839
46800000000,50400000000,48209621991,48214262617,4640626
46800000000,50400000000,48214262617,48214268321,5704
46800000000,50400000000,48214268321,48214271123,2802
46800000000,50400000000,48214271123,48216279542,2008419
46800000000,50400000000,48216279542,48216279546,4
46800000000,50400000000,48216279546,48216279547,1
46800000000,50400000000,48216279547,48216279548,1
46800000000,50400000000,48216279548,48216279573,25
46800000000,50400000000,48216279573,48216279613,40
46800000000,50400000000,48216279613,48217051083,771470
46800000000,50400000000,48217051083,48217051256,173
46800000000,50400000000,48217051256,48217051419,163
46800000000,50400000000,48217051419,48217912533,861114
46800000000,50400000000,48217912533,48217912809,276
46800000000,50400000000,48217912809,48228052748,10139939
46800000000,50400000000,48228052748,48228052950,202
46800000000,50400000000,48228052950,48238301990,10249040
46800000000,50400000000,48238301990,48239239129,937139
46800000000,50400000000,48239239129,48241048123,1808994
46800000000,50400000000,48241048123,48249005841,7957718
46800000000,50400000000,48249005841,48253259582,4253741
46800000000,50400000000,48253259582,48255268077,2008495
46800000000,50400000000,48255268077,48257223246,1955169
46800000000,50400000000,48257223246,48261771849,4548603
46800000000,50400000000,48261771849,48263653618,1881769
46800000000,50400000000,48263653618,48266796466,3142848
46800000000,50400000000,48266796466,48266806550,10084
46800000000,50400000000,48266806550,48268437410,1630860
46800000000,50400000000,48268437410,48268437423,13
46800000000,50400000000,48268437423,48273801586,5364163
46800000000,50400000000,48273801586,48274713284,911698
46800000000,50400000000,48274713284,48274713321,37
46800000000,50400000000,48274713321,48274713326,5
46800000000,50400000000,48274713326,48287503181,12789855
46800000000,50400000000,48287503181,48289094886,1591705
46800000000,50400000000,48289094886,48290659103,1564217
46800000000,50400000000,48290659103,48292518113,1859010
46800000000,50400000000,48292518113,48292547699,29586
46800000000,50400000000,48292547699,48293412600,864901
46800000000,50400000000,48293412600,48293413244,644
46800000000,50400000000,48293413244,48293413313,69
46800000000,50400000000,48293413313,48293413318,5
46800000000,50400000000,48293413318,48293413323,5
46800000000,50400000000,48293413323,48303443472,10030149
46800000000,50400000000,48303443472,48303448084,4612
46800000000,50400000000,48303448084,48303451483,3399
46800000000,50400000000,48303451483,48303454312,2829
46800000000,50400000000,48303454312,48303459900,5588
46800000000,50400000000,48303459900,48305018709,1558809
46800000000,50400000000,48305018709,48305018713,4
46800000000,50400000000,48305018713,48305018737,24
46800000000,50400000000,48305018737,48305018748,11
46800000000,50400000000,48305018748,48305018767,19
46800000000,50400000000,48305018767,48305018972,205
46800000000,50400000000,48305018972,48305762135,743163
46800000000,50400000000,48305762135,48306535144,773009
46800000000,50400000000,48306535144,48310567720,4032576
46800000000,50400000000,48310567720,48312165533,1597813
46800000000,50400000000,48312165533,48312946270,780737
46800000000,50400000000,48312946270,48312957700,11430
46800000000,50400000000,48312957700,48314839288,1881588
46800000000,50400000000,48314839288,48314839324,36
46800000000,50400000000,48314839324,48316384624,1545300
46800000000,50400000000,48316384624,48316391660,7036
46800000000,50400000000,48316391660,48316393541,1881
46800000000,50400000000,48316393541,48316393541,0
46800000000,50400000000,48316393541,48317885409,1491868
46800000000,50400000000,48317885409,48317885441,32
46800000000,50400000000,48317885441,48317912968,27527
46800000000,50400000000,48317912968,48324323612,6410644
46800000000,50400000000,48324323612,48329335715,5012103
46800000000,50400000000,48329335715,48329339652,3937
46800000000,50400000000,48329339652,48329342136,2484
46800000000,50400000000,48329342136,48329347343,5207
46800000000,50400000000,48329347343,48329349692,2349
46800000000,50400000000,48329349692,48330871312,1521620
46800000000,50400000000,48330871312,48330871323,11
46800000000,50400000000,48330871323,48330871335,12
46800000000,50400000000,48330871335,48330871354,19
46800000000,50400000000,48330871354,48330871365,11
46800000000,50400000000,48330871365,48342729359,11857994
46800000000,50400000000,48342729359,48342731580,2221
46800000000,50400000000,48342731580,48344005434,1273854
46800000000,50400000000,48344005434,48344005436,2
46800000000,50400000000,48344005436,48344713947,708511
46800000000,50400000000,48344713947,48344713971,24
46800000000,50400000000,48344713971,48344741001,27030
46800000000,50400000000,48344741001,48345490046,749045
46800000000,50400000000,48345490046,48346596226,1106180
46800000000,50400000000,48346596226,48347452722,856496
46800000000,50400000000,48347452722,48348220725,768003
46800000000,50400000000,48348220725,48349049363,828638
46800000000,50400000000,48349049363,48349938446,889083
46800000000,50400000000,48349938446,48349975130,36684
46800000000,50400000000,48349975130,48349980300,5170
46800000000,50400000000,48349980300,48351585829,1605529
46800000000,50400000000,48351585829,48351585841,12
46800000000,50400000000,48351585841,48352429031,843190
46800000000,50400000000,48352429031,48355081138,2652107
46800000000,50400000000,48355081138,48355107468,26330
46800000000,50400000000,48355107468,48355115624,8156
46800000000,50400000000,48355115624,48355119865,4241
46800000000,50400000000,48355119865,48355122365,2500
46800000000,50400000000,48355122365,48356593864,1471499
46800000000,50400000000,48356593864,48356593868,4
46800000000,50400000000,48356593868,48356593869,1
46800000000,50400000000,48356593869,48356593894,25
46800000000,50400000000,48356593894,48356594733,839
46800000000,50400000000,48356594733,48356594765,32
46800000000,50400000000,48356594765,48357699698,1104933
46800000000,50400000000,48357699698,48357699736,38
46800000000,50400000000,48357699736,48359907395,2207659
46800000000,50400000000,48359907395,48359912032,4637
46800000000,50400000000,48359912032,48362325623,2413591
46800000000,50400000000,48362325623,48362325641,18
46800000000,50400000000,48362325641,48369853781,7528140
46800000000,50400000000,48369853781,48377219330,7365549
46800000000,50400000000,48377219330,48378352450,1133120
46800000000,50400000000,48378352450,48378352453,3
46800000000,50400000000,48378352453,48380076042,1723589
46800000000,50400000000,48380076042,48389549597,9473555
46800000000,50400000000,48389549597,48398444771,8895174
46800000000,50400000000,48398444771,48398444775,4
46800000000,50400000000,48398444775,48398444801,26
46800000000,50400000000,48398444801,48398444808,7
46800000000,50400000000,48398444808,48400821583,2376775
46800000000,50400000000,48400821583,48402452831,1631248
46800000000,50400000000,48402452831,48404309840,1857009
46800000000,50400000000,48404309840,48405765236,1455396
46800000000,50400000000,48405765236,48416548396,10783160
46800000000,50400000000,48416548396,48416556060,7664
46800000000,50400000000,48416556060,48416561550,5490
46800000000,50400000000,48416561550,48417351151,789601
46800000000,50400000000,48417351151,48418119773,768622
46800000000,50400000000,48418119773,48418119777,4
46800000000,50400000000,48418119777,48418119847,70
46800000000,50400000000,48418119847,48418119851,4
46800000000,50400000000,48418119851,48418899003,779152
46800000000,50400000000,48418899003,48418899029,26
46800000000,50400000000,48418899029,48418900631,1602
46800000000,50400000000,48418900631,48422407172,3506541
46800000000,50400000000,48422407172,48422554598,147426
46800000000,50400000000,48422554598,48423337472,782874
46800000000,50400000000,48423337472,48424094470,756998
46800000000,50400000000,48424094470,48424131050,36580
46800000000,50400000000,48424131050,48424945947,814897
46800000000,50400000000,48424945947,48425749449,803502
46800000000,50400000000,48425749449,48429544152,3794703
46800000000,50400000000,48429544152,48437154194,7610042
46800000000,50400000000,48437154194,48440431901,3277707
46800000000,50400000000,48440431901,48441138527,706626
46800000000,50400000000,48441138527,48441855455,716928
46800000000,50400000000,48441855455,48442571908,716453
46800000000,50400000000,48442571908,48442571912,4
46800000000,50400000000,48442571912,48443720175,1148263
46800000000,50400000000,48443720175,48446499174,2778999
46800000000,50400000000,48446499174,48448642774,2143600
46800000000,50400000000,48448642774,48455306912,6664138
46800000000,50400000000,48455306912,48457803705,2496793
46800000000,50400000000,48457803705,48459272675,1468970
46800000000,50400000000,48459272675,48460158877,886202
46800000000,50400000000,48460158877,48460167220,8343
46800000000,50400000000,48460167220,48460172720,5500
46800000000,50400000000,48460172720,48461841122,1668402
46800000000,50400000000,48461841122,48461841153,31
46800000000,50400000000,48461841153,48461877707,36554
46800000000,50400000000,48461877707,48461877734,27
46800000000,50400000000,48461877734,48461877739,5
46800000000,50400000000,48461877739,48463583761,1706022
46800000000,50400000000,48463583761,48465556501,1972740
46800000000,50400000000,48465556501,48466411815,855314
46800000000,50400000000,48466411815,48466414758,2943
46800000000,50400000000,48466414758,48467926899,1512141
46800000000,50400000000,48467926899,48467926933,34
46800000000,50400000000,48467926933,48468006943,80010
46800000000,50400000000,48468006943,48468010053,3110
46800000000,50400000000,48468010053,48469511507,1501454
46800000000,50400000000,48469511507,48469511538,31
46800000000,50400000000,48469511538,48469542657,31119
46800000000,50400000000,48469542657,48469546240,3583
46800000000,50400000000,48469546240,48469557116,10876
46800000000,50400000000,48469557116,48469557154,38
46800000000,50400000000,48469557154,48469557159,5
46800000000,50400000000,48469557159,48469557166,7
46800000000,50400000000,48469557166,48471185706,1628540
46800000000,50400000000,48471185706,48471186364,658
46800000000,50400000000,48471186364,48477756832,6570468
46800000000,50400000000,48477756832,48485614678,7857846
46800000000,50400000000,48485614678,48486720704,1106026
46800000000,50400000000,48486720704,48487545577,824873
46800000000,50400000000,48487545577,48490588870,3043293
46800000000,50400000000,48490588870,48490591071,2201
46800000000,50400000000,48490591071,48493738079,3147008
46800000000,50400000000,48493738079,48493738096,17
46800000000,50400000000,48493738096,48494536393,798297
46800000000,50400000000,48494536393,48495411717,875324
46800000000,50400000000,48495411717,48496233717,822000
46800000000,50400000000,48496233717,48499818068,3584351
46800000000,50400000000,48499818068,48501447968,1629900
46800000000,50400000000,48501447968,48502292450,844482
46800000000,50400000000,48502292450,48503158855,866405
46800000000,50400000000,48503158855,48504002845,843990
46800000000,50400000000,48504002845,48504925424,922579
46800000000,50400000000,48504925424,48504932946,7522
46800000000,50400000000,48504932946,48504936317,3371
46800000000,50400000000,48504936317,48505715181,778864
46800000000,50400000000,48505715181,48506611456,896275
46800000000,50400000000,48506611456,48506611466,10
46800000000,50400000000,48506611466,48506611484,18
46800000000,50400000000,48506611484,48511850378,5238894
46800000000,50400000000,48511850378,48511850414,36
46800000000,50400000000,48511850414,48511850421,7
46800000000,50400000000,48511850421,48512801176,950755
46800000000,50400000000,48512801176,48516445930,3644754
46800000000,50400000000,48516445930,48524754931,8309001
46800000000,50400000000,48524754931,48524758470,3539
46800000000,50400000000,48524758470,48525782499,1024029
46800000000,50400000000,48525782499,48529702316,3919817
46800000000,50400000000,48529702316,48529702330,14
46800000000,50400000000,48529702330,48531998226,2295896
46800000000,50400000000,48531998226,48534541185,2542959
46800000000,50400000000,48534541185,48537457057,2915872
46800000000,50400000000,48537457057,48540957830,3500773
46800000000,50400000000,48540957830,48540957834,4
46800000000,50400000000,48540957834,48540961469,3635
46800000000,50400000000,48540961469,48543101484,2140015
46800000000,50400000000,48543101484,48543235498,134014
46800000000,50400000000,48543235498,48549417759,6182261
46800000000,50400000000,48549417759,48553787590,4369831
46800000000,50400000000,48553787590,48574980851,21193261
46800000000,50400000000,48574980851,48575035342,54491
46800000000,50400000000,48575035342,48576644246,1608904
46800000000,50400000000,48576644246,48576644295,49
46800000000,50400000000,48576644295,48576644300,5
46800000000,50400000000,48576644300,48576644305,5
46800000000,50400000000,48576644305,48577768554,1124249
46800000000,50400000000,48577768554,48577842370,73816
46800000000,50400000000,48577842370,48579127734,1285364
46800000000,50400000000,48579127734,48579127761,27
46800000000,50400000000,48579127761,48579127766,5
46800000000,50400000000,48579127766,48591622949,12495183
46800000000,50400000000,48591622949,48594390955,2768006
46800000000,50400000000,48594390955,48596196121,1805166
46800000000,50400000000,48596196121,48600208021,4011900
46800000000,50400000000,48600208021,48601443419,1235398
46800000000,50400000000,48601443419,48604835985,3392566
46800000000,50400000000,48604835985,48604843491,7506
46800000000,50400000000,48604843491,48605873519,1030028
46800000000,50400000000,48605873519,48605887010,13491
46800000000,50400000000,48605887010,48605900422,13412
46800000000,50400000000,48605900422,48606922671,1022249
46800000000,50400000000,48606922671,48607943147,1020476
46800000000,50400000000,48607943147,48607943158,11
46800000000,50400000000,48607943158,48609370130,1426972
46800000000,50400000000,48609370130,48610264352,894222
46800000000,50400000000,48610264352,48610264416,64
46800000000,50400000000,48610264416,48610264777,361
46800000000,50400000000,48610264777,48610264795,18
46800000000,50400000000,48610264795,48611233314,968519
46800000000,50400000000,48611233314,48611276819,43505
46800000000,50400000000,48611276819,48611289680,12861
46800000000,50400000000,48611289680,48611292158,2478
46800000000,50400000000,48611292158,48611294676,2518
46800000000,50400000000,48611294676,48611296888,2212
46800000000,50400000000,48611296888,48611298878,1990
46800000000,50400000000,48611298878,48611301141,2263
46800000000,50400000000,48611301141,48611305504,4363
46800000000,50400000000,48611305504,48611308851,3347
46800000000,50400000000,48611308851,48611311352,2501
46800000000,50400000000,48611311352,48613207646,1896294
46800000000,50400000000,48613207646,48613207658,12
46800000000,50400000000,48613207658,48613207671,13
46800000000,50400000000,48613207671,48613207693,22
46800000000,50400000000,48613207693,48613207705,12
46800000000,50400000000,48613207705,48613207724,19
46800000000,50400000000,48613207724,48613207735,11
46800000000,50400000000,48613207735,48613207746,11
46800000000,50400000000,48613207746,48613207757,11
46800000000,50400000000,48613207757,48613207768,11
46800000000,50400000000,48613207768,48623252902,10045134
46800000000,50400000000,48623252902,48623253379,477
46800000000,50400000000,48623253379,48623253384,5
46800000000,50400000000,48623253384,48625104812,1851428
46800000000,50400000000,48625104812,48627169401,2064589
46800000000,50400000000,48627169401,48639774285,12604884
46800000000,50400000000,48639774285,48639774287,2
46800000000,50400000000,48639774287,48642024177,2249890
46800000000,50400000000,48642024177,48644921549,2897372
46800000000,50400000000,48644921549,48646702380,1780831
46800000000,50400000000,48646702380,48649383497,2681117
46800000000,50400000000,48649383497,48650235213,851716
46800000000,50400000000,48650235213,48651168180,932967
46800000000,50400000000,48651168180,48653244488,2076308
46800000000,50400000000,48653244488,48654336055,1091567
46800000000,50400000000,48654336055,48655147268,811213
46800000000,50400000000,48655147268,48656007880,860612
46800000000,50400000000,48656007880,48656038000,30120
46800000000,50400000000,48656038000,48656835815,797815
46800000000,50400000000,48656835815,48658399946,1564131
46800000000,50400000000,48658399946,48660780818,2380872
46800000000,50400000000,48660780818,48661688430,907612
46800000000,50400000000,48661688430,48661690833,2403
46800000000,50400000000,48661690833,48661693267,2434
46800000000,50400000000,48661693267,48661696243,2976
46800000000,50400000000,48661696243,48661703624,7381
46800000000,50400000000,48661703624,48663746572,2042948
46800000000,50400000000,48663746572,48663746585,13
46800000000,50400000000,48663746585,48663746808,223
46800000000,50400000000,48663746808,48663746812,4
46800000000,50400000000,48663746812,48663746813,1
46800000000,50400000000,48663746813,48663746814,1
46800000000,50400000000,48663746814,48663746834,20
46800000000,50400000000,48663746834,48664515096,768262
46800000000,50400000000,48664515096,48664515121,25
46800000000,50400000000,48664515121,48664515322,201
46800000000,50400000000,48664515322,48668332182,3816860
46800000000,50400000000,48668332182,48673535979,5203797
46800000000,50400000000,48673535979,48676038186,2502207
46800000000,50400000000,48676038186,48676848088,809902
46800000000,50400000000,48676848088,48679086227,2238139
46800000000,50400000000,48679086227,48679086230,3
46800000000,50400000000,48679086230,48680917561,1831331
46800000000,50400000000,48680917561,48685020331,4102770
46800000000,50400000000,48685020331,48685996689,976358
46800000000,50400000000,48685996689,48689005278,3008589
46800000000,50400000000,48689005278,48689005283,5
46800000000,50400000000,48689005283,48689005284,1
46800000000,50400000000,48689005284,48690797388,1792104
46800000000,50400000000,48690797388,48690800884,3496
46800000000,50400000000,48690800884,48690924988,124104
46800000000,50400000000,48690924988,48690925352,364
46800000000,50400000000,48690925352,48690925620,268
46800000000,50400000000,48690925620,48690925625,5
46800000000,50400000000,48690925625,48699797063,8871438
46800000000,50400000000,48699797063,48705281325,5484262
46800000000,50400000000,48705281325,48708071538,2790213
46800000000,50400000000,48708071538,48711770943,3699405
46800000000,50400000000,48711770943,48711787788,16845
46800000000,50400000000,48711787788,48711787872,84
46800000000,50400000000,48711787872,48711787878,6
46800000000,50400000000,48711787878,48713836520,2048642
46800000000,50400000000,48713836520,48716751543,2915023
46800000000,50400000000,48716751543,48720877275,4125732
46800000000,50400000000,48720877275,48722094154,1216879
46800000000,50400000000,48722094154,48723634496,1540342
46800000000,50400000000,48723634496,48723653804,19308
46800000000,50400000000,48723653804,48724918983,1265179
46800000000,50400000000,48724918983,48725004735,85752
46800000000,50400000000,48725004735,48726349578,1344843
46800000000,50400000000,48726349578,48726349663,85
46800000000,50400000000,48726349663,48728805575,2455912
46800000000,50400000000,48728805575,48733437939,4632364
46800000000,50400000000,48733437939,48737453920,4015981
46800000000,50400000000,48737453920,48747246111,9792191
46800000000,50400000000,48747246111,48747250494,4383
46800000000,50400000000,48747250494,48747254361,3867
46800000000,50400000000,48747254361,48749183164,1928803
46800000000,50400000000,48749183164,48749183174,10
46800000000,50400000000,48749183174,48749183185,11
46800000000,50400000000,48749183185,48749212193,29008
46800000000,50400000000,48749212193,48751106705,1894512
46800000000,50400000000,48751106705,48757249975,6143270
46800000000,50400000000,48757249975,48758238053,988078
46800000000,50400000000,48758238053,48767659354,9421301
46800000000,50400000000,48767659354,48775576352,7916998
46800000000,50400000000,48775576352,48775576712,360
46800000000,50400000000,48775576712,48781434682,5857970
46800000000,50400000000,48781434682,48781434686,4
46800000000,50400000000,48781434686,48781434690,4
46800000000,50400000000,48781434690,48781434705,15
46800000000,50400000000,48781434705,48783431381,1996676
46800000000,50400000000,48783431381,48783433684,2303
46800000000,50400000000,48783433684,48785198082,1764398
46800000000,50400000000,48785198082,48785198103,21
46800000000,50400000000,48785198103,48786390440,1192337
46800000000,50400000000,48786390440,48788187718,1797278
46800000000,50400000000,48788187718,48790061849,1874131
46800000000,50400000000,48790061849,48796324666,6262817
46800000000,50400000000,48796324666,48796332136,7470
46800000000,50400000000,48796332136,48796334342,2206
46800000000,50400000000,48796334342,48798463101,2128759
46800000000,50400000000,48798463101,48798463113,12
46800000000,50400000000,48798463113,48798463125,12
46800000000,50400000000,48798463125,48799316657,853532
46800000000,50400000000,48799316657,48810450930,11134273
46800000000,50400000000,48810450930,48810453786,2856
46800000000,50400000000,48810453786,48810456346,2560
46800000000,50400000000,48810456346,48810458608,2262
46800000000,50400000000,48810458608,48812357782,1899174
46800000000,50400000000,48812357782,48812357800,18
46800000000,50400000000,48812357800,48812357823,23
46800000000,50400000000,48812357823,48812357840,17
46800000000,50400000000,48812357840,48822125243,9767403
46800000000,50400000000,48822125243,48825405921,3280678
46800000000,50400000000,48825405921,48825411354,5433
46800000000,50400000000,48825411354,48825414604,3250
46800000000,50400000000,48825414604,48826343830,929226
46800000000,50400000000,48826343830,48827333886,990056
46800000000,50400000000,48827333886,48827334142,256
46800000000,50400000000,48827334142,48827335072,930
46800000000,50400000000,48827335072,48829295076,1960004
46800000000,50400000000,48829295076,48829663104,368028
46800000000,50400000000,48829663104,48829663161,57
46800000000,50400000000,48829663161,48829663166,5
46800000000,50400000000,48829663166,48831707733,2044567
46800000000,50400000000,48831707733,48832640035,932302
46800000000,50400000000,48832640035,48838010747,5370712
46800000000,50400000000,48838010747,48843192393,5181646
46800000000,50400000000,48843192393,48846224745,3032352
46800000000,50400000000,48846224745,48847183628,958883
46800000000,50400000000,48847183628,48850251906,3068278
46800000000,50400000000,48850251906,48850251964,58
46800000000,50400000000,48850251964,48850251971,7
46800000000,50400000000,48850251971,48850251978,7
46800000000,50400000000,48850251978,48852694068,2442090
46800000000,50400000000,48852694068,48854625247,1931179
46800000000,50400000000,48854625247,48854625262,15
46800000000,50400000000,48854625262,48857205906,2580644
46800000000,50400000000,48857205906,48858883621,1677715
46800000000,50400000000,48858883621,48859727910,844289
46800000000,50400000000,48859727910,48861394602,1666692
46800000000,50400000000,48861394602,48861418395,23793
46800000000,50400000000,48861418395,48861423705,5310
46800000000,50400000000,48861423705,48863555204,2131499
46800000000,50400000000,48863555204,48863555208,4
46800000000,50400000000,48863555208,48863555209,1
46800000000,50400000000,48863555209,48863555210,1
46800000000,50400000000,48863555210,48863555274,64
46800000000,50400000000,48863555274,48864416568,861294
46800000000,50400000000,48864416568,48864416723,155
46800000000,50400000000,48864416723,48864417764,1041
46800000000,50400000000,48864417764,48864851388,433624
46800000000,50400000000,48864851388,48865796856,945468
46800000000,50400000000,48865796856,48865796954,98
46800000000,50400000000,48865796954,48865796959,5
46800000000,50400000000,48865796959,48865796966,7
46800000000,50400000000,48865796966,48868224676,2427710
46800000000,50400000000,48868224676,48874266627,6041951
46800000000,50400000000,48874266627,48874275171,8544
46800000000,50400000000,48874275171,48876123912,1848741
46800000000,50400000000,48876123912,48876123944,32
46800000000,50400000000,48876123944,48880630395,4506451
46800000000,50400000000,48880630395,48887933007,7302612
46800000000,50400000000,48887933007,48887936970,3963
46800000000,50400000000,48887936970,48889606942,1669972
46800000000,50400000000,48889606942,48889606946,4
46800000000,50400000000,48889606946,48889606947,1
46800000000,50400000000,48889606947,48889606974,27
46800000000,50400000000,48889606974,48890510386,903412
46800000000,50400000000,48890510386,48890510461,75
46800000000,50400000000,48890510461,48898161336,7650875
46800000000,50400000000,48898161336,48898161890,554
46800000000,50400000000,48898161890,48900074177,1912287
46800000000,50400000000,48900074177,48901347927,1273750
46800000000,50400000000,48901347927,48903185368,1837441
46800000000,50400000000,48903185368,48904097016,911648
46800000000,50400000000,48904097016,48904097105,89
46800000000,50400000000,48904097105,48904097110,5
46800000000,50400000000,48904097110,48904097115,5
46800000000,50400000000,48904097115,48907189207,3092092
46800000000,50400000000,48907189207,48908809956,1620749
46800000000,50400000000,48908809956,48910683185,1873229
46800000000,50400000000,48910683185,48912441742,1758557
46800000000,50400000000,48912441742,48913472878,1031136
46800000000,50400000000,48913472878,48913472997,119
46800000000,50400000000,48913472997,48913473002,5
46800000000,50400000000,48913473002,48913473007,5
46800000000,50400000000,48913473007,48917248893,3775886
46800000000,50400000000,48917248893,48918850714,1601821
46800000000,50400000000,48918850714,48920463165,1612451
46800000000,50400000000,48920463165,48921342508,879343
46800000000,50400000000,48921342508,48922948974,1606466
46800000000,50400000000,48922948974,48926517119,3568145
46800000000,50400000000,48926517119,48928532334,2015215
46800000000,50400000000,48928532334,48933498564,4966230
46800000000,50400000000,48933498564,48933498567,3
46800000000,50400000000,48933498567,48936072741,2574174
46800000000,50400000000,48936072741,48936077087,4346
46800000000,50400000000,48936077087,48936079691,2604
46800000000,50400000000,48936079691,48936083276,3585
46800000000,50400000000,48936083276,48936083346,70
46800000000,50400000000,48936083346,48936083351,5
46800000000,50400000000,48936083351,48936083356,5
46800000000,50400000000,48936083356,48937829561,1746205
46800000000,50400000000,48937829561,48937829574,13
46800000000,50400000000,48937829574,48937829597,23
46800000000,50400000000,48937829597,48946743118,8913521
46800000000,50400000000,48946743118,48946743499,381
46800000000,50400000000,48946743499,48946743501,2
46800000000,50400000000,48946743501,48946743902,401
46800000000,50400000000,48946743902,48950496547,3752645
46800000000,50400000000,48950496547,48956587681,6091134
46800000000,50400000000,48956587681,48958118562,1530881
46800000000,50400000000,48958118562,48960468270,2349708
46800000000,50400000000,48960468270,48962441238,1972968
46800000000,50400000000,48962441238,48967322229,4880991
46800000000,50400000000,48967322229,48968933607,1611378
46800000000,50400000000,48968933607,48969834804,901197
46800000000,50400000000,48969834804,48969837103,2299
46800000000,50400000000,48969837103,48969837108,5
46800000000,50400000000,48969837108,48973407206,3570098
46800000000,50400000000,48973407206,48973409316,2110
46800000000,50400000000,48973409316,48973411487,2171
46800000000,50400000000,48973411487,48973415173,3686
46800000000,50400000000,48973415173,48975853568,2438395
46800000000,50400000000,48975853568,48975856079,2511
46800000000,50400000000,48975856079,48975856103,24
46800000000,50400000000,48975856103,48975856126,23
46800000000,50400000000,48975856126,48976698231,842105
46800000000,50400000000,48976698231,48977435649,737418
46800000000,50400000000,48977435649,48978351239,915590
46800000000,50400000000,48978351239,48979055713,704474
46800000000,50400000000,48979055713,48981033706,1977993
46800000000,50400000000,48981033706,48982994231,1960525
46800000000,50400000000,48982994231,48986334237,3340006
46800000000,50400000000,48986334237,48986405987,71750
46800000000,50400000000,48986405987,48986417338,11351
46800000000,50400000000,48986417338,48986425867,8529
46800000000,50400000000,48986425867,48987547602,1121735
46800000000,50400000000,48987547602,48987547744,142
46800000000,50400000000,48987547744,48987547750,6
46800000000,50400000000,48987547750,48987547756,6
46800000000,50400000000,48987547756,48988765456,1217700
46800000000,50400000000,48988765456,48988765487,31
46800000000,50400000000,48988765487,48988765680,193
46800000000,50400000000,48988765680,48988765839,159
46800000000,50400000000,48988765839,48988837516,71677
46800000000,50400000000,48988837516,48988837553,37
46800000000,50400000000,48988837553,48988837558,5
46800000000,50400000000,48988837558,48990062434,1224876
46800000000,50400000000,48990062434,48991999348,1936914
46800000000,50400000000,48991999348,48993474158,1474810
46800000000,50400000000,48993474158,48993474161,3
46800000000,50400000000,48993474161,48994796531,1322370
46800000000,50400000000,48994796531,48997643133,2846602
46800000000,50400000000,48997643133,48998571364,928231
46800000000,50400000000,48998571364,49000577387,2006023
46800000000,50400000000,49000577387,49002405725,1828338
46800000000,50400000000,49002405725,49002406145,420
46800000000,50400000000,49002406145,49006039232,3633087
46800000000,50400000000,49006039232,49008526315,2487083
46800000000,50400000000,49008526315,49012993012,4466697
46800000000,50400000000,49012993012,49013054043,61031
46800000000,50400000000,49013054043,49013065122,11079
46800000000,50400000000,49013065122,49013092887,27765
46800000000,50400000000,49013092887,49015439686,2346799
46800000000,50400000000,49015439686,49015439721,35
46800000000,50400000000,49015439721,49015439724,3
46800000000,50400000000,49015439724,49015439747,23
46800000000,50400000000,49015439747,49015439784,37
46800000000,50400000000,49015439784,49016544870,1105086
46800000000,50400000000,49016544870,49024119607,7574737
46800000000,50400000000,49024119607,49025686459,1566852
46800000000,50400000000,49025686459,49025743234,56775
46800000000,50400000000,49025743234,49028537103,2793869
46800000000,50400000000,49028537103,49028537106,3
46800000000,50400000000,49028537106,49028537153,47
46800000000,50400000000,49028537153,49029318679,781526
46800000000,50400000000,49029318679,49029365991,47312
46800000000,50400000000,49029365991,49037675022,8309031
46800000000,50400000000,49037675022,49037691384,16362
46800000000,50400000000,49037691384,49037695727,4343
46800000000,50400000000,49037695727,49037699790,4063
46800000000,50400000000,49037699790,49037705451,5661
46800000000,50400000000,49037705451,49037708342,2891
46800000000,50400000000,49037708342,49037710943,2601
46800000000,50400000000,49037710943,49040945422,3234479
46800000000,50400000000,49040945422,49040945425,3
46800000000,50400000000,49040945425,49040945486,61
46800000000,50400000000,49040945486,49040945503,17
46800000000,50400000000,49040945503,49040945942,439
46800000000,50400000000,49040945942,49040947470,1528
46800000000,50400000000,49040947470,49040949047,1577
46800000000,50400000000,49040949047,49040949064,17
46800000000,50400000000,49040949064,49041807383,858319
46800000000,50400000000,49041807383,49046409061,4601678
46800000000,50400000000,49046409061,49049557880,3148819
46800000000,50400000000,49049557880,49049561276,3396
46800000000,50400000000,49049561276,49052034358,2473082
46800000000,50400000000,49052034358,49052034394,36
46800000000,50400000000,49052034394,49059693798,7659404
46800000000,50400000000,49059693798,49059693825,27
46800000000,50400000000,49059693825,49059693830,5
46800000000,50400000000,49059693830,49060593669,899839
46800000000,50400000000,49060593669,49062415067,1821398
46800000000,50400000000,49062415067,49063585384,1170317
46800000000,50400000000,49063585384,49063590067,4683
46800000000,50400000000,49063590067,49063592757,2690
46800000000,50400000000,49063592757,49064388504,795747
46800000000,50400000000,49064388504,49064388705,201
46800000000,50400000000,49064388705,49064388752,47
46800000000,50400000000,49064388752,49064388757,5
46800000000,50400000000,49064388757,49065233120,844363
46800000000,50400000000,49065233120,49065233132,12
46800000000,50400000000,49065233132,49065233577,445
46800000000,50400000000,49065233577,49065233581,4
46800000000,50400000000,49065233581,49065997777,764196
46800000000,50400000000,49065997777,49069253421,3255644
46800000000,50400000000,49069253421,49069254028,607
46800000000,50400000000,49069254028,49070155646,901618
46800000000,50400000000,49070155646,49070987048,831402
46800000000,50400000000,49070987048,49072796229,1809181
46800000000,50400000000,49072796229,49075749740,2953511
46800000000,50400000000,49075749740,49077162426,1412686
46800000000,50400000000,49077162426,49079377313,2214887
46800000000,50400000000,49079377313,49080863891,1486578
46800000000,50400000000,49080863891,49080889920,26029
46800000000,50400000000,49080889920,49081635581,745661
46800000000,50400000000,49081635581,49083437526,1801945
46800000000,50400000000,49083437526,49083457130,19604
46800000000,50400000000,49083457130,49083457199,69
46800000000,50400000000,49083457199,49083457204,5
46800000000,50400000000,49083457204,49083457209,5
46800000000,50400000000,49083457209,49088182724,4725515
46800000000,50400000000,49088182724,49088188046,5322
46800000000,50400000000,49088188046,49089717803,1529757
46800000000,50400000000,49089717803,49089717834,31
46800000000,50400000000,49089717834,49089740520,22686
46800000000,50400000000,49089740520,49093105890,3365370
46800000000,50400000000,49093105890,49093920960,815070
46800000000,50400000000,49093920960,49093927648,6688
46800000000,50400000000,49093927648,49094695267,767619
46800000000,50400000000,49094695267,49094711301,16034
46800000000,50400000000,49094711301,49094715345,4044
46800000000,50400000000,49094715345,49095458137,742792
46800000000,50400000000,49095458137,49095458148,11
46800000000,50400000000,49095458148,49096907692,1449544
46800000000,50400000000,49096907692,49096907710,18
46800000000,50400000000,49096907710,49096954465,46755
46800000000,50400000000,49096954465,49099206475,2252010
46800000000,50400000000,49099206475,49100679216,1472741
46800000000,50400000000,49100679216,49100696527,17311
46800000000,50400000000,49100696527,49102152964,1456437
46800000000,50400000000,49102152964,49103666518,1513554
46800000000,50400000000,49103666518,49109565538,5899020
46800000000,50400000000,49109565538,49112786246,3220708
46800000000,50400000000,49112786246,49113508697,722451
46800000000,50400000000,49113508697,49114240162,731465
46800000000,50400000000,49114240162,49115326955,1086793
46800000000,50400000000,49115326955,49119960957,4634002
46800000000,50400000000,49119960957,49119965156,4199
46800000000,50400000000,49119965156,49119973500,8344
46800000000,50400000000,49119973500,49119973503,3
46800000000,50400000000,49119973503,49122157745,2184242
46800000000,50400000000,49122157745,49122157756,11
46800000000,50400000000,49122157756,49122157774,18
46800000000,50400000000,49122157774,49125116780,2959006
46800000000,50400000000,49125116780,49126160933,1044153
46800000000,50400000000,49126160933,49126161140,207
46800000000,50400000000,49126161140,49126161145,5
46800000000,50400000000,49126161145,49126991128,829983
46800000000,50400000000,49126991128,49128536995,1545867
46800000000,50400000000,49128536995,49130122575,1585580
46800000000,50400000000,49130122575,49138058504,7935929
46800000000,50400000000,49138058504,49138066398,7894
46800000000,50400000000,49138066398,49138068824,2426
46800000000,50400000000,49138068824,49140360255,2291431
46800000000,50400000000,49140360255,49140360267,12
46800000000,50400000000,49140360267,49140360292,25
46800000000,50400000000,49140360292,49141413084,1052792
46800000000,50400000000,49141413084,49142373904,960820
46800000000,50400000000,49142373904,49144477250,2103346
46800000000,50400000000,49144477250,49149656077,5178827
46800000000,50400000000,49149656077,49150502337,846260
46800000000,50400000000,49150502337,49151396071,893734
46800000000,50400000000,49151396071,49152977777,1581706
46800000000,50400000000,49152977777,49157914809,4937032
46800000000,50400000000,49157914809,49160735129,2820320
46800000000,50400000000,49160735129,49162313222,1578093
46800000000,50400000000,49162313222,49162322155,8933
46800000000,50400000000,49162322155,49163896659,1574504
46800000000,50400000000,49163896659,49163896663,4
46800000000,50400000000,49163896663,49163896664,1
46800000000,50400000000,49163896664,49163896665,1
46800000000,50400000000,49163896665,49163896874,209
46800000000,50400000000,49163896874,49164665173,768299
46800000000,50400000000,49164665173,49164665197,24
46800000000,50400000000,49164665197,49164669366,4169
46800000000,50400000000,49164669366,49180705757,16036391
46800000000,50400000000,49180705757,49180705919,162
46800000000,50400000000,49180705919,49180705928,9
46800000000,50400000000,49180705928,49186663052,5957124
46800000000,50400000000,49186663052,49188224226,1561174
46800000000,50400000000,49188224226,49188239725,15499
46800000000,50400000000,49188239725,49189835830,1596105
46800000000,50400000000,49189835830,49189851979,16149
46800000000,50400000000,49189851979,49189881644,29665
46800000000,50400000000,49189881644,49191479960,1598316
46800000000,50400000000,49191479960,49191479977,17
46800000000,50400000000,49191479977,49191703492,223515
46800000000,50400000000,49191703492,49193701899,1998407
46800000000,50400000000,49193701899,49194351329,649430
46800000000,50400000000,49194351329,49195909816,1558487
46800000000,50400000000,49195909816,49200301308,4391492
46800000000,50400000000,49200301308,49201886425,1585117
46800000000,50400000000,49201886425,49203613564,1727139
46800000000,50400000000,49203613564,49203619310,5746
46800000000,50400000000,49203619310,49204846914,1227604
46800000000,50400000000,49204846914,49205618128,771214
46800000000,50400000000,49205618128,49205649322,31194
46800000000,50400000000,49205649322,49205660493,11171
46800000000,50400000000,49205660493,49206455283,794790
46800000000,50400000000,49206455283,49206530153,74870
46800000000,50400000000,49206530153,49207390416,860263
46800000000,50400000000,49207390416,49207390427,11
46800000000,50400000000,49207390427,49208238301,847874
46800000000,50400000000,49208238301,49208238463,162
46800000000,50400000000,49208238463,49208238472,9
46800000000,50400000000,49208238472,49209195778,957306
46800000000,50400000000,49209195778,49210076223,880445
46800000000,50400000000,49210076223,49210109425,33202
46800000000,50400000000,49210109425,49210111715,2290
46800000000,50400000000,49210111715,49210114163,2448
46800000000,50400000000,49210114163,49210153578,39415
46800000000,50400000000,49210153578,49210153581,3
46800000000,50400000000,49210153581,49211759535,1605954
46800000000,50400000000,49211759535,49212579455,819920
46800000000,50400000000,49212579455,49212579473,18
46800000000,50400000000,49212579473,49212579477,4
46800000000,50400000000,49212579477,49212579478,1
46800000000,50400000000,49212579478,49212579499,21
46800000000,50400000000,49212579499,49212579509,10
46800000000,50400000000,49212579509,49212579535,26
46800000000,50400000000,49212579535,49213416597,837062
46800000000,50400000000,49213416597,49213416729,132
46800000000,50400000000,49213416729,49215440510,2023781
46800000000,50400000000,49215440510,49216934055,1493545
46800000000,50400000000,49216934055,49216965031,30976
46800000000,50400000000,49216965031,49216965110,79
46800000000,50400000000,49216965110,49216965115,5
46800000000,50400000000,49216965115,49216965120,5
46800000000,50400000000,49216965120,49217939734,974614
46800000000,50400000000,49217939734,49219565546,1625812
46800000000,50400000000,49219565546,49219587456,21910
46800000000,50400000000,49219587456,49219596066,8610
46800000000,50400000000,49219596066,49219596097,31
46800000000,50400000000,49219596097,49219596104,7
46800000000,50400000000,49219596104,49221300555,1704451
46800000000,50400000000,49221300555,49221317732,17177
46800000000,50400000000,49221317732,49222159197,841465
46800000000,50400000000,49222159197,49222168139,8942
46800000000,50400000000,49222168139,49222171163,3024
46800000000,50400000000,49222171163,49222990493,819330
46800000000,50400000000,49222990493,49223728906,738413
46800000000,50400000000,49223728906,49223728911,5
46800000000,50400000000,49223728911,49223728919,8
46800000000,50400000000,49223728919,49223728930,11
46800000000,50400000000,49223728930,49224532910,803980
46800000000,50400000000,49224532910,49224532915,5
46800000000,50400000000,49224532915,49224533048,133
46800000000,50400000000,49224533048,49224917422,384374
46800000000,50400000000,49224917422,49225986437,1069015
46800000000,50400000000,49225986437,49227680417,1693980
46800000000,50400000000,49227680417,49229221777,1541360
46800000000,50400000000,49229221777,49230084570,862793
46800000000,50400000000,49230084570,49230913925,829355
46800000000,50400000000,49230913925,49234841265,3927340
46800000000,50400000000,49234841265,49235613397,772132
46800000000,50400000000,49235613397,49235618542,5145
46800000000,50400000000,49235618542,49237545928,1927386
46800000000,50400000000,49237545928,49237725269,179341
46800000000,50400000000,49237725269,49237725271,2
46800000000,50400000000,49237725271,49239221798,1496527
46800000000,50400000000,49239221798,49243037508,3815710
46800000000,50400000000,49243037508,49245269931,2232423
46800000000,50400000000,49245269931,49246192419,922488
46800000000,50400000000,49246192419,49248147271,1954852
46800000000,50400000000,49248147271,49248151711,4440
46800000000,50400000000,49248151711,49248154392,2681
46800000000,50400000000,49248154392,49248156811,2419
46800000000,50400000000,49248156811,49248159200,2389
46800000000,50400000000,49248159200,49248161205,2005
46800000000,50400000000,49248161205,49248163173,1968
46800000000,50400000000,49248163173,49248165514,2341
46800000000,50400000000,49248165514,49249695330,1529816
46800000000,50400000000,49249695330,49249695354,24
46800000000,50400000000,49249695354,49249695378,24
46800000000,50400000000,49249695378,49249695409,31
46800000000,50400000000,49249695409,49249695441,32
46800000000,50400000000,49249695441,49249695465,24
46800000000,50400000000,49249695465,49249695489,24
46800000000,50400000000,49249695489,49249695500,11
46800000000,50400000000,49249695500,49254324116,4628616
46800000000,50400000000,49254324116,49258825556,4501440
46800000000,50400000000,49258825556,49259843946,1018390
46800000000,50400000000,49259843946,49262952878,3108932
46800000000,50400000000,49262952878,49265835544,2882666
46800000000,50400000000,49265835544,49265835547,3
46800000000,50400000000,49265835547,49267595543,1759996
46800000000,50400000000,49267595543,49268355231,759688
46800000000,50400000000,49268355231,49268355280,49
46800000000,50400000000,49268355280,49268355285,5
46800000000,50400000000,49268355285,49268355290,5
46800000000,50400000000,49268355290,49272952569,4597279
46800000000,50400000000,49272952569,49272953193,624
46800000000,50400000000,49272953193,49274618332,1665139
46800000000,50400000000,49274618332,49274618423,91
46800000000,50400000000,49274618423,49274618430,7
46800000000,50400000000,49274618430,49277652044,3033614
46800000000,50400000000,49277652044,49284932334,7280290
46800000000,50400000000,49284932334,49284940160,7826
46800000000,50400000000,49284940160,49284945155,4995
46800000000,50400000000,49284945155,49286549376,1604221
46800000000,50400000000,49286549376,49286549381,5
46800000000,50400000000,49286549381,49286549382,1
46800000000,50400000000,49286549382,49286549383,1
46800000000,50400000000,49286549383,49286549459,76
46800000000,50400000000,49286549459,49286549463,4
46800000000,50400000000,49286549463,49286549464,1
46800000000,50400000000,49286549464,49286549549,85
46800000000,50400000000,49286549549,49286549553,4
46800000000,50400000000,49286549553,49286549554,1
46800000000,50400000000,49286549554,49288356651,1807097
46800000000,50400000000,49288356651,49288357528,877
46800000000,50400000000,49288357528,49288357858,330
46800000000,50400000000,49288357858,49288357984,126
46800000000,50400000000,49288357984,49288358626,642
46800000000,50400000000,49288358626,49288358638,12
46800000000,50400000000,49288358638,49288358650,12
46800000000,50400000000,49288358650,49289308032,949382
46800000000,50400000000,49289308032,49297160427,7852395
46800000000,50400000000,49297160427,49297164762,4335
46800000000,50400000000,49297164762,49297170521,5759
46800000000,50400000000,49297170521,49297954578,784057
46800000000,50400000000,49297954578,49298779552,824974
46800000000,50400000000,49298779552,49298779556,4
46800000000,50400000000,49298779556,49298779557,1
46800000000,50400000000,49298779557,49298779558,1
46800000000,50400000000,49298779558,49298779615,57
46800000000,50400000000,49298779615,49298779628,13
46800000000,50400000000,49298779628,49299728235,948607
46800000000,50400000000,49299728235,49299728640,405
46800000000,50400000000,49299728640,49299729241,601
46800000000,50400000000,49299729241,49299777736,48495
46800000000,50400000000,49299777736,49301752343,1974607
46800000000,50400000000,49301752343,49309453521,7701178
46800000000,50400000000,49309453521,49311805027,2351506
46800000000,50400000000,49311805027,49318025390,6220363
46800000000,50400000000,49318025390,49321411171,3385781
46800000000,50400000000,49321411171,49321416387,5216
46800000000,50400000000,49321416387,49321426700,10313
46800000000,50400000000,49321426700,49321439331,12631
46800000000,50400000000,49321439331,49321442652,3321
46800000000,50400000000,49321442652,49321444661,2009
46800000000,50400000000,49321444661,49325506790,4062129
46800000000,50400000000,49325506790,49325506794,4
46800000000,50400000000,49325506794,49325506795,1
46800000000,50400000000,49325506795,49325506796,1
46800000000,50400000000,49325506796,49325507031,235
46800000000,50400000000,49325507031,49325507035,4
46800000000,50400000000,49325507035,49325507036,1
46800000000,50400000000,49325507036,49325507037,1
46800000000,50400000000,49325507037,49325507272,235
46800000000,50400000000,49325507272,49325507302,30
46800000000,50400000000,49325507302,49325507332,30
46800000000,50400000000,49325507332,49325507355,23
46800000000,50400000000,49325507355,49325507359,4
46800000000,50400000000,49325507359,49327996449,2489090
46800000000,50400000000,49327996449,49327996595,146
46800000000,50400000000,49327996595,49328002296,5701
46800000000,50400000000,49328002296,49328002436,140
46800000000,50400000000,49328002436,49328008092,5656
46800000000,50400000000,49328008092,49328008117,25
46800000000,50400000000,49328008117,49328008129,12
46800000000,50400000000,49328008129,49333273838,5265709
46800000000,50400000000,49333273838,49334057887,784049
46800000000,50400000000,49334057887,49334080335,22448
46800000000,50400000000,49334080335,49334083839,3504
46800000000,50400000000,49334083839,49334087486,3647
46800000000,50400000000,49334087486,49334090062,2576
46800000000,50400000000,49334090062,49334095847,5785
46800000000,50400000000,49334095847,49334099229,3382
46800000000,50400000000,49334099229,49334104803,5574
46800000000,50400000000,49334104803,49334115276,10473
46800000000,50400000000,49334115276,49334121770,6494
46800000000,50400000000,49334121770,49334127381,5611
46800000000,50400000000,49334127381,49334953082,825701
46800000000,50400000000,49334953082,49336138610,1185528
46800000000,50400000000,49336138610,49336138683,73
46800000000,50400000000,49336138683,49336138689,6
46800000000,50400000000,49336138689,49337118340,979651
46800000000,50400000000,49337118340,49337118344,4
46800000000,50400000000,49337118344,49337118345,1
46800000000,50400000000,49337118345,49337118579,234
46800000000,50400000000,49337118579,49337118583,4
46800000000,50400000000,49337118583,49337118584,1
46800000000,50400000000,49337118584,49337118811,227
46800000000,50400000000,49337118811,49337118964,153
46800000000,50400000000,49337118964,49337119131,167
46800000000,50400000000,49337119131,49337119202,71
46800000000,50400000000,49337119202,49337119306,104
46800000000,50400000000,49337119306,49337119466,160
46800000000,50400000000,49337119466,49337125116,5650
46800000000,50400000000,49337125116,49337130821,5705
46800000000,50400000000,49337130821,49337136454,5633
46800000000,50400000000,49337136454,49337136471,17
46800000000,50400000000,49337136471,49339503811,2367340
46800000000,50400000000,49339503811,49339503990,179
46800000000,50400000000,49339503990,49339504150,160
46800000000,50400000000,49339504150,49339509853,5703
46800000000,50400000000,49339509853,49339811105,301252
46800000000,50400000000,49339811105,49341623832,1812727
46800000000,50400000000,49341623832,49341645140,21308
46800000000,50400000000,49341645140,49343365966,1720826
46800000000,50400000000,49343365966,49343392125,26159
46800000000,50400000000,49343392125,49345668119,2275994
46800000000,50400000000,49345668119,49346040071,371952
46800000000,50400000000,49346040071,49346040138,67
46800000000,50400000000,49346040138,49346040143,5
46800000000,50400000000,49346040143,49348034993,1994850
46800000000,50400000000,49348034993,49349861550,1826557
46800000000,50400000000,49349861550,49349893840,32290
46800000000,50400000000,49349893840,49354378708,4484868
46800000000,50400000000,49354378708,49358306674,3927966
46800000000,50400000000,49358306674,49369438213,11131539
46800000000,50400000000,49369438213,49371253405,1815192
46800000000,50400000000,49371253405,49384428898,13175493
46800000000,50400000000,49384428898,49388305181,3876283
46800000000,50400000000,49388305181,49388327270,22089
46800000000,50400000000,49388327270,49395485749,7158479
46800000000,50400000000,49395485749,49397248101,1762352
46800000000,50400000000,49397248101,49399125678,1877577
46800000000,50400000000,49399125678,49412169006,13043328
46800000000,50400000000,49412169006,49413660184,1491178
46800000000,50400000000,49413660184,49416899586,3239402
46800000000,50400000000,49416899586,49416899674,88
46800000000,50400000000,49416899674,49416899679,5
46800000000,50400000000,49416899679,49416899686,7
46800000000,50400000000,49416899686,49428646170,11746484
46800000000,50400000000,49428646170,49428646345,175
46800000000,50400000000,49428646345,49428646352,7
46800000000,50400000000,49428646352,49435110962,6464610
46800000000,50400000000,49435110962,49435111145,183
46800000000,50400000000,49435111145,49443362079,8250934
46800000000,50400000000,49443362079,49445255930,1893851
46800000000,50400000000,49445255930,49445269376,13446
46800000000,50400000000,49445269376,49446129173,859797
46800000000,50400000000,49446129173,49446129241,68
46800000000,50400000000,49446129241,49446129248,7
46800000000,50400000000,49446129248,49447014390,885142
46800000000,50400000000,49447014390,49450106641,3092251
46800000000,50400000000,49450106641,49450109051,2410
46800000000,50400000000,49450109051,49450111531,2480
46800000000,50400000000,49450111531,49451643621,1532090
46800000000,50400000000,49451643621,49451643633,12
46800000000,50400000000,49451643633,49451643654,21
46800000000,50400000000,49451643654,49459746502,8102848
46800000000,50400000000,49459746502,49464918705,5172203
46800000000,50400000000,49464918705,49466728021,1809316
46800000000,50400000000,49466728021,49474183981,7455960
46800000000,50400000000,49474183981,49474192336,8355
46800000000,50400000000,49474192336,49475681353,1489017
46800000000,50400000000,49475681353,49475681357,4
46800000000,50400000000,49475681357,49475681358,1
46800000000,50400000000,49475681358,49475681359,1
46800000000,50400000000,49475681359,49476766826,1085467
46800000000,50400000000,49476766826,49476766877,51
46800000000,50400000000,49476766877,49476766904,27
46800000000,50400000000,49476766904,49476790623,23719
46800000000,50400000000,49476790623,49478364495,1573872
46800000000,50400000000,49478364495,49481835120,3470625
46800000000,50400000000,49481835120,49485801460,3966340
46800000000,50400000000,49485801460,49486884652,1083192
46800000000,50400000000,49486884652,49487664104,779452
46800000000,50400000000,49487664104,49491563344,3899240
46800000000,50400000000,49491563344,49491563381,37
46800000000,50400000000,49491563381,49491563386,5
46800000000,50400000000,49491563386,49503490098,11926712
46800000000,50400000000,49503490098,49504391351,901253
46800000000,50400000000,49504391351,49505192824,801473
46800000000,50400000000,49505192824,49506854694,1661870
46800000000,50400000000,49506854694,49517780529,10925835
46800000000,50400000000,49517780529,49522776561,4996032
46800000000,50400000000,49522776561,49524494215,1717654
46800000000,50400000000,49524494215,49535945414,11451199
46800000000,50400000000,49535945414,49535945416,2
46800000000,50400000000,49535945416,49536917576,972160
46800000000,50400000000,49536917576,49537857614,940038
46800000000,50400000000,49537857614,49563173068,25315454
46800000000,50400000000,49563173068,49564077270,904202
46800000000,50400000000,49564077270,49564098934,21664
46800000000,50400000000,49564098934,49564846895,747961
46800000000,50400000000,49564846895,49564875227,28332
46800000000,50400000000,49564875227,49565639764,764537
46800000000,50400000000,49565639764,49565639775,11
46800000000,50400000000,49565639775,49566435696,795921
46800000000,50400000000,49566435696,49566467047,31351
46800000000,50400000000,49566467047,49566486301,19254
46800000000,50400000000,49566486301,49566486304,3
46800000000,50400000000,49566486304,49566487270,966
46800000000,50400000000,49566487270,49567394409,907139
46800000000,50400000000,49567394409,49568208831,814422
46800000000,50400000000,49568208831,49568231616,22785
46800000000,50400000000,49568231616,49570622076,2390460
46800000000,50400000000,49570622076,49575640753,5018677
46800000000,50400000000,49575640753,49575734168,93415
46800000000,50400000000,49575734168,49575834021,99853
46800000000,50400000000,49575834021,49576584434,750413
46800000000,50400000000,49576584434,49577329511,745077
46800000000,50400000000,49577329511,49577329530,19
46800000000,50400000000,49577329530,49578145381,815851
46800000000,50400000000,49578145381,49585756041,7610660
46800000000,50400000000,49585756041,49585756158,117
46800000000,50400000000,49585756158,49585756518,360
46800000000,50400000000,49585756518,49585756523,5
46800000000,50400000000,49585756523,49586858444,1101921
46800000000,50400000000,49586858444,49586858473,29
46800000000,50400000000,49586858473,49586858479,6
46800000000,50400000000,49586858479,49594027461,7168982
46800000000,50400000000,49594027461,49595898596,1871135
46800000000,50400000000,49595898596,49602027045,6128449
46800000000,50400000000,49602027045,49602052955,25910
46800000000,50400000000,49602052955,49604378219,2325264
46800000000,50400000000,49604378219,49614818817,10440598
46800000000,50400000000,49614818817,49622325752,7506935
46800000000,50400000000,49622325752,49623158767,833015
46800000000,50400000000,49623158767,49623881159,722392
46800000000,50400000000,49623881159,49623881164,5
46800000000,50400000000,49623881164,49623898597,17433
46800000000,50400000000,49623898597,49624686902,788305
46800000000,50400000000,49624686902,49624686906,4
46800000000,50400000000,49624686906,49625482576,795670
46800000000,50400000000,49625482576,49638476876,12994300
46800000000,50400000000,49638476876,49638476879,3
46800000000,50400000000,49638476879,49652579081,14102202
46800000000,50400000000,49652579081,49652579643,562
46800000000,50400000000,49652579643,49652744827,165184
46800000000,50400000000,49652744827,49653571776,826949
46800000000,50400000000,49653571776,49654407029,835253
46800000000,50400000000,49654407029,49665092625,10685596
46800000000,50400000000,49665092625,49665093217,592
46800000000,50400000000,49665093217,49665093223,6
46800000000,50400000000,49665093223,49665093233,10
46800000000,50400000000,49665093233,49670318618,5225385
46800000000,50400000000,49670318618,49670318855,237
46800000000,50400000000,49670318855,49670318994,139
46800000000,50400000000,49670318994,49670319001,7
46800000000,50400000000,49670319001,49680557286,10238285
46800000000,50400000000,49680557286,49681879651,1322365
46800000000,50400000000,49681879651,49681879937,286
46800000000,50400000000,49681879937,49681879944,7
46800000000,50400000000,49681879944,49681879951,7
46800000000,50400000000,49681879951,49682995958,1116007
46800000000,50400000000,49682995958,49688554292,5558334
46800000000,50400000000,49688554292,49697452075,8897783
46800000000,50400000000,49697452075,49697483114,31039
46800000000,50400000000,49697483114,49698362150,879036
46800000000,50400000000,49698362150,49701371599,3009449
46800000000,50400000000,49701371599,49701371625,26
46800000000,50400000000,49701371625,49701996715,625090
46800000000,50400000000,49701996715,49714520838,12524123
46800000000,50400000000,49714520838,49717782036,3261198
46800000000,50400000000,49717782036,49721482103,3700067
46800000000,50400000000,49721482103,49723033647,1551544
46800000000,50400000000,49723033647,49723800473,766826
46800000000,50400000000,49723800473,49725816859,2016386
46800000000,50400000000,49725816859,49725833816,16957
46800000000,50400000000,49725833816,49725834029,213
46800000000,50400000000,49725834029,49725834036,7
46800000000,50400000000,49725834036,49725834043,7
46800000000,50400000000,49725834043,49726884640,1050597
46800000000,50400000000,49726884640,49726884769,129
46800000000,50400000000,49726884769,49726884776,7
46800000000,50400000000,49726884776,49726884783,7
46800000000,50400000000,49726884783,49730286536,3401753
46800000000,50400000000,49730286536,49734395522,4108986
46800000000,50400000000,49734395522,49734401826,6304
46800000000,50400000000,49734401826,49736220015,1818189
46800000000,50400000000,49736220015,49736220026,11
46800000000,50400000000,49736220026,49743488957,7268931
46800000000,50400000000,49743488957,49744294962,806005
46800000000,50400000000,49744294962,49745063646,768684
46800000000,50400000000,49745063646,49746198535,1134889
46800000000,50400000000,49746198535,49746946218,747683
46800000000,50400000000,49746946218,49746955066,8848
46800000000,50400000000,49746955066,49749268869,2313803
46800000000,50400000000,49749268869,49749268873,4
46800000000,50400000000,49749268873,49749268874,1
46800000000,50400000000,49749268874,49749269407,533
46800000000,50400000000,49749269407,49749269410,3
46800000000,50400000000,49749269410,49749269411,1
46800000000,50400000000,49749269411,49751590577,2321166
46800000000,50400000000,49751590577,49751601004,10427
46800000000,50400000000,49751601004,49751601377,373
46800000000,50400000000,49751601377,49751601388,11
46800000000,50400000000,49751601388,49758130065,6528677
46800000000,50400000000,49758130065,49758991714,861649
46800000000,50400000000,49758991714,49758997459,5745
46800000000,50400000000,49758997459,49763852102,4854643
46800000000,50400000000,49763852102,49763852107,5
46800000000,50400000000,49763852107,49763852108,1
46800000000,50400000000,49763852108,49763852164,56
46800000000,50400000000,49763852164,49764660003,807839
46800000000,50400000000,49764660003,49764660395,392
46800000000,50400000000,49764660395,49767849162,3188767
46800000000,50400000000,49767849162,49767849193,31
46800000000,50400000000,49767849193,49767849200,7
46800000000,50400000000,49767849200,49771309773,3460573
46800000000,50400000000,49771309773,49771314029,4256
46800000000,50400000000,49771314029,49772170035,856006
46800000000,50400000000,49772170035,49772170201,166
46800000000,50400000000,49772170201,49772170208,7
46800000000,50400000000,49772170208,49772170215,7
46800000000,50400000000,49772170215,49773086779,916564
46800000000,50400000000,49773086779,49773086795,16
46800000000,50400000000,49773086795,49784439531,11352736
46800000000,50400000000,49784439531,49784443274,3743
46800000000,50400000000,49784443274,49785206409,763135
46800000000,50400000000,49785206409,49786003500,797091
46800000000,50400000000,49786003500,49786003504,4
46800000000,50400000000,49786003504,49786003530,26
46800000000,50400000000,49786003530,49786817926,814396
46800000000,50400000000,49786817926,49786817938,12
46800000000,50400000000,49786817938,49788533562,1715624
46800000000,50400000000,49788533562,49788533874,312
46800000000,50400000000,49788533874,49788533881,7
46800000000,50400000000,49788533881,49788533888,7
46800000000,50400000000,49788533888,49796830034,8296146
46800000000,50400000000,49796830034,49796866507,36473
46800000000,50400000000,49796866507,49800456113,3589606
46800000000,50400000000,49800456113,49800456116,3
46800000000,50400000000,49800456116,49800456181,65
46800000000,50400000000,49800456181,49800456184,3
46800000000,50400000000,49800456184,49800456185,1
46800000000,50400000000,49800456185,49803745711,3289526
46800000000,50400000000,49803745711,49803746158,447
46800000000,50400000000,49803746158,49803746359,201
46800000000,50400000000,49803746359,49807348466,3602107
46800000000,50400000000,49807348466,49808983008,1634542
46800000000,50400000000,49808983008,49809010368,27360
46800000000,50400000000,49809010368,49809010976,608
46800000000,50400000000,49809010976,49809153594,142618
46800000000,50400000000,49809153594,49810004857,851263
46800000000,50400000000,49810004857,49810069922,65065
46800000000,50400000000,49810069922,49812089852,2019930
46800000000,50400000000,49812089852,49812089888,36
46800000000,50400000000,49812089888,49812111518,21630
46800000000,50400000000,49812111518,49820490046,8378528
46800000000,50400000000,49820490046,49821471493,981447
46800000000,50400000000,49821471493,49821951426,479933
46800000000,50400000000,49821951426,49822965930,1014504
46800000000,50400000000,49822965930,49823853441,887511
46800000000,50400000000,49823853441,49832219234,8365793
46800000000,50400000000,49832219234,49832223597,4363
46800000000,50400000000,49832223597,49833418108,1194511
46800000000,50400000000,49833418108,49833442990,24882
46800000000,50400000000,49833442990,49834443431,1000441
46800000000,50400000000,49834443431,49834443485,54
46800000000,50400000000,49834443485,49835624881,1181396
46800000000,50400000000,49835624881,49835624892,11
46800000000,50400000000,49835624892,49836695496,1070604
46800000000,50400000000,49836695496,49838829517,2134021
46800000000,50400000000,49838829517,49844923970,6094453
46800000000,50400000000,49844923970,49845655825,731855
46800000000,50400000000,49845655825,49846365122,709297
46800000000,50400000000,49846365122,49847167618,802496
46800000000,50400000000,49847167618,49854756906,7589288
46800000000,50400000000,49854756906,49856046124,1289218
46800000000,50400000000,49856046124,49856933643,887519
46800000000,50400000000,49856933643,49857820979,887336
46800000000,50400000000,49857820979,49857820981,2
46800000000,50400000000,49857820981,49858644634,823653
46800000000,50400000000,49858644634,49858649103,4469
46800000000,50400000000,49858649103,49859451936,802833
46800000000,50400000000,49859451936,49860316869,864933
46800000000,50400000000,49860316869,49860316873,4
46800000000,50400000000,49860316873,49860316874,1
46800000000,50400000000,49860316874,49860316935,61
46800000000,50400000000,49860316935,49861201783,884848
46800000000,50400000000,49861201783,49861202925,1142
46800000000,50400000000,49861202925,49861257033,54108
46800000000,50400000000,49861257033,49862852749,1595716
46800000000,50400000000,49862852749,49863712104,859355
46800000000,50400000000,49863712104,49866577104,2865000
46800000000,50400000000,49866577104,49870917997,4340893
46800000000,50400000000,49870917997,49875971665,5053668
46800000000,50400000000,49875971665,49883289671,7318006
46800000000,50400000000,49883289671,49883294401,4730
46800000000,50400000000,49883294401,49884964003,1669602
46800000000,50400000000,49884964003,49884964006,3
46800000000,50400000000,49884964006,49885700853,736847
46800000000,50400000000,49885700853,49885716473,15620
46800000000,50400000000,49885716473,49886461424,744951
46800000000,50400000000,49886461424,49898453268,11991844
46800000000,50400000000,49898453268,49898453497,229
46800000000,50400000000,49898453497,49898453502,5
46800000000,50400000000,49898453502,49898453507,5
46800000000,50400000000,49898453507,49901543569,3090062
46800000000,50400000000,49901543569,49901543682,113
46800000000,50400000000,49901543682,49901543693,11
46800000000,50400000000,49901543693,49906638223,5094530
46800000000,50400000000,49906638223,49906638338,115
46800000000,50400000000,49906638338,49906638345,7
46800000000,50400000000,49906638345,49911874246,5235901
46800000000,50400000000,49911874246,49918155270,6281024
46800000000,50400000000,49918155270,49920554487,2399217
46800000000,50400000000,49920554487,49922427418,1872931
46800000000,50400000000,49922427418,49929749894,7322476
46800000000,50400000000,49929749894,49929749929,35
46800000000,50400000000,49929749929,49929749986,57
46800000000,50400000000,49929749986,49929749991,5
46800000000,50400000000,49929749991,49931525282,1775291
46800000000,50400000000,49931525282,49933315812,1790530
46800000000,50400000000,49933315812,49933340738,24926
46800000000,50400000000,49933340738,49933343624,2886
46800000000,50400000000,49933343624,49934775596,1431972
46800000000,50400000000,49934775596,49934775609,13
46800000000,50400000000,49934775609,49937815869,3040260
46800000000,50400000000,49937815869,49939438247,1622378
46800000000,50400000000,49939438247,49945701502,6263255
46800000000,50400000000,49945701502,49947396171,1694669
46800000000,50400000000,49947396171,49948206159,809988
46800000000,50400000000,49948206159,49948206285,126
46800000000,50400000000,49948206285,49948206294,9
46800000000,50400000000,49948206294,49949067532,861238
46800000000,50400000000,49949067532,49952753660,3686128
46800000000,50400000000,49952753660,49961289846,8536186
46800000000,50400000000,49961289846,49964569802,3279956
46800000000,50400000000,49964569802,49970708780,6138978
46800000000,50400000000,49970708780,49974295370,3586590
46800000000,50400000000,49974295370,49976314165,2018795
46800000000,50400000000,49976314165,49977285393,971228
46800000000,50400000000,49977285393,49983471673,6186280
46800000000,50400000000,49983471673,49987928549,4456876
46800000000,50400000000,49987928549,49989645290,1716741
46800000000,50400000000,49989645290,49989645295,5
46800000000,50400000000,49989645295,49990440819,795524
46800000000,50400000000,49990440819,49990494524,53705
46800000000,50400000000,49990494524,49990494616,92
46800000000,50400000000,49990494616,49990494623,7
46800000000,50400000000,49990494623,49992363748,1869125
46800000000,50400000000,49992363748,49994193410,1829662
46800000000,50400000000,49994193410,49995081036,887626
46800000000,50400000000,49995081036,49996809661,1728625
46800000000,50400000000,49996809661,50001548417,4738756
46800000000,50400000000,50001548417,50003073923,1525506
46800000000,50400000000,50003073923,50004715197,1641274
46800000000,50400000000,50004715197,50006871921,2156724
46800000000,50400000000,50006871921,50014284966,7413045
46800000000,50400000000,50014284966,50014287711,2745
46800000000,50400000000,50014287711,50016052514,1764803
46800000000,50400000000,50016052514,50016052538,24
46800000000,50400000000,50016052538,50018582879,2530341
46800000000,50400000000,50018582879,50018582879,0
46800000000,50400000000,50018582879,50035881162,17298283
46800000000,50400000000,50035881162,50035881217,55
46800000000,50400000000,50035881217,50035881224,7
46800000000,50400000000,50035881224,50037608167,1726943
46800000000,50400000000,50037608167,50037608170,3
46800000000,50400000000,50037608170,50039984982,2376812
46800000000,50400000000,50039984982,50041984345,1999363
46800000000,50400000000,50041984345,50041984345,0
46800000000,50400000000,50041984345,50047392132,5407787
46800000000,50400000000,50047392132,50050565800,3173668
46800000000,50400000000,50050565800,50050568485,2685
46800000000,50400000000,50050568485,50050568491,6
46800000000,50400000000,50050568491,50053248512,2680021
46800000000,50400000000,50053248512,50054044861,796349
46800000000,50400000000,50054044861,50054052222,7361
46800000000,50400000000,50054052222,50054059873,7651
46800000000,50400000000,50054059873,50054844761,784888
46800000000,50400000000,50054844761,50055683394,838633
46800000000,50400000000,50055683394,50055683405,11
46800000000,50400000000,50055683405,50055683416,11
46800000000,50400000000,50055683416,50060668149,4984733
46800000000,50400000000,50060668149,50064498842,3830693
46800000000,50400000000,50064498842,50066499985,2001143
46800000000,50400000000,50066499985,50073036430,6536445
46800000000,50400000000,50073036430,50074168833,1132403
46800000000,50400000000,50074168833,50077832151,3663318
46800000000,50400000000,50077832151,50082290859,4458708
46800000000,50400000000,50082290859,50089023598,6732739
46800000000,50400000000,50089023598,50090526090,1502492
46800000000,50400000000,50090526090,50098159144,7633054
46800000000,50400000000,50098159144,50098159235,91
46800000000,50400000000,50098159235,50098159241,6
46800000000,50400000000,50098159241,50101219240,3059999
46800000000,50400000000,50101219240,50103032357,1813117
46800000000,50400000000,50103032357,50105948903,2916546
46800000000,50400000000,50105948903,50107549518,1600615
46800000000,50400000000,50107549518,50111688822,4139304
46800000000,50400000000,50111688822,50112508164,819342
46800000000,50400000000,50112508164,50113301402,793238
46800000000,50400000000,50113301402,50113317511,16109
46800000000,50400000000,50113317511,50114156403,838892
46800000000,50400000000,50114156403,50114159610,3207
46800000000,50400000000,50114159610,50114917517,757907
46800000000,50400000000,50114917517,50115699508,781991
46800000000,50400000000,50115699508,50115699526,18
46800000000,50400000000,50115699526,50119177088,3477562
46800000000,50400000000,50119177088,50119177407,319
46800000000,50400000000,50119177407,50122287222,3109815
46800000000,50400000000,50122287222,50124929055,2641833
46800000000,50400000000,50124929055,50126519342,1590287
46800000000,50400000000,50126519342,50126576198,56856
46800000000,50400000000,50126576198,50126583155,6957
46800000000,50400000000,50126583155,50126588155,5000
46800000000,50400000000,50126588155,50127746801,1158646
46800000000,50400000000,50127746801,50128546598,799797
46800000000,50400000000,50128546598,50128546609,11
46800000000,50400000000,50128546609,50128546620,11
46800000000,50400000000,50128546620,50128546631,11
46800000000,50400000000,50128546631,50139186315,10639684
46800000000,50400000000,50139186315,50139186315,0
46800000000,50400000000,50139186315,50140400129,1213814
46800000000,50400000000,50140400129,50141107642,707513
46800000000,50400000000,50141107642,50141107644,2
46800000000,50400000000,50141107644,50141871911,764267
46800000000,50400000000,50141871911,50142677657,805746
46800000000,50400000000,50142677657,50153182367,10504710
46800000000,50400000000,50153182367,50153182536,169
46800000000,50400000000,50153182536,50153182541,5
46800000000,50400000000,50153182541,50153182546,5
46800000000,50400000000,50153182546,50157176385,3993839
46800000000,50400000000,50157176385,50158618728,1442343
46800000000,50400000000,50158618728,50160171659,1552931
46800000000,50400000000,50160171659,50162831633,2659974
46800000000,50400000000,50162831633,50164380011,1548378
46800000000,50400000000,50164380011,50165891948,1511937
46800000000,50400000000,50165891948,50165891951,3
46800000000,50400000000,50165891951,50166661688,769737
46800000000,50400000000,50166661688,50167391091,729403
46800000000,50400000000,50167391091,50167423585,32494
46800000000,50400000000,50167423585,50167423585,0
46800000000,50400000000,50167423585,50168111771,688186
46800000000,50400000000,50168111771,50169012723,900952
46800000000,50400000000,50169012723,50172591493,3578770
46800000000,50400000000,50172591493,50173396630,805137
46800000000,50400000000,50173396630,50174866009,1469379
46800000000,50400000000,50174866009,50177007990,2141981
46800000000,50400000000,50177007990,50183156251,6148261
46800000000,50400000000,50183156251,50184934318,1778067
46800000000,50400000000,50184934318,50188816849,3882531
46800000000,50400000000,50188816849,50188848288,31439
46800000000,50400000000,50188848288,50190328001,1479713
46800000000,50400000000,50190328001,50190328005,4
46800000000,50400000000,50190328005,50190328006,1
46800000000,50400000000,50190328006,50190330027,2021
46800000000,50400000000,50190330027,50190330031,4
46800000000,50400000000,50190330031,50190365065,35034
46800000000,50400000000,50190365065,50191912506,1547441
46800000000,50400000000,50191912506,50191912621,115
46800000000,50400000000,50191912621,50191912628,7
46800000000,50400000000,50191912628,50192775060,862432
46800000000,50400000000,50192775060,50192775105,45
46800000000,50400000000,50192775105,50192823340,48235
46800000000,50400000000,50192823340,50196291593,3468253
46800000000,50400000000,50196291593,50198695019,2403426
46800000000,50400000000,50198695019,50201542153,2847134
46800000000,50400000000,50201542153,50201553964,11811
46800000000,50400000000,50201553964,50201563194,9230
46800000000,50400000000,50201563194,50203000169,1436975
46800000000,50400000000,50203000169,50203002092,1923
46800000000,50400000000,50203002092,50217696949,14694857
46800000000,50400000000,50217696949,50219276176,1579227
46800000000,50400000000,50219276176,50221014434,1738258
46800000000,50400000000,50221014434,50222984993,1970559
46800000000,50400000000,50222984993,50237913540,14928547
46800000000,50400000000,50237913540,50239991490,2077950
46800000000,50400000000,50239991490,50245705967,5714477
46800000000,50400000000,50245705967,50245810134,104167
46800000000,50400000000,50245810134,50246667427,857293
46800000000,50400000000,50246667427,50247618286,950859
46800000000,50400000000,50247618286,50247698843,80557
46800000000,50400000000,50247698843,50255448456,7749613
46800000000,50400000000,50255448456,50255448460,4
46800000000,50400000000,50255448460,50255448517,57
46800000000,50400000000,50255448517,50255448522,5
46800000000,50400000000,50255448522,50263832468,8383946
46800000000,50400000000,50263832468,50263981923,149455
46800000000,50400000000,50263981923,50265451736,1469813
46800000000,50400000000,50265451736,50265451740,4
46800000000,50400000000,50265451740,50265451848,108
46800000000,50400000000,50265451848,50265451853,5
46800000000,50400000000,50265451853,50265451854,1
46800000000,50400000000,50265451854,50266226556,774702
46800000000,50400000000,50266226556,50266227594,1038
46800000000,50400000000,50266227594,50266230054,2460
46800000000,50400000000,50266230054,50268029538,1799484
46800000000,50400000000,50268029538,50269676004,1646466
46800000000,50400000000,50269676004,50274339967,4663963
46800000000,50400000000,50274339967,50274358447,18480
46800000000,50400000000,50274358447,50274358453,6
46800000000,50400000000,50274358453,50274362775,4322
46800000000,50400000000,50274362775,50276842354,2479579
46800000000,50400000000,50276842354,50276842696,342
46800000000,50400000000,50276842696,50283709529,6866833
46800000000,50400000000,50283709529,50283714535,5006
46800000000,50400000000,50283714535,50283714540,5
46800000000,50400000000,50283714540,50289738976,6024436
46800000000,50400000000,50289738976,50293638723,3899747
46800000000,50400000000,50293638723,50300134745,6496022
46800000000,50400000000,50300134745,50300139120,4375
46800000000,50400000000,50300139120,50302273477,2134357
46800000000,50400000000,50302273477,50302273489,12
46800000000,50400000000,50302273489,50312630503,10357014
46800000000,50400000000,50312630503,50314722163,2091660
46800000000,50400000000,50314722163,50314722167,4
46800000000,50400000000,50314722167,50316211912,1489745
46800000000,50400000000,50316211912,50322262040,6050128
46800000000,50400000000,50322262040,50322280759,18719
46800000000,50400000000,50322280759,50322883962,603203
46800000000,50400000000,50322883962,50323501034,617072
46800000000,50400000000,50323501034,50326143941,2642907
46800000000,50400000000,50326143941,50327829629,1685688
46800000000,50400000000,50327829629,50328619124,789495
46800000000,50400000000,50328619124,50331560879,2941755
46800000000,50400000000,50331560879,50334015646,2454767
46800000000,50400000000,50334015646,50335419218,1403572
46800000000,50400000000,50335419218,50336623398,1204180
46800000000,50400000000,50336623398,50336625654,2256
46800000000,50400000000,50336625654,50338068193,1442539
46800000000,50400000000,50338068193,50339252335,1184142
46800000000,50400000000,50339252335,50339252367,32
46800000000,50400000000,50339252367,50339276610,24243
46800000000,50400000000,50339276610,50341161260,1884650
46800000000,50400000000,50341161260,50341943189,781929
46800000000,50400000000,50341943189,50343530159,1586970
46800000000,50400000000,50343530159,50343545957,15798
46800000000,50400000000,50343545957,50350158041,6612084
46800000000,50400000000,50350158041,50351777725,1619684
46800000000,50400000000,50351777725,50351778105,380
46800000000,50400000000,50351778105,50351778234,129
46800000000,50400000000,50351778234,50351778239,5
46800000000,50400000000,50351778239,50351778244,5
46800000000,50400000000,50351778244,50360370701,8592457
46800000000,50400000000,50360370701,50361844223,1473522
46800000000,50400000000,50361844223,50362621872,777649
46800000000,50400000000,50362621872,50364129721,1507849
46800000000,50400000000,50364129721,50366342873,2213152
46800000000,50400000000,50366342873,50372695798,6352925
46800000000,50400000000,50372695798,50374114428,1418630
46800000000,50400000000,50374114428,50374845901,731473
46800000000,50400000000,50374845901,50376358326,1512425
46800000000,50400000000,50376358326,50380951387,4593061
46800000000,50400000000,50380951387,50382286022,1334635
46800000000,50400000000,50382286022,50395769377,13483355
46800000000,50400000000,50395769377,50397138490,1369113
50400000000,54000000000,50403882001,50405296757,1414756
50400000000,54000000000,50405296757,50412712270,7415513
50400000000,54000000000,50412712270,50413450009,737739
50400000000,54000000000,50413450009,50414138288,688279
50400000000,54000000000,50414138288,50414896649,758361
50400000000,54000000000,50414896649,50416291108,1394459
50400000000,54000000000,50416291108,50416295856,4748
50400000000,54000000000,50416295856,50417676547,1380691
50400000000,54000000000,50417676547,50417689749,13202
50400000000,54000000000,50417689749,50417693971,4222
50400000000,54000000000,50417693971,50419079180,1385209
50400000000,54000000000,50419079180,50419079197,17
50400000000,54000000000,50419079197,50419096200,17003
50400000000,54000000000,50419096200,50419100871,4671
50400000000,54000000000,50419100871,50420530784,1429913
50400000000,54000000000,50420530784,50420530795,11
50400000000,54000000000,50420530795,50420549006,18211
50400000000,54000000000,50420549006,50420553170,4164
50400000000,54000000000,50420553170,50420555641,2471
50400000000,54000000000,50420555641,50421980001,1424360
50400000000,54000000000,50421980001,50421980012,11
50400000000,54000000000,50421980012,50421980023,11
50400000000,54000000000,50421980023,50422943510,963487
50400000000,54000000000,50422943510,50430486341,7542831
50400000000,54000000000,50430486341,50431201211,714870
50400000000,54000000000,50431201211,50431226378,25167
50400000000,54000000000,50431226378,50431942338,715960
50400000000,54000000000,50431942338,50431956509,14171
50400000000,54000000000,50431956509,50432613441,656932
50400000000,54000000000,50432613441,50432613453,12
50400000000,54000000000,50432613453,50433590023,976570
50400000000,54000000000,50433590023,50434997874,1407851
50400000000,54000000000,50434997874,50434997971,97
50400000000,54000000000,50434997971,50434997976,5
50400000000,54000000000,50434997976,50435940272,942296
50400000000,54000000000,50435940272,50435940274,2
50400000000,54000000000,50435940274,50437256673,1316399
50400000000,54000000000,50437256673,50437276234,19561
50400000000,54000000000,50437276234,50443127295,5851061
50400000000,54000000000,50443127295,50443131824,4529
50400000000,54000000000,50443131824,50444860061,1728237
50400000000,54000000000,50444860061,50444860072,11
50400000000,54000000000,50444860072,50444873002,12930
50400000000,54000000000,50444873002,50446210242,1337240
50400000000,54000000000,50446210242,50451942570,5732328
50400000000,54000000000,50451942570,50453536756,1594186
50400000000,54000000000,50453536756,50454756261,1219505
50400000000,54000000000,50454756261,50457361643,2605382
50400000000,54000000000,50457361643,50458466244,1104601
50400000000,54000000000,50458466244,50459645264,1179020
50400000000,54000000000,50459645264,50461802706,2157442
50400000000,54000000000,50461802706,50468283064,6480358
50400000000,54000000000,50468283064,50468290923,7859
50400000000,54000000000,50468290923,50468290927,4
50400000000,54000000000,50468290927,50468290942,15
50400000000,54000000000,50468290942,50468291537,595
50400000000,54000000000,50468291537,50469956412,1664875
50400000000,54000000000,50469956412,50469956416,4
50400000000,54000000000,50469956416,50469956417,1
50400000000,54000000000,50469956417,50470121626,165209
50400000000,54000000000,50470121626,50470121630,4
50400000000,54000000000,50470121630,50470121645,15
50400000000,54000000000,50470121645,50470846195,724550
50400000000,54000000000,50470846195,50470847070,875
50400000000,54000000000,50470847070,50470912047,64977
50400000000,54000000000,50470912047,50470912050,3
50400000000,54000000000,50470912050,50472530101,1618051
50400000000,54000000000,50472530101,50479114915,6584814
50400000000,54000000000,50479114915,50480746154,1631239
50400000000,54000000000,50480746154,50480763181,17027
50400000000,54000000000,50480763181,50482424096,1660915
50400000000,54000000000,50482424096,50482424114,18
50400000000,54000000000,50482424114,50482424118,4
50400000000,54000000000,50482424118,50482424119,1
50400000000,54000000000,50482424119,50483300169,876050
50400000000,54000000000,50483300169,50483300554,385
50400000000,54000000000,50483300554,50486552019,3251465
50400000000,54000000000,50486552019,50487761204,1209185
50400000000,54000000000,50487761204,50490979998,3218794
50400000000,54000000000,50490979998,50491786254,806256
50400000000,54000000000,50491786254,50491786269,15
50400000000,54000000000,50491786269,50493269683,1483414
50400000000,54000000000,50493269683,50494716431,1446748
50400000000,54000000000,50494716431,50494964656,248225
50400000000,54000000000,50494964656,50514321573,19356917
50400000000,54000000000,50514321573,50515164817,843244
50400000000,54000000000,50515164817,50515164855,38
50400000000,54000000000,50515164855,50515164866,11
50400000000,54000000000,50515164866,50518503362,3338496
50400000000,54000000000,50518503362,50521152664,2649302
50400000000,54000000000,50521152664,50522385299,1232635
50400000000,54000000000,50522385299,50527764186,5378887
50400000000,54000000000,50527764186,50529100770,1336584
50400000000,54000000000,50529100770,50529128709,27939
50400000000,54000000000,50529128709,50529137597,8888
50400000000,54000000000,50529137597,50529143764,6167
50400000000,54000000000,50529143764,50531728391,2584627
50400000000,54000000000,50531728391,50534384995,2656604
50400000000,54000000000,50534384995,50536115517,1730522
50400000000,54000000000,50536115517,50536116522,1005
50400000000,54000000000,50536116522,50545146593,9030071
50400000000,54000000000,50545146593,50546178580,1031987
50400000000,54000000000,50546178580,50551544686,5366106
50400000000,54000000000,50551544686,50551544699,13
50400000000,54000000000,50551544699,50555400366,3855667
50400000000,54000000000,50555400366,50560117935,4717569
50400000000,54000000000,50560117935,50563618924,3500989
50400000000,54000000000,50563618924,50569491520,5872596
50400000000,54000000000,50569491520,50569599298,107778
50400000000,54000000000,50569599298,50571095968,1496670
50400000000,54000000000,50571095968,50577689997,6594029
50400000000,54000000000,50577689997,50587953237,10263240
50400000000,54000000000,50587953237,50597118776,9165539
50400000000,54000000000,50597118776,50600368978,3250202
50400000000,54000000000,50600368978,50607644771,7275793
50400000000,54000000000,50607644771,50609532591,1887820
50400000000,54000000000,50609532591,50610403099,870508
50400000000,54000000000,50610403099,50610403110,11
50400000000,54000000000,50610403110,50610403121,11
50400000000,54000000000,50610403121,50610454086,50965
50400000000,54000000000,50610454086,50610454705,619
50400000000,54000000000,50610454705,50611482084,1027379
50400000000,54000000000,50611482084,50611482088,4
50400000000,54000000000,50611482088,50612794311,1312223
50400000000,54000000000,50612794311,50617007357,4213046
50400000000,54000000000,50617007357,50620173338,3165981
50400000000,54000000000,50620173338,50622182061,2008723
50400000000,54000000000,50622182061,50623753102,1571041
50400000000,54000000000,50623753102,50628453484,4700382
50400000000,54000000000,50628453484,50628454649,1165
50400000000,54000000000,50628454649,50628454654,5
50400000000,54000000000,50628454654,50628454659,5
50400000000,54000000000,50628454659,50632655406,4200747
50400000000,54000000000,50632655406,50635155264,2499858
50400000000,54000000000,50635155264,50636008244,852980
50400000000,54000000000,50636008244,50639726952,3718708
50400000000,54000000000,50639726952,50639808493,81541
50400000000,54000000000,50639808493,50642156035,2347542
50400000000,54000000000,50642156035,50642294768,138733
50400000000,54000000000,50642294768,50644302527,2007759
50400000000,54000000000,50644302527,50645220024,917497
50400000000,54000000000,50645220024,50646895910,1675886
50400000000,54000000000,50646895910,50646922848,26938
50400000000,54000000000,50646922848,50646961325,38477
50400000000,54000000000,50646961325,50648798619,1837294
50400000000,54000000000,50648798619,50648798782,163
50400000000,54000000000,50648798782,50655629800,6831018
50400000000,54000000000,50655629800,50655634808,5008
50400000000,54000000000,50655634808,50655641426,6618
50400000000,54000000000,50655641426,50658101244,2459818
50400000000,54000000000,50658101244,50658101248,4
50400000000,54000000000,50658101248,50658101249,1
50400000000,54000000000,50658101249,50658101264,15
50400000000,54000000000,50658101264,50658101269,5
50400000000,54000000000,50658101269,50658101330,61
50400000000,54000000000,50658101330,50658101333,3
50400000000,54000000000,50658101333,50659674967,1573634
50400000000,54000000000,50659674967,50659674971,4
50400000000,54000000000,50659674971,50659675059,88
50400000000,54000000000,50659675059,50659675205,146
50400000000,54000000000,50659675205,50659675914,709
50400000000,54000000000,50659675914,50661431722,1755808
50400000000,54000000000,50661431722,50661488156,56434
50400000000,54000000000,50661488156,50668130156,6642000
50400000000,54000000000,50668130156,50670936327,2806171
50400000000,54000000000,50670936327,50670936330,3
50400000000,54000000000,50670936330,50670957354,21024
50400000000,54000000000,50670957354,50671747665,790311
50400000000,54000000000,50671747665,50672499293,751628
50400000000,54000000000,50672499293,50672539264,39971
50400000000,54000000000,50672539264,50674932035,2392771
50400000000,54000000000,50674932035,50676877303,1945268
50400000000,54000000000,50676877303,50679373880,2496577
50400000000,54000000000,50679373880,50680249932,876052
50400000000,54000000000,50680249932,50680256193,6261
50400000000,54000000000,50680256193,50682761557,2505364
50400000000,54000000000,50682761557,50682761560,3
50400000000,54000000000,50682761560,50682761561,1
50400000000,54000000000,50682761561,50682761644,83
50400000000,54000000000,50682761644,50683586314,824670
50400000000,54000000000,50683586314,50683586872,558
50400000000,54000000000,50683586872,50684545205,958333
50400000000,54000000000,50684545205,50684581449,36244
50400000000,54000000000,50684581449,50685458147,876698
50400000000,54000000000,50685458147,50687630313,2172166
50400000000,54000000000,50687630313,50692409786,4779473
50400000000,54000000000,50692409786,50692412380,2594
50400000000,54000000000,50692412380,50694782755,2370375
50400000000,54000000000,50694782755,50694782771,16
50400000000,54000000000,50694782771,50702199478,7416707
50400000000,54000000000,50702199478,50702211924,12446
50400000000,54000000000,50702211924,50703885021,1673097
50400000000,54000000000,50703885021,50707398862,3513841
50400000000,54000000000,50707398862,50707402338,3476
50400000000,54000000000,50707402338,50707412002,9664
50400000000,54000000000,50707412002,50710294465,2882463
50400000000,54000000000,50710294465,50712770354,2475889
50400000000,54000000000,50712770354,50712770416,62
50400000000,54000000000,50712770416,50712770419,3
50400000000,54000000000,50712770419,50712770454,35
50400000000,54000000000,50712770454,50715220504,2450050
50400000000,54000000000,50715220504,50715250044,29540
50400000000,54000000000,50715250044,50715250651,607
50400000000,54000000000,50715250651,50716330882,1080231
50400000000,54000000000,50716330882,50717965665,1634783
50400000000,54000000000,50717965665,50719886421,1920756
50400000000,54000000000,50719886421,50719978479,92058
50400000000,54000000000,50719978479,50719984407,5928
50400000000,54000000000,50719984407,50722433239,2448832
50400000000,54000000000,50722433239,50722433272,33
50400000000,54000000000,50722433272,50738759500,16326228
50400000000,54000000000,50738759500,50740498983,1739483
50400000000,54000000000,50740498983,50746177471,5678488
50400000000,54000000000,50746177471,50746181265,3794
50400000000,54000000000,50746181265,50747698324,1517059
50400000000,54000000000,50747698324,50747698365,41
50400000000,54000000000,50747698365,50749216311,1517946
50400000000,54000000000,50749216311,50750714010,1497699
50400000000,54000000000,50750714010,50750752115,38105
50400000000,54000000000,50750752115,50750752117,2
50400000000,54000000000,50750752117,50752595690,1843573
50400000000,54000000000,50752595690,50752612266,16576
50400000000,54000000000,50752612266,50754076174,1463908
50400000000,54000000000,50754076174,50754095479,19305
50400000000,54000000000,50754095479,50755586149,1490670
50400000000,54000000000,50755586149,50758619856,3033707
50400000000,54000000000,50758619856,50760047966,1428110
50400000000,54000000000,50760047966,50769105745,9057779
50400000000,54000000000,50769105745,50769111326,5581
50400000000,54000000000,50769111326,50769111407,81
50400000000,54000000000,50769111407,50769111415,8
50400000000,54000000000,50769111415,50770874022,1762607
50400000000,54000000000,50770874022,50778186754,7312732
50400000000,54000000000,50778186754,50778963397,776643
50400000000,54000000000,50778963397,50778963424,27
50400000000,54000000000,50778963424,50778963429,5
50400000000,54000000000,50778963429,50787669890,8706461
50400000000,54000000000,50787669890,50788515295,845405
50400000000,54000000000,50788515295,50788515298,3
50400000000,54000000000,50788515298,50790103501,1588203
50400000000,54000000000,50790103501,50793209576,3106075
50400000000,54000000000,50793209576,50793215023,5447
50400000000,54000000000,50793215023,50794668313,1453290
50400000000,54000000000,50794668313,50794668341,28
50400000000,54000000000,50794668341,50794668346,5
50400000000,54000000000,50794668346,50794668347,1
50400000000,54000000000,50794668347,50794686264,17917
50400000000,54000000000,50794686264,50795393017,706753
50400000000,54000000000,50795393017,50795393100,83
50400000000,54000000000,50795393100,50796123628,730528
50400000000,54000000000,50796123628,50796145033,21405
50400000000,54000000000,50796145033,50797966915,1821882
50400000000,54000000000,50797966915,50802301346,4334431
50400000000,54000000000,50802301346,50802301376,30
50400000000,54000000000,50802301376,50802301382,6
50400000000,54000000000,50802301382,50806653210,4351828
50400000000,54000000000,50806653210,50808614921,1961711
50400000000,54000000000,50808614921,50808639401,24480
50400000000,54000000000,50808639401,50808643234,3833
50400000000,54000000000,50808643234,50808647471,4237
50400000000,54000000000,50808647471,50810301050,1653579
50400000000,54000000000,50810301050,50810301085,35
50400000000,54000000000,50810301085,50810301096,11
50400000000,54000000000,50810301096,50810322399,21303
50400000000,54000000000,50810322399,50810327392,4993
50400000000,54000000000,50810327392,50811801306,1473914
50400000000,54000000000,50811801306,50812596271,794965
50400000000,54000000000,50812596271,50812596282,11
50400000000,54000000000,50812596282,50812619894,23612
50400000000,54000000000,50812619894,50812630447,10553
50400000000,54000000000,50812630447,50813433318,802871
50400000000,54000000000,50813433318,50814317348,884030
50400000000,54000000000,50814317348,50814317399,51
50400000000,54000000000,50814317399,50814420446,103047
50400000000,54000000000,50814420446,50816915979,2495533
50400000000,54000000000,50816915979,50816954759,38780
50400000000,54000000000,50816954759,50818893572,1938813
50400000000,54000000000,50818893572,50818894578,1006
50400000000,54000000000,50818894578,50818894594,16
50400000000,54000000000,50818894594,50824007081,5112487
50400000000,54000000000,50824007081,50827026498,3019417
50400000000,54000000000,50827026498,50827026507,9
50400000000,54000000000,50827026507,50827026550,43
50400000000,54000000000,50827026550,50827026557,7
50400000000,54000000000,50827026557,50827883065,856508
50400000000,54000000000,50827883065,50830821009,2937944
50400000000,54000000000,50830821009,50832488039,1667030
50400000000,54000000000,50832488039,50832511353,23314
50400000000,54000000000,50832511353,50833362791,851438
50400000000,54000000000,50833362791,50834114005,751214
50400000000,54000000000,50834114005,50834996965,882960
50400000000,54000000000,50834996965,50837647895,2650930
50400000000,54000000000,50837647895,50837647904,9
50400000000,54000000000,50837647904,50837648030,126
50400000000,54000000000,50837648030,50837648043,13
50400000000,54000000000,50837648043,50838657302,1009259
50400000000,54000000000,50838657302,50840772135,2114833
50400000000,54000000000,50840772135,50840772744,609
50400000000,54000000000,50840772744,50840773052,308
50400000000,54000000000,50840773052,50840773057,5
50400000000,54000000000,50840773057,50840773066,9
50400000000,54000000000,50840773066,50845472882,4699816
50400000000,54000000000,50845472882,50848016580,2543698
50400000000,54000000000,50848016580,50848879298,862718
50400000000,54000000000,50848879298,50848879301,3
50400000000,54000000000,50848879301,50850512209,1632908
50400000000,54000000000,50850512209,50850933962,421753
50400000000,54000000000,50850933962,50850933965,3
50400000000,54000000000,50850933965,50852642546,1708581
50400000000,54000000000,50852642546,50865209211,12566665
50400000000,54000000000,50865209211,50869204794,3995583
50400000000,54000000000,50869204794,50869210803,6009
50400000000,54000000000,50869210803,50869210812,9
50400000000,54000000000,50869210812,50869210955,143
50400000000,54000000000,50869210955,50869210962,7
50400000000,54000000000,50869210962,50870203869,992907
50400000000,54000000000,50870203869,50871046027,842158
50400000000,54000000000,50871046027,50871073566,27539
50400000000,54000000000,50871073566,50871933200,859634
50400000000,54000000000,50871933200,50873200862,1267662
50400000000,54000000000,50873200862,50873231464,30602
50400000000,54000000000,50873231464,50875169522,1938058
50400000000,54000000000,50875169522,50876169935,1000413
50400000000,54000000000,50876169935,50877937280,1767345
50400000000,54000000000,50877937280,50877955912,18632
50400000000,54000000000,50877955912,50879300063,1344151
50400000000,54000000000,50879300063,50880041445,741382
50400000000,54000000000,50880041445,50880045277,3832
50400000000,54000000000,50880045277,50881601867,1556590
50400000000,54000000000,50881601867,50881601897,30
50400000000,54000000000,50881601897,50882343500,741603
50400000000,54000000000,50882343500,50884118878,1775378
50400000000,54000000000,50884118878,50884118882,4
50400000000,54000000000,50884118882,50885854451,1735569
50400000000,54000000000,50885854451,50895717330,9862879
50400000000,54000000000,50895717330,50895720872,3542
50400000000,54000000000,50895720872,50897184579,1463707
50400000000,54000000000,50897184579,50897185520,941
50400000000,54000000000,50897185520,50898838182,1652662
50400000000,54000000000,50898838182,50898838209,27
50400000000,54000000000,50898838209,50898838214,5
50400000000,54000000000,50898838214,50906016967,7178753
50400000000,54000000000,50906016967,50906016976,9
50400000000,54000000000,50906016976,50906017019,43
50400000000,54000000000,50906017019,50906017026,7
50400000000,54000000000,50906017026,50906937626,920600
50400000000,54000000000,50906937626,50908535965,1598339
50400000000,54000000000,50908535965,50910880393,2344428
50400000000,54000000000,50910880393,50913292524,2412131
50400000000,54000000000,50913292524,50915683955,2391431
50400000000,54000000000,50915683955,50917535512,1851557
50400000000,54000000000,50917535512,50917658596,123084
50400000000,54000000000,50917658596,50919293271,1634675
50400000000,54000000000,50919293271,50920149582,856311
50400000000,54000000000,50920149582,50920157108,7526
50400000000,54000000000,50920157108,50922480084,2322976
50400000000,54000000000,50922480084,50922480087,3
50400000000,54000000000,50922480087,50922480088,1
50400000000,54000000000,50922480088,50922480210,122
50400000000,54000000000,50922480210,50922480214,4
50400000000,54000000000,50922480214,50923235712,755498
50400000000,54000000000,50923235712,50924283613,1047901
50400000000,54000000000,50924283613,50924287467,3854
50400000000,54000000000,50924287467,50925949767,1662300
50400000000,54000000000,50925949767,50928452683,2502916
50400000000,54000000000,50928452683,50928452811,128
50400000000,54000000000,50928452811,50928452816,5
50400000000,54000000000,50928452816,50934331594,5878778
50400000000,54000000000,50934331594,50943383211,9051617
50400000000,54000000000,50943383211,50944248058,864847
50400000000,54000000000,50944248058,50944252591,4533
50400000000,54000000000,50944252591,50945808353,1555762
50400000000,54000000000,50945808353,50945827191,18838
50400000000,54000000000,50945827191,50952336495,6509304
50400000000,54000000000,50952336495,50952336591,96
50400000000,54000000000,50952336591,50952336598,7
50400000000,54000000000,50952336598,50955714326,3377728
50400000000,54000000000,50955714326,50956460198,745872
50400000000,54000000000,50956460198,50957263981,803783
50400000000,54000000000,50957263981,50958005825,741844
50400000000,54000000000,50958005825,50962475162,4469337
50400000000,54000000000,50962475162,50963371159,895997
50400000000,54000000000,50963371159,50963371186,27
50400000000,54000000000,50963371186,50963371191,5
50400000000,54000000000,50963371191,50971802089,8430898
50400000000,54000000000,50971802089,50972635369,833280
50400000000,54000000000,50972635369,50974304032,1668663
50400000000,54000000000,50974304032,50978559785,4255753
50400000000,54000000000,50978559785,50986671051,8111266
50400000000,54000000000,50986671051,50986671335,284
50400000000,54000000000,50986671335,50989672173,3000838
50400000000,54000000000,50989672173,50989672188,15
50400000000,54000000000,50989672188,50997024442,7352254
50400000000,54000000000,50997024442,50997024669,227
50400000000,54000000000,50997024669,51003080428,6055759
50400000000,54000000000,51003080428,51004613869,1533441
50400000000,54000000000,51004613869,51004629729,15860
50400000000,54000000000,51004629729,51004645057,15328
50400000000,54000000000,51004645057,51004651262,6205
50400000000,54000000000,51004651262,51006085098,1433836
50400000000,54000000000,51006085098,51006085116,18
50400000000,54000000000,51006085116,51006085126,10
50400000000,54000000000,51006085126,51006132253,47127
50400000000,54000000000,51006132253,51006145067,12814
50400000000,54000000000,51006145067,51006899880,754813
50400000000,54000000000,51006899880,51007667086,767206
50400000000,54000000000,51007667086,51007667098,12
50400000000,54000000000,51007667098,51008546963,879865
50400000000,54000000000,51008546963,51009321404,774441
50400000000,54000000000,51009321404,51010067525,746121
50400000000,54000000000,51010067525,51010904583,837058
50400000000,54000000000,51010904583,51014279476,3374893
50400000000,54000000000,51014279476,51014279507,31
50400000000,54000000000,51014279507,51014279514,7
50400000000,54000000000,51014279514,51019283701,5004187
50400000000,54000000000,51019283701,51019286348,2647
50400000000,54000000000,51019286348,51019289880,3532
50400000000,54000000000,51019289880,51019293965,4085
50400000000,54000000000,51019293965,51021910000,2616035
50400000000,54000000000,51021910000,51021910118,118
50400000000,54000000000,51021910118,51021910129,11
50400000000,54000000000,51021910129,51021910140,11
50400000000,54000000000,51021910140,51022869588,959448
50400000000,54000000000,51022869588,51024429667,1560079
50400000000,54000000000,51024429667,51024923871,494204
50400000000,54000000000,51024923871,51024923873,2
50400000000,54000000000,51024923873,51026888959,1965086
50400000000,54000000000,51026888959,51031058442,4169483
50400000000,54000000000,51031058442,51032699763,1641321
50400000000,54000000000,51032699763,51032699767,4
50400000000,54000000000,51032699767,51032699771,4
50400000000,54000000000,51032699771,51032699786,15
50400000000,54000000000,51032699786,51033541620,841834
50400000000,54000000000,51033541620,51035212737,1671117
50400000000,54000000000,51035212737,51035252060,39323
50400000000,54000000000,51035252060,51036832064,1580004
50400000000,54000000000,51036832064,51036855071,23007
50400000000,54000000000,51036855071,51038906316,2051245
50400000000,54000000000,51038906316,51039798604,892288
50400000000,54000000000,51039798604,51041410355,1611751
50400000000,54000000000,51041410355,51041434311,23956
50400000000,54000000000,51041434311,51041434394,83
50400000000,54000000000,51041434394,51041434404,10
50400000000,54000000000,51041434404,51044346959,2912555
50400000000,54000000000,51044346959,51046691131,2344172
50400000000,54000000000,51046691131,51046691232,101
50400000000,54000000000,51046691232,51055026296,8335064
50400000000,54000000000,51055026296,51055784418,758122
50400000000,54000000000,51055784418,51056601332,816914
50400000000,54000000000,51056601332,51058234067,1632735
50400000000,54000000000,51058234067,51058603907,369840
50400000000,54000000000,51058603907,51063414903,4810996
50400000000,54000000000,51063414903,51063423786,8883
50400000000,54000000000,51063423786,51064219068,795282
50400000000,54000000000,51064219068,51065054002,834934
50400000000,54000000000,51065054002,51065918986,864984
50400000000,54000000000,51065918986,51065919102,116
50400000000,54000000000,51065919102,51065935529,16427
50400000000,54000000000,51065935529,51066647266,711737
50400000000,54000000000,51066647266,51067458999,811733
50400000000,54000000000,51067458999,51067459017,18
50400000000,54000000000,51067459017,51067486207,27190
50400000000,54000000000,51067486207,51068200525,714318
50400000000,54000000000,51068200525,51069006855,806330
50400000000,54000000000,51069006855,51071861229,2854374
50400000000,54000000000,51071861229,51077867368,6006139
50400000000,54000000000,51077867368,51083382342,5514974
50400000000,54000000000,51083382342,51085753614,2371272
50400000000,54000000000,51085753614,51087544258,1790644
50400000000,54000000000,51087544258,51087544267,9
50400000000,54000000000,51087544267,51087544359,92
50400000000,54000000000,51087544359,51087544366,7
50400000000,54000000000,51087544366,51089367475,1823109
50400000000,54000000000,51089367475,51097084529,7717054
50400000000,54000000000,51097084529,51097084539,10
50400000000,54000000000,51097084539,51097085415,876
50400000000,54000000000,51097085415,51097085509,94
50400000000,54000000000,51097085509,51098097581,1012072
50400000000,54000000000,51098097581,51099901922,1804341
50400000000,54000000000,51099901922,51108464498,8562576
50400000000,54000000000,51108464498,51108470129,5631
50400000000,54000000000,51108470129,51109269664,799535
50400000000,54000000000,51109269664,51110084124,814460
50400000000,54000000000,51110084124,51110108508,24384
50400000000,54000000000,51110108508,51110108511,3
50400000000,54000000000,51110108511,51111806126,1697615
50400000000,54000000000,51111806126,51111819644,13518
50400000000,54000000000,51111819644,51111819650,6
50400000000,54000000000,51111819650,51112696953,877303
50400000000,54000000000,51112696953,51113915188,1218235
50400000000,54000000000,51113915188,51113915198,10
50400000000,54000000000,51113915198,51121190135,7274937
50400000000,54000000000,51121190135,51129246593,8056458
50400000000,54000000000,51129246593,51129251989,5396
50400000000,54000000000,51129251989,51130843775,1591786
50400000000,54000000000,51130843775,51132383498,1539723
50400000000,54000000000,51132383498,51152474918,20091420
50400000000,54000000000,51152474918,51164366713,11891795
50400000000,54000000000,51164366713,51170693096,6326383
50400000000,54000000000,51170693096,51173166416,2473320
50400000000,54000000000,51173166416,51202516828,29350412
50400000000,54000000000,51202516828,51202516833,5
50400000000,54000000000,51202516833,51202516834,1
50400000000,54000000000,51202516834,51204742902,2226068
50400000000,54000000000,51204742902,51204742946,44
50400000000,54000000000,51204742946,51208997512,4254566
50400000000,54000000000,51208997512,51212252749,3255237
50400000000,54000000000,51212252749,51231335968,19083219
50400000000,54000000000,51231335968,51231336045,77
50400000000,54000000000,51231336045,51231336050,5
50400000000,54000000000,51231336050,51233191167,1855117
50400000000,54000000000,51233191167,51233191577,410
50400000000,54000000000,51233191577,51233191582,5
50400000000,54000000000,51233191582,51242272075,9080493
50400000000,54000000000,51242272075,51243905582,1633507
50400000000,54000000000,51243905582,51247651001,3745419
50400000000,54000000000,51247651001,51248529112,878111
50400000000,54000000000,51248529112,51248535011,5899
50400000000,54000000000,51248535011,51248541285,6274
50400000000,54000000000,51248541285,51249347031,805746
50400000000,54000000000,51249347031,51249383449,36418
50400000000,54000000000,51249383449,51249396881,13432
50400000000,54000000000,51249396881,51249397010,129
50400000000,54000000000,51249397010,51249397015,5
50400000000,54000000000,51249397015,51249397020,5
50400000000,54000000000,51249397020,51251035450,1638430
50400000000,54000000000,51251035450,51251035656,206
50400000000,54000000000,51251035656,51251035667,11
50400000000,54000000000,51251035667,51251066318,30651
50400000000,54000000000,51251066318,51252692570,1626252
50400000000,54000000000,51252692570,51253590209,897639
50400000000,54000000000,51253590209,51253625319,35110
50400000000,54000000000,51253625319,51255145512,1520193
50400000000,54000000000,51255145512,51256324813,1179301
50400000000,54000000000,51256324813,51257977452,1652639
50400000000,54000000000,51257977452,51259596702,1619250
50400000000,54000000000,51259596702,51260405958,809256
50400000000,54000000000,51260405958,51261243663,837705
50400000000,54000000000,51261243663,51261264027,20364
50400000000,54000000000,51261264027,51261270273,6246
50400000000,54000000000,51261270273,51261273665,3392
50400000000,54000000000,51261273665,51261276219,2554
50400000000,54000000000,51261276219,51261278166,1947
50400000000,54000000000,51261278166,51262091433,813267
50400000000,54000000000,51262091433,51265062455,2971022
50400000000,54000000000,51265062455,51265062467,12
50400000000,54000000000,51265062467,51265062498,31
50400000000,54000000000,51265062498,51265062509,11
50400000000,54000000000,51265062509,51265062618,109
50400000000,54000000000,51265062618,51265215663,153045
50400000000,54000000000,51265215663,51265220306,4643
50400000000,54000000000,51265220306,51267410728,2190422
50400000000,54000000000,51267410728,51272732197,5321469
50400000000,54000000000,51272732197,51273549457,817260
50400000000,54000000000,51273549457,51274386160,836703
50400000000,54000000000,51274386160,51275233906,847746
50400000000,54000000000,51275233906,51276118019,884113
50400000000,54000000000,51276118019,51278084052,1966033
50400000000,54000000000,51278084052,51278116166,32114
50400000000,54000000000,51278116166,51278939087,822921
50400000000,54000000000,51278939087,51279780120,841033
50400000000,54000000000,51279780120,51280586863,806743
50400000000,54000000000,51280586863,51286832843,6245980
50400000000,54000000000,51286832843,51286832880,37
50400000000,54000000000,51286832880,51286832885,5
50400000000,54000000000,51286832885,51288199407,1366522
50400000000,54000000000,51288199407,51291469245,3269838
50400000000,54000000000,51291469245,51293082605,1613360
50400000000,54000000000,51293082605,51300483619,7401014
50400000000,54000000000,51300483619,51302102878,1619259
50400000000,54000000000,51302102878,51302947567,844689
50400000000,54000000000,51302947567,51303764768,817201
50400000000,54000000000,51303764768,51304534392,769624
50400000000,54000000000,51304534392,51304554549,20157
50400000000,54000000000,51304554549,51305374680,820131
50400000000,54000000000,51305374680,51305385706,11026
50400000000,54000000000,51305385706,51306993891,1608185
50400000000,54000000000,51306993891,51307034215,40324
50400000000,54000000000,51307034215,51307891958,857743
50400000000,54000000000,51307891958,51308692695,800737
50400000000,54000000000,51308692695,51309541282,848587
50400000000,54000000000,51309541282,51309941264,399982
50400000000,54000000000,51309941264,51310926323,985059
50400000000,54000000000,51310926323,51310932973,6650
50400000000,54000000000,51310932973,51313491958,2558985
50400000000,54000000000,51313491958,51319723525,6231567
50400000000,54000000000,51319723525,51320583188,859663
50400000000,54000000000,51320583188,51320585881,2693
50400000000,54000000000,51320585881,51320592334,6453
50400000000,54000000000,51320592334,51322615323,2022989
50400000000,54000000000,51322615323,51322615327,4
50400000000,54000000000,51322615327,51322615328,1
50400000000,54000000000,51322615328,51322615412,84
50400000000,54000000000,51322615412,51322615443,31
50400000000,54000000000,51322615443,51323465459,850016
50400000000,54000000000,51323465459,51323465484,25
50400000000,54000000000,51323465484,51329342660,5877176
50400000000,54000000000,51329342660,51329342919,259
50400000000,54000000000,51329342919,51329342924,5
50400000000,54000000000,51329342924,51329342929,5
50400000000,54000000000,51329342929,51330174200,831271
50400000000,54000000000,51330174200,51330174202,2
50400000000,54000000000,51330174202,51332124115,1949913
50400000000,54000000000,51332124115,51334678569,2554454
50400000000,54000000000,51334678569,51334685225,6656
50400000000,54000000000,51334685225,51336312771,1627546
50400000000,54000000000,51336312771,51337075468,762697
50400000000,54000000000,51337075468,51337075472,4
50400000000,54000000000,51337075472,51337075572,100
50400000000,54000000000,51337075572,51337944964,869392
50400000000,54000000000,51337944964,51341220403,3275439
50400000000,54000000000,51341220403,51343071199,1850796
50400000000,54000000000,51343071199,51343559035,487836
50400000000,54000000000,51343559035,51344338934,779899
50400000000,54000000000,51344338934,51345119575,780641
50400000000,54000000000,51345119575,51345949811,830236
50400000000,54000000000,51345949811,51350032078,4082267
50400000000,54000000000,51350032078,51350032082,4
50400000000,54000000000,51350032082,51350772983,740901
50400000000,54000000000,51350772983,51351527133,754150
50400000000,54000000000,51351527133,51352282875,755742
50400000000,54000000000,51352282875,51362544959,10262084
50400000000,54000000000,51362544959,51363431220,886261
50400000000,54000000000,51363431220,51365391080,1959860
50400000000,54000000000,51365391080,51371751073,6359993
50400000000,54000000000,51371751073,51375957933,4206860
50400000000,54000000000,51375957933,51375958035,102
50400000000,54000000000,51375958035,51375958040,5
50400000000,54000000000,51375958040,51375958045,5
50400000000,54000000000,51375958045,51379761610,3803565
50400000000,54000000000,51379761610,51380513278,751668
50400000000,54000000000,51380513278,51381957105,1443827
50400000000,54000000000,51381957105,51390907605,8950500
50400000000,54000000000,51390907605,51390907774,169
50400000000,54000000000,51390907774,51400985241,10077467
50400000000,54000000000,51400985241,51400992028,6787
50400000000,54000000000,51400992028,51400992031,3
50400000000,54000000000,51400992031,51402640186,1648155
50400000000,54000000000,51402640186,51402640203,17
50400000000,54000000000,51402640203,51402671753,31550
50400000000,54000000000,51402671753,51402675116,3363
50400000000,54000000000,51402675116,51404558544,1883428
50400000000,54000000000,51404558544,51404589204,30660
50400000000,54000000000,51404589204,51406175504,1586300
50400000000,54000000000,51406175504,51409755201,3579697
50400000000,54000000000,51409755201,51413446138,3690937
50400000000,54000000000,51413446138,51414333049,886911
50400000000,54000000000,51414333049,51415990215,1657166
50400000000,54000000000,51415990215,51416011186,20971
50400000000,54000000000,51416011186,51419606782,3595596
50400000000,54000000000,51419606782,51421438291,1831509
50400000000,54000000000,51421438291,51421468263,29972
50400000000,54000000000,51421468263,51421484867,16604
50400000000,54000000000,51421484867,51423141455,1656588
50400000000,54000000000,51423141455,51423141465,10
50400000000,54000000000,51423141465,51423178659,37194
50400000000,54000000000,51423178659,51424004898,826239
50400000000,54000000000,51424004898,51425487700,1482802
50400000000,54000000000,51425487700,51425487704,4
50400000000,54000000000,51425487704,51425487705,1
50400000000,54000000000,51425487705,51427120237,1632532
50400000000,54000000000,51427120237,51427122453,2216
50400000000,54000000000,51427122453,51427122464,11
50400000000,54000000000,51427122464,51427979927,857463
50400000000,54000000000,51427979927,51427979964,37
50400000000,54000000000,51427979964,51427979969,5
50400000000,54000000000,51427979969,51430944726,2964757
50400000000,54000000000,51430944726,51443940757,12996031
50400000000,54000000000,51443940757,51447269541,3328784
50400000000,54000000000,51447269541,51447278741,9200
50400000000,54000000000,51447278741,51447284755,6014
50400000000,54000000000,51447284755,51448733687,1448932
50400000000,54000000000,51448733687,51448733706,19
50400000000,54000000000,51448733706,51448733724,18
50400000000,54000000000,51448733724,51453397556,4663832
50400000000,54000000000,51453397556,51466957732,13560176
50400000000,54000000000,51466957732,51466957736,4
50400000000,54000000000,51466957736,51466957751,15
50400000000,54000000000,51466957751,51477769074,10811323
50400000000,54000000000,51477769074,51479393281,1624207
50400000000,54000000000,51479393281,51483966784,4573503
50400000000,54000000000,51483966784,51483967115,331
50400000000,54000000000,51483967115,51487551632,3584517
50400000000,54000000000,51487551632,51489123688,1572056
50400000000,54000000000,51489123688,51490868358,1744670
50400000000,54000000000,51490868358,51494841042,3972684
50400000000,54000000000,51494841042,51495668798,827756
50400000000,54000000000,51495668798,51495674081,5283
50400000000,54000000000,51495674081,51497589499,1915418
50400000000,54000000000,51497589499,51497589582,83
50400000000,54000000000,51497589582,51507344227,9754645
50400000000,54000000000,51507344227,51519812977,12468750
50400000000,54000000000,51519812977,51523582923,3769946
50400000000,54000000000,51523582923,51524312439,729516
50400000000,54000000000,51524312439,51524312455,16
50400000000,54000000000,51524312455,51533061912,8749457
50400000000,54000000000,51533061912,51533061923,11
50400000000,54000000000,51533061923,51533062284,361
50400000000,54000000000,51533062284,51533062293,9
50400000000,54000000000,51533062293,51533062308,15
50400000000,54000000000,51533062308,51542880467,9818159
50400000000,54000000000,51542880467,51542889791,9324
50400000000,54000000000,51542889791,51544463135,1573344
50400000000,54000000000,51544463135,51544463139,4
50400000000,54000000000,51544463139,51544463357,218
50400000000,54000000000,51544463357,51545301439,838082
50400000000,54000000000,51545301439,51545345329,43890
50400000000,54000000000,51545345329,51546998304,1652975
50400000000,54000000000,51546998304,51555159161,8160857
50400000000,54000000000,51555159161,51556686731,1527570
50400000000,54000000000,51556686731,51557525088,838357
50400000000,54000000000,51557525088,51564913663,7388575
50400000000,54000000000,51564913663,51567137839,2224176
50400000000,54000000000,51567137839,51568769333,1631494
50400000000,54000000000,51568769333,51568769337,4
50400000000,54000000000,51568769337,51568769338,1
50400000000,54000000000,51568769338,51568769339,1
50400000000,54000000000,51568769339,51568794589,25250
50400000000,54000000000,51568794589,51569549775,755186
50400000000,54000000000,51569549775,51569549946,171
50400000000,54000000000,51569549946,51569550089,143
50400000000,54000000000,51569550089,51570293911,743822
50400000000,54000000000,51570293911,51581088697,10794786
50400000000,54000000000,51581088697,51581815030,726333
50400000000,54000000000,51581815030,51582475545,660515
50400000000,54000000000,51582475545,51582475549,4
50400000000,54000000000,51582475549,51583492572,1017023
50400000000,54000000000,51583492572,51583493362,790
50400000000,54000000000,51583493362,51585171341,1677979
50400000000,54000000000,51585171341,51586719633,1548292
50400000000,54000000000,51586719633,51591418632,4698999
50400000000,54000000000,51591418632,51594287490,2868858
50400000000,54000000000,51594287490,51595825057,1537567
50400000000,54000000000,51595825057,51599756353,3931296
50400000000,54000000000,51599756353,51601307706,1551353
50400000000,54000000000,51601307706,51606362741,5055035
50400000000,54000000000,51606362741,51606366200,3459
50400000000,54000000000,51606366200,51608003504,1637304
50400000000,54000000000,51608003504,51608003541,37
50400000000,54000000000,51608003541,51610307175,2303634
50400000000,54000000000,51610307175,51613511327,3204152
50400000000,54000000000,51613511327,51616241498,2730171
50400000000,54000000000,51616241498,51616241595,97
50400000000,54000000000,51616241595,51618589970,2348375
50400000000,54000000000,51618589970,51619983426,1393456
50400000000,54000000000,51619983426,51621563773,1580347
50400000000,54000000000,51621563773,51621569256,5483
50400000000,54000000000,51621569256,51623865562,2296306
50400000000,54000000000,51623865562,51623865618,56
50400000000,54000000000,51623865618,51623900890,35272
50400000000,54000000000,51623900890,51625712215,1811325
50400000000,54000000000,51625712215,51626949753,1237538
50400000000,54000000000,51626949753,51626955271,5518
50400000000,54000000000,51626955271,51630035446,3080175
50400000000,54000000000,51630035446,51630760496,725050
50400000000,54000000000,51630760496,51631466104,705608
50400000000,54000000000,51631466104,51632967600,1501496
50400000000,54000000000,51632967600,51639419293,6451693
50400000000,54000000000,51639419293,51639419297,4
50400000000,54000000000,51639419297,51639419324,27
50400000000,54000000000,51639419324,51639419329,5
50400000000,54000000000,51639419329,51643595747,4176418
50400000000,54000000000,51643595747,51644349072,753325
50400000000,54000000000,51644349072,51645902810,1553738
50400000000,54000000000,51645902810,51647072004,1169194
50400000000,54000000000,51647072004,51656483612,9411608
50400000000,54000000000,51656483612,51658360950,1877338
50400000000,54000000000,51658360950,51663127587,4766637
50400000000,54000000000,51663127587,51663127589,2
50400000000,54000000000,51663127589,51663943113,815524
50400000000,54000000000,51663943113,51663943196,83
50400000000,54000000000,51663943196,51663943201,5
50400000000,54000000000,51663943201,51663943206,5
50400000000,54000000000,51663943206,51663943247,41
50400000000,54000000000,51663943247,51671625164,7681917
50400000000,54000000000,51671625164,51675766695,4141531
50400000000,54000000000,51675766695,51676581996,815301
50400000000,54000000000,51676581996,51677318205,736209
50400000000,54000000000,51677318205,51677318294,89
50400000000,54000000000,51677318294,51677318299,5
50400000000,54000000000,51677318299,51677318304,5
50400000000,54000000000,51677318304,51679981078,2662774
50400000000,54000000000,51679981078,51679986394,5316
50400000000,54000000000,51679986394,51681436746,1450352
50400000000,54000000000,51681436746,51681436756,10
50400000000,54000000000,51681436756,51683073381,1636625
50400000000,54000000000,51683073381,51690721902,7648521
50400000000,54000000000,51690721902,51697764802,7042900
50400000000,54000000000,51697764802,51703577408,5812606
50400000000,54000000000,51703577408,51703577411,3
50400000000,54000000000,51703577411,51705090756,1513345
50400000000,54000000000,51705090756,51707430402,2339646
50400000000,54000000000,51707430402,51708291233,860831
50400000000,54000000000,51708291233,51709071497,780264
50400000000,54000000000,51709071497,51709855827,784330
50400000000,54000000000,51709855827,51710681833,826006
50400000000,54000000000,51710681833,51711501259,819426
50400000000,54000000000,51711501259,51711809128,307869
50400000000,54000000000,51711809128,51712567643,758515
50400000000,54000000000,51712567643,51714548625,1980982
50400000000,54000000000,51714548625,51715383184,834559
50400000000,54000000000,51715383184,51716255519,872335
50400000000,54000000000,51716255519,51720541783,4286264
50400000000,54000000000,51720541783,51720541786,3
50400000000,54000000000,51720541786,51722117754,1575968
50400000000,54000000000,51722117754,51733047417,10929663
50400000000,54000000000,51733047417,51733814731,767314
50400000000,54000000000,51733814731,51734628350,813619
50400000000,54000000000,51734628350,51734649309,20959
50400000000,54000000000,51734649309,51735006646,357337
50400000000,54000000000,51735006646,51735006749,103
50400000000,54000000000,51735006749,51735006754,5
50400000000,54000000000,51735006754,51735892281,885527
50400000000,54000000000,51735892281,51735914475,22194
50400000000,54000000000,51735914475,51735919081,4606
50400000000,54000000000,51735919081,51737424427,1505346
50400000000,54000000000,51737424427,51739219760,1795333
50400000000,54000000000,51739219760,51739219919,159
50400000000,54000000000,51739219919,51740861015,1641096
50400000000,54000000000,51740861015,51742542285,1681270
50400000000,54000000000,51742542285,51742545310,3025
50400000000,54000000000,51742545310,51742549903,4593
50400000000,54000000000,51742549903,51742551871,1968
50400000000,54000000000,51742551871,51742554369,2498
50400000000,54000000000,51742554369,51746207334,3652965
50400000000,54000000000,51746207334,51746207347,13
50400000000,54000000000,51746207347,51746207454,107
50400000000,54000000000,51746207454,51746207465,11
50400000000,54000000000,51746207465,51746207479,14
50400000000,54000000000,51746207479,51751656086,5448607
50400000000,54000000000,51751656086,51753218874,1562788
50400000000,54000000000,51753218874,51753243714,24840
50400000000,54000000000,51753243714,51778627962,25384248
50400000000,54000000000,51778627962,51780336132,1708170
50400000000,54000000000,51780336132,51781242719,906587
50400000000,54000000000,51781242719,51781243057,338
50400000000,54000000000,51781243057,51783995893,2752836
50400000000,54000000000,51783995893,51784001027,5134
50400000000,54000000000,51784001027,51785731031,1730004
50400000000,54000000000,51785731031,51788335935,2604904
50400000000,54000000000,51788335935,51789527682,1191747
50400000000,54000000000,51789527682,51792056890,2529208
50400000000,54000000000,51792056890,51792986681,929791
50400000000,54000000000,51792986681,51792996895,10214
50400000000,54000000000,51792996895,51792999564,2669
50400000000,54000000000,51792999564,51794652076,1652512
50400000000,54000000000,51794652076,51794652116,40
50400000000,54000000000,51794652116,51797406868,2754752
50400000000,54000000000,51797406868,51798363021,956153
50400000000,54000000000,51798363021,51803983013,5619992
50400000000,54000000000,51803983013,51805010455,1027442
50400000000,54000000000,51805010455,51806753073,1742618
50400000000,54000000000,51806753073,51807728666,975593
50400000000,54000000000,51807728666,51809407710,1679044
50400000000,54000000000,51809407710,51810221174,813464
50400000000,54000000000,51810221174,51814206891,3985717
50400000000,54000000000,51814206891,51819336011,5129120
50400000000,54000000000,51819336011,51823572998,4236987
50400000000,54000000000,51823572998,51824384210,811212
50400000000,54000000000,51824384210,51828207757,3823547
50400000000,54000000000,51828207757,51828207768,11
50400000000,54000000000,51828207768,51828241878,34110
50400000000,54000000000,51828241878,51830581781,2339903
50400000000,54000000000,51830581781,51830638553,56772
50400000000,54000000000,51830638553,51830638558,5
50400000000,54000000000,51830638558,51830638563,5
50400000000,54000000000,51830638563,51832204823,1566260
50400000000,54000000000,51832204823,51832204973,150
50400000000,54000000000,51832204973,51832204978,5
50400000000,54000000000,51832204978,51832204983,5
50400000000,54000000000,51832204983,51840166340,7961357
50400000000,54000000000,51840166340,51842633854,2467514
50400000000,54000000000,51842633854,51842645988,12134
50400000000,54000000000,51842645988,51853616344,10970356
50400000000,54000000000,51853616344,51855743167,2126823
50400000000,54000000000,51855743167,51855743172,5
50400000000,54000000000,51855743172,51855743173,1
50400000000,54000000000,51855743173,51855744178,1005
50400000000,54000000000,51855744178,51855854107,109929
50400000000,54000000000,51855854107,51857841734,1987627
50400000000,54000000000,51857841734,51858969753,1128019
50400000000,54000000000,51858969753,51858969905,152
50400000000,54000000000,51858969905,51858970105,200
50400000000,54000000000,51858970105,51861158835,2188730
50400000000,54000000000,51861158835,51867353073,6194238
50400000000,54000000000,51867353073,51868490939,1137866
50400000000,54000000000,51868490939,51870667958,2177019
50400000000,54000000000,51870667958,51873727863,3059905
50400000000,54000000000,51873727863,51882532519,8804656
50400000000,54000000000,51882532519,51882532519,0
50400000000,54000000000,51882532519,51895110072,12577553
50400000000,54000000000,51895110072,51896743728,1633656
50400000000,54000000000,51896743728,51905032977,8289249
50400000000,54000000000,51905032977,51905032977,0
50400000000,54000000000,51905032977,51909247356,4214379
50400000000,54000000000,51909247356,51913747805,4500449
50400000000,54000000000,51913747805,51914555274,807469
50400000000,54000000000,51914555274,51915404977,849703
50400000000,54000000000,51915404977,51916229430,824453
50400000000,54000000000,51916229430,51917126568,897138
50400000000,54000000000,51917126568,51917126568,0
50400000000,54000000000,51917126568,51917131538,4970
50400000000,54000000000,51917131538,51920487621,3356083
50400000000,54000000000,51920487621,51920493266,5645
50400000000,54000000000,51920493266,51920495927,2661
50400000000,54000000000,51920495927,51922463692,1967765
50400000000,54000000000,51922463692,51922463703,11
50400000000,54000000000,51922463703,51922463714,11
50400000000,54000000000,51922463714,51929115787,6652073
50400000000,54000000000,51929115787,51929115980,193
50400000000,54000000000,51929115980,51930030627,914647
50400000000,54000000000,51930030627,51930030627,0
50400000000,54000000000,51930030627,51932845688,2815061
50400000000,54000000000,51932845688,51932847132,1444
50400000000,54000000000,51932847132,51932847138,6
50400000000,54000000000,51932847138,51932847144,6
50400000000,54000000000,51932847144,51940855224,8008080
50400000000,54000000000,51940855224,51940855226,2
50400000000,54000000000,51940855226,51942474297,1619071
50400000000,54000000000,51942474297,51942495117,20820
50400000000,54000000000,51942495117,51944939476,2444359
50400000000,54000000000,51944939476,51946682667,1743191
50400000000,54000000000,51946682667,51946688865,6198
50400000000,54000000000,51946688865,51952950661,6261796
50400000000,54000000000,51952950661,51952950699,38
50400000000,54000000000,51952950699,51956961520,4010821
50400000000,54000000000,51956961520,51956961520,0
50400000000,54000000000,51956961520,51956990932,29412
50400000000,54000000000,51956990932,51959459402,2468470
50400000000,54000000000,51959459402,51960404691,945289
50400000000,54000000000,51960404691,51962025901,1621210
50400000000,54000000000,51962025901,51963869366,1843465
50400000000,54000000000,51963869366,51964734080,864714
50400000000,54000000000,51964734080,51971372105,6638025
50400000000,54000000000,51971372105,51982785435,11413330
50400000000,54000000000,51982785435,51990900831,8115396
50400000000,54000000000,51990900831,51997688825,6787994
50400000000,54000000000,51997688825,51998673120,984295
50400000000,54000000000,51998673120,51999617137,944017
50400000000,54000000000,51999617137,52000777067,1159930
50400000000,54000000000,52000777067,52010500666,9723599
50400000000,54000000000,52010500666,52014777922,4277256
50400000000,54000000000,52014777922,52015703912,925990
50400000000,54000000000,52015703912,52015703915,3
50400000000,54000000000,52015703915,52017265094,1561179
50400000000,54000000000,52017265094,52021530044,4264950
50400000000,54000000000,52021530044,52021538493,8449
50400000000,54000000000,52021538493,52022807869,1269376
50400000000,54000000000,52022807869,52023609530,801661
50400000000,54000000000,52023609530,52023635517,25987
50400000000,54000000000,52023635517,52024441456,805939
50400000000,54000000000,52024441456,52025335760,894304
50400000000,54000000000,52025335760,52025359526,23766
50400000000,54000000000,52025359526,52027150688,1791162
50400000000,54000000000,52027150688,52027182556,31868
50400000000,54000000000,52027182556,52032423830,5241274
50400000000,54000000000,52032423830,52034363307,1939477
50400000000,54000000000,52034363307,52034390382,27075
50400000000,54000000000,52034390382,52036102859,1712477
50400000000,54000000000,52036102859,52036129691,26832
50400000000,54000000000,52036129691,52037838924,1709233
50400000000,54000000000,52037838924,52042279055,4440131
50400000000,54000000000,52042279055,52048358603,6079548
50400000000,54000000000,52048358603,52050010629,1652026
50400000000,54000000000,52050010629,52051789673,1779044
50400000000,54000000000,52051789673,52053421340,1631667
50400000000,54000000000,52053421340,52064514538,11093198
50400000000,54000000000,52064514538,52066422577,1908039
50400000000,54000000000,52066422577,52067297679,875102
50400000000,54000000000,52067297679,52068993887,1696208
50400000000,54000000000,52068993887,52069836912,843025
50400000000,54000000000,52069836912,52070632840,795928
50400000000,54000000000,52070632840,52071523634,890794
50400000000,54000000000,52071523634,52071567062,43428
50400000000,54000000000,52071567062,52071582613,15551
50400000000,54000000000,52071582613,52073170399,1587786
50400000000,54000000000,52073170399,52073170422,23
50400000000,54000000000,52073170422,52073195750,25328
50400000000,54000000000,52073195750,52074341072,1145322
50400000000,54000000000,52074341072,52077242458,2901386
50400000000,54000000000,52077242458,52077341129,98671
50400000000,54000000000,52077341129,52077343541,2412
50400000000,54000000000,52077343541,52078419910,1076369
50400000000,54000000000,52078419910,52079126349,706439
50400000000,54000000000,52079126349,52079126360,11
50400000000,54000000000,52079126360,52080749366,1623006
50400000000,54000000000,52080749366,52082541900,1792534
50400000000,54000000000,52082541900,52082584705,42805
50400000000,54000000000,52082584705,52084060389,1475684
50400000000,54000000000,52084060389,52084081985,21596
50400000000,54000000000,52084081985,52085691690,1609705
50400000000,54000000000,52085691690,52085738936,47246
50400000000,54000000000,52085738936,52087359486,1620550
50400000000,54000000000,52087359486,52087404527,45041
50400000000,54000000000,52087404527,52087410784,6257
50400000000,54000000000,52087410784,52089484477,2073693
50400000000,54000000000,52089484477,52089484489,12
50400000000,54000000000,52089484489,52092019251,2534762
50400000000,54000000000,52092019251,52092873967,854716
50400000000,54000000000,52092873967,52092885102,11135
50400000000,54000000000,52092885102,52093671777,786675
50400000000,54000000000,52093671777,52094367408,695631
50400000000,54000000000,52094367408,52094367412,4
50400000000,54000000000,52094367412,52094367526,114
50400000000,54000000000,52094367526,52095128163,760637
50400000000,54000000000,52095128163,52095928218,800055
50400000000,54000000000,52095928218,52097433779,1505561
50400000000,54000000000,52097433779,52097450224,16445
50400000000,54000000000,52097450224,52099004224,1554000
50400000000,54000000000,52099004224,52099004224,0
50400000000,54000000000,52099004224,52100237475,1233251
50400000000,54000000000,52100237475,52101805387,1567912
50400000000,54000000000,52101805387,52103423333,1617946
50400000000,54000000000,52103423333,52104919518,1496185
50400000000,54000000000,52104919518,52118577002,13657484
50400000000,54000000000,52118577002,52120163126,1586124
50400000000,54000000000,52120163126,52124386650,4223524
50400000000,54000000000,52124386650,52133128761,8742111
50400000000,54000000000,52133128761,52135909120,2780359
50400000000,54000000000,52135909120,52135909135,15
50400000000,54000000000,52135909135,52149121998,13212863
50400000000,54000000000,52149121998,52156402960,7280962
50400000000,54000000000,52156402960,52156403544,584
50400000000,54000000000,52156403544,52156403549,5
50400000000,54000000000,52156403549,52156403554,5
50400000000,54000000000,52156403554,52159105214,2701660
50400000000,54000000000,52159105214,52175893455,16788241
50400000000,54000000000,52175893455,52175937315,43860
50400000000,54000000000,52175937315,52177797977,1860662
50400000000,54000000000,52177797977,52177797981,4
50400000000,54000000000,52177797981,52177797982,1
50400000000,54000000000,52177797982,52177798636,654
50400000000,54000000000,52177798636,52181007882,3209246
50400000000,54000000000,52181007882,52181010870,2988
50400000000,54000000000,52181010870,52185128853,4117983
50400000000,54000000000,52185128853,52189421531,4292678
50400000000,54000000000,52189421531,52192647314,3225783
50400000000,54000000000,52192647314,52192647351,37
50400000000,54000000000,52192647351,52192647356,5
50400000000,54000000000,52192647356,52193514681,867325
50400000000,54000000000,52193514681,52193514685,4
50400000000,54000000000,52193514685,52193515886,1201
50400000000,54000000000,52193515886,52195176489,1660603
50400000000,54000000000,52195176489,52197753322,2576833
50400000000,54000000000,52197753322,52207690015,9936693
50400000000,54000000000,52207690015,52207690142,127
50400000000,54000000000,52207690142,52207690147,5
50400000000,54000000000,52207690147,52209847153,2157006
50400000000,54000000000,52209847153,52211887285,2040132
50400000000,54000000000,52211887285,52211902472,15187
50400000000,54000000000,52211902472,52212815012,912540
50400000000,54000000000,52212815012,52212826321,11309
50400000000,54000000000,52212826321,52212833549,7228
50400000000,54000000000,52212833549,52212838849,5300
50400000000,54000000000,52212838849,52212844605,5756
50400000000,54000000000,52212844605,52213747346,902741
50400000000,54000000000,52213747346,52215692067,1944721
50400000000,54000000000,52215692067,52219241723,3549656
50400000000,54000000000,52219241723,52219241807,84
50400000000,54000000000,52219241807,52219241811,4
50400000000,54000000000,52219241811,52219276182,34371
50400000000,54000000000,52219276182,52223050046,3773864
50400000000,54000000000,52223050046,52225821898,2771852
50400000000,54000000000,52225821898,52225838112,16214
50400000000,54000000000,52225838112,52225845068,6956
50400000000,54000000000,52225845068,52225851280,6212
50400000000,54000000000,52225851280,52226695686,844406
50400000000,54000000000,52226695686,52230077836,3382150
50400000000,54000000000,52230077836,52231212336,1134500
50400000000,54000000000,52231212336,52231212347,11
50400000000,54000000000,52231212347,52231212380,33
50400000000,54000000000,52231212380,52231212408,28
50400000000,54000000000,52231212408,52238558128,7345720
50400000000,54000000000,52238558128,52238578377,20249
50400000000,54000000000,52238578377,52238583241,4864
50400000000,54000000000,52238583241,52238590672,7431
50400000000,54000000000,52238590672,52242939835,4349163
50400000000,54000000000,52242939835,52242939852,17
50400000000,54000000000,52242939852,52242940766,914
50400000000,54000000000,52242940766,52249956590,7015824
50400000000,54000000000,52249956590,52255856561,5899971
50400000000,54000000000,52255856561,52255856586,25
50400000000,54000000000,52255856586,52255856596,10
50400000000,54000000000,52255856596,52268085425,12228829
50400000000,54000000000,52268085425,52269812369,1726944
50400000000,54000000000,52269812369,52270745869,933500
50400000000,54000000000,52270745869,52270745879,10
50400000000,54000000000,52270745879,52270745890,11
50400000000,54000000000,52270745890,52270745901,11
50400000000,54000000000,52270745901,52270745912,11
50400000000,54000000000,52270745912,52271803404,1057492
50400000000,54000000000,52271803404,52274427321,2623917
50400000000,54000000000,52274427321,52274427333,12
50400000000,54000000000,52274427333,52274427345,12
50400000000,54000000000,52274427345,52274535430,108085
50400000000,54000000000,52274535430,52274535545,115
50400000000,54000000000,52274535545,52274535552,7
50400000000,54000000000,52274535552,52283178730,8643178
50400000000,54000000000,52283178730,52283178958,228
50400000000,54000000000,52283178958,52283178960,2
50400000000,54000000000,52283178960,52285927558,2748598
50400000000,54000000000,52285927558,52286999369,1071811
50400000000,54000000000,52286999369,52288484668,1485299
50400000000,54000000000,52288484668,52292227007,3742339
50400000000,54000000000,52292227007,52296910265,4683258
50400000000,54000000000,52296910265,52303691087,6780822
50400000000,54000000000,52303691087,52310237842,6546755
50400000000,54000000000,52310237842,52312613843,2376001
50400000000,54000000000,52312613843,52317315915,4702072
50400000000,54000000000,52317315915,52319055367,1739452
50400000000,54000000000,52319055367,52321112993,2057626
50400000000,54000000000,52321112993,52321237651,124658
50400000000,54000000000,52321237651,52322176662,939011
50400000000,54000000000,52322176662,52323037899,861237
50400000000,54000000000,52323037899,52326772333,3734434
50400000000,54000000000,52326772333,52336012941,9240608
50400000000,54000000000,52336012941,52336012944,3
50400000000,54000000000,52336012944,52338679819,2666875
50400000000,54000000000,52338679819,52342037150,3357331
50400000000,54000000000,52342037150,52345899766,3862616
50400000000,54000000000,52345899766,52348619324,2719558
50400000000,54000000000,52348619324,52349624857,1005533
50400000000,54000000000,52349624857,52356878810,7253953
50400000000,54000000000,52356878810,52357856349,977539
50400000000,54000000000,52357856349,52360958646,3102297
50400000000,54000000000,52360958646,52367969604,7010958
50400000000,54000000000,52367969604,52369776022,1806418
50400000000,54000000000,52369776022,52370746079,970057
50400000000,54000000000,52370746079,52371661693,915614
50400000000,54000000000,52371661693,52380287057,8625364
50400000000,54000000000,52380287057,52394232900,13945843
50400000000,54000000000,52394232900,52394246447,13547
50400000000,54000000000,52394246447,52396069306,1822859
50400000000,54000000000,52396069306,52397035591,966285
50400000000,54000000000,52397035591,52397035699,108
50400000000,54000000000,52397035699,52397035704,5
50400000000,54000000000,52397035704,52397035709,5
50400000000,54000000000,52397035709,52406936204,9900495
50400000000,54000000000,52406936204,52406956541,20337
50400000000,54000000000,52406956541,52406963274,6733
50400000000,54000000000,52406963274,52409007710,2044436
50400000000,54000000000,52409007710,52409007791,81
50400000000,54000000000,52409007791,52409009296,1505
50400000000,54000000000,52409009296,52412667380,3658084
50400000000,54000000000,52412667380,52418585619,5918239
50400000000,54000000000,52418585619,52418971144,385525
50400000000,54000000000,52418971144,52423631189,4660045
50400000000,54000000000,52423631189,52431674757,8043568
50400000000,54000000000,52431674757,52431680100,5343
50400000000,54000000000,52431680100,52431682336,2236
50400000000,54000000000,52431682336,52433321954,1639618
50400000000,54000000000,52433321954,52433321979,25
50400000000,54000000000,52433321979,52433322003,24
50400000000,54000000000,52433322003,52444591331,11269328
50400000000,54000000000,52444591331,52444597141,5810
50400000000,54000000000,52444597141,52444599671,2530
50400000000,54000000000,52444599671,52444602282,2611
50400000000,54000000000,52444602282,52446190523,1588241
50400000000,54000000000,52446190523,52446190554,31
50400000000,54000000000,52446190554,52446190571,17
50400000000,54000000000,52446190571,52446190595,24
50400000000,54000000000,52446190595,52446190599,4
50400000000,54000000000,52446190599,52446190600,1
50400000000,54000000000,52446190600,52447061262,870662
50400000000,54000000000,52447061262,52447062599,1337
50400000000,54000000000,52447062599,52454951667,7889068
50400000000,54000000000,52454951667,52456585564,1633897
50400000000,54000000000,52456585564,52465849346,9263782
50400000000,54000000000,52465849346,52467582301,1732955
50400000000,54000000000,52467582301,52469348161,1765860
50400000000,54000000000,52469348161,52469350678,2517
50400000000,54000000000,52469350678,52470954128,1603450
50400000000,54000000000,52470954128,52470954160,32
50400000000,54000000000,52470954160,52475445138,4490978
50400000000,54000000000,52475445138,52475445515,377
50400000000,54000000000,52475445515,52475445520,5
50400000000,54000000000,52475445520,52478241347,2795827
50400000000,54000000000,52478241347,52479895811,1654464
50400000000,54000000000,52479895811,52480958496,1062685
50400000000,54000000000,52480958496,52480958923,427
50400000000,54000000000,52480958923,52480958928,5
50400000000,54000000000,52480958928,52481971342,1012414
50400000000,54000000000,52481971342,52481978170,6828
50400000000,54000000000,52481978170,52484368908,2390738
50400000000,54000000000,52484368908,52484368939,31
50400000000,54000000000,52484368939,52484466733,97794
50400000000,54000000000,52484466733,52486434217,1967484
50400000000,54000000000,52486434217,52488175577,1741360
50400000000,54000000000,52488175577,52488176097,520
50400000000,54000000000,52488176097,52491574252,3398155
50400000000,54000000000,52491574252,52491574252,0
50400000000,54000000000,52491574252,52492414932,840680
50400000000,54000000000,52492414932,52492415301,369
50400000000,54000000000,52492415301,52492415306,5
50400000000,54000000000,52492415306,52492415311,5
50400000000,54000000000,52492415311,52500744514,8329203
50400000000,54000000000,52500744514,52502391282,1646768
50400000000,54000000000,52502391282,52502551430,160148
50400000000,54000000000,52502551430,52503472451,921021
50400000000,54000000000,52503472451,52503473161,710
50400000000,54000000000,52503473161,52503473166,5
50400000000,54000000000,52503473166,52503473171,5
50400000000,54000000000,52503473171,52504350163,876992
50400000000,54000000000,52504350163,52504381825,31662
50400000000,54000000000,52504381825,52506259406,1877581
50400000000,54000000000,52506259406,52508420800,2161394
50400000000,54000000000,52508420800,52509336422,915622
50400000000,54000000000,52509336422,52510236262,899840
50400000000,54000000000,52510236262,52512057349,1821087
50400000000,54000000000,52512057349,52512057458,109
50400000000,54000000000,52512057458,52512057463,5
50400000000,54000000000,52512057463,52512057468,5
50400000000,54000000000,52512057468,52523879569,11822101
50400000000,54000000000,52523879569,52524923852,1044283
50400000000,54000000000,52524923852,52525901890,978038
50400000000,54000000000,52525901890,52526813785,911895
50400000000,54000000000,52526813785,52526846069,32284
50400000000,54000000000,52526846069,52531820222,4974153
50400000000,54000000000,52531820222,52531820226,4
50400000000,54000000000,52531820226,52531820303,77
50400000000,54000000000,52531820303,52531820308,5
50400000000,54000000000,52531820308,52535227124,3406816
50400000000,54000000000,52535227124,52536776024,1548900
50400000000,54000000000,52536776024,52545371607,8595583
50400000000,54000000000,52545371607,52546209649,838042
50400000000,54000000000,52546209649,52546209651,2
50400000000,54000000000,52546209651,52547815039,1605388
50400000000,54000000000,52547815039,52547815043,4
50400000000,54000000000,52547815043,52548700132,885089
50400000000,54000000000,52548700132,52548701191,1059
50400000000,54000000000,52548701191,52548744914,43723
50400000000,54000000000,52548744914,52550437462,1692548
50400000000,54000000000,52550437462,52552338908,1901446
50400000000,54000000000,52552338908,52555118620,2779712
50400000000,54000000000,52555118620,52555118686,66
50400000000,54000000000,52555118686,52555118693,7
50400000000,54000000000,52555118693,52557603936,2485243
50400000000,54000000000,52557603936,52560057381,2453445
50400000000,54000000000,52560057381,52560092386,35005
50400000000,54000000000,52560092386,52563654355,3561969
50400000000,54000000000,52563654355,52563897575,243220
50400000000,54000000000,52563897575,52566194278,2296703
50400000000,54000000000,52566194278,52570896297,4702019
50400000000,54000000000,52570896297,52573048765,2152468
50400000000,54000000000,52573048765,52574754969,1706204
50400000000,54000000000,52574754969,52579256818,4501849
50400000000,54000000000,52579256818,52584939272,5682454
50400000000,54000000000,52584939272,52584944032,4760
50400000000,54000000000,52584944032,52586492922,1548890
50400000000,54000000000,52586492922,52586492932,10
50400000000,54000000000,52586492932,52586526976,34044
50400000000,54000000000,52586526976,52597755777,11228801
50400000000,54000000000,52597755777,52597762828,7051
50400000000,54000000000,52597762828,52599406962,1644134
50400000000,54000000000,52599406962,52610478494,11071532
50400000000,54000000000,52610478494,52610478497,3
50400000000,54000000000,52610478497,52612519651,2041154
50400000000,54000000000,52612519651,52617112806,4593155
50400000000,54000000000,52617112806,52628125292,11012486
50400000000,54000000000,52628125292,52631399690,3274398
50400000000,54000000000,52631399690,52633082567,1682877
50400000000,54000000000,52633082567,52635628810,2546243
50400000000,54000000000,52635628810,52648724976,13096166
50400000000,54000000000,52648724976,52650460439,1735463
50400000000,54000000000,52650460439,52652242487,1782048
50400000000,54000000000,52652242487,52652243683,1196
50400000000,54000000000,52652243683,52652243881,198
50400000000,54000000000,52652243881,52654242465,1998584
50400000000,54000000000,52654242465,52654242468,3
50400000000,54000000000,52654242468,52656032432,1789964
50400000000,54000000000,52656032432,52667010797,10978365
50400000000,54000000000,52667010797,52668646108,1635311
50400000000,54000000000,52668646108,52679361508,10715400
50400000000,54000000000,52679361508,52681372503,2010995
50400000000,54000000000,52681372503,52692469817,11097314
50400000000,54000000000,52692469817,52693332097,862280
50400000000,54000000000,52693332097,52693343261,11164
50400000000,54000000000,52693343261,52694164658,821397
50400000000,54000000000,52694164658,52694188931,24273
50400000000,54000000000,52694188931,52695041418,852487
50400000000,54000000000,52695041418,52695041429,11
50400000000,54000000000,52695041429,52695877714,836285
50400000000,54000000000,52695877714,52696761207,883493
50400000000,54000000000,52696761207,52696767914,6707
50400000000,54000000000,52696767914,52696767940,26
50400000000,54000000000,52696767940,52698407793,1639853
50400000000,54000000000,52698407793,52707700918,9293125
50400000000,54000000000,52707700918,52707700965,47
50400000000,54000000000,52707700965,52707700970,5
50400000000,54000000000,52707700970,52708667280,966310
50400000000,54000000000,52708667280,52708667608,328
50400000000,54000000000,52708667608,52708667617,9
50400000000,54000000000,52708667617,52721966015,13298398
50400000000,54000000000,52721966015,52724412051,2446036
50400000000,54000000000,52724412051,52726311046,1898995
50400000000,54000000000,52726311046,52726340935,29889
50400000000,54000000000,52726340935,52726346815,5880
50400000000,54000000000,52726346815,52727914990,1568175
50400000000,54000000000,52727914990,52727915131,141
50400000000,54000000000,52727915131,52727939922,24791
50400000000,54000000000,52727939922,52729588570,1648648
50400000000,54000000000,52729588570,52730649901,1061331
50400000000,54000000000,52730649901,52732360978,1711077
50400000000,54000000000,52732360978,52736053289,3692311
50400000000,54000000000,52736053289,52737697452,1644163
50400000000,54000000000,52737697452,52744457308,6759856
50400000000,54000000000,52744457308,52744457311,3
50400000000,54000000000,52744457311,52746346177,1888866
50400000000,54000000000,52746346177,52747999373,1653196
50400000000,54000000000,52747999373,52748008221,8848
50400000000,54000000000,52748008221,52748010632,2411
50400000000,54000000000,52748010632,52749667429,1656797
50400000000,54000000000,52749667429,52749667433,4
50400000000,54000000000,52749667433,52749667434,1
50400000000,54000000000,52749667434,52749667461,27
50400000000,54000000000,52749667461,52749667479,18
50400000000,54000000000,52749667479,52750471245,803766
50400000000,54000000000,52750471245,52750471336,91
50400000000,54000000000,52750471336,52752161795,1690459
50400000000,54000000000,52752161795,52752941069,779274
50400000000,54000000000,52752941069,52753724554,783485
50400000000,54000000000,52753724554,52754531643,807089
50400000000,54000000000,52754531643,52754546138,14495
50400000000,54000000000,52754546138,52756298298,1752160
50400000000,54000000000,52756298298,52757582027,1283729
50400000000,54000000000,52757582027,52759283600,1701573
50400000000,54000000000,52759283600,52760265305,981705
50400000000,54000000000,52760265305,52761080127,814822
50400000000,54000000000,52761080127,52768194260,7114133
50400000000,54000000000,52768194260,52772493696,4299436
50400000000,54000000000,52772493696,52778966354,6472658
50400000000,54000000000,52778966354,52780547928,1581574
50400000000,54000000000,52780547928,52784344453,3796525
50400000000,54000000000,52784344453,52784350304,5851
50400000000,54000000000,52784350304,52785136328,786024
50400000000,54000000000,52785136328,52786822908,1686580
50400000000,54000000000,52786822908,52786822911,3
50400000000,54000000000,52786822911,52786822986,75
50400000000,54000000000,52786822986,52787644099,821113
50400000000,54000000000,52787644099,52787644900,801
50400000000,54000000000,52787644900,52787679573,34673
50400000000,54000000000,52787679573,52787680063,490
50400000000,54000000000,52787680063,52787680068,5
50400000000,54000000000,52787680068,52796726716,9046648
50400000000,54000000000,52796726716,52796733234,6518
50400000000,54000000000,52796733234,52798351674,1618440
50400000000,54000000000,52798351674,52799218853,867179
50400000000,54000000000,52799218853,52799219686,833
50400000000,54000000000,52799219686,52799258581,38895
50400000000,54000000000,52799258581,52802110815,2852234
50400000000,54000000000,52802110815,52806133029,4022214
50400000000,54000000000,52806133029,52807755907,1622878
50400000000,54000000000,52807755907,52811400719,3644812
50400000000,54000000000,52811400719,52812181740,781021
50400000000,54000000000,52812181740,52812972386,790646
50400000000,54000000000,52812972386,52813819613,847227
50400000000,54000000000,52813819613,52813841994,22381
50400000000,54000000000,52813841994,52813841996,2
50400000000,54000000000,52813841996,52822522572,8680576
50400000000,54000000000,52822522572,52822524966,2394
50400000000,54000000000,52822524966,52822527051,2085
50400000000,54000000000,52822527051,52822529433,2382
50400000000,54000000000,52822529433,52824028215,1498782
50400000000,54000000000,52824028215,52824028293,78
50400000000,54000000000,52824028293,52824028303,10
50400000000,54000000000,52824028303,52824028329,26
50400000000,54000000000,52824028329,52827733396,3705067
50400000000,54000000000,52827733396,52828607785,874389
50400000000,54000000000,52828607785,52829377660,769875
50400000000,54000000000,52829377660,52833110721,3733061
50400000000,54000000000,52833110721,52834767363,1656642
50400000000,54000000000,52834767363,52834773316,5953
50400000000,54000000000,52834773316,52834775599,2283
50400000000,54000000000,52834775599,52835633067,857468
50400000000,54000000000,52835633067,52837354572,1721505
50400000000,54000000000,52837354572,52837354583,11
50400000000,54000000000,52837354583,52837354597,14
50400000000,54000000000,52837354597,52839971076,2616479
50400000000,54000000000,52839971076,52839971078,2
50400000000,54000000000,52839971078,52841831861,1860783
50400000000,54000000000,52841831861,52844758949,2927088
50400000000,54000000000,52844758949,52846412527,1653578
50400000000,54000000000,52846412527,52847222211,809684
50400000000,54000000000,52847222211,52848009221,787010
50400000000,54000000000,52848009221,52848897149,887928
50400000000,54000000000,52848897149,52848920801,23652
50400000000,54000000000,52848920801,52848926690,5889
50400000000,54000000000,52848926690,52850537347,1610657
50400000000,54000000000,52850537347,52852371813,1834466
50400000000,54000000000,52852371813,52854624282,2252469
50400000000,54000000000,52854624282,52854624338,56
50400000000,54000000000,52854624338,52856173926,1549588
50400000000,54000000000,52856173926,52856173985,59
50400000000,54000000000,52856173985,52856173990,5
50400000000,54000000000,52856173990,52856173995,5
50400000000,54000000000,52856173995,52869427628,13253633
50400000000,54000000000,52869427628,52871905014,2477386
50400000000,54000000000,52871905014,52871905365,351
50400000000,54000000000,52871905365,52872809461,904096
50400000000,54000000000,52872809461,52880242498,7433037
50400000000,54000000000,52880242498,52882698668,2456170
50400000000,54000000000,52882698668,52882698671,3
50400000000,54000000000,52882698671,52883595104,896433
50400000000,54000000000,52883595104,52884402456,807352
50400000000,54000000000,52884402456,52885707759,1305303
50400000000,54000000000,52885707759,52902548610,16840851
50400000000,54000000000,52902548610,52929751706,27203096
50400000000,54000000000,52929751706,52932200826,2449120
50400000000,54000000000,52932200826,52933824287,1623461
50400000000,54000000000,52933824287,52940332852,6508565
50400000000,54000000000,52940332852,52940334309,1457
50400000000,54000000000,52940334309,52940334316,7
50400000000,54000000000,52940334316,52943214552,2880236
50400000000,54000000000,52943214552,52946530004,3315452
50400000000,54000000000,52946530004,52972139023,25609019
50400000000,54000000000,52972139023,52974052345,1913322
50400000000,54000000000,52974052345,52983693945,9641600
50400000000,54000000000,52983693945,52994874786,11180841
50400000000,54000000000,52994874786,52994875065,279
50400000000,54000000000,52994875065,53014558095,19683030
50400000000,54000000000,53014558095,53015361132,803037
50400000000,54000000000,53015361132,53017759178,2398046
50400000000,54000000000,53017759178,53021991971,4232793
50400000000,54000000000,53021991971,53023588872,1596901
50400000000,54000000000,53023588872,53025193272,1604400
50400000000,54000000000,53025193272,53027683221,2489949
50400000000,54000000000,53027683221,53027734486,51265
50400000000,54000000000,53027734486,53027734725,239
50400000000,54000000000,53027734725,53027734730,5
50400000000,54000000000,53027734730,53028545626,810896
50400000000,54000000000,53028545626,53031562960,3017334
50400000000,54000000000,53031562960,53031580243,17283
50400000000,54000000000,53031580243,53035033277,3453034
50400000000,54000000000,53035033277,53035033525,248
50400000000,54000000000,53035033525,53035034262,737
50400000000,54000000000,53035034262,53037426095,2391833
50400000000,54000000000,53037426095,53037426099,4
50400000000,54000000000,53037426099,53037426100,1
50400000000,54000000000,53037426100,53037426101,1
50400000000,54000000000,53037426101,53037427116,1015
50400000000,54000000000,53037427116,53037427120,4
50400000000,54000000000,53037427120,53037427121,1
50400000000,54000000000,53037427121,53037427122,1
50400000000,54000000000,53037427122,53041088203,3661081
50400000000,54000000000,53041088203,53041088523,320
50400000000,54000000000,53041088523,53041088803,280
50400000000,54000000000,53041088803,53041089440,637
50400000000,54000000000,53041089440,53041115729,26289
50400000000,54000000000,53041115729,53041115741,12
50400000000,54000000000,53041115741,53042122770,1007029
50400000000,54000000000,53042122770,53045279898,3157128
50400000000,54000000000,53045279898,53056678872,11398974
50400000000,54000000000,53056678872,53059134226,2455354
50400000000,54000000000,53059134226,53060227377,1093151
50400000000,54000000000,53060227377,53060227381,4
50400000000,54000000000,53060227381,53060227382,1
50400000000,54000000000,53060227382,53060323830,96448
50400000000,54000000000,53060323830,53062363123,2039293
50400000000,54000000000,53062363123,53062363460,337
50400000000,54000000000,53062363460,53062561700,198240
50400000000,54000000000,53062561700,53062565074,3374
50400000000,54000000000,53062565074,53065023405,2458331
50400000000,54000000000,53065023405,53065023421,16
50400000000,54000000000,53065023421,53068844061,3820640
50400000000,54000000000,53068844061,53068854202,10141
50400000000,54000000000,53068854202,53069831993,977791
50400000000,54000000000,53069831993,53070919736,1087743
50400000000,54000000000,53070919736,53072022749,1103013
50400000000,54000000000,53072022749,53083763640,11740891
50400000000,54000000000,53083763640,53085803446,2039806
50400000000,54000000000,53085803446,53085803451,5
50400000000,54000000000,53085803451,53085803452,1
50400000000,54000000000,53085803452,53086863852,1060400
50400000000,54000000000,53086863852,53086863912,60
50400000000,54000000000,53086863912,53088888421,2024509
50400000000,54000000000,53088888421,53088888506,85
50400000000,54000000000,53088888506,53088888510,4
50400000000,54000000000,53088888510,53088888515,5
50400000000,54000000000,53088888515,53094352891,5464376
50400000000,54000000000,53094352891,53109239418,14886527
50400000000,54000000000,53109239418,53111131935,1892517
50400000000,54000000000,53111131935,53116191565,5059630
50400000000,54000000000,53116191565,53118168881,1977316
50400000000,54000000000,53118168881,53120028761,1859880
50400000000,54000000000,53120028761,53121737802,1709041
50400000000,54000000000,53121737802,53136848978,15111176
50400000000,54000000000,53136848978,53140543739,3694761
50400000000,54000000000,53140543739,53145585054,5041315
50400000000,54000000000,53145585054,53164636597,19051543
50400000000,54000000000,53164636597,53164636599,2
50400000000,54000000000,53164636599,53166441840,1805241
50400000000,54000000000,53166441840,53167992090,1550250
50400000000,54000000000,53167992090,53168786570,794480
50400000000,54000000000,53168786570,53169490385,703815
50400000000,54000000000,53169490385,53169506455,16070
50400000000,54000000000,53169506455,53170274453,767998
50400000000,54000000000,53170274453,53170293073,18620
50400000000,54000000000,53170293073,53171028166,735093
50400000000,54000000000,53171028166,53171983434,955268
50400000000,54000000000,53171983434,53173689949,1706515
50400000000,54000000000,53173689949,53174518317,828368
50400000000,54000000000,53174518317,53174518353,36
50400000000,54000000000,53174518353,53174518360,7
50400000000,54000000000,53174518360,53177293063,2774703
50400000000,54000000000,53177293063,53178130862,837799
50400000000,54000000000,53178130862,53179698928,1568066
50400000000,54000000000,53179698928,53182125682,2426754
50400000000,54000000000,53182125682,53182129217,3535
50400000000,54000000000,53182129217,53183790712,1661495
50400000000,54000000000,53183790712,53183790730,18
50400000000,54000000000,53183790730,53189920907,6130177
50400000000,54000000000,53189920907,53189920910,3
50400000000,54000000000,53189920910,53189921369,459
50400000000,54000000000,53189921369,53191561859,1640490
50400000000,54000000000,53191561859,53193063691,1501832
50400000000,54000000000,53193063691,53194784670,1720979
50400000000,54000000000,53194784670,53195583379,798709
50400000000,54000000000,53195583379,53199145591,3562212
50400000000,54000000000,53199145591,53202567801,3422210
50400000000,54000000000,53202567801,53207034494,4466693
50400000000,54000000000,53207034494,53208530112,1495618
50400000000,54000000000,53208530112,53217319155,8789043
50400000000,54000000000,53217319155,53217319155,0
50400000000,54000000000,53217319155,53218141972,822817
50400000000,54000000000,53218141972,53220035946,1893974
50400000000,54000000000,53220035946,53220067537,31591
50400000000,54000000000,53220067537,53220845790,778253
50400000000,54000000000,53220845790,53222489507,1643717
50400000000,54000000000,53222489507,53228115460,5625953
50400000000,54000000000,53228115460,53228115464,4
50400000000,54000000000,53228115464,53228115641,177
50400000000,54000000000,53228115641,53228115646,5
50400000000,54000000000,53228115646,53235920650,7805004
50400000000,54000000000,53235920650,53238401683,2481033
50400000000,54000000000,53238401683,53238401683,0
50400000000,54000000000,53238401683,53239135058,733375
50400000000,54000000000,53239135058,53239135510,452
50400000000,54000000000,53239135510,53243938654,4803144
50400000000,54000000000,53243938654,53244969355,1030701
50400000000,54000000000,53244969355,53245824350,854995
50400000000,54000000000,53245824350,53247418096,1593746
50400000000,54000000000,53247418096,53256497364,9079268
50400000000,54000000000,53256497364,53256502313,4949
50400000000,54000000000,53256502313,53258163647,1661334
50400000000,54000000000,53258163647,53258188425,24778
50400000000,54000000000,53258188425,53260603786,2415361
50400000000,54000000000,53260603786,53260603789,3
50400000000,54000000000,53260603789,53261360105,756316
50400000000,54000000000,53261360105,53275183511,13823406
50400000000,54000000000,53275183511,53276823257,1639746
50400000000,54000000000,53276823257,53279322315,2499058
50400000000,54000000000,53279322315,53279340292,17977
50400000000,54000000000,53279340292,53280856099,1515807
50400000000,54000000000,53280856099,53281607722,751623
50400000000,54000000000,53281607722,53282564288,956566
50400000000,54000000000,53282564288,53282569465,5177
50400000000,54000000000,53282569465,53283260198,690733
50400000000,54000000000,53283260198,53284313788,1053590
50400000000,54000000000,53284313788,53285051171,737383
50400000000,54000000000,53285051171,53287292234,2241063
50400000000,54000000000,53287292234,53287292238,4
50400000000,54000000000,53287292238,53287292274,36
50400000000,54000000000,53287292274,53287292278,4
50400000000,54000000000,53287292278,53287292279,1
50400000000,54000000000,53287292279,53288108882,816603
50400000000,54000000000,53288108882,53288108882,0
50400000000,54000000000,53288108882,53289771500,1662618
50400000000,54000000000,53289771500,53289772401,901
50400000000,54000000000,53289772401,53289772853,452
50400000000,54000000000,53289772853,53291359922,1587069
50400000000,54000000000,53291359922,53292931140,1571218
50400000000,54000000000,53292931140,53292957159,26019
50400000000,54000000000,53292957159,53300780142,7822983
50400000000,54000000000,53300780142,53302416921,1636779
50400000000,54000000000,53302416921,53307653582,5236661
50400000000,54000000000,53307653582,53307664615,11033
50400000000,54000000000,53307664615,53307672610,7995
50400000000,54000000000,53307672610,53307681150,8540
50400000000,54000000000,53307681150,53309347610,1666460
50400000000,54000000000,53309347610,53309349949,2339
50400000000,54000000000,53309349949,53309352302,2353
50400000000,54000000000,53309352302,53309352411,109
50400000000,54000000000,53309352411,53352286078,42933667
50400000000,54000000000,53352286078,53353999379,1713301
50400000000,54000000000,53353999379,53355669652,1670273
50400000000,54000000000,53355669652,53358956701,3287049
50400000000,54000000000,53358956701,53360161214,1204513
50400000000,54000000000,53360161214,53360161214,0
50400000000,54000000000,53360161214,53372147880,11986666
50400000000,54000000000,53372147880,53373460411,1312531
50400000000,54000000000,53373460411,53374290680,830269
50400000000,54000000000,53374290680,53376056358,1765678
50400000000,54000000000,53376056358,53383646943,7590585
50400000000,54000000000,53383646943,53383646943,0
50400000000,54000000000,53383646943,53402210535,18563592
50400000000,54000000000,53402210535,53402214263,3728
50400000000,54000000000,53402214263,53402214304,41
50400000000,54000000000,53402214304,53404445069,2230765
50400000000,54000000000,53404445069,53407524328,3079259
50400000000,54000000000,53407524328,53408376648,852320
50400000000,54000000000,53408376648,53408379682,3034
50400000000,54000000000,53408379682,53408382297,2615
50400000000,54000000000,53408382297,53409246942,864645
50400000000,54000000000,53409246942,53410104787,857845
50400000000,54000000000,53410104787,53410104810,23
50400000000,54000000000,53410104810,53410104827,17
50400000000,54000000000,53410104827,53410144352,39525
50400000000,54000000000,53410144352,53411869021,1724669
50400000000,54000000000,53411869021,53411906270,37249
50400000000,54000000000,53411906270,53413608555,1702285
50400000000,54000000000,53413608555,53413632295,23740
50400000000,54000000000,53413632295,53415305223,1672928
50400000000,54000000000,53415305223,53415344849,39626
50400000000,54000000000,53415344849,53415345082,233
50400000000,54000000000,53415345082,53419132531,3787449
50400000000,54000000000,53419132531,53420746289,1613758
50400000000,54000000000,53420746289,53420765860,19571
50400000000,54000000000,53420765860,53420794379,28519
50400000000,54000000000,53420794379,53420798466,4087
50400000000,54000000000,53420798466,53420803351,4885
50400000000,54000000000,53420803351,53422533123,1729772
50400000000,54000000000,53422533123,53422533773,650
50400000000,54000000000,53422533773,53422533791,18
50400000000,54000000000,53422533791,53422533805,14
50400000000,54000000000,53422533805,53428706062,6172257
50400000000,54000000000,53428706062,53428706064,2
50400000000,54000000000,53428706064,53430312314,1606250
50400000000,54000000000,53430312314,53432902225,2589911
50400000000,54000000000,53432902225,53434559333,1657108
50400000000,54000000000,53434559333,53434577013,17680
50400000000,54000000000,53434577013,53457446495,22869482
50400000000,54000000000,53457446495,53458205268,758773
50400000000,54000000000,53458205268,53460361382,2156114
50400000000,54000000000,53460361382,53463339737,2978355
50400000000,54000000000,53463339737,53463339740,3
50400000000,54000000000,53463339740,53464953048,1613308
50400000000,54000000000,53464953048,53465872191,919143
50400000000,54000000000,53465872191,53466772450,900259
50400000000,54000000000,53466772450,53467747826,975376
50400000000,54000000000,53467747826,53467747829,3
50400000000,54000000000,53467747829,53468603666,855837
50400000000,54000000000,53468603666,53469433500,829834
50400000000,54000000000,53469433500,53469460245,26745
50400000000,54000000000,53469460245,53470233693,773448
50400000000,54000000000,53470233693,53471038240,804547
50400000000,54000000000,53471038240,53473144745,2106505
50400000000,54000000000,53473144745,53474063951,919206
50400000000,54000000000,53474063951,53474892496,828545
50400000000,54000000000,53474892496,53474902529,10033
50400000000,54000000000,53474902529,53476056233,1153704
50400000000,54000000000,53476056233,53481698148,5641915
50400000000,54000000000,53481698148,53483811644,2113496
50400000000,54000000000,53483811644,53483833008,21364
50400000000,54000000000,53483833008,53485690039,1857031
50400000000,54000000000,53485690039,53487688612,1998573
50400000000,54000000000,53487688612,53490287480,2598868
50400000000,54000000000,53490287480,53490851480,564000
50400000000,54000000000,53490851480,53493541151,2689671
50400000000,54000000000,53493541151,53494366735,825584
50400000000,54000000000,53494366735,53495116448,749713
50400000000,54000000000,53495116448,53495190980,74532
50400000000,54000000000,53495190980,53495200377,9397
50400000000,54000000000,53495200377,53496769715,1569338
50400000000,54000000000,53496769715,53496769720,5
50400000000,54000000000,53496769720,53496769721,1
50400000000,54000000000,53496769721,53497610526,840805
50400000000,54000000000,53497610526,53497613009,2483
50400000000,54000000000,53497613009,53506794950,9181941
50400000000,54000000000,53506794950,53508431205,1636255
50400000000,54000000000,53508431205,53510093320,1662115
50400000000,54000000000,53510093320,53512513567,2420247
50400000000,54000000000,53512513567,53512563339,49772
50400000000,54000000000,53512563339,53518487552,5924213
50400000000,54000000000,53518487552,53520226858,1739306
50400000000,54000000000,53520226858,53520259931,33073
50400000000,54000000000,53520259931,53523752477,3492546
50400000000,54000000000,53523752477,53532364109,8611632
50400000000,54000000000,53532364109,53532364454,345
50400000000,54000000000,53532364454,53532364501,47
50400000000,54000000000,53532364501,53532364506,5
50400000000,54000000000,53532364506,53533339331,974825
50400000000,54000000000,53533339331,53533345372,6041
50400000000,54000000000,53533345372,53534904369,1558997
50400000000,54000000000,53534904369,53534904380,11
50400000000,54000000000,53534904380,53544759661,9855281
50400000000,54000000000,53544759661,53544762263,2602
50400000000,54000000000,53544762263,53544762268,5
50400000000,54000000000,53544762268,53546005407,1243139
50400000000,54000000000,53546005407,53546084316,78909
50400000000,54000000000,53546084316,53548681225,2596909
50400000000,54000000000,53548681225,53550002037,1320812
50400000000,54000000000,53550002037,53550002056,19
50400000000,54000000000,53550002056,53550854821,852765
50400000000,54000000000,53550854821,53552410336,1555515
50400000000,54000000000,53552410336,53552515173,104837
50400000000,54000000000,53552515173,53554028260,1513087
50400000000,54000000000,53554028260,53557994852,3966592
50400000000,54000000000,53557994852,53559116662,1121810
50400000000,54000000000,53559116662,53561863153,2746491
50400000000,54000000000,53561863153,53569466257,7603104
50400000000,54000000000,53569466257,53570107465,641208
50400000000,54000000000,53570107465,53571685835,1578370
50400000000,54000000000,53571685835,53572339727,653892
50400000000,54000000000,53572339727,53586711556,14371829
50400000000,54000000000,53586711556,53588009158,1297602
50400000000,54000000000,53588009158,53597175446,9166288
50400000000,54000000000,53597175446,53597179143,3697
50400000000,54000000000,53597179143,53597182009,2866
50400000000,54000000000,53597182009,53597184579,2570
50400000000,54000000000,53597184579,53599420532,2235953
50400000000,54000000000,53599420532,53599420570,38
50400000000,54000000000,53599420570,53599420594,24
50400000000,54000000000,53599420594,53599420612,18
50400000000,54000000000,53599420612,53605063372,5642760
50400000000,54000000000,53605063372,53605063458,86
50400000000,54000000000,53605063458,53609441926,4378468
50400000000,54000000000,53609441926,53609442003,77
50400000000,54000000000,53609442003,53609442008,5
50400000000,54000000000,53609442008,53612717755,3275747
50400000000,54000000000,53612717755,53619954290,7236535
50400000000,54000000000,53619954290,53623588181,3633891
50400000000,54000000000,53623588181,53645804371,22216190
50400000000,54000000000,53645804371,53647271238,1466867
50400000000,54000000000,53647271238,53647271242,4
50400000000,54000000000,53647271242,53647271243,1
50400000000,54000000000,53647271243,53649059544,1788301
50400000000,54000000000,53649059544,53649076009,16465
50400000000,54000000000,53649076009,53651930837,2854828
50400000000,54000000000,53651930837,53651933876,3039
50400000000,54000000000,53651933876,53651940378,6502
50400000000,54000000000,53651940378,53652728699,788321
50400000000,54000000000,53652728699,53653436575,707876
50400000000,54000000000,53653436575,53653436602,27
50400000000,54000000000,53653436602,53653436613,11
50400000000,54000000000,53653436613,53653466173,29560
50400000000,54000000000,53653466173,53654231190,765017
50400000000,54000000000,53654231190,53654991467,760277
50400000000,54000000000,53654991467,53661884397,6892930
50400000000,54000000000,53661884397,53701636854,39752457
50400000000,54000000000,53701636854,53705296366,3659512
50400000000,54000000000,53705296366,53705325039,28673
50400000000,54000000000,53705325039,53706948621,1623582
50400000000,54000000000,53706948621,53707806931,858310
50400000000,54000000000,53707806931,53709981767,2174836
50400000000,54000000000,53709981767,53709981770,3
50400000000,54000000000,53709981770,53711570324,1588554
50400000000,54000000000,53711570324,53713318138,1747814
50400000000,54000000000,53713318138,53714434443,1116305
50400000000,54000000000,53714434443,53715535141,1100698
50400000000,54000000000,53715535141,53715577310,42169
50400000000,54000000000,53715577310,53716792048,1214738
50400000000,54000000000,53716792048,53718065133,1273085
50400000000,54000000000,53718065133,53719282551,1217418
50400000000,54000000000,53719282551,53719282650,99
50400000000,54000000000,53719282650,53719282655,5
50400000000,54000000000,53719282655,53719282660,5
50400000000,54000000000,53719282660,53720672265,1389605
50400000000,54000000000,53720672265,53720680192,7927
50400000000,54000000000,53720680192,53720687812,7620
50400000000,54000000000,53720687812,53720690511,2699
50400000000,54000000000,53720690511,53723203499,2512988
50400000000,54000000000,53723203499,53723203525,26
50400000000,54000000000,53723203525,53723203535,10
50400000000,54000000000,53723203535,53723203546,11
50400000000,54000000000,53723203546,53724957505,1753959
50400000000,54000000000,53724957505,53725823147,865642
50400000000,54000000000,53725823147,53725832932,9785
50400000000,54000000000,53725832932,53726803769,970837
50400000000,54000000000,53726803769,53727691729,887960
50400000000,54000000000,53727691729,53727714342,22613
50400000000,54000000000,53727714342,53728628016,913674
50400000000,54000000000,53728628016,53730392196,1764180
50400000000,54000000000,53730392196,53732984317,2592121
50400000000,54000000000,53732984317,53735014438,2030121
50400000000,54000000000,53735014438,53735040369,25931
50400000000,54000000000,53735040369,53735040371,2
50400000000,54000000000,53735040371,53736104467,1064096
50400000000,54000000000,53736104467,53745572074,9467607
50400000000,54000000000,53745572074,53747070246,1498172
50400000000,54000000000,53747070246,53747099464,29218
50400000000,54000000000,53747099464,53747099466,2
50400000000,54000000000,53747099466,53748699299,1599833
50400000000,54000000000,53748699299,53751099919,2400620
50400000000,54000000000,53751099919,53751099960,41
50400000000,54000000000,53751099960,53751099966,6
50400000000,54000000000,53751099966,53751099972,6
50400000000,54000000000,53751099972,53754319505,3219533
50400000000,54000000000,53754319505,53755437774,1118269
50400000000,54000000000,53755437774,53757315553,1877779
50400000000,54000000000,53757315553,53758060727,745174
50400000000,54000000000,53758060727,53758825751,765024
50400000000,54000000000,53758825751,53761219094,2393343
50400000000,54000000000,53761219094,53762041980,822886
50400000000,54000000000,53762041980,53780016491,17974511
50400000000,54000000000,53780016491,53781784294,1767803
50400000000,54000000000,53781784294,53781784297,3
50400000000,54000000000,53781784297,53783404388,1620091
50400000000,54000000000,53783404388,53783424562,20174
50400000000,54000000000,53783424562,53783442996,18434
50400000000,54000000000,53783442996,53786524147,3081151
50400000000,54000000000,53786524147,53786524151,4
50400000000,54000000000,53786524151,53786524152,1
50400000000,54000000000,53786524152,53786525249,1097
50400000000,54000000000,53786525249,53786555666,30417
50400000000,54000000000,53786555666,53789874336,3318670
50400000000,54000000000,53789874336,53789895761,21425
50400000000,54000000000,53789895761,53790597847,702086
50400000000,54000000000,53790597847,53792952963,2355116
50400000000,54000000000,53792952963,53793859807,906844
50400000000,54000000000,53793859807,53795612106,1752299
50400000000,54000000000,53795612106,53800360671,4748565
50400000000,54000000000,53800360671,53804368606,4007935
50400000000,54000000000,53804368606,53809165888,4797282
50400000000,54000000000,53809165888,53809619265,453377
50400000000,54000000000,53809619265,53809625138,5873
50400000000,54000000000,53809625138,53813474030,3848892
50400000000,54000000000,53813474030,53816113436,2639406
50400000000,54000000000,53816113436,53819329924,3216488
50400000000,54000000000,53819329924,53819329936,12
50400000000,54000000000,53819329936,53819329973,37
50400000000,54000000000,53819329973,53819399925,69952
50400000000,54000000000,53819399925,53822039863,2639938
50400000000,54000000000,53822039863,53822120815,80952
50400000000,54000000000,53822120815,53823802206,1681391
50400000000,54000000000,53823802206,53825023547,1221341
50400000000,54000000000,53825023547,53826429984,1406437
50400000000,54000000000,53826429984,53827766011,1336027
50400000000,54000000000,53827766011,53830131992,2365981
50400000000,54000000000,53830131992,53830132007,15
50400000000,54000000000,53830132007,53834764994,4632987
50400000000,54000000000,53834764994,53836720519,1955525
50400000000,54000000000,53836720519,53837719920,999401
50400000000,54000000000,53837719920,53839761082,2041162
50400000000,54000000000,53839761082,53856594882,16833800
50400000000,54000000000,53856594882,53862228429,5633547
50400000000,54000000000,53862228429,53863391259,1162830
50400000000,54000000000,53863391259,53863393031,1772
50400000000,54000000000,53863393031,53867371765,3978734
50400000000,54000000000,53867371765,53884527505,17155740
50400000000,54000000000,53884527505,53884534548,7043
50400000000,54000000000,53884534548,53885424619,890071
50400000000,54000000000,53885424619,53886307684,883065
50400000000,54000000000,53886307684,53886307688,4
50400000000,54000000000,53886307688,53886307709,21
50400000000,54000000000,53886307709,53886307713,4
50400000000,54000000000,53886307713,53888164836,1857123
50400000000,54000000000,53888164836,53888164840,4
50400000000,54000000000,53888164840,53888164936,96
50400000000,54000000000,53888164936,53889058700,893764
50400000000,54000000000,53889058700,53899051488,9992788
50400000000,54000000000,53899051488,53899056031,4543
50400000000,54000000000,53899056031,53899058351,2320
50400000000,54000000000,53899058351,53901387012,2328661
50400000000,54000000000,53901387012,53901387025,13
50400000000,54000000000,53901387025,53901387382,357
50400000000,54000000000,53901387382,53905856360,4468978
50400000000,54000000000,53905856360,53911292073,5435713
50400000000,54000000000,53911292073,53913447176,2155103
50400000000,54000000000,53913447176,53922055083,8607907
50400000000,54000000000,53922055083,53923600356,1545273
50400000000,54000000000,53923600356,53924573063,972707
50400000000,54000000000,53924573063,53925439726,866663
50400000000,54000000000,53925439726,53925439730,4
50400000000,54000000000,53925439730,53926304863,865133
50400000000,54000000000,53926304863,53926304881,18
50400000000,54000000000,53926304881,53927994327,1689446
50400000000,54000000000,53927994327,53929679950,1685623
50400000000,54000000000,53929679950,53955588265,25908315
50400000000,54000000000,53955588265,53956348801,760536
50400000000,54000000000,53956348801,53958225116,1876315
50400000000,54000000000,53958225116,53960806139,2581023
50400000000,54000000000,53960806139,53962516868,1710729
50400000000,54000000000,53962516868,53978803443,16286575
50400000000,54000000000,53978803443,53980896345,2092902
50400000000,54000000000,53980896345,53981144849,248504
54000000000,57600000000,54000385107,54002505462,2120355
54000000000,57600000000,54002505462,54003438283,932821
54000000000,57600000000,54003438283,54003440471,2188
54000000000,57600000000,54003440471,54003440476,5
54000000000,57600000000,54003440476,54004697007,1256531
54000000000,57600000000,54004697007,54006742767,2045760
54000000000,57600000000,54006742767,54006837222,94455
54000000000,57600000000,54006837222,54007724014,886792
54000000000,57600000000,54007724014,54008634157,910143
54000000000,57600000000,54008634157,54008671544,37387
54000000000,57600000000,54008671544,54008682362,10818
54000000000,57600000000,54008682362,54010507134,1824772
54000000000,57600000000,54010507134,54010507138,4
54000000000,57600000000,54010507138,54010507139,1
54000000000,57600000000,54010507139,54010507140,1
54000000000,57600000000,54010507140,54011417582,910442
54000000000,57600000000,54011417582,54011417705,123
54000000000,57600000000,54011417705,54011421184,3479
54000000000,57600000000,54011421184,54024913023,13491839
54000000000,57600000000,54024913023,54024920592,7569
54000000000,57600000000,54024920592,54024922913,2321
54000000000,57600000000,54024922913,54024924628,1715
54000000000,57600000000,54024924628,54025667694,743066
54000000000,57600000000,54025667694,54026492495,824801
54000000000,57600000000,54026492495,54026492507,12
54000000000,57600000000,54026492507,54026492518,11
54000000000,57600000000,54026492518,54026492529,11
54000000000,57600000000,54026492529,54030259181,3766652
54000000000,57600000000,54030259181,54030259183,2
54000000000,57600000000,54030259183,54031158719,899536
54000000000,57600000000,54031158719,54032003503,844784
54000000000,57600000000,54032003503,54037161447,5157944
54000000000,57600000000,54037161447,54038023745,862298
54000000000,57600000000,54038023745,54038926700,902955
54000000000,57600000000,54038926700,54040676851,1750151
54000000000,57600000000,54040676851,54047217663,6540812
54000000000,57600000000,54047217663,54049610628,2392965
54000000000,57600000000,54049610628,54051351174,1740546
54000000000,57600000000,54051351174,54051351178,4
54000000000,57600000000,54051351178,54051385328,34150
54000000000,57600000000,54051385328,54052229722,844394
54000000000,57600000000,54052229722,54052254130,24408
54000000000,57600000000,54052254130,54053116962,862832
54000000000,57600000000,54053116962,54056324538,3207576
54000000000,57600000000,54056324538,54057992645,1668107
54000000000,57600000000,54057992645,54062109350,4116705
54000000000,57600000000,54062109350,54063801425,1692075
54000000000,57600000000,54063801425,54069012582,5211157
54000000000,57600000000,54069012582,54083423251,14410669
54000000000,57600000000,54083423251,54083445272,22021
54000000000,57600000000,54083445272,54085694987,2249715
54000000000,57600000000,54085694987,54085713155,18168
54000000000,57600000000,54085713155,54085713155,0
54000000000,57600000000,54085713155,54085718230,5075
54000000000,57600000000,54085718230,54085757358,39128
54000000000,57600000000,54085757358,54085760072,2714
54000000000,57600000000,54085760072,54086653613,893541
54000000000,57600000000,54086653613,54087406275,752662
54000000000,57600000000,54087406275,54087406294,19
54000000000,57600000000,54087406294,54087406305,11
54000000000,57600000000,54087406305,54088548332,1142027
54000000000,57600000000,54088548332,54092833735,4285403
54000000000,57600000000,54092833735,54092833738,3
54000000000,57600000000,54092833738,54094523296,1689558
54000000000,57600000000,54094523296,54106845642,12322346
54000000000,57600000000,54106845642,54108413870,1568228
54000000000,57600000000,54108413870,54109541868,1127998
54000000000,57600000000,54109541868,54110386815,844947
54000000000,57600000000,54110386815,54112586024,2199209
54000000000,57600000000,54112586024,54114904578,2318554
54000000000,57600000000,54114904578,54116557855,1653277
54000000000,57600000000,54116557855,54119006748,2448893
54000000000,57600000000,54119006748,54120957345,1950597
54000000000,57600000000,54120957345,54123404661,2447316
54000000000,57600000000,54123404661,54123411462,6801
54000000000,57600000000,54123411462,54124268236,856774
54000000000,57600000000,54124268236,54125051962,783726
54000000000,57600000000,54125051962,54125839903,787941
54000000000,57600000000,54125839903,54125839914,11
54000000000,57600000000,54125839914,54127489994,1650080
54000000000,57600000000,54127489994,54127490005,11
54000000000,57600000000,54127490005,54134139546,6649541
54000000000,57600000000,54134139546,54134144512,4966
54000000000,57600000000,54134144512,54135849716,1705204
54000000000,57600000000,54135849716,54135849728,12
54000000000,57600000000,54135849728,54135887799,38071
54000000000,57600000000,54135887799,54146690684,10802885
54000000000,57600000000,54146690684,54148353931,1663247
54000000000,57600000000,54148353931,54148353931,0
54000000000,57600000000,54148353931,54164260529,15906598
54000000000,57600000000,54164260529,54169651072,5390543
54000000000,57600000000,54169651072,54169684878,33806
54000000000,57600000000,54169684878,54171497206,1812328
54000000000,57600000000,54171497206,54173572553,2075347
54000000000,57600000000,54173572553,54174352362,779809
54000000000,57600000000,54174352362,54174352620,258
54000000000,57600000000,54174352620,54174352625,5
54000000000,57600000000,54174352625,54175709140,1356515
54000000000,57600000000,54175709140,54175709209,69
54000000000,57600000000,54175709209,54175709214,5
54000000000,57600000000,54175709214,54175709219,5
54000000000,57600000000,54175709219,54178396552,2687333
54000000000,57600000000,54178396552,54180602939,2206387
54000000000,57600000000,54180602939,54182726433,2123494
54000000000,57600000000,54182726433,54182730631,4198
54000000000,57600000000,54182730631,54184612467,1881836
54000000000,57600000000,54184612467,54187388858,2776391
54000000000,57600000000,54187388858,54188192156,803298
54000000000,57600000000,54188192156,54194079860,5887704
54000000000,57600000000,54194079860,54194079907,47
54000000000,57600000000,54194079907,54194079914,7
54000000000,57600000000,54194079914,54194079921,7
54000000000,57600000000,54194079921,54194080212,291
54000000000,57600000000,54194080212,54195135668,1055456
54000000000,57600000000,54195135668,54196882059,1746391
54000000000,57600000000,54196882059,54200526334,3644275
54000000000,57600000000,54200526334,54202211100,1684766
54000000000,57600000000,54202211100,54202211100,0
54000000000,57600000000,54202211100,54202214574,3474
54000000000,57600000000,54202214574,54208390743,6176169
54000000000,57600000000,54208390743,54211501737,3110994
54000000000,57600000000,54211501737,54215410794,3909057
54000000000,57600000000,54215410794,54216182478,771684
54000000000,57600000000,54216182478,54217057465,874987
54000000000,57600000000,54217057465,54217914591,857126
54000000000,57600000000,54217914591,54224341807,6427216
54000000000,57600000000,54224341807,54224347462,5655
54000000000,57600000000,54224347462,54226163163,1815701
54000000000,57600000000,54226163163,54226163167,4
54000000000,57600000000,54226163167,54226163189,22
54000000000,57600000000,54226163189,54227024542,861353
54000000000,57600000000,54227024542,54227024546,4
54000000000,57600000000,54227024546,54227748625,724079
54000000000,57600000000,54227748625,54239853960,12105335
54000000000,57600000000,54239853960,54248691790,8837830
54000000000,57600000000,54248691790,54250315243,1623453
54000000000,57600000000,54250315243,54253164158,2848915
54000000000,57600000000,54253164158,54254739064,1574906
54000000000,57600000000,54254739064,54259504702,4765638
54000000000,57600000000,54259504702,54259504748,46
54000000000,57600000000,54259504748,54261275804,1771056
54000000000,57600000000,54261275804,54263276937,2001133
54000000000,57600000000,54263276937,54270537978,7261041
54000000000,57600000000,54270537978,54270538537,559
54000000000,57600000000,54270538537,54271595079,1056542
54000000000,57600000000,54271595079,54277778611,6183532
54000000000,57600000000,54277778611,54280515982,2737371
54000000000,57600000000,54280515982,54294327297,13811315
54000000000,57600000000,54294327297,54294327300,3
54000000000,57600000000,54294327300,54296242256,1914956
54000000000,57600000000,54296242256,54301667046,5424790
54000000000,57600000000,54301667046,54303451220,1784174
54000000000,57600000000,54303451220,54306570049,3118829
54000000000,57600000000,54306570049,54308268977,1698928
54000000000,57600000000,54308268977,54311859036,3590059
54000000000,57600000000,54311859036,54313489873,1630837
54000000000,57600000000,54313489873,54315250596,1760723
54000000000,57600000000,54315250596,54316216818,966222
54000000000,57600000000,54316216818,54325246314,9029496
54000000000,57600000000,54325246314,54325246329,15
54000000000,57600000000,54325246329,54328377339,3131010
54000000000,57600000000,54328377339,54332944623,4567284
54000000000,57600000000,54332944623,54332944625,2
54000000000,57600000000,54332944625,54334526296,1581671
54000000000,57600000000,54334526296,54338872698,4346402
54000000000,57600000000,54338872698,54348420400,9547702
54000000000,57600000000,54348420400,54350303239,1882839
54000000000,57600000000,54350303239,54350303266,27
54000000000,57600000000,54350303266,54350303271,5
54000000000,57600000000,54350303271,54355077846,4774575
54000000000,57600000000,54355077846,54362141084,7063238
54000000000,57600000000,54362141084,54363668662,1527578
54000000000,57600000000,54363668662,54366019644,2350982
54000000000,57600000000,54366019644,54366019647,3
54000000000,57600000000,54366019647,54366827390,807743
54000000000,57600000000,54366827390,54367596275,768885
54000000000,57600000000,54367596275,54367617103,20828
54000000000,57600000000,54367617103,54367618778,1675
54000000000,57600000000,54367618778,54367618783,5
54000000000,57600000000,54367618783,54374838274,7219491
54000000000,57600000000,54374838274,54376475733,1637459
54000000000,57600000000,54376475733,54377375789,900056
54000000000,57600000000,54377375789,54377375828,39
54000000000,57600000000,54377375828,54377375834,6
54000000000,57600000000,54377375834,54387303413,9927579
54000000000,57600000000,54387303413,54387327424,24011
54000000000,57600000000,54387327424,54387391819,64395
54000000000,57600000000,54387391819,54387400056,8237
54000000000,57600000000,54387400056,54387408386,8330
54000000000,57600000000,54387408386,54387411736,3350
54000000000,57600000000,54387411736,54387418218,6482
54000000000,57600000000,54387418218,54387421624,3406
54000000000,57600000000,54387421624,54389040195,1618571
54000000000,57600000000,54389040195,54389040199,4
54000000000,57600000000,54389040199,54389040200,1
54000000000,57600000000,54389040200,54389040248,48
54000000000,57600000000,54389040248,54389040252,4
54000000000,57600000000,54389040252,54389040287,35
54000000000,57600000000,54389040287,54389040304,17
54000000000,57600000000,54389040304,54389040316,12
54000000000,57600000000,54389040316,54389040335,19
54000000000,57600000000,54389040335,54389040346,11
54000000000,57600000000,54389040346,54389040358,12
54000000000,57600000000,54389040358,54389874030,833672
54000000000,57600000000,54389874030,54389874153,123
54000000000,57600000000,54389874153,54389874565,412
54000000000,57600000000,54389874565,54389905650,31085
54000000000,57600000000,54389905650,54389918052,12402
54000000000,57600000000,54389918052,54390702658,784606
54000000000,57600000000,54390702658,54391050785,348127
54000000000,57600000000,54391050785,54391826404,775619
54000000000,57600000000,54391826404,54394726312,2899908
54000000000,57600000000,54394726312,54396519161,1792849
54000000000,57600000000,54396519161,54401581695,5062534
54000000000,57600000000,54401581695,54401589440,7745
54000000000,57600000000,54401589440,54404336586,2747146
54000000000,57600000000,54404336586,54404336757,171
54000000000,57600000000,54404336757,54411902953,7566196
54000000000,57600000000,54411902953,54413871849,1968896
54000000000,57600000000,54413871849,54414685128,813279
54000000000,57600000000,54414685128,54414694532,9404
54000000000,57600000000,54414694532,54416124998,1430466
54000000000,57600000000,54416124998,54417173315,1048317
54000000000,57600000000,54417173315,54417173346,31
54000000000,57600000000,54417173346,54418037931,864585
54000000000,57600000000,54418037931,54426165212,8127281
54000000000,57600000000,54426165212,54427994974,1829762
54000000000,57600000000,54427994974,54428000748,5774
54000000000,57600000000,54428000748,54429915860,1915112
54000000000,57600000000,54429915860,54429915887,27
54000000000,57600000000,54429915887,54438698645,8782758
54000000000,57600000000,54438698645,54439511067,812422
54000000000,57600000000,54439511067,54439511165,98
54000000000,57600000000,54439511165,54439511170,5
54000000000,57600000000,54439511170,54439511223,53
54000000000,57600000000,54439511223,54440450524,939301
54000000000,57600000000,54440450524,54440477798,27274
54000000000,57600000000,54440477798,54442210092,1732294
54000000000,57600000000,54442210092,54443056970,846878
54000000000,57600000000,54443056970,54448615501,5558531
54000000000,57600000000,54448615501,54449465738,850237
54000000000,57600000000,54449465738,54449465741,3
54000000000,57600000000,54449465741,54450218812,753071
54000000000,57600000000,54450218812,54451036671,817859
54000000000,57600000000,54451036671,54452651911,1615240
54000000000,57600000000,54452651911,54453426695,774784
54000000000,57600000000,54453426695,54454151791,725096
54000000000,57600000000,54454151791,54456966088,2814297
54000000000,57600000000,54456966088,54461210665,4244577
54000000000,57600000000,54461210665,54464470071,3259406
54000000000,57600000000,54464470071,54469091395,4621324
54000000000,57600000000,54469091395,54471636221,2544826
54000000000,57600000000,54471636221,54475885032,4248811
54000000000,57600000000,54475885032,54476716091,831059
54000000000,57600000000,54476716091,54478333398,1617307
54000000000,57600000000,54478333398,54478333402,4
54000000000,57600000000,54478333402,54479392562,1059160
54000000000,57600000000,54479392562,54484372964,4980402
54000000000,57600000000,54484372964,54485244862,871898
54000000000,57600000000,54485244862,54486014780,769918
54000000000,57600000000,54486014780,54486038653,23873
54000000000,57600000000,54486038653,54487516363,1477710
54000000000,57600000000,54487516363,54488284900,768537
54000000000,57600000000,54488284900,54488284959,59
54000000000,57600000000,54488284959,54488284966,7
54000000000,57600000000,54488284966,54488284971,5
54000000000,57600000000,54488284971,54489249861,964890
54000000000,57600000000,54489249861,54489254157,4296
54000000000,57600000000,54489254157,54491080264,1826107
54000000000,57600000000,54491080264,54491080480,216
54000000000,57600000000,54491080480,54500020824,8940344
54000000000,57600000000,54500020824,54501894330,1873506
54000000000,57600000000,54501894330,54505749377,3855047
54000000000,57600000000,54505749377,54505749381,4
54000000000,57600000000,54505749381,54505749408,27
54000000000,57600000000,54505749408,54505749413,5
54000000000,57600000000,54505749413,54505749837,424
54000000000,57600000000,54505749837,54507612752,1862915
54000000000,57600000000,54507612752,54507612891,139
54000000000,57600000000,54507612891,54507612896,5
54000000000,57600000000,54507612896,54507612901,5
54000000000,57600000000,54507612901,54512073515,4460614
54000000000,57600000000,54512073515,54513742344,1668829
54000000000,57600000000,54513742344,54515305569,1563225
54000000000,57600000000,54515305569,54523580338,8274769
54000000000,57600000000,54523580338,54525212181,1631843
54000000000,57600000000,54525212181,54526805102,1592921
54000000000,57600000000,54526805102,54526821311,16209
54000000000,57600000000,54526821311,54527625081,803770
54000000000,57600000000,54527625081,54530092004,2466923
54000000000,57600000000,54530092004,54530092007,3
54000000000,57600000000,54530092007,54531624232,1532225
54000000000,57600000000,54531624232,54532446326,822094
54000000000,57600000000,54532446326,54537689555,5243229
54000000000,57600000000,54537689555,54537694081,4526
54000000000,57600000000,54537694081,54539290488,1596407
54000000000,57600000000,54539290488,54539290499,11
54000000000,57600000000,54539290499,54540940140,1649641
54000000000,57600000000,54540940140,54542582832,1642692
54000000000,57600000000,54542582832,54543391138,808306
54000000000,57600000000,54543391138,54545428144,2037006
54000000000,57600000000,54545428144,54546394256,966112
54000000000,57600000000,54546394256,54548309719,1915463
54000000000,57600000000,54548309719,54551076115,2766396
54000000000,57600000000,54551076115,54551076164,49
54000000000,57600000000,54551076164,54551076169,5
54000000000,57600000000,54551076169,54551076174,5
54000000000,57600000000,54551076174,54556547848,5471674
54000000000,57600000000,54556547848,54559984500,3436652
54000000000,57600000000,54559984500,54559984940,440
54000000000,57600000000,54559984940,54559984945,5
54000000000,57600000000,54559984945,54563718558,3733613
54000000000,57600000000,54563718558,54568736364,5017806
54000000000,57600000000,54568736364,54568746019,9655
54000000000,57600000000,54568746019,54570460316,1714297
54000000000,57600000000,54570460316,54571400661,940345
54000000000,57600000000,54571400661,54573088735,1688074
54000000000,57600000000,54573088735,54573968687,879952
54000000000,57600000000,54573968687,54573971099,2412
54000000000,57600000000,54573971099,54573973004,1905
54000000000,57600000000,54573973004,54575737821,1764817
54000000000,57600000000,54575737821,54575737832,11
54000000000,57600000000,54575737832,54575737861,29
54000000000,57600000000,54575737861,54578155621,2417760
54000000000,57600000000,54578155621,54578162545,6924
54000000000,57600000000,54578162545,54579010109,847564
54000000000,57600000000,54579010109,54579862458,852349
54000000000,57600000000,54579862458,54581947542,2085084
54000000000,57600000000,54581947542,54583588070,1640528
54000000000,57600000000,54583588070,54585274181,1686111
54000000000,57600000000,54585274181,54586143133,868952
54000000000,57600000000,54586143133,54586887718,744585
54000000000,57600000000,54586887718,54586908132,20414
54000000000,57600000000,54586908132,54592466778,5558646
54000000000,57600000000,54592466778,54592466824,46
54000000000,57600000000,54592466824,54595204073,2737249
54000000000,57600000000,54595204073,54599009250,3805177
54000000000,57600000000,54599009250,54600564829,1555579
54000000000,57600000000,54600564829,54603200191,2635362
54000000000,57600000000,54603200191,54604697278,1497087
54000000000,57600000000,54604697278,54605066761,369483
54000000000,57600000000,54605066761,54605074850,8089
54000000000,57600000000,54605074850,54605974703,899853
54000000000,57600000000,54605974703,54606823869,849166
54000000000,57600000000,54606823869,54606823880,11
54000000000,57600000000,54606823880,54606855983,32103
54000000000,57600000000,54606855983,54607683518,827535
54000000000,57600000000,54607683518,54609734895,2051377
54000000000,57600000000,54609734895,54611523051,1788156
54000000000,57600000000,54611523051,54611583966,60915
54000000000,57600000000,54611583966,54611591828,7862
54000000000,57600000000,54611591828,54611594524,2696
54000000000,57600000000,54611594524,54611596828,2304
54000000000,57600000000,54611596828,54613279329,1682501
54000000000,57600000000,54613279329,54613279333,4
54000000000,57600000000,54613279333,54613279334,1
54000000000,57600000000,54613279334,54613279335,1
54000000000,57600000000,54613279335,54613279394,59
54000000000,57600000000,54613279394,54613279411,17
54000000000,57600000000,54613279411,54613279422,11
54000000000,57600000000,54613279422,54614064915,785493
54000000000,57600000000,54614064915,54614065120,205
54000000000,57600000000,54614065120,54614065346,226
54000000000,57600000000,54614065346,54614098771,33425
54000000000,57600000000,54614098771,54614948715,849944
54000000000,57600000000,54614948715,54615773536,824821
54000000000,57600000000,54615773536,54616580636,807100
54000000000,57600000000,54616580636,54623562779,6982143
54000000000,57600000000,54623562779,54624951644,1388865
54000000000,57600000000,54624951644,54624957501,5857
54000000000,57600000000,54624957501,54624960077,2576
54000000000,57600000000,54624960077,54624962211,2134
54000000000,57600000000,54624962211,54625771206,808995
54000000000,57600000000,54625771206,54626874240,1103034
54000000000,57600000000,54626874240,54626874257,17
54000000000,57600000000,54626874257,54626874302,45
54000000000,57600000000,54626874302,54626874326,24
54000000000,57600000000,54626874326,54626874330,4
54000000000,57600000000,54626874330,54627804229,929899
54000000000,57600000000,54627804229,54628713798,909569
54000000000,57600000000,54628713798,54629589353,875555
54000000000,57600000000,54629589353,54629634216,44863
54000000000,57600000000,54629634216,54629634219,3
54000000000,57600000000,54629634219,54631821819,2187600
54000000000,57600000000,54631821819,54633435686,1613867
54000000000,57600000000,54633435686,54635274271,1838585
54000000000,57600000000,54635274271,54635274273,2
54000000000,57600000000,54635274273,54636975335,1701062
54000000000,57600000000,54636975335,54637861583,886248
54000000000,57600000000,54637861583,54637869623,8040
54000000000,57600000000,54637869623,54637872265,2642
54000000000,57600000000,54637872265,54637873972,1707
54000000000,57600000000,54637873972,54637876654,2682
54000000000,57600000000,54637876654,54639559856,1683202
54000000000,57600000000,54639559856,54639559866,10
54000000000,57600000000,54639559866,54639559909,43
54000000000,57600000000,54639559909,54639559981,72
54000000000,57600000000,54639559981,54639560143,162
54000000000,57600000000,54639560143,54640819727,1259584
54000000000,57600000000,54640819727,54644709712,3889985
54000000000,57600000000,54644709712,54646443070,1733358
54000000000,57600000000,54646443070,54655205706,8762636
54000000000,57600000000,54655205706,54655205742,36
54000000000,57600000000,54655205742,54655205751,9
54000000000,57600000000,54655205751,54657716379,2510628
54000000000,57600000000,54657716379,54661578468,3862089
54000000000,57600000000,54661578468,54663758470,2180002
54000000000,57600000000,54663758470,54665594998,1836528
54000000000,57600000000,54665594998,54667504887,1909889
54000000000,57600000000,54667504887,54667561479,56592
54000000000,57600000000,54667561479,54667561482,3
54000000000,57600000000,54667561482,54669287166,1725684
54000000000,57600000000,54669287166,54674420496,5133330
54000000000,57600000000,54674420496,54676168126,1747630
54000000000,57600000000,54676168126,54676198597,30471
54000000000,57600000000,54676198597,54676198600,3
54000000000,57600000000,54676198600,54677882232,1683632
54000000000,57600000000,54677882232,54687039596,9157364
54000000000,57600000000,54687039596,54691510443,4470847
54000000000,57600000000,54691510443,54691516603,6160
54000000000,57600000000,54691516603,54693308124,1791521
54000000000,57600000000,54693308124,54697360683,4052559
54000000000,57600000000,54697360683,54702337141,4976458
54000000000,57600000000,54702337141,54712638446,10301305
54000000000,57600000000,54712638446,54714252581,1614135
54000000000,57600000000,54714252581,54714252585,4
54000000000,57600000000,54714252585,54714252586,1
54000000000,57600000000,54714252586,54714283803,31217
54000000000,57600000000,54714283803,54715125433,841630
54000000000,57600000000,54715125433,54715125470,37
54000000000,57600000000,54715125470,54715304022,178552
54000000000,57600000000,54715304022,54717088569,1784547
54000000000,57600000000,54717088569,54718750643,1662074
54000000000,57600000000,54718750643,54722551132,3800489
54000000000,57600000000,54722551132,54722560102,8970
54000000000,57600000000,54722560102,54724305833,1745731
54000000000,57600000000,54724305833,54728330309,4024476
54000000000,57600000000,54728330309,54730246817,1916508
54000000000,57600000000,54730246817,54731034546,787729
54000000000,57600000000,54731034546,54732685669,1651123
54000000000,57600000000,54732685669,54732705925,20256
54000000000,57600000000,54732705925,54734228180,1522255
54000000000,57600000000,54734228180,54736630175,2401995
54000000000,57600000000,54736630175,54736633725,3550
54000000000,57600000000,54736633725,54736639260,5535
54000000000,57600000000,54736639260,54737450820,811560
54000000000,57600000000,54737450820,54737450970,150
54000000000,57600000000,54737450970,54737450975,5
54000000000,57600000000,54737450975,54738366679,915704
54000000000,57600000000,54738366679,54738366683,4
54000000000,57600000000,54738366683,54738366775,92
54000000000,57600000000,54738366775,54738366778,3
54000000000,57600000000,54738366778,54738366801,23
54000000000,57600000000,54738366801,54739225696,858895
54000000000,57600000000,54739225696,54739226617,921
54000000000,57600000000,54739226617,54739385009,158392
54000000000,57600000000,54739385009,54743047008,3661999
54000000000,57600000000,54743047008,54743099480,52472
54000000000,57600000000,54743099480,54743103355,3875
54000000000,57600000000,54743103355,54743103414,59
54000000000,57600000000,54743103414,54743103419,5
54000000000,57600000000,54743103419,54743103424,5
54000000000,57600000000,54743103424,54745640079,2536655
54000000000,57600000000,54745640079,54748890009,3249930
54000000000,57600000000,54748890009,54748897025,7016
54000000000,57600000000,54748897025,54751109867,2212842
54000000000,57600000000,54751109867,54751109870,3
54000000000,57600000000,54751109870,54751109925,55
54000000000,57600000000,54751109925,54752251542,1141617
54000000000,57600000000,54752251542,54754690265,2438723
54000000000,57600000000,54754690265,54757900211,3209946
54000000000,57600000000,54757900211,54758687334,787123
54000000000,57600000000,54758687334,54761002587,2315253
54000000000,57600000000,54761002587,54761080323,77736
54000000000,57600000000,54761080323,54761083200,2877
54000000000,57600000000,54761083200,54761092128,8928
54000000000,57600000000,54761092128,54762971998,1879870
54000000000,57600000000,54762971998,54762972001,3
54000000000,57600000000,54762972001,54762972038,37
54000000000,57600000000,54762972038,54762972077,39
54000000000,57600000000,54762972077,54763752805,780728
54000000000,57600000000,54763752805,54764615014,862209
54000000000,57600000000,54764615014,54764615095,81
54000000000,57600000000,54764615095,54774755186,10140091
54000000000,57600000000,54774755186,54774771818,16632
54000000000,57600000000,54774771818,54774837037,65219
54000000000,57600000000,54774837037,54774868952,31915
54000000000,57600000000,54774868952,54774884210,15258
54000000000,57600000000,54774884210,54774892484,8274
54000000000,57600000000,54774892484,54774892568,84
54000000000,57600000000,54774892568,54777327900,2435332
54000000000,57600000000,54777327900,54777327945,45
54000000000,57600000000,54777327945,54777327948,3
54000000000,57600000000,54777327948,54777327971,23
54000000000,57600000000,54777327971,54777327983,12
54000000000,57600000000,54777327983,54777327995,12
54000000000,57600000000,54777327995,54777354348,26353
54000000000,57600000000,54777354348,54777365085,10737
54000000000,57600000000,54777365085,54778162144,797059
54000000000,57600000000,54778162144,54778939912,777768
54000000000,57600000000,54778939912,54781327877,2387965
54000000000,57600000000,54781327877,54782113079,785202
54000000000,57600000000,54782113079,54782113116,37
54000000000,57600000000,54782113116,54782113121,5
54000000000,57600000000,54782113121,54782879745,766624
54000000000,57600000000,54782879745,54784821514,1941769
54000000000,57600000000,54784821514,54785632104,810590
54000000000,57600000000,54785632104,54786477115,845011
54000000000,57600000000,54786477115,54788169692,1692577
54000000000,57600000000,54788169692,54788179914,10222
54000000000,57600000000,54788179914,54790638699,2458785
54000000000,57600000000,54790638699,54790638702,3
54000000000,57600000000,54790638702,54790638725,23
54000000000,57600000000,54790638725,54791529143,890418
54000000000,57600000000,54791529143,54791565743,36600
54000000000,57600000000,54791565743,54791565746,3
54000000000,57600000000,54791565746,54792370944,805198
54000000000,57600000000,54792370944,54793183720,812776
54000000000,57600000000,54793183720,54797723723,4540003
54000000000,57600000000,54797723723,54799332863,1609140
54000000000,57600000000,54799332863,54800076798,743935
54000000000,57600000000,54800076798,54800813411,736613
54000000000,57600000000,54800813411,54800822557,9146
54000000000,57600000000,54800822557,54801529487,706930
54000000000,57600000000,54801529487,54802344008,814521
54000000000,57600000000,54802344008,54802344031,23
54000000000,57600000000,54802344031,54802344035,4
54000000000,57600000000,54802344035,54802344036,1
54000000000,57600000000,54802344036,54803158511,814475
54000000000,57600000000,54803158511,54803158542,31
54000000000,57600000000,54803158542,54803934660,776118
54000000000,57600000000,54803934660,54808342389,4407729
54000000000,57600000000,54808342389,54808342997,608
54000000000,57600000000,54808342997,54809214747,871750
54000000000,57600000000,54809214747,54809218990,4243
54000000000,57600000000,54809218990,54809222882,3892
54000000000,57600000000,54809222882,54810804973,1582091
54000000000,57600000000,54810804973,54810805010,37
54000000000,57600000000,54810805010,54811578002,772992
54000000000,57600000000,54811578002,54813245021,1667019
54000000000,57600000000,54813245021,54814861304,1616283
54000000000,57600000000,54814861304,54815633134,771830
54000000000,57600000000,54815633134,54815633384,250
54000000000,57600000000,54815633384,54815633390,6
54000000000,57600000000,54815633390,54815633396,6
54000000000,57600000000,54815633396,54819598602,3965206
54000000000,57600000000,54819598602,54821152867,1554265
54000000000,57600000000,54821152867,54821167083,14216
54000000000,57600000000,54821167083,54821989726,822643
54000000000,57600000000,54821989726,54822757465,767739
54000000000,57600000000,54822757465,54823605558,848093
54000000000,57600000000,54823605558,54823611521,5963
54000000000,57600000000,54823611521,54824367467,755946
54000000000,57600000000,54824367467,54825142336,774869
54000000000,57600000000,54825142336,54825142347,11
54000000000,57600000000,54825142347,54825174891,32544
54000000000,57600000000,54825174891,54825174896,5
54000000000,57600000000,54825174896,54825174980,84
54000000000,57600000000,54825174980,54825174986,6
54000000000,57600000000,54825174986,54826032365,857379
54000000000,57600000000,54826032365,54828004425,1972060
54000000000,57600000000,54828004425,54828004429,4
54000000000,57600000000,54828004429,54828848452,844023
54000000000,57600000000,54828848452,54835249111,6400659
54000000000,57600000000,54835249111,54836821691,1572580
54000000000,57600000000,54836821691,54836827891,6200
54000000000,57600000000,54836827891,54837834069,1006178
54000000000,57600000000,54837834069,54838581284,747215
54000000000,57600000000,54838581284,54838606033,24749
54000000000,57600000000,54838606033,54839307011,700978
54000000000,57600000000,54839307011,54840030155,723144
54000000000,57600000000,54840030155,54840857723,827568
54000000000,57600000000,54840857723,54841641844,784121
54000000000,57600000000,54841641844,54843417411,1775567
54000000000,57600000000,54843417411,54843460189,42778
54000000000,57600000000,54843460189,54845132835,1672646
54000000000,57600000000,54845132835,54845159017,26182
54000000000,57600000000,54845159017,54847007426,1848409
54000000000,57600000000,54847007426,54850170811,3163385
54000000000,57600000000,54850170811,54851412322,1241511
54000000000,57600000000,54851412322,54852558555,1146233
54000000000,57600000000,54852558555,54853388539,829984
54000000000,57600000000,54853388539,54853578237,189698
54000000000,57600000000,54853578237,54855446002,1867765
54000000000,57600000000,54855446002,54856419250,973248
54000000000,57600000000,54856419250,54857206019,786769
54000000000,57600000000,54857206019,54857236258,30239
54000000000,57600000000,54857236258,54858023157,786899
54000000000,57600000000,54858023157,54858056632,33475
54000000000,57600000000,54858056632,54858917248,860616
54000000000,57600000000,54858917248,54860967684,2050436
54000000000,57600000000,54860967684,54862468541,1500857
54000000000,57600000000,54862468541,54862469103,562
54000000000,57600000000,54862469103,54864879072,2409969
54000000000,57600000000,54864879072,54867828292,2949220
54000000000,57600000000,54867828292,54869463243,1634951
54000000000,57600000000,54869463243,54869489383,26140
54000000000,57600000000,54869489383,54873056095,3566712
54000000000,57600000000,54873056095,54873056099,4
54000000000,57600000000,54873056099,54873097757,41658
54000000000,57600000000,54873097757,54873102321,4564
54000000000,57600000000,54873102321,54873942806,840485
54000000000,57600000000,54873942806,54874748086,805280
54000000000,57600000000,54874748086,54875688751,940665
54000000000,57600000000,54875688751,54875715565,26814
54000000000,57600000000,54875715565,54875722959,7394
54000000000,57600000000,54875722959,54876547116,824157
54000000000,57600000000,54876547116,54877359919,812803
54000000000,57600000000,54877359919,54877359931,12
54000000000,57600000000,54877359931,54877359942,11
54000000000,57600000000,54877359942,54878201466,841524
54000000000,57600000000,54878201466,54879051103,849637
54000000000,57600000000,54879051103,54882497157,3446054
54000000000,57600000000,54882497157,54882497184,27
54000000000,57600000000,54882497184,54882497189,5
54000000000,57600000000,54882497189,54885181849,2684660
54000000000,57600000000,54885181849,54885999301,817452
54000000000,57600000000,54885999301,54886781520,782219
54000000000,57600000000,54886781520,54887593731,812211
54000000000,57600000000,54887593731,54888342545,748814
54000000000,57600000000,54888342545,54889886471,1543926
54000000000,57600000000,54889886471,54890718990,832519
54000000000,57600000000,54890718990,54892639352,1920362
54000000000,57600000000,54892639352,54892639355,3
54000000000,57600000000,54892639355,54892639508,153
54000000000,57600000000,54892639508,54892639555,47
54000000000,57600000000,54892639555,54892639560,5
54000000000,57600000000,54892639560,54897269338,4629778
54000000000,57600000000,54897269338,54897306093,36755
54000000000,57600000000,54897306093,54897306156,63
54000000000,57600000000,54897306156,54897306162,6
54000000000,57600000000,54897306162,54897306168,6
54000000000,57600000000,54897306168,54901255919,3949751
54000000000,57600000000,54901255919,54902022106,766187
54000000000,57600000000,54902022106,54902796959,774853
54000000000,57600000000,54902796959,54903170592,373633
54000000000,57600000000,54903170592,54903170641,49
54000000000,57600000000,54903170641,54903170646,5
54000000000,57600000000,54903170646,54903170651,5
54000000000,57600000000,54903170651,54904084101,913450
54000000000,57600000000,54904084101,54905767602,1683501
54000000000,57600000000,54905767602,54905799787,32185
54000000000,57600000000,54905799787,54907461655,1661868
54000000000,57600000000,54907461655,54907497117,35462
54000000000,57600000000,54907497117,54908320616,823499
54000000000,57600000000,54908320616,54909160182,839566
54000000000,57600000000,54909160182,54909975508,815326
54000000000,57600000000,54909975508,54910066961,91453
54000000000,57600000000,54910066961,54910900299,833338
54000000000,57600000000,54910900299,54910900414,115
54000000000,57600000000,54910900414,54910900423,9
54000000000,57600000000,54910900423,54911813166,912743
54000000000,57600000000,54911813166,54911840883,27717
54000000000,57600000000,54911840883,54911847646,6763
54000000000,57600000000,54911847646,54913577787,1730141
54000000000,57600000000,54913577787,54913670969,93182
54000000000,57600000000,54913670969,54913673596,2627
54000000000,57600000000,54913673596,54913675833,2237
54000000000,57600000000,54913675833,54913679758,3925
54000000000,57600000000,54913679758,54913685778,6020
54000000000,57600000000,54913685778,54913692198,6420
54000000000,57600000000,54913692198,54914011480,319282
54000000000,57600000000,54914011480,54914756218,744738
54000000000,57600000000,54914756218,54915596517,840299
54000000000,57600000000,54915596517,54917531493,1934976
54000000000,57600000000,54917531493,54917531497,4
54000000000,57600000000,54917531497,54917531519,22
54000000000,57600000000,54917531519,54917531530,11
54000000000,57600000000,54917531530,54917531549,19
54000000000,57600000000,54917531549,54917531553,4
54000000000,57600000000,54917531553,54917531554,1
54000000000,57600000000,54917531554,54917531612,58
54000000000,57600000000,54917531612,54917531658,46
54000000000,57600000000,54917531658,54918893261,1361603
54000000000,57600000000,54918893261,54920082504,1189243
54000000000,57600000000,54920082504,54920083298,794
54000000000,57600000000,54920083298,54920969077,885779
54000000000,57600000000,54920969077,54920969973,896
54000000000,57600000000,54920969973,54920970182,209
54000000000,57600000000,54920970182,54920970208,26
54000000000,57600000000,54920970208,54921710653,740445
54000000000,57600000000,54921710653,54926150798,4440145
54000000000,57600000000,54926150798,54926161761,10963
54000000000,57600000000,54926161761,54926179283,17522
54000000000,57600000000,54926179283,54926186584,7301
54000000000,57600000000,54926186584,54926193577,6993
54000000000,57600000000,54926193577,54928101292,1907715
54000000000,57600000000,54928101292,54928101295,3
54000000000,57600000000,54928101295,54928101503,208
54000000000,57600000000,54928101503,54928101516,13
54000000000,57600000000,54928101516,54928101529,13
54000000000,57600000000,54928101529,54928101874,345
54000000000,57600000000,54928101874,54928966530,864656
54000000000,57600000000,54928966530,54932699447,3732917
54000000000,57600000000,54932699447,54933649726,950279
54000000000,57600000000,54933649726,54933649913,187
54000000000,57600000000,54933649913,54933649922,9
54000000000,57600000000,54933649922,54934652402,1002480
54000000000,57600000000,54934652402,54934707195,54793
54000000000,57600000000,54934707195,54936951129,2243934
54000000000,57600000000,54936951129,54936951131,2
54000000000,57600000000,54936951131,54936951713,582
54000000000,57600000000,54936951713,54936951857,144
54000000000,57600000000,54936951857,54936951904,47
54000000000,57600000000,54936951904,54938805470,1853566
54000000000,57600000000,54938805470,54938843837,38367
54000000000,57600000000,54938843837,54938844276,439
54000000000,57600000000,54938844276,54939689700,845424
54000000000,57600000000,54939689700,54941433317,1743617
54000000000,57600000000,54941433317,54941433322,5
54000000000,57600000000,54941433322,54942293282,859960
54000000000,57600000000,54942293282,54942329446,36164
54000000000,57600000000,54942329446,54944384271,2054825
54000000000,57600000000,54944384271,54950924731,6540460
54000000000,57600000000,54950924731,54953449571,2524840
54000000000,57600000000,54953449571,54959197598,5748027
54000000000,57600000000,54959197598,54963359520,4161922
54000000000,57600000000,54963359520,54965066546,1707026
54000000000,57600000000,54965066546,54965083722,17176
54000000000,57600000000,54965083722,54965094021,10299
54000000000,57600000000,54965094021,54965909886,815865
54000000000,57600000000,54965909886,54965910017,131
54000000000,57600000000,54965910017,54965910024,7
54000000000,57600000000,54965910024,54966813136,903112
54000000000,57600000000,54966813136,54966813140,4
54000000000,57600000000,54966813140,54966813141,1
54000000000,57600000000,54966813141,54967630193,817052
54000000000,57600000000,54967630193,54967630230,37
54000000000,57600000000,54967630230,54970511221,2880991
54000000000,57600000000,54970511221,54972347075,1835854
54000000000,57600000000,54972347075,54977292213,4945138
54000000000,57600000000,54977292213,54977316449,24236
54000000000,57600000000,54977316449,54977323331,6882
54000000000,57600000000,54977323331,54977340139,16808
54000000000,57600000000,54977340139,54977340330,191
54000000000,57600000000,54977340330,54977340335,5
54000000000,57600000000,54977340335,54977340340,5
54000000000,57600000000,54977340340,54978335516,995176
54000000000,57600000000,54978335516,54978335519,3
54000000000,57600000000,54978335519,54979981110,1645591
54000000000,57600000000,54979981110,54979981113,3
54000000000,57600000000,54979981113,54979981328,215
54000000000,57600000000,54979981328,54979981332,4
54000000000,57600000000,54979981332,54979981341,9
54000000000,57600000000,54979981341,54982017044,2035703
54000000000,57600000000,54982017044,54982017049,5
54000000000,57600000000,54982017049,54982017140,91
54000000000,57600000000,54982017140,54982027124,9984
54000000000,57600000000,54982027124,54984077631,2050507
54000000000,57600000000,54984077631,54989591848,5514217
54000000000,57600000000,54989591848,54989597289,5441
54000000000,57600000000,54989597289,54989600548,3259
54000000000,57600000000,54989600548,54989603195,2647
54000000000,57600000000,54989603195,54991121980,1518785
54000000000,57600000000,54991121980,54991122023,43
54000000000,57600000000,54991122023,54991122041,18
54000000000,57600000000,54991122041,54991122065,24
54000000000,57600000000,54991122065,54992248695,1126630
54000000000,57600000000,54992248695,54992252048,3353
54000000000,57600000000,54992252048,54993872980,1620932
54000000000,57600000000,54993872980,54994656813,783833
54000000000,57600000000,54994656813,54996251831,1595018
54000000000,57600000000,54996251831,54996286385,34554
54000000000,57600000000,54996286385,54996286602,217
54000000000,57600000000,54996286602,54997259922,973320
54000000000,57600000000,54997259922,54998107969,848047
54000000000,57600000000,54998107969,54998949615,841646
54000000000,57600000000,54998949615,54999809060,859445
54000000000,57600000000,54999809060,54999809139,79
54000000000,57600000000,54999809139,54999809146,7
54000000000,57600000000,54999809146,55003575103,3765957
54000000000,57600000000,55003575103,55005135813,1560710
54000000000,57600000000,55005135813,55009133189,3997376
54000000000,57600000000,55009133189,55011808630,2675441
54000000000,57600000000,55011808630,55016376453,4567823
54000000000,57600000000,55016376453,55018018360,1641907
54000000000,57600000000,55018018360,55018036561,18201
54000000000,57600000000,55018036561,55021860778,3824217
54000000000,57600000000,55021860778,55023613548,1752770
54000000000,57600000000,55023613548,55028794423,5180875
54000000000,57600000000,55028794423,55030651283,1856860
54000000000,57600000000,55030651283,55030673137,21854
54000000000,57600000000,55030673137,55031470898,797761
54000000000,57600000000,55031470898,55031470898,0
54000000000,57600000000,55031470898,55032362141,891243
54000000000,57600000000,55032362141,55039443437,7081296
54000000000,57600000000,55039443437,55039443526,89
54000000000,57600000000,55039443526,55039443531,5
54000000000,57600000000,55039443531,55039443536,5
54000000000,57600000000,55039443536,55041233918,1790382
54000000000,57600000000,55041233918,55042972546,1738628
54000000000,57600000000,55042972546,55044629011,1656465
54000000000,57600000000,55044629011,55044629060,49
54000000000,57600000000,55044629060,55044629065,5
54000000000,57600000000,55044629065,55044629070,5
54000000000,57600000000,55044629070,55048679205,4050135
54000000000,57600000000,55048679205,55053902568,5223363
54000000000,57600000000,55053902568,55055349624,1447056
54000000000,57600000000,55055349624,55057368834,2019210
54000000000,57600000000,55057368834,55058256120,887286
54000000000,57600000000,55058256120,55059862041,1605921
54000000000,57600000000,55059862041,55060702490,840449
54000000000,57600000000,55060702490,55060708634,6144
54000000000,57600000000,55060708634,55060708724,90
54000000000,57600000000,55060708724,55060708729,5
54000000000,57600000000,55060708729,55060708734,5
54000000000,57600000000,55060708734,55061723681,1014947
54000000000,57600000000,55061723681,55062469170,745489
54000000000,57600000000,55062469170,55062513116,43946
54000000000,57600000000,55062513116,55063364514,851398
54000000000,57600000000,55063364514,55064968321,1603807
54000000000,57600000000,55064968321,55067656476,2688155
54000000000,57600000000,55067656476,55069178709,1522233
54000000000,57600000000,55069178709,55070758948,1580239
54000000000,57600000000,55070758948,55078238754,7479806
54000000000,57600000000,55078238754,55080693974,2455220
54000000000,57600000000,55080693974,55084277450,3583476
54000000000,57600000000,55084277450,55084277454,4
54000000000,57600000000,55084277454,55084277455,1
54000000000,57600000000,55084277455,55084277456,1
54000000000,57600000000,55084277456,55085762003,1484547
54000000000,57600000000,55085762003,55085762175,172
54000000000,57600000000,55085762175,55085762332,157
54000000000,57600000000,55085762332,55093256527,7494195
54000000000,57600000000,55093256527,55093258804,2277
54000000000,57600000000,55093258804,55093261123,2319
54000000000,57600000000,55093261123,55094055664,794541
54000000000,57600000000,55094055664,55094907911,852247
54000000000,57600000000,55094907911,55094907923,12
54000000000,57600000000,55094907923,55094907936,13
54000000000,57600000000,55094907936,55094939151,31215
54000000000,57600000000,55094939151,55094939154,3
54000000000,57600000000,55094939154,55096653346,1714192
54000000000,57600000000,55096653346,55101165690,4512344
54000000000,57600000000,55101165690,55105749577,4583887
54000000000,57600000000,55105749577,55105756826,7249
54000000000,57600000000,55105756826,55107460755,1703929
54000000000,57600000000,55107460755,55107460759,4
54000000000,57600000000,55107460759,55107460979,220
54000000000,57600000000,55107460979,55108253230,792251
54000000000,57600000000,55108253230,55108377967,124737
54000000000,57600000000,55108377967,55110308776,1930809
54000000000,57600000000,55110308776,55111125836,817060
54000000000,57600000000,55111125836,55111125977,141
54000000000,57600000000,55111125977,55111125982,5
54000000000,57600000000,55111125982,55111125987,5
54000000000,57600000000,55111125987,55111992542,866555
54000000000,57600000000,55111992542,55111992545,3
54000000000,57600000000,55111992545,55113506190,1513645
54000000000,57600000000,55113506190,55118031477,4525287
54000000000,57600000000,55118031477,55119644128,1612651
54000000000,57600000000,55119644128,55124424147,4780019
54000000000,57600000000,55124424147,55125225492,801345
54000000000,57600000000,55125225492,55128542296,3316804
54000000000,57600000000,55128542296,55128542300,4
54000000000,57600000000,55128542300,55128542386,86
54000000000,57600000000,55128542386,55128542393,7
54000000000,57600000000,55128542393,55130134414,1592021
54000000000,57600000000,55130134414,55130487469,353055
54000000000,57600000000,55130487469,55131295729,808260
54000000000,57600000000,55131295729,55131295844,115
54000000000,57600000000,55131295844,55131295851,7
54000000000,57600000000,55131295851,55132226885,931034
54000000000,57600000000,55132226885,55132226889,4
54000000000,57600000000,55132226889,55132226890,1
54000000000,57600000000,55132226890,55133020458,793568
54000000000,57600000000,55133020458,55133020521,63
54000000000,57600000000,55133020521,55137705321,4684800
54000000000,57600000000,55137705321,55139170105,1464784
54000000000,57600000000,55139170105,55139188121,18016
54000000000,57600000000,55139188121,55140005322,817201
54000000000,57600000000,55140005322,55140813607,808285
54000000000,57600000000,55140813607,55141165652,352045
54000000000,57600000000,55141165652,55142009604,843952
54000000000,57600000000,55142009604,55142832101,822497
54000000000,57600000000,55142832101,55143667559,835458
54000000000,57600000000,55143667559,55146614070,2946511
54000000000,57600000000,55146614070,55146638454,24384
54000000000,57600000000,55146638454,55147372513,734059
54000000000,57600000000,55147372513,55147401694,29181
54000000000,57600000000,55147401694,55148214708,813014
54000000000,57600000000,55148214708,55150871857,2657149
54000000000,57600000000,55150871857,55150884164,12307
54000000000,57600000000,55150884164,55150884168,4
54000000000,57600000000,55150884168,55150884335,167
54000000000,57600000000,55150884335,55150884340,5
54000000000,57600000000,55150884340,55154433149,3548809
54000000000,57600000000,55154433149,55155926705,1493556
54000000000,57600000000,55155926705,55163815280,7888575
54000000000,57600000000,55163815280,55165886036,2070756
54000000000,57600000000,55165886036,55166727880,841844
54000000000,57600000000,55166727880,55166727949,69
54000000000,57600000000,55166727949,55166727954,5
54000000000,57600000000,55166727954,55166727959,5
54000000000,57600000000,55166727959,55170117376,3389417
54000000000,57600000000,55170117376,55171631231,1513855
54000000000,57600000000,55171631231,55176844158,5212927
54000000000,57600000000,55176844158,55178375717,1531559
54000000000,57600000000,55178375717,55178377926,2209
54000000000,57600000000,55178377926,55178380404,2478
54000000000,57600000000,55178380404,55179875372,1494968
54000000000,57600000000,55179875372,55179875389,17
54000000000,57600000000,55179875389,55179875407,18
54000000000,57600000000,55179875407,55183589709,3714302
54000000000,57600000000,55183589709,55183604887,15178
54000000000,57600000000,55183604887,55185542056,1937169
54000000000,57600000000,55185542056,55185542066,10
54000000000,57600000000,55185542066,55191039062,5496996
54000000000,57600000000,55191039062,55192604457,1565395
54000000000,57600000000,55192604457,55192604461,4
54000000000,57600000000,55192604461,55192604462,1
54000000000,57600000000,55192604462,55192604463,1
54000000000,57600000000,55192604463,55192626190,21727
54000000000,57600000000,55192626190,55192626268,78
54000000000,57600000000,55192626268,55192626273,5
54000000000,57600000000,55192626273,55192626282,9
54000000000,57600000000,55192626282,55193396853,770571
54000000000,57600000000,55193396853,55193397018,165
54000000000,57600000000,55193397018,55193397143,125
54000000000,57600000000,55193397143,55197960228,4563085
54000000000,57600000000,55197960228,55200424381,2464153
54000000000,57600000000,55200424381,55201284575,860194
54000000000,57600000000,55201284575,55201284742,167
54000000000,57600000000,55201284742,55201284747,5
54000000000,57600000000,55201284747,55209479388,8194641
54000000000,57600000000,55209479388,55210962465,1483077
54000000000,57600000000,55210962465,55211788673,826208
54000000000,57600000000,55211788673,55211788770,97
54000000000,57600000000,55211788770,55211804842,16072
54000000000,57600000000,55211804842,55211810402,5560
54000000000,57600000000,55211810402,55212586091,775689
54000000000,57600000000,55212586091,55213379315,793224
54000000000,57600000000,55213379315,55213379345,30
54000000000,57600000000,55213379345,55214134471,755126
54000000000,57600000000,55214134471,55214161442,26971
54000000000,57600000000,55214161442,55214947773,786331
54000000000,57600000000,55214947773,55215711781,764008
54000000000,57600000000,55215711781,55223152032,7440251
54000000000,57600000000,55223152032,55223967100,815068
54000000000,57600000000,55223967100,55224906718,939618
54000000000,57600000000,55224906718,55224906745,27
54000000000,57600000000,55224906745,55224906750,5
54000000000,57600000000,55224906750,55227513290,2606540
54000000000,57600000000,55227513290,55229566135,2052845
54000000000,57600000000,55229566135,55229589573,23438
54000000000,57600000000,55229589573,55230381043,791470
54000000000,57600000000,55230381043,55230381045,2
54000000000,57600000000,55230381045,55231227869,846824
54000000000,57600000000,55231227869,55231249111,21242
54000000000,57600000000,55231249111,55232144916,895805
54000000000,57600000000,55232144916,55232171937,27021
54000000000,57600000000,55232171937,55232172114,177
54000000000,57600000000,55232172114,55232172119,5
54000000000,57600000000,55232172119,55233045545,873426
54000000000,57600000000,55233045545,55234007446,961901
54000000000,57600000000,55234007446,55234734855,727409
54000000000,57600000000,55234734855,55235472614,737759
54000000000,57600000000,55235472614,55238882512,3409898
54000000000,57600000000,55238882512,55238882515,3
54000000000,57600000000,55238882515,55240470457,1587942
54000000000,57600000000,55240470457,55249442933,8972476
54000000000,57600000000,55249442933,55255844715,6401782
54000000000,57600000000,55255844715,55257397102,1552387
54000000000,57600000000,55257397102,55266202462,8805360
54000000000,57600000000,55266202462,55266202465,3
54000000000,57600000000,55266202465,55267749555,1547090
54000000000,57600000000,55267749555,55281230870,13481315
54000000000,57600000000,55281230870,55287391738,6160868
54000000000,57600000000,55287391738,55296099981,8708243
54000000000,57600000000,55296099981,55301779146,5679165
54000000000,57600000000,55301779146,55312603912,10824766
54000000000,57600000000,55312603912,55322770171,10166259
54000000000,57600000000,55322770171,55324391618,1621447
54000000000,57600000000,55324391618,55324419343,27725
54000000000,57600000000,55324419343,55325253334,833991
54000000000,57600000000,55325253334,55326015507,762173
54000000000,57600000000,55326015507,55326038882,23375
54000000000,57600000000,55326038882,55327118708,1079826
54000000000,57600000000,55327118708,55327137220,18512
54000000000,57600000000,55327137220,55327923037,785817
54000000000,57600000000,55327923037,55328672250,749213
54000000000,57600000000,55328672250,55334809113,6136863
54000000000,57600000000,55334809113,55334809116,3
54000000000,57600000000,55334809116,55336351612,1542496
54000000000,57600000000,55336351612,55339035237,2683625
54000000000,57600000000,55339035237,55344917813,5882576
54000000000,57600000000,55344917813,55344918013,200
54000000000,57600000000,55344918013,55344918018,5
54000000000,57600000000,55344918018,55352787996,7869978
54000000000,57600000000,55352787996,55359121180,6333184
54000000000,57600000000,55359121180,55359121368,188
54000000000,57600000000,55359121368,55359121373,5
54000000000,57600000000,55359121373,55361666744,2545371
54000000000,57600000000,55361666744,55371182883,9516139
54000000000,57600000000,55371182883,55372833568,1650685
54000000000,57600000000,55372833568,55373662967,829399
54000000000,57600000000,55373662967,55375107433,1444466
54000000000,57600000000,55375107433,55375960497,853064
54000000000,57600000000,55375960497,55384602613,8642116
54000000000,57600000000,55384602613,55387843571,3240958
54000000000,57600000000,55387843571,55387865687,22116
54000000000,57600000000,55387865687,55387868948,3261
54000000000,57600000000,55387868948,55387872511,3563
54000000000,57600000000,55387872511,55387890381,17870
54000000000,57600000000,55387890381,55387911299,20918
54000000000,57600000000,55387911299,55387915204,3905
54000000000,57600000000,55387915204,55387917413,2209
54000000000,57600000000,55387917413,55387920189,2776
54000000000,57600000000,55387920189,55387922929,2740
54000000000,57600000000,55387922929,55387925038,2109
54000000000,57600000000,55387925038,55387926700,1662
54000000000,57600000000,55387926700,55387930610,3910
54000000000,57600000000,55387930610,55387932487,1877
54000000000,57600000000,55387932487,55387936293,3806
54000000000,57600000000,55387936293,55387942619,6326
54000000000,57600000000,55387942619,55389537230,1594611
54000000000,57600000000,55389537230,55389537233,3
54000000000,57600000000,55389537233,55390353262,816029
54000000000,57600000000,55390353262,55390353288,26
54000000000,57600000000,55390353288,55390353315,27
54000000000,57600000000,55390353315,55390353333,18
54000000000,57600000000,55390353333,55390353350,17
54000000000,57600000000,55390353350,55390353373,23
54000000000,57600000000,55390353373,55390353377,4
54000000000,57600000000,55390353377,55390353378,1
54000000000,57600000000,55390353378,55390353379,1
54000000000,57600000000,55390353379,55390354400,1021
54000000000,57600000000,55390354400,55390354404,4
54000000000,57600000000,55390354404,55390354405,1
54000000000,57600000000,55390354405,55390354406,1
54000000000,57600000000,55390354406,55390355415,1009
54000000000,57600000000,55390355415,55390355427,12
54000000000,57600000000,55390355427,55390355438,11
54000000000,57600000000,55390355438,55390355482,44
54000000000,57600000000,55390355482,55390356823,1341
54000000000,57600000000,55390356823,55390356848,25
54000000000,57600000000,55390356848,55390356865,17
54000000000,57600000000,55390356865,55390356869,4
54000000000,57600000000,55390356869,55390356870,1
54000000000,57600000000,55390356870,55390356928,58
54000000000,57600000000,55390356928,55390356939,11
54000000000,57600000000,55390356939,55391621598,1264659
54000000000,57600000000,55391621598,55391621635,37
54000000000,57600000000,55391621635,55391621640,5
54000000000,57600000000,55391621640,55393251501,1629861
54000000000,57600000000,55393251501,55394092707,841206
54000000000,57600000000,55394092707,55396933958,2841251
54000000000,57600000000,55396933958,55396934266,308
54000000000,57600000000,55396934266,55396960339,26073
54000000000,57600000000,55396960339,55396960586,247
54000000000,57600000000,55396960586,55396984937,24351
54000000000,57600000000,55396984937,55396985865,928
54000000000,57600000000,55396985865,55398398129,1412264
54000000000,57600000000,55398398129,55399226112,827983
54000000000,57600000000,55399226112,55400056509,830397
54000000000,57600000000,55400056509,55401246297,1189788
54000000000,57600000000,55401246297,55402076278,829981
54000000000,57600000000,55402076278,55402076299,21
54000000000,57600000000,55402076299,55402076366,67
54000000000,57600000000,55402076366,55402076378,12
54000000000,57600000000,55402076378,55402076390,12
54000000000,57600000000,55402076390,55402113859,37469
54000000000,57600000000,55402113859,55402121159,7300
54000000000,57600000000,55402121159,55402916259,795100
54000000000,57600000000,55402916259,55402916277,18
54000000000,57600000000,55402916277,55402938624,22347
54000000000,57600000000,55402938624,55402943449,4825
54000000000,57600000000,55402943449,55403755345,811896
54000000000,57600000000,55403755345,55404516140,760795
54000000000,57600000000,55404516140,55404516179,39
54000000000,57600000000,55404516179,55405673808,1157629
54000000000,57600000000,55405673808,55407669593,1995785
54000000000,57600000000,55407669593,55408760663,1091070
54000000000,57600000000,55408760663,55410801846,2041183
54000000000,57600000000,55410801846,55415476565,4674719
54000000000,57600000000,55415476565,55415495041,18476
54000000000,57600000000,55415495041,55415495371,330
54000000000,57600000000,55415495371,55418240257,2744886
54000000000,57600000000,55418240257,55422541094,4300837
54000000000,57600000000,55422541094,55425798722,3257628
54000000000,57600000000,55425798722,55426762072,963350
54000000000,57600000000,55426762072,55427766952,1004880
54000000000,57600000000,55427766952,55427778998,12046
54000000000,57600000000,55427778998,55429594244,1815246
54000000000,57600000000,55429594244,55429594248,4
54000000000,57600000000,55429594248,55429594249,1
54000000000,57600000000,55429594249,55430504250,910001
54000000000,57600000000,55430504250,55430504437,187
54000000000,57600000000,55430504437,55430544698,40261
54000000000,57600000000,55430544698,55433040879,2496181
54000000000,57600000000,55433040879,55433404821,363942
54000000000,57600000000,55433404821,55434409032,1004211
54000000000,57600000000,55434409032,55435168105,759073
54000000000,57600000000,55435168105,55435189220,21115
54000000000,57600000000,55435189220,55436766109,1576889
54000000000,57600000000,55436766109,55437665366,899257
54000000000,57600000000,55437665366,55438593587,928221
54000000000,57600000000,55438593587,55440315346,1721759
54000000000,57600000000,55440315346,55440324010,8664
54000000000,57600000000,55440324010,55441979936,1655926
54000000000,57600000000,55441979936,55441979940,4
54000000000,57600000000,55441979940,55441979941,1
54000000000,57600000000,55441979941,55441980066,125
54000000000,57600000000,55441980066,55441980070,4
54000000000,57600000000,55441980070,55441980071,1
54000000000,57600000000,55441980071,55442760759,780688
54000000000,57600000000,55442760759,55442760797,38
54000000000,57600000000,55442760797,55442760892,95
54000000000,57600000000,55442760892,55442762973,2081
54000000000,57600000000,55442762973,55442861054,98081
54000000000,57600000000,55442861054,55444814118,1953064
54000000000,57600000000,55444814118,55444846582,32464
54000000000,57600000000,55444846582,55446545135,1698553
54000000000,57600000000,55446545135,55454814300,8269165
54000000000,57600000000,55454814300,55462157791,7343491
54000000000,57600000000,55462157791,55462178533,20742
54000000000,57600000000,55462178533,55463031701,853168
54000000000,57600000000,55463031701,55463845437,813736
54000000000,57600000000,55463845437,55463845447,10
54000000000,57600000000,55463845447,55464895457,1050010
54000000000,57600000000,55464895457,55464899981,4524
54000000000,57600000000,55464899981,55464900120,139
54000000000,57600000000,55464900120,55464900125,5
54000000000,57600000000,55464900125,55464900130,5
54000000000,57600000000,55464900130,55465824473,924343
54000000000,57600000000,55465824473,55465826075,1602
54000000000,57600000000,55465826075,55465826080,5
54000000000,57600000000,55465826080,55465826445,365
54000000000,57600000000,55465826445,55465826449,4
54000000000,57600000000,55465826449,55465826735,286
54000000000,57600000000,55465826735,55465826742,7
54000000000,57600000000,55465826742,55467168732,1341990
54000000000,57600000000,55467168732,55469485312,2316580
54000000000,57600000000,55469485312,55477981247,8495935
54000000000,57600000000,55477981247,55479824758,1843511
54000000000,57600000000,55479824758,55479824762,4
54000000000,57600000000,55479824762,55479824763,1
54000000000,57600000000,55479824763,55480760297,935534
54000000000,57600000000,55480760297,55480761171,874
54000000000,57600000000,55480761171,55488737729,7976558
54000000000,57600000000,55488737729,55488738467,738
54000000000,57600000000,55488738467,55490387327,1648860
54000000000,57600000000,55490387327,55495130694,4743367
54000000000,57600000000,55495130694,55495986856,856162
54000000000,57600000000,55495986856,55495987068,212
54000000000,57600000000,55495987068,55502176372,6189304
54000000000,57600000000,55502176372,55502203898,27526
54000000000,57600000000,55502203898,55502206340,2442
54000000000,57600000000,55502206340,55502208957,2617
54000000000,57600000000,55502208957,55502210939,1982
54000000000,57600000000,55502210939,55502212985,2046
54000000000,57600000000,55502212985,55503671196,1458211
54000000000,57600000000,55503671196,55503671209,13
54000000000,57600000000,55503671209,55503671222,13
54000000000,57600000000,55503671222,55503671235,13
54000000000,57600000000,55503671235,55503671255,20
54000000000,57600000000,55503671255,55503671279,24
54000000000,57600000000,55503671279,55503671283,4
54000000000,57600000000,55503671283,55503691610,20327
54000000000,57600000000,55503691610,55504456927,765317
54000000000,57600000000,55504456927,55511744517,7287590
54000000000,57600000000,55511744517,55513740848,1996331
54000000000,57600000000,55513740848,55513785684,44836
54000000000,57600000000,55513785684,55515718687,1933003
54000000000,57600000000,55515718687,55515747788,29101
54000000000,57600000000,55515747788,55515751083,3295
54000000000,57600000000,55515751083,55516782594,1031511
54000000000,57600000000,55516782594,55516782594,0
54000000000,57600000000,55516782594,55517729933,947339
54000000000,57600000000,55517729933,55518606100,876167
54000000000,57600000000,55518606100,55522536370,3930270
54000000000,57600000000,55522536370,55525749278,3212908
54000000000,57600000000,55525749278,55525749284,6
54000000000,57600000000,55525749284,55525749348,64
54000000000,57600000000,55525749348,55525749355,7
54000000000,57600000000,55525749355,55528298049,2548694
54000000000,57600000000,55528298049,55529101430,803381
54000000000,57600000000,55529101430,55529104302,2872
54000000000,57600000000,55529104302,55529107054,2752
54000000000,57600000000,55529107054,55529109176,2122
54000000000,57600000000,55529109176,55529112865,3689
54000000000,57600000000,55529112865,55529114796,1931
54000000000,57600000000,55529114796,55529860210,745414
54000000000,57600000000,55529860210,55530939427,1079217
54000000000,57600000000,55530939427,55530939431,4
54000000000,57600000000,55530939431,55530939432,1
54000000000,57600000000,55530939432,55530939441,9
54000000000,57600000000,55530939441,55530939453,12
54000000000,57600000000,55530939453,55530939465,12
54000000000,57600000000,55530939465,55530939476,11
54000000000,57600000000,55530939476,55530939495,19
54000000000,57600000000,55530939495,55531757582,818087
54000000000,57600000000,55531757582,55531757607,25
54000000000,57600000000,55531757607,55531786034,28427
54000000000,57600000000,55531786034,55532640884,854850
54000000000,57600000000,55532640884,55532640886,2
54000000000,57600000000,55532640886,55532641021,135
54000000000,57600000000,55532641021,55533508208,867187
54000000000,57600000000,55533508208,55534258675,750467
54000000000,57600000000,55534258675,55538653893,4395218
54000000000,57600000000,55538653893,55544260768,5606875
54000000000,57600000000,55544260768,55544264067,3299
54000000000,57600000000,55544264067,55545710065,1445998
54000000000,57600000000,55545710065,55545710070,5
54000000000,57600000000,55545710070,55545710184,114
54000000000,57600000000,55545710184,55545725101,14917
54000000000,57600000000,55545725101,55546453072,727971
54000000000,57600000000,55546453072,55547264429,811357
54000000000,57600000000,55547264429,55547307623,43194
54000000000,57600000000,55547307623,55548808286,1500663
54000000000,57600000000,55548808286,55557087766,8279480
54000000000,57600000000,55557087766,55557101069,13303
54000000000,57600000000,55557101069,55557103939,2870
54000000000,57600000000,55557103939,55557106657,2718
54000000000,57600000000,55557106657,55557109147,2490
54000000000,57600000000,55557109147,55557117357,8210
54000000000,57600000000,55557117357,55557123950,6593
54000000000,57600000000,55557123950,55559958963,2835013
54000000000,57600000000,55559958963,55560762931,803968
54000000000,57600000000,55560762931,55560762934,3
54000000000,57600000000,55560762934,55560762935,1
54000000000,57600000000,55560762935,55560763227,292
54000000000,57600000000,55560763227,55560763230,3
54000000000,57600000000,55560763230,55560763355,125
54000000000,57600000000,55560763355,55560763365,10
54000000000,57600000000,55560763365,55560763403,38
54000000000,57600000000,55560763403,55560763763,360
54000000000,57600000000,55560763763,55560764110,347
54000000000,57600000000,55560764110,55561549771,785661
54000000000,57600000000,55561549771,55562639379,1089608
54000000000,57600000000,55562639379,55562643626,4247
54000000000,57600000000,55562643626,55562645246,1620
54000000000,57600000000,55562645246,55563623291,978045
54000000000,57600000000,55563623291,55565815086,2191795
54000000000,57600000000,55565815086,55565815089,3
54000000000,57600000000,55565815089,55567319787,1504698
54000000000,57600000000,55567319787,55568071364,751577
54000000000,57600000000,55568071364,55569777195,1705831
54000000000,57600000000,55569777195,55569792911,15716
54000000000,57600000000,55569792911,55571454085,1661174
54000000000,57600000000,55571454085,55571472528,18443
54000000000,57600000000,55571472528,55574240780,2768252
54000000000,57600000000,55574240780,55574240783,3
54000000000,57600000000,55574240783,55574240784,1
54000000000,57600000000,55574240784,55574241849,1065
54000000000,57600000000,55574241849,55576389815,2147966
54000000000,57600000000,55576389815,55577226361,836546
54000000000,57600000000,55577226361,55577243688,17327
54000000000,57600000000,55577243688,55578606533,1362845
54000000000,57600000000,55578606533,55582621456,4014923
54000000000,57600000000,55582621456,55582621460,4
54000000000,57600000000,55582621460,55582621461,1
54000000000,57600000000,55582621461,55585689990,3068529
54000000000,57600000000,55585689990,55585690007,17
54000000000,57600000000,55585690007,55588450177,2760170
54000000000,57600000000,55588450177,55590455984,2005807
54000000000,57600000000,55590455984,55594497612,4041628
54000000000,57600000000,55594497612,55602116194,7618582
54000000000,57600000000,55602116194,55602129758,13564
54000000000,57600000000,55602129758,55603572668,1442910
54000000000,57600000000,55603572668,55604416610,843942
54000000000,57600000000,55604416610,55604440723,24113
54000000000,57600000000,55604440723,55605334133,893410
54000000000,57600000000,55605334133,55605335466,1333
54000000000,57600000000,55605335466,55606320221,984755
54000000000,57600000000,55606320221,55607280115,959894
54000000000,57600000000,55607280115,55608270300,990185
54000000000,57600000000,55608270300,55612645992,4375692
54000000000,57600000000,55612645992,55612651437,5445
54000000000,57600000000,55612651437,55615030004,2378567
54000000000,57600000000,55615030004,55615030007,3
54000000000,57600000000,55615030007,55615030056,49
54000000000,57600000000,55615030056,55615824608,794552
54000000000,57600000000,55615824608,55616614648,790040
54000000000,57600000000,55616614648,55618062041,1447393
54000000000,57600000000,55618062041,55620076689,2014648
54000000000,57600000000,55620076689,55621730255,1653566
54000000000,57600000000,55621730255,55621753417,23162
54000000000,57600000000,55621753417,55621759618,6201
54000000000,57600000000,55621759618,55622671505,911887
54000000000,57600000000,55622671505,55623635963,964458
54000000000,57600000000,55623635963,55623635974,11
54000000000,57600000000,55623635974,55623666087,30113
54000000000,57600000000,55623666087,55624594352,928265
54000000000,57600000000,55624594352,55624618340,23988
54000000000,57600000000,55624618340,55625486617,868277
54000000000,57600000000,55625486617,55625509294,22677
54000000000,57600000000,55625509294,55625514789,5495
54000000000,57600000000,55625514789,55626403031,888242
54000000000,57600000000,55626403031,55626445420,42389
54000000000,57600000000,55626445420,55626445553,133
54000000000,57600000000,55626445553,55626445581,28
54000000000,57600000000,55626445581,55626445587,6
54000000000,57600000000,55626445587,55628198352,1752765
54000000000,57600000000,55628198352,55628198355,3
54000000000,57600000000,55628198355,55628198379,24
54000000000,57600000000,55628198379,55628247489,49110
54000000000,57600000000,55628247489,55629085390,837901
54000000000,57600000000,55629085390,55629959398,874008
54000000000,57600000000,55629959398,55631253877,1294479
54000000000,57600000000,55631253877,55633069500,1815623
54000000000,57600000000,55633069500,55633094140,24640
54000000000,57600000000,55633094140,55638292607,5198467
54000000000,57600000000,55638292607,55640166389,1873782
54000000000,57600000000,55640166389,55644939963,4773574
54000000000,57600000000,55644939963,55648010398,3070435
54000000000,57600000000,55648010398,55648010501,103
54000000000,57600000000,55648010501,55648010569,68
54000000000,57600000000,55648010569,55648010574,5
54000000000,57600000000,55648010574,55649619782,1609208
54000000000,57600000000,55649619782,55649620302,520
54000000000,57600000000,55649620302,55649620307,5
54000000000,57600000000,55649620307,55652069521,2449214
54000000000,57600000000,55652069521,55652070133,612
54000000000,57600000000,55652070133,55653256768,1186635
54000000000,57600000000,55653256768,55653307999,51231
54000000000,57600000000,55653307999,55653312006,4007
54000000000,57600000000,55653312006,55653316414,4408
54000000000,57600000000,55653316414,55653324207,7793
54000000000,57600000000,55653324207,55653327815,3608
54000000000,57600000000,55653327815,55655792420,2464605
54000000000,57600000000,55655792420,55655792423,3
54000000000,57600000000,55655792423,55655792470,47
54000000000,57600000000,55655792470,55655792894,424
54000000000,57600000000,55655792894,55655792898,4
54000000000,57600000000,55655792898,55655792920,22
54000000000,57600000000,55655792920,55655792924,4
54000000000,57600000000,55655792924,55655792940,16
54000000000,57600000000,55655792940,55655792944,4
54000000000,57600000000,55655792944,55655967968,175024
54000000000,57600000000,55655967968,55656742603,774635
54000000000,57600000000,55656742603,55656743206,603
54000000000,57600000000,55656743206,55656743237,31
54000000000,57600000000,55656743237,55656743268,31
54000000000,57600000000,55656743268,55656791177,47909
54000000000,57600000000,55656791177,55656794574,3397
54000000000,57600000000,55656794574,55656798859,4285
54000000000,57600000000,55656798859,55658453563,1654704
54000000000,57600000000,55658453563,55658454299,736
54000000000,57600000000,55658454299,55658455040,741
54000000000,57600000000,55658455040,55658528781,73741
54000000000,57600000000,55658528781,55660232560,1703779
54000000000,57600000000,55660232560,55660272056,39496
54000000000,57600000000,55660272056,55661020836,748780
54000000000,57600000000,55661020836,55661794670,773834
54000000000,57600000000,55661794670,55661848566,53896
54000000000,57600000000,55661848566,55662609043,760477
54000000000,57600000000,55662609043,55663733173,1124130
54000000000,57600000000,55663733173,55665401220,1668047
54000000000,57600000000,55665401220,55665406399,5179
54000000000,57600000000,55665406399,55665411256,4857
54000000000,57600000000,55665411256,55665414702,3446
54000000000,57600000000,55665414702,55668469300,3054598
54000000000,57600000000,55668469300,55668469303,3
54000000000,57600000000,55668469303,55668469304,1
54000000000,57600000000,55668469304,55668469400,96
54000000000,57600000000,55668469400,55668469403,3
54000000000,57600000000,55668469403,55668469404,1
54000000000,57600000000,55668469404,55668469442,38
54000000000,57600000000,55668469442,55668495429,25987
54000000000,57600000000,55668495429,55670023417,1527988
54000000000,57600000000,55670023417,55670023859,442
54000000000,57600000000,55670023859,55670024016,157
54000000000,57600000000,55670024016,55670024033,17
54000000000,57600000000,55670024033,55674123880,4099847
54000000000,57600000000,55674123880,55678004522,3880642
54000000000,57600000000,55678004522,55678025677,21155
54000000000,57600000000,55678025677,55678733625,707948
54000000000,57600000000,55678733625,55678733769,144
54000000000,57600000000,55678733769,55679469210,735441
54000000000,57600000000,55679469210,55679469221,11
54000000000,57600000000,55679469221,55691329376,11860155
54000000000,57600000000,55691329376,55692873093,1543717
54000000000,57600000000,55692873093,55693651986,778893
54000000000,57600000000,55693651986,55694420611,768625
54000000000,57600000000,55694420611,55695543134,1122523
54000000000,57600000000,55695543134,55695565897,22763
54000000000,57600000000,55695565897,55695571721,5824
54000000000,57600000000,55695571721,55696325374,753653
54000000000,57600000000,55696325374,55697056388,731014
54000000000,57600000000,55697056388,55714674323,17617935
54000000000,57600000000,55714674323,55716166033,1491710
54000000000,57600000000,55716166033,55716166037,4
54000000000,57600000000,55716166037,55717228106,1062069
54000000000,57600000000,55717228106,55717246892,18786
54000000000,57600000000,55717246892,55719618804,2371912
54000000000,57600000000,55719618804,55719619024,220
54000000000,57600000000,55719619024,55719619029,5
54000000000,57600000000,55719619029,55726781271,7162242
54000000000,57600000000,55726781271,55727798082,1016811
54000000000,57600000000,55727798082,55728489748,691666
54000000000,57600000000,55728489748,55729178010,688262
54000000000,57600000000,55729178010,55733425809,4247799
54000000000,57600000000,55733425809,55741282000,7856191
54000000000,57600000000,55741282000,55742023880,741880
54000000000,57600000000,55742023880,55742767573,743693
54000000000,57600000000,55742767573,55743597347,829774
54000000000,57600000000,55743597347,55744354622,757275
54000000000,57600000000,55744354622,55744354761,139
54000000000,57600000000,55744354761,55744354766,5
54000000000,57600000000,55744354766,55756110732,11755966
54000000000,57600000000,55756110732,55756110861,129
54000000000,57600000000,55756110861,55756110866,5
54000000000,57600000000,55756110866,55761716866,5606000
54000000000,57600000000,55761716866,55762651263,934397
54000000000,57600000000,55762651263,55770029008,7377745
54000000000,57600000000,55770029008,55770029010,2
54000000000,57600000000,55770029010,55772972768,2943758
54000000000,57600000000,55772972768,55773772052,799284
54000000000,57600000000,55773772052,55780420655,6648603
54000000000,57600000000,55780420655,55780420781,126
54000000000,57600000000,55780420781,55780420786,5
54000000000,57600000000,55780420786,55784337086,3916300
54000000000,57600000000,55784337086,55784337225,139
54000000000,57600000000,55784337225,55784337232,7
54000000000,57600000000,55784337232,55786940079,2602847
54000000000,57600000000,55786940079,55786940118,39
54000000000,57600000000,55786940118,55786940123,5
54000000000,57600000000,55786940123,55786940128,5
54000000000,57600000000,55786940128,55799750419,12810291
54000000000,57600000000,55799750419,55799766526,16107
54000000000,57600000000,55799766526,55800576908,810382
54000000000,57600000000,55800576908,55801245102,668194
54000000000,57600000000,55801245102,55801269627,24525
54000000000,57600000000,55801269627,55801289596,19969
54000000000,57600000000,55801289596,55802054598,765002
54000000000,57600000000,55802054598,55803269763,1215165
54000000000,57600000000,55803269763,55803269767,4
54000000000,57600000000,55803269767,55803269768,1
54000000000,57600000000,55803269768,55803269779,11
54000000000,57600000000,55803269779,55803269784,5
54000000000,57600000000,55803269784,55803269805,21
54000000000,57600000000,55803269805,55803269822,17
54000000000,57600000000,55803269822,55804835440,1565618
54000000000,57600000000,55804835440,55804835445,5
54000000000,57600000000,55804835445,55804835542,97
54000000000,57600000000,55804835542,55804835568,26
54000000000,57600000000,55804835568,55805577216,741648
54000000000,57600000000,55805577216,55808964515,3387299
54000000000,57600000000,55808964515,55808973977,9462
54000000000,57600000000,55808973977,55808974008,31
54000000000,57600000000,55808974008,55808974015,7
54000000000,57600000000,55808974015,55809836700,862685
54000000000,57600000000,55809836700,55809836704,4
54000000000,57600000000,55809836704,55809836731,27
54000000000,57600000000,55809836731,55809836736,5
54000000000,57600000000,55809836736,55810726872,890136
54000000000,57600000000,55810726872,55811569648,842776
54000000000,57600000000,55811569648,55812392355,822707
54000000000,57600000000,55812392355,55812395618,3263
54000000000,57600000000,55812395618,55812402971,7353
54000000000,57600000000,55812402971,55812419375,16404
54000000000,57600000000,55812419375,55813110357,690982
54000000000,57600000000,55813110357,55813130875,20518
54000000000,57600000000,55813130875,55814145563,1014688
54000000000,57600000000,55814145563,55814145660,97
54000000000,57600000000,55814145660,55814145671,11
54000000000,57600000000,55814145671,55814145682,11
54000000000,57600000000,55814145682,55814897213,751531
54000000000,57600000000,55814897213,55823745608,8848395
54000000000,57600000000,55823745608,55828209579,4463971
54000000000,57600000000,55828209579,55828213885,4306
54000000000,57600000000,55828213885,55828216743,2858
54000000000,57600000000,55828216743,55828968190,751447
54000000000,57600000000,55828968190,55829716312,748122
54000000000,57600000000,55829716312,55830498380,782068
54000000000,57600000000,55830498380,55830498391,11
54000000000,57600000000,55830498391,55830498402,11
54000000000,57600000000,55830498402,55831261640,763238
54000000000,57600000000,55831261640,55831261740,100
54000000000,57600000000,55831261740,55832897070,1635330
54000000000,57600000000,55832897070,55832910107,13037
54000000000,57600000000,55832910107,55832910294,187
54000000000,57600000000,55832910294,55832910301,7
54000000000,57600000000,55832910301,55836720333,3810032
54000000000,57600000000,55836720333,55840124361,3404028
54000000000,57600000000,55840124361,55841487469,1363108
54000000000,57600000000,55841487469,55841505654,18185
54000000000,57600000000,55841505654,55841511874,6220
54000000000,57600000000,55841511874,55843100487,1588613
54000000000,57600000000,55843100487,55843100521,34
54000000000,57600000000,55843100521,55846499939,3399418
54000000000,57600000000,55846499939,55846503459,3520
54000000000,57600000000,55846503459,55846503461,2
54000000000,57600000000,55846503461,55848354614,1851153
54000000000,57600000000,55848354614,55848354637,23
54000000000,57600000000,55848354637,55855767122,7412485
54000000000,57600000000,55855767122,55856544816,777694
54000000000,57600000000,55856544816,55856544895,79
54000000000,57600000000,55856544895,55856544902,7
54000000000,57600000000,55856544902,55858208598,1663696
54000000000,57600000000,55858208598,55858568661,360063
54000000000,57600000000,55858568661,55860081608,1512947
54000000000,57600000000,55860081608,55860912727,831119
54000000000,57600000000,55860912727,55862575836,1663109
54000000000,57600000000,55862575836,55863995078,1419242
54000000000,57600000000,55863995078,55866143421,2148343
54000000000,57600000000,55866143421,55866143620,199
54000000000,57600000000,55866143620,55866143625,5
54000000000,57600000000,55866143625,55866143630,5
54000000000,57600000000,55866143630,55866968843,825213
54000000000,57600000000,55866968843,55868372677,1403834
54000000000,57600000000,55868372677,55871952182,3579505
54000000000,57600000000,55871952182,55871952460,278
54000000000,57600000000,55871952460,55871952960,500
54000000000,57600000000,55871952960,55872883205,930245
54000000000,57600000000,55872883205,55876616530,3733325
54000000000,57600000000,55876616530,55877542922,926392
54000000000,57600000000,55877542922,55879364181,1821259
54000000000,57600000000,55879364181,55880153213,789032
54000000000,57600000000,55880153213,55883874408,3721195
54000000000,57600000000,55883874408,55885730333,1855925
54000000000,57600000000,55885730333,55885777836,47503
54000000000,57600000000,55885777836,55887697049,1919213
54000000000,57600000000,55887697049,55887756167,59118
54000000000,57600000000,55887756167,55889636170,1880003
54000000000,57600000000,55889636170,55898971494,9335324
54000000000,57600000000,55898971494,55898971525,31
54000000000,57600000000,55898971525,55898971532,7
54000000000,57600000000,55898971532,55899810123,838591
54000000000,57600000000,55899810123,55900583861,773738
54000000000,57600000000,55900583861,55905129284,4545423
54000000000,57600000000,55905129284,55906803958,1674674
54000000000,57600000000,55906803958,55909486955,2682997
54000000000,57600000000,55909486955,55909487985,1030
54000000000,57600000000,55909487985,55909487990,5
54000000000,57600000000,55909487990,55910518891,1030901
54000000000,57600000000,55910518891,55910860329,341438
54000000000,57600000000,55910860329,55910860708,379
54000000000,57600000000,55910860708,55910860713,5
54000000000,57600000000,55910860713,55913095023,2234310
54000000000,57600000000,55913095023,55923766135,10671112
54000000000,57600000000,55923766135,55924628032,861897
54000000000,57600000000,55924628032,55926285458,1657426
54000000000,57600000000,55926285458,55930980426,4694968
54000000000,57600000000,55930980426,55931774850,794424
54000000000,57600000000,55931774850,55934471025,2696175
54000000000,57600000000,55934471025,55934474845,3820
54000000000,57600000000,55934474845,55934474849,4
54000000000,57600000000,55934474849,55934474936,87
54000000000,57600000000,55934474936,55934474941,5
54000000000,57600000000,55934474941,55936163705,1688764
54000000000,57600000000,55936163705,55937013682,849977
54000000000,57600000000,55937013682,55939550275,2536593
54000000000,57600000000,55939550275,55939550384,109
54000000000,57600000000,55939550384,55939550389,5
54000000000,57600000000,55939550389,55939550394,5
54000000000,57600000000,55939550394,55939550990,596
54000000000,57600000000,55939550990,55942680965,3129975
54000000000,57600000000,55942680965,55943431698,750733
54000000000,57600000000,55943431698,55943442007,10309
54000000000,57600000000,55943442007,55944165838,723831
54000000000,57600000000,55944165838,55945301583,1135745
54000000000,57600000000,55945301583,55949318583,4017000
54000000000,57600000000,55949318583,55950137419,818836
54000000000,57600000000,55950137419,55950969751,832332
54000000000,57600000000,55950969751,55951777981,808230
54000000000,57600000000,55951777981,55953367354,1589373
54000000000,57600000000,55953367354,55954984929,1617575
54000000000,57600000000,55954984929,55969214521,14229592
54000000000,57600000000,55969214521,55970819950,1605429
54000000000,57600000000,55970819950,55970819954,4
54000000000,57600000000,55970819954,55970820021,67
54000000000,57600000000,55970820021,55970820026,5
54000000000,57600000000,55970820026,55973363077,2543051
54000000000,57600000000,55973363077,55973363104,27
54000000000,57600000000,55973363104,55973363109,5
54000000000,57600000000,55973363109,55977803858,4440749
54000000000,57600000000,55977803858,55978486636,682778
54000000000,57600000000,55978486636,55978486642,6
54000000000,57600000000,55978486642,55978486908,266
54000000000,57600000000,55978486908,55978486913,5
54000000000,57600000000,55978486913,55978487235,322
54000000000,57600000000,55978487235,55979260258,773023
54000000000,57600000000,55979260258,55979260262,4
54000000000,57600000000,55979260262,55979260263,1
54000000000,57600000000,55979260263,55980011526,751263
54000000000,57600000000,55980011526,55980012362,836
54000000000,57600000000,55980012362,55980532753,520391
54000000000,57600000000,55980532753,55980532756,3
54000000000,57600000000,55980532756,55982094885,1562129
54000000000,57600000000,55982094885,55982909910,815025
54000000000,57600000000,55982909910,55985255182,2345272
54000000000,57600000000,55985255182,55986864540,1609358
54000000000,57600000000,55986864540,55989005427,2140887
54000000000,57600000000,55989005427,55990482395,1476968
54000000000,57600000000,55990482395,55993837831,3355436
54000000000,57600000000,55993837831,55996249124,2411293
54000000000,57600000000,55996249124,55996249127,3
54000000000,57600000000,55996249127,55997864061,1614934
54000000000,57600000000,55997864061,55997896228,32167
54000000000,57600000000,55997896228,55999985561,2089333
54000000000,57600000000,55999985561,56002524407,2538846
54000000000,57600000000,56002524407,56003348720,824313
54000000000,57600000000,56003348720,56003348765,45
54000000000,57600000000,56003348765,56003348772,7
54000000000,57600000000,56003348772,56004246862,898090
54000000000,57600000000,56004246862,56020043603,15796741
54000000000,57600000000,56020043603,56021122605,1079002
54000000000,57600000000,56021122605,56024829803,3707198
54000000000,57600000000,56024829803,56024832084,2281
54000000000,57600000000,56024832084,56024832109,25
54000000000,57600000000,56024832109,56032550374,7718265
54000000000,57600000000,56032550374,56038650455,6100081
54000000000,57600000000,56038650455,56042576788,3926333
54000000000,57600000000,56042576788,56042581336,4548
54000000000,57600000000,56042581336,56043982773,1401437
54000000000,57600000000,56043982773,56045596477,1613704
54000000000,57600000000,56045596477,56047137117,1540640
54000000000,57600000000,56047137117,56047153791,16674
54000000000,57600000000,56047153791,56048749551,1595760
54000000000,57600000000,56048749551,56048766303,16752
54000000000,57600000000,56048766303,56050289973,1523670
54000000000,57600000000,56050289973,56050545173,255200
54000000000,57600000000,56050545173,56050547349,2176
54000000000,57600000000,56050547349,56051310052,762703
54000000000,57600000000,56051310052,56052083947,773895
54000000000,57600000000,56052083947,56052083973,26
54000000000,57600000000,56052083973,56053174095,1090122
54000000000,57600000000,56053174095,56056224628,3050533
54000000000,57600000000,56056224628,56056224631,3
54000000000,57600000000,56056224631,56057743261,1518630
54000000000,57600000000,56057743261,56086819112,29075851
54000000000,57600000000,56086819112,56090639176,3820064
54000000000,57600000000,56090639176,56092138160,1498984
54000000000,57600000000,56092138160,56102294820,10156660
54000000000,57600000000,56102294820,56103996550,1701730
54000000000,57600000000,56103996550,56109747170,5750620
54000000000,57600000000,56109747170,56110517429,770259
54000000000,57600000000,56110517429,56111281568,764139
54000000000,57600000000,56111281568,56111322133,40565
54000000000,57600000000,56111322133,56118109454,6787321
54000000000,57600000000,56118109454,56119807222,1697768
54000000000,57600000000,56119807222,56123211077,3403855
54000000000,57600000000,56123211077,56123211264,187
54000000000,57600000000,56123211264,56123211269,5
54000000000,57600000000,56123211269,56124924765,1713496
54000000000,57600000000,56124924765,56126623170,1698405
54000000000,57600000000,56126623170,56130183174,3560004
54000000000,57600000000,56130183174,56130183226,52
54000000000,57600000000,56130183226,56130183232,6
54000000000,57600000000,56130183232,56130183238,6
54000000000,57600000000,56130183238,56131773701,1590463
54000000000,57600000000,56131773701,56133479385,1705684
54000000000,57600000000,56133479385,56143588492,10109107
54000000000,57600000000,56143588492,56147505234,3916742
54000000000,57600000000,56147505234,56147522470,17236
54000000000,57600000000,56147522470,56151582197,4059727
54000000000,57600000000,56151582197,56151582222,25
54000000000,57600000000,56151582222,56151582226,4
54000000000,57600000000,56151582226,56151582227,1
54000000000,57600000000,56151582227,56152418927,836700
54000000000,57600000000,56152418927,56152419811,884
54000000000,57600000000,56152419811,56152477294,57483
54000000000,57600000000,56152477294,56154159889,1682595
54000000000,57600000000,56154159889,56156520755,2360866
54000000000,57600000000,56156520755,56156520757,2
54000000000,57600000000,56156520757,56158081495,1560738
54000000000,57600000000,56158081495,56163121800,5040305
54000000000,57600000000,56163121800,56163124801,3001
54000000000,57600000000,56163124801,56164732883,1608082
54000000000,57600000000,56164732883,56171802615,7069732
54000000000,57600000000,56171802615,56173653370,1850755
54000000000,57600000000,56173653370,56176678171,3024801
54000000000,57600000000,56176678171,56178135217,1457046
54000000000,57600000000,56178135217,56179627712,1492495
54000000000,57600000000,56179627712,56185710146,6082434
54000000000,57600000000,56185710146,56193705482,7995336
54000000000,57600000000,56193705482,56193705485,3
54000000000,57600000000,56193705485,56195467426,1761941
54000000000,57600000000,56195467426,56196272090,804664
54000000000,57600000000,56196272090,56196279483,7393
54000000000,57600000000,56196279483,56197874242,1594759
54000000000,57600000000,56197874242,56198611894,737652
54000000000,57600000000,56198611894,56198611899,5
54000000000,57600000000,56198611899,56198614013,2114
54000000000,57600000000,56198614013,56198614017,4
54000000000,57600000000,56198614017,56198614018,1
54000000000,57600000000,56198614018,56201627531,3013513
54000000000,57600000000,56201627531,56201628414,883
54000000000,57600000000,56201628414,56201660896,32482
54000000000,57600000000,56201660896,56203131383,1470487
54000000000,57600000000,56203131383,56206785647,3654264
54000000000,57600000000,56206785647,56207588343,802696
54000000000,57600000000,56207588343,56208428279,839936
54000000000,57600000000,56208428279,56226981440,18553161
54000000000,57600000000,56226981440,56227791244,809804
54000000000,57600000000,56227791244,56235837050,8045806
54000000000,57600000000,56235837050,56243936665,8099615
54000000000,57600000000,56243936665,56245831383,1894718
54000000000,57600000000,56245831383,56272512147,26680764
54000000000,57600000000,56272512147,56276144026,3631879
54000000000,57600000000,56276144026,56283113370,6969344
54000000000,57600000000,56283113370,56283886708,773338
54000000000,57600000000,56283886708,56283897383,10675
54000000000,57600000000,56283897383,56284729730,832347
54000000000,57600000000,56284729730,56284751002,21272
54000000000,57600000000,56284751002,56285595088,844086
54000000000,57600000000,56285595088,56285595099,11
54000000000,57600000000,56285595099,56286399770,804671
54000000000,57600000000,56286399770,56288996488,2596718
54000000000,57600000000,56288996488,56292202485,3205997
54000000000,57600000000,56292202485,56293609657,1407172
54000000000,57600000000,56293609657,56296684062,3074405
54000000000,57600000000,56296684062,56301357965,4673903
54000000000,57600000000,56301357965,56341626349,40268384
54000000000,57600000000,56341626349,56342524997,898648
54000000000,57600000000,56342524997,56342574521,49524
54000000000,57600000000,56342574521,56344460076,1885555
54000000000,57600000000,56344460076,56344460079,3
54000000000,57600000000,56344460079,56344460080,1
54000000000,57600000000,56344460080,56344460103,23
54000000000,57600000000,56344460103,56345347041,886938
54000000000,57600000000,56345347041,56346753202,1406161
54000000000,57600000000,56346753202,56346753634,432
54000000000,57600000000,56346753634,56352072915,5319281
54000000000,57600000000,56352072915,56352072915,0
54000000000,57600000000,56352072915,56352926161,853246
54000000000,57600000000,56352926161,56352927184,1023
54000000000,57600000000,56352927184,56354616536,1689352
54000000000,57600000000,56354616536,56355456961,840425
54000000000,57600000000,56355456961,56355463641,6680
54000000000,57600000000,56355463641,56355469544,5903
54000000000,57600000000,56355469544,56356257470,787926
54000000000,57600000000,56356257470,56358137251,1879781
54000000000,57600000000,56358137251,56358137256,5
54000000000,57600000000,56358137256,56358137302,46
54000000000,57600000000,56358137302,56358137307,5
54000000000,57600000000,56358137307,56358137329,22
54000000000,57600000000,56358137329,56359018106,880777
54000000000,57600000000,56359018106,56359018567,461
54000000000,57600000000,56359018567,56360687299,1668732
54000000000,57600000000,56360687299,56362218124,1530825
54000000000,57600000000,56362218124,56368209520,5991396
54000000000,57600000000,56368209520,56368214660,5140
54000000000,57600000000,56368214660,56369335506,1120846
54000000000,57600000000,56369335506,56370110370,774864
54000000000,57600000000,56370110370,56370988050,877680
54000000000,57600000000,56370988050,56370988053,3
54000000000,57600000000,56370988053,56370988108,55
54000000000,57600000000,56370988108,56371784731,796623
54000000000,57600000000,56371784731,56371785206,475
54000000000,57600000000,56371785206,56371829538,44332
54000000000,57600000000,56371829538,56372632846,803308
54000000000,57600000000,56372632846,56372677194,44348
54000000000,57600000000,56372677194,56372677803,609
54000000000,57600000000,56372677803,56373577494,899691
54000000000,57600000000,56373577494,56374532115,954621
54000000000,57600000000,56374532115,56374577688,45573
54000000000,57600000000,56374577688,56376199486,1621798
54000000000,57600000000,56376199486,56376199486,0
54000000000,57600000000,56376199486,56379306608,3107122
54000000000,57600000000,56379306608,56379306928,320
54000000000,57600000000,56379306928,56379306933,5
54000000000,57600000000,56379306933,56379306938,5
54000000000,57600000000,56379306938,56381036437,1729499
54000000000,57600000000,56381036437,56381043388,6951
54000000000,57600000000,56381043388,56381778551,735163
54000000000,57600000000,56381778551,56383365600,1587049
54000000000,57600000000,56383365600,56383365623,23
54000000000,57600000000,56383365623,56383394562,28939
54000000000,57600000000,56383394562,56383394562,0
54000000000,57600000000,56383394562,56385081967,1687405
54000000000,57600000000,56385081967,56387497363,2415396
54000000000,57600000000,56387497363,56387526522,29159
54000000000,57600000000,56387526522,56389054441,1527919
54000000000,57600000000,56389054441,56389085943,31502
54000000000,57600000000,56389085943,56389866684,780741
54000000000,57600000000,56389866684,56391720805,1854121
54000000000,57600000000,56391720805,56392540000,819195
54000000000,57600000000,56392540000,56393355264,815264
54000000000,57600000000,56393355264,56394157487,802223
54000000000,57600000000,56394157487,56394983476,825989
54000000000,57600000000,56394983476,56402545800,7562324
54000000000,57600000000,56402545800,56404101780,1555980
54000000000,57600000000,56404101780,56409467665,5365885
54000000000,57600000000,56409467665,56416975817,7508152
54000000000,57600000000,56416975817,56417819322,843505
54000000000,57600000000,56417819322,56417825681,6359
54000000000,57600000000,56417825681,56418558402,732721
54000000000,57600000000,56418558402,56419404982,846580
54000000000,57600000000,56419404982,56419404993,11
54000000000,57600000000,56419404993,56427245092,7840099
54000000000,57600000000,56427245092,56430330327,3085235
54000000000,57600000000,56430330327,56430340292,9965
54000000000,57600000000,56430340292,56430342365,2073
54000000000,57600000000,56430342365,56431928501,1586136
54000000000,57600000000,56431928501,56431928512,11
54000000000,57600000000,56431928512,56431928523,11
54000000000,57600000000,56431928523,56432760368,831845
54000000000,57600000000,56432760368,56434636413,1876045
54000000000,57600000000,56434636413,56435436791,800378
54000000000,57600000000,56435436791,56436531306,1094515
54000000000,57600000000,56436531306,56437377914,846608
54000000000,57600000000,56437377914,56437385348,7434
54000000000,57600000000,56437385348,56439495090,2109742
54000000000,57600000000,56439495090,56439495116,26
54000000000,57600000000,56439495116,56440965390,1470274
54000000000,57600000000,56440965390,56443608763,2643373
54000000000,57600000000,56443608763,56443613536,4773
54000000000,57600000000,56443613536,56443616152,2616
54000000000,57600000000,56443616152,56443618227,2075
54000000000,57600000000,56443618227,56443620246,2019
54000000000,57600000000,56443620246,56443623425,3179
54000000000,57600000000,56443623425,56443625770,2345
54000000000,57600000000,56443625770,56443627638,1868
54000000000,57600000000,56443627638,56443629809,2171
54000000000,57600000000,56443629809,56444630557,1000748
54000000000,57600000000,56444630557,56445363340,732783
54000000000,57600000000,56445363340,56445363364,24
54000000000,57600000000,56445363364,56445363388,24
54000000000,57600000000,56445363388,56445363412,24
54000000000,57600000000,56445363412,56445363489,77
54000000000,57600000000,56445363489,56445363528,39
54000000000,57600000000,56445363528,56445363559,31
54000000000,57600000000,56445363559,56445363598,39
54000000000,57600000000,56445363598,56445363610,12
54000000000,57600000000,56445363610,56451698009,6334399
54000000000,57600000000,56451698009,56452583922,885913
54000000000,57600000000,56452583922,56452583924,2
54000000000,57600000000,56452583924,56453454225,870301
54000000000,57600000000,56453454225,56455135184,1680959
54000000000,57600000000,56455135184,56457127578,1992394
54000000000,57600000000,56457127578,56465459421,8331843
54000000000,57600000000,56465459421,56469692556,4233135
54000000000,57600000000,56469692556,56469693352,796
54000000000,57600000000,56469693352,56469693514,162
54000000000,57600000000,56469693514,56469693529,15
54000000000,57600000000,56469693529,56470632367,938838
54000000000,57600000000,56470632367,56475403525,4771158
54000000000,57600000000,56475403525,56480333183,4929658
54000000000,57600000000,56480333183,56480356046,22863
54000000000,57600000000,56480356046,56481783004,1426958
54000000000,57600000000,56481783004,56481783008,4
54000000000,57600000000,56481783008,56481783009,1
54000000000,57600000000,56481783009,56481783010,1
54000000000,57600000000,56481783010,56482525290,742280
54000000000,57600000000,56482525290,56482525607,317
54000000000,57600000000,56482525607,56482526227,620
54000000000,57600000000,56482526227,56483397046,870819
54000000000,57600000000,56483397046,56484918525,1521479
54000000000,57600000000,56484918525,56485719310,800785
54000000000,57600000000,56485719310,56485739470,20160
54000000000,57600000000,56485739470,56485744551,5081
54000000000,57600000000,56485744551,56487469008,1724457
54000000000,57600000000,56487469008,56487494847,25839
54000000000,57600000000,56487494847,56489401586,1906739
54000000000,57600000000,56489401586,56490268072,866486
54000000000,57600000000,56490268072,56491865378,1597306
54000000000,57600000000,56491865378,56492663992,798614
54000000000,57600000000,56492663992,56492668858,4866
54000000000,57600000000,56492668858,56493444729,775871
54000000000,57600000000,56493444729,56493444888,159
54000000000,57600000000,56493444888,56493444893,5
54000000000,57600000000,56493444893,56494310378,865485
54000000000,57600000000,56494310378,56494310401,23
54000000000,57600000000,56494310401,56494310405,4
54000000000,57600000000,56494310405,56494310406,1
54000000000,57600000000,56494310406,56494310407,1
54000000000,57600000000,56494310407,56495184789,874382
54000000000,57600000000,56495184789,56495185144,355
54000000000,57600000000,56495185144,56495185754,610
54000000000,57600000000,56495185754,56497706192,2520438
54000000000,57600000000,56497706192,56497706552,360
54000000000,57600000000,56497706552,56497706557,5
54000000000,57600000000,56497706557,56499030568,1324011
54000000000,57600000000,56499030568,56499030571,3
54000000000,57600000000,56499030571,56499030917,346
54000000000,57600000000,56499030917,56499030923,6
54000000000,57600000000,56499030923,56499030940,17
54000000000,57600000000,56499030940,56500733599,1702659
54000000000,57600000000,56500733599,56505126495,4392896
54000000000,57600000000,56505126495,56505131629,5134
54000000000,57600000000,56505131629,56505133590,1961
54000000000,57600000000,56505133590,56506704665,1571075
54000000000,57600000000,56506704665,56506704689,24
54000000000,57600000000,56506704689,56506704726,37
54000000000,57600000000,56506704726,56508334200,1629474
54000000000,57600000000,56508334200,56510164054,1829854
54000000000,57600000000,56510164054,56510182868,18814
54000000000,57600000000,56510182868,56512610634,2427766
54000000000,57600000000,56512610634,56514356941,1746307
54000000000,57600000000,56514356941,56516011245,1654304
54000000000,57600000000,56516011245,56516782545,771300
54000000000,57600000000,56516782545,56516782815,270
54000000000,57600000000,56516782815,56516782820,5
54000000000,57600000000,56516782820,56517631134,848314
54000000000,57600000000,56517631134,56517633146,2012
54000000000,57600000000,56517633146,56517638914,5768
54000000000,57600000000,56517638914,56517642337,3423
54000000000,57600000000,56517642337,56517648413,6076
54000000000,57600000000,56517648413,56517651547,3134
54000000000,57600000000,56517651547,56517658514,6967
54000000000,57600000000,56517658514,56517668678,10164
54000000000,57600000000,56517668678,56517679237,10559
54000000000,57600000000,56517679237,56517685844,6607
54000000000,57600000000,56517685844,56519945585,2259741
54000000000,57600000000,56519945585,56519945589,4
54000000000,57600000000,56519945589,56519945590,1
54000000000,57600000000,56519945590,56519945591,1
54000000000,57600000000,56519945591,56519945826,235
54000000000,57600000000,56519945826,56519945830,4
54000000000,57600000000,56519945830,56519945831,1
54000000000,57600000000,56519945831,56519945832,1
54000000000,57600000000,56519945832,56519946061,229
54000000000,57600000000,56519946061,56519946065,4
54000000000,57600000000,56519946065,56519946066,1
54000000000,57600000000,56519946066,56519946107,41
54000000000,57600000000,56519946107,56519946118,11
54000000000,57600000000,56519946118,56519946297,179
54000000000,57600000000,56519946297,56519946464,167
54000000000,57600000000,56519946464,56519946666,202
54000000000,57600000000,56519946666,56519952372,5706
54000000000,57600000000,56519952372,56519958113,5741
54000000000,57600000000,56519958113,56522165280,2207167
54000000000,57600000000,56522165280,56525867136,3701856
54000000000,57600000000,56525867136,56525867303,167
54000000000,57600000000,56525867303,56525867477,174
54000000000,57600000000,56525867477,56525873270,5793
54000000000,57600000000,56525873270,56525878921,5651
54000000000,57600000000,56525878921,56525879098,177
54000000000,57600000000,56525879098,56525879109,11
54000000000,57600000000,56525879109,56525879126,17
54000000000,57600000000,56525879126,56526859636,980510
54000000000,57600000000,56526859636,56527594856,735220
54000000000,57600000000,56527594856,56530097514,2502658
54000000000,57600000000,56530097514,56530101755,4241
54000000000,57600000000,56530101755,56530111833,10078
54000000000,57600000000,56530111833,56530125037,13204
54000000000,57600000000,56530125037,56532002437,1877400
54000000000,57600000000,56532002437,56532002586,149
54000000000,57600000000,56532002586,56532008327,5741
54000000000,57600000000,56532008327,56532014004,5677
54000000000,57600000000,56532014004,56535702071,3688067
54000000000,57600000000,56535702071,56536614831,912760
54000000000,57600000000,56536614831,56536614848,17
54000000000,57600000000,56536614848,56543315658,6700810
54000000000,57600000000,56543315658,56543315833,175
54000000000,57600000000,56543315833,56543315840,7
54000000000,57600000000,56543315840,56560017178,16701338
54000000000,57600000000,56560017178,56560017365,187
54000000000,57600000000,56560017365,56560017372,7
54000000000,57600000000,56560017372,56565412802,5395430
54000000000,57600000000,56565412802,56576428211,11015409
54000000000,57600000000,56576428211,56584584561,8156350
54000000000,57600000000,56584584561,56588764019,4179458
54000000000,57600000000,56588764019,56592108380,3344361
54000000000,57600000000,56592108380,56593685646,1577266
54000000000,57600000000,56593685646,56593685650,4
54000000000,57600000000,56593685650,56594529774,844124
54000000000,57600000000,56594529774,56608994482,14464708
54000000000,57600000000,56608994482,56613440410,4445928
54000000000,57600000000,56613440410,56613440661,251
54000000000,57600000000,56613440661,56613440667,6
54000000000,57600000000,56613440667,56613440673,6
54000000000,57600000000,56613440673,56615488834,2048161
54000000000,57600000000,56615488834,56633140276,17651442
54000000000,57600000000,56633140276,56635123952,1983676
54000000000,57600000000,56635123952,56642683533,7559581
54000000000,57600000000,56642683533,56644543397,1859864
54000000000,57600000000,56644543397,56650613046,6069649
54000000000,57600000000,56650613046,56650622027,8981
54000000000,57600000000,56650622027,56651376085,754058
54000000000,57600000000,56651376085,56652100276,724191
54000000000,57600000000,56652100276,56652100287,11
54000000000,57600000000,56652100287,56652805329,705042
54000000000,57600000000,56652805329,56654612927,1807598
54000000000,57600000000,56654612927,56664180954,9568027
54000000000,57600000000,56664180954,56666100542,1919588
54000000000,57600000000,56666100542,56671035768,4935226
54000000000,57600000000,56671035768,56671035883,115
54000000000,57600000000,56671035883,56671035890,7
54000000000,57600000000,56671035890,56672574069,1538179
54000000000,57600000000,56672574069,56675258711,2684642
54000000000,57600000000,56675258711,56676017917,759206
54000000000,57600000000,56676017917,56678487464,2469547
54000000000,57600000000,56678487464,56694355531,15868067
54000000000,57600000000,56694355531,56694356635,1104
54000000000,57600000000,56694356635,56694356650,15
54000000000,57600000000,56694356650,56698351820,3995170
54000000000,57600000000,56698351820,56698351820,0
54000000000,57600000000,56698351820,56702145772,3793952
54000000000,57600000000,56702145772,56703938344,1792572
54000000000,57600000000,56703938344,56713572064,9633720
54000000000,57600000000,56713572064,56714903054,1330990
54000000000,57600000000,56714903054,56716380771,1477717
54000000000,57600000000,56716380771,56717841868,1461097
54000000000,57600000000,56717841868,56720368219,2526351
54000000000,57600000000,56720368219,56720368219,0
54000000000,57600000000,56720368219,56725006618,4638399
54000000000,57600000000,56725006618,56729539152,4532534
54000000000,57600000000,56729539152,56731249669,1710517
54000000000,57600000000,56731249669,56732693254,1443585
54000000000,57600000000,56732693254,56732697685,4431
54000000000,57600000000,56732697685,56734123199,1425514
54000000000,57600000000,56734123199,56734840215,717016
54000000000,57600000000,56734840215,56734848144,7929
54000000000,57600000000,56734848144,56734848146,2
54000000000,57600000000,56734848146,56736318000,1469854
54000000000,57600000000,56736318000,56736318018,18
54000000000,57600000000,56736318018,56737278278,960260
54000000000,57600000000,56737278278,56739086152,1807874
54000000000,57600000000,56739086152,56740114627,1028475
54000000000,57600000000,56740114627,56741056296,941669
54000000000,57600000000,56741056296,56741056536,240
54000000000,57600000000,56741056536,56741056543,7
54000000000,57600000000,56741056543,56741056550,7
54000000000,57600000000,56741056550,56742364385,1307835
54000000000,57600000000,56742364385,56751757893,9393508
54000000000,57600000000,56751757893,56751757896,3
54000000000,57600000000,56751757896,56753333346,1575450
54000000000,57600000000,56753333346,56753351733,18387
54000000000,57600000000,56753351733,56753352236,503
54000000000,57600000000,56753352236,56753352243,7
54000000000,57600000000,56753352243,56753352254,11
54000000000,57600000000,56753352254,56758814311,5462057
54000000000,57600000000,56758814311,56762638588,3824277
54000000000,57600000000,56762638588,56762638592,4
54000000000,57600000000,56762638592,56762638659,67
54000000000,57600000000,56762638659,56762638664,5
54000000000,57600000000,56762638664,56764182647,1543983
54000000000,57600000000,56764182647,56770193906,6011259
54000000000,57600000000,56770193906,56770193909,3
54000000000,57600000000,56770193909,56771680880,1486971
54000000000,57600000000,56771680880,56771702505,21625
54000000000,57600000000,56771702505,56772442832,740327
54000000000,57600000000,56772442832,56772453694,10862
54000000000,57600000000,56772453694,56773214976,761282
54000000000,57600000000,56773214976,56773233560,18584
54000000000,57600000000,56773233560,56776414440,3180880
54000000000,57600000000,56776414440,56776414451,11
54000000000,57600000000,56776414451,56776446425,31974
54000000000,57600000000,56776446425,56777156493,710068
54000000000,57600000000,56777156493,56791680793,14524300
54000000000,57600000000,56791680793,56793943819,2263026
54000000000,57600000000,56793943819,56793943822,3
54000000000,57600000000,56793943822,56793943823,1
54000000000,57600000000,56793943823,56795105060,1161237
54000000000,57600000000,56795105060,56795888334,783274
54000000000,57600000000,56795888334,56795904654,16320
54000000000,57600000000,56795904654,56801891485,5986831
54000000000,57600000000,56801891485,56801891528,43
54000000000,57600000000,56801891528,56801891535,7
54000000000,57600000000,56801891535,56803651288,1759753
54000000000,57600000000,56803651288,56803651606,318
54000000000,57600000000,56803651606,56803651613,7
54000000000,57600000000,56803651613,56803651620,7
54000000000,57600000000,56803651620,56804649079,997459
54000000000,57600000000,56804649079,56806833103,2184024
54000000000,57600000000,56806833103,56808636545,1803442
54000000000,57600000000,56808636545,56809500364,863819
54000000000,57600000000,56809500364,56811199388,1699024
54000000000,57600000000,56811199388,56815787324,4587936
54000000000,57600000000,56815787324,56815787405,81
54000000000,57600000000,56815787405,56815787412,7
54000000000,57600000000,56815787412,56815787419,7
54000000000,57600000000,56815787419,56824669483,8882064
54000000000,57600000000,56824669483,56826334927,1665444
54000000000,57600000000,56826334927,56829060732,2725805
54000000000,57600000000,56829060732,56829815317,754585
54000000000,57600000000,56829815317,56829815373,56
54000000000,57600000000,56829815373,56829815380,7
54000000000,57600000000,56829815380,56829815389,9
54000000000,57600000000,56829815389,56830682364,866975
54000000000,57600000000,56830682364,56830682369,5
54000000000,57600000000,56830682369,56831535591,853222
54000000000,57600000000,56831535591,56831535595,4
54000000000,57600000000,56831535595,56832309609,774014
54000000000,57600000000,56832309609,56836095464,3785855
54000000000,57600000000,56836095464,56839993942,3898478
54000000000,57600000000,56839993942,56840737306,743364
54000000000,57600000000,56840737306,56843071723,2334417
54000000000,57600000000,56843071723,56843834162,762439
54000000000,57600000000,56843834162,56843834166,4
54000000000,57600000000,56843834166,56843834300,134
54000000000,57600000000,56843834300,56843834311,11
54000000000,57600000000,56843834311,56843834973,662
54000000000,57600000000,56843834973,56843835202,229
54000000000,57600000000,56843835202,56843835208,6
54000000000,57600000000,56843835208,56843835214,6
54000000000,57600000000,56843835214,56846898226,3063012
54000000000,57600000000,56846898226,56850449586,3551360
54000000000,57600000000,56850449586,56859992101,9542515
54000000000,57600000000,56859992101,56859992663,562
54000000000,57600000000,56859992663,56861079338,1086675
54000000000,57600000000,56861079338,56867715047,6635709
54000000000,57600000000,56867715047,56877324258,9609211
54000000000,57600000000,56877324258,56877324771,513
54000000000,57600000000,56877324771,56878784709,1459938
54000000000,57600000000,56878784709,56878789485,4776
54000000000,57600000000,56878789485,56880143148,1353663
54000000000,57600000000,56880143148,56880143160,12
54000000000,57600000000,56880143160,56882599978,2456818
54000000000,57600000000,56882599978,56882603030,3052
54000000000,57600000000,56882603030,56882603034,4
54000000000,57600000000,56882603034,56884116783,1513749
54000000000,57600000000,56884116783,56884116808,25
54000000000,57600000000,56884116808,56888986026,4869218
54000000000,57600000000,56888986026,56889661347,675321
54000000000,57600000000,56889661347,56890288239,626892
54000000000,57600000000,56890288239,56891752529,1464290
54000000000,57600000000,56891752529,56893451749,1699220
54000000000,57600000000,56893451749,56893498017,46268
54000000000,57600000000,56893498017,56894902720,1404703
54000000000,57600000000,56894902720,56894918254,15534
54000000000,57600000000,56894918254,56896399604,1481350
54000000000,57600000000,56896399604,56896424131,24527
54000000000,57600000000,56896424131,56897175878,751747
54000000000,57600000000,56897175878,56898699223,1523345
54000000000,57600000000,56898699223,56904932222,6232999
54000000000,57600000000,56904932222,56906452341,1520119
54000000000,57600000000,56906452341,56908851768,2399427
54000000000,57600000000,56908851768,56916460914,7609146
54000000000,57600000000,56916460914,56919360777,2899863
54000000000,57600000000,56919360777,56919361038,261
54000000000,57600000000,56919361038,56919361045,7
54000000000,57600000000,56919361045,56919361052,7
54000000000,57600000000,56919361052,56922286140,2925088
54000000000,57600000000,56922286140,56933177716,10891576
54000000000,57600000000,56933177716,56941597784,8420068
54000000000,57600000000,56941597784,56943072302,1474518
54000000000,57600000000,56943072302,56955129049,12056747
54000000000,57600000000,56955129049,56955129052,3
54000000000,57600000000,56955129052,56956710350,1581298
54000000000,57600000000,56956710350,56986726797,30016447
54000000000,57600000000,56986726797,56990108772,3381975
54000000000,57600000000,56990108772,56997440429,7331657
54000000000,57600000000,56997440429,56998894994,1454565
54000000000,57600000000,56998894994,57009864436,10969442
54000000000,57600000000,57009864436,57011655158,1790722
54000000000,57600000000,57011655158,57012493595,838437
54000000000,57600000000,57012493595,57014094515,1600920
54000000000,57600000000,57014094515,57014833260,738745
54000000000,57600000000,57014833260,57016343324,1510064
54000000000,57600000000,57016343324,57021036446,4693122
54000000000,57600000000,57021036446,57022922143,1885697
54000000000,57600000000,57022922143,57022926833,4690
54000000000,57600000000,57022926833,57022929587,2754
54000000000,57600000000,57022929587,57026680203,3750616
54000000000,57600000000,57026680203,57026680230,27
54000000000,57600000000,57026680230,57026680240,10
54000000000,57600000000,57026680240,57029994205,3313965
54000000000,57600000000,57029994205,57031521577,1527372
54000000000,57600000000,57031521577,57033395923,1874346
54000000000,57600000000,57033395923,57033395925,2
54000000000,57600000000,57033395925,57035012245,1616320
54000000000,57600000000,57035012245,57035033291,21046
54000000000,57600000000,57035033291,57035037824,4533
54000000000,57600000000,57035037824,57036826987,1789163
54000000000,57600000000,57036826987,57036826998,11
54000000000,57600000000,57036826998,57045003880,8176882
54000000000,57600000000,57045003880,57046515765,1511885
54000000000,57600000000,57046515765,57059317173,12801408
54000000000,57600000000,57059317173,57059317176,3
54000000000,57600000000,57059317176,57059317951,775
54000000000,57600000000,57059317951,57060911072,1593121
54000000000,57600000000,57060911072,57063697346,2786274
54000000000,57600000000,57063697346,57066618328,2920982
54000000000,57600000000,57066618328,57068974426,2356098
54000000000,57600000000,57068974426,57068976155,1729
54000000000,57600000000,57068976155,57068976162,7
54000000000,57600000000,57068976162,57068976167,5
54000000000,57600000000,57068976167,57071545684,2569517
54000000000,57600000000,57071545684,57071545904,220
54000000000,57600000000,57071545904,57074251581,2705677
54000000000,57600000000,57074251581,57074251690,109
54000000000,57600000000,57074251690,57074251695,5
54000000000,57600000000,57074251695,57074251700,5
54000000000,57600000000,57074251700,57076673896,2422196
54000000000,57600000000,57076673896,57078167183,1493287
54000000000,57600000000,57078167183,57081943303,3776120
54000000000,57600000000,57081943303,57082720451,777148
54000000000,57600000000,57082720451,57082725591,5140
54000000000,57600000000,57082725591,57083478177,752586
54000000000,57600000000,57083478177,57084273810,795633
54000000000,57600000000,57084273810,57084273828,18
54000000000,57600000000,57084273828,57084951159,677331
54000000000,57600000000,57084951159,57088947440,3996281
54000000000,57600000000,57088947440,57091056155,2108715
54000000000,57600000000,57091056155,57091060944,4789
54000000000,57600000000,57091060944,57091060947,3
54000000000,57600000000,57091060947,57091831608,770661
54000000000,57600000000,57091831608,57092474691,643083
54000000000,57600000000,57092474691,57092474705,14
54000000000,57600000000,57092474705,57093195893,721188
54000000000,57600000000,57093195893,57095535465,2339572
54000000000,57600000000,57095535465,57096558720,1023255
54000000000,57600000000,57096558720,57118142698,21583978
54000000000,57600000000,57118142698,57118874524,731826
54000000000,57600000000,57118874524,57120329212,1454688
54000000000,57600000000,57120329212,57120329216,4
54000000000,57600000000,57120329216,57121033736,704520
54000000000,57600000000,57121033736,57121033740,4
54000000000,57600000000,57121033740,57121891587,857847
54000000000,57600000000,57121891587,57131436004,9544417
54000000000,57600000000,57131436004,57131447137,11133
54000000000,57600000000,57131447137,57132895138,1448001
54000000000,57600000000,57132895138,57132895149,11
54000000000,57600000000,57132895149,57135243692,2348543
54000000000,57600000000,57135243692,57136008448,764756
54000000000,57600000000,57136008448,57136008524,76
54000000000,57600000000,57136008524,57137624740,1616216
54000000000,57600000000,57137624740,57139493734,1868994
54000000000,57600000000,57139493734,57140927766,1434032
54000000000,57600000000,57140927766,57140962389,34623
54000000000,57600000000,57140962389,57142451602,1489213
54000000000,57600000000,57142451602,57142483915,32313
54000000000,57600000000,57142483915,57144700515,2216600
54000000000,57600000000,57144700515,57144963343,262828
54000000000,57600000000,57144963343,57146431198,1467855
54000000000,57600000000,57146431198,57153526505,7095307
54000000000,57600000000,57153526505,57155047774,1521269
54000000000,57600000000,57155047774,57155229168,181394
54000000000,57600000000,57155229168,57157426546,2197378
54000000000,57600000000,57157426546,57162195580,4769034
54000000000,57600000000,57162195580,57163562525,1366945
54000000000,57600000000,57163562525,57165907444,2344919
54000000000,57600000000,57165907444,57171721071,5813627
54000000000,57600000000,57171721071,57174346346,2625275
54000000000,57600000000,57174346346,57193649875,19303529
54000000000,57600000000,57193649875,57195566813,1916938
54000000000,57600000000,57195566813,57195566834,21
54000000000,57600000000,57195566834,57195566978,144
54000000000,57600000000,57195566978,57195566983,5
54000000000,57600000000,57195566983,57195566988,5
54000000000,57600000000,57195566988,57197188800,1621812
54000000000,57600000000,57197188800,57198816449,1627649
54000000000,57600000000,57198816449,57216213152,17396703
54000000000,57600000000,57216213152,57216213393,241
54000000000,57600000000,57216213393,57216213399,6
54000000000,57600000000,57216213399,57216213405,6
54000000000,57600000000,57216213405,57227264588,11051183
54000000000,57600000000,57227264588,57239527272,12262684
54000000000,57600000000,57239527272,57252444869,12917597
54000000000,57600000000,57252444869,57253971824,1526955
54000000000,57600000000,57253971824,57253989743,17919
54000000000,57600000000,57253989743,57254787957,798214
54000000000,57600000000,57254787957,57254793017,5060
54000000000,57600000000,57254793017,57255528461,735444
54000000000,57600000000,57255528461,57256374585,846124
54000000000,57600000000,57256374585,57257998290,1623705
54000000000,57600000000,57257998290,57258000766,2476
54000000000,57600000000,57258000766,57258791783,791017
54000000000,57600000000,57258791783,57258798697,6914
54000000000,57600000000,57258798697,57259801015,1002318
54000000000,57600000000,57259801015,57259820661,19646
54000000000,57600000000,57259820661,57260715143,894482
54000000000,57600000000,57260715143,57260715154,11
54000000000,57600000000,57260715154,57261423426,708272
54000000000,57600000000,57261423426,57267687626,6264200
54000000000,57600000000,57267687626,57269289699,1602073
54000000000,57600000000,57269289699,57288513486,19223787
54000000000,57600000000,57288513486,57288514023,537
54000000000,57600000000,57288514023,57288514028,5
54000000000,57600000000,57288514028,57292103799,3589771
54000000000,57600000000,57292103799,57293445570,1341771
54000000000,57600000000,57293445570,57293445574,4
54000000000,57600000000,57293445574,57294140168,694594
54000000000,57600000000,57294140168,57301425565,7285397
54000000000,57600000000,57301425565,57302571910,1146345
54000000000,57600000000,57302571910,57303421768,849858
54000000000,57600000000,57303421768,57304113523,691755
54000000000,57600000000,57304113523,57307478571,3365048
54000000000,57600000000,57307478571,57310620555,3141984
54000000000,57600000000,57310620555,57312225059,1604504
54000000000,57600000000,57312225059,57312266474,41415
54000000000,57600000000,57312266474,57314182781,1916307
54000000000,57600000000,57314182781,57314213721,30940
54000000000,57600000000,57314213721,57316724829,2511108
54000000000,57600000000,57316724829,57316727282,2453
54000000000,57600000000,57316727282,57316730089,2807
54000000000,57600000000,57316730089,57316733163,3074
54000000000,57600000000,57316733163,57318272189,1539026
54000000000,57600000000,57318272189,57318272202,13
54000000000,57600000000,57318272202,57318272213,11
54000000000,57600000000,57318272213,57318272224,11
54000000000,57600000000,57318272224,57318299799,27575
54000000000,57600000000,57318299799,57319690149,1390350
54000000000,57600000000,57319690149,57323666546,3976397
54000000000,57600000000,57323666546,57325850246,2183700
54000000000,57600000000,57325850246,57325850375,129
54000000000,57600000000,57325850375,57325850380,5
54000000000,57600000000,57325850380,57325850385,5
54000000000,57600000000,57325850385,57326796994,946609
54000000000,57600000000,57326796994,57329320220,2523226
54000000000,57600000000,57329320220,57329322569,2349
54000000000,57600000000,57329322569,57329343818,21249
54000000000,57600000000,57329343818,57330170825,827007
54000000000,57600000000,57330170825,57331017163,846338
54000000000,57600000000,57331017163,57332679801,1662638
54000000000,57600000000,57332679801,57332679811,10
54000000000,57600000000,57332679811,57332679841,30
54000000000,57600000000,57332679841,57339629732,6949891
54000000000,57600000000,57339629732,57339629734,2
54000000000,57600000000,57339629734,57341008169,1378435
54000000000,57600000000,57341008169,57343616444,2608275
54000000000,57600000000,57343616444,57345439478,1823034
54000000000,57600000000,57345439478,57348040960,2601482
54000000000,57600000000,57348040960,57348937279,896319
54000000000,57600000000,57348937279,57352426231,3488952
54000000000,57600000000,57352426231,57362314174,9887943
54000000000,57600000000,57362314174,57364095857,1781683
54000000000,57600000000,57364095857,57365029600,933743
54000000000,57600000000,57365029600,57365032862,3262
54000000000,57600000000,57365032862,57367065082,2032220
54000000000,57600000000,57367065082,57368021594,956512
54000000000,57600000000,57368021594,57369775975,1754381
54000000000,57600000000,57369775975,57369775978,3
54000000000,57600000000,57369775978,57369775979,1
54000000000,57600000000,57369775979,57371471780,1695801
54000000000,57600000000,57371471780,57371487954,16174
54000000000,57600000000,57371487954,57375775039,4287085
54000000000,57600000000,57375775039,57378121136,2346097
54000000000,57600000000,57378121136,57380932693,2811557
54000000000,57600000000,57380932693,57380943552,10859
54000000000,57600000000,57380943552,57380943555,3
54000000000,57600000000,57380943555,57380944864,1309
54000000000,57600000000,57380944864,57382940709,1995845
54000000000,57600000000,57382940709,57382940713,4
54000000000,57600000000,57382940713,57382940714,1
54000000000,57600000000,57382940714,57382940772,58
54000000000,57600000000,57382940772,57383893397,952625
54000000000,57600000000,57383893397,57383894221,824
54000000000,57600000000,57383894221,57387847669,3953448
54000000000,57600000000,57387847669,57395363649,7515980
54000000000,57600000000,57395363649,57396214318,850669
54000000000,57600000000,57396214318,57406211529,9997211
54000000000,57600000000,57406211529,57408806104,2594575
54000000000,57600000000,57408806104,57410741793,1935689
54000000000,57600000000,57410741793,57410769764,27971
54000000000,57600000000,57410769764,57410825735,55971
54000000000,57600000000,57410825735,57411787547,961812
54000000000,57600000000,57411787547,57413401433,1613886
54000000000,57600000000,57413401433,57414406258,1004825
54000000000,57600000000,57414406258,57414502960,96702
54000000000,57600000000,57414502960,57416041542,1538582
54000000000,57600000000,57416041542,57419137358,3095816
54000000000,57600000000,57419137358,57419191726,54368
54000000000,57600000000,57419191726,57419191731,5
54000000000,57600000000,57419191731,57419191736,5
54000000000,57600000000,57419191736,57422235765,3044029
54000000000,57600000000,57422235765,57422262587,26822
54000000000,57600000000,57422262587,57422266050,3463
54000000000,57600000000,57422266050,57422565277,299227
54000000000,57600000000,57422565277,57425295641,2730364
54000000000,57600000000,57425295641,57432554138,7258497
54000000000,57600000000,57432554138,57434026857,1472719
54000000000,57600000000,57434026857,57435953049,1926192
54000000000,57600000000,57435953049,57435953072,23
54000000000,57600000000,57435953072,57435953082,10
54000000000,57600000000,57435953082,57442990824,7037742
54000000000,57600000000,57442990824,57444063664,1072840
54000000000,57600000000,57444063664,57444945373,881709
54000000000,57600000000,57444945373,57446447053,1501680
54000000000,57600000000,57446447053,57446447131,78
54000000000,57600000000,57446447131,57447879872,1432741
54000000000,57600000000,57447879872,57450308981,2429109
54000000000,57600000000,57450308981,57457793424,7484443
54000000000,57600000000,57457793424,57460255230,2461806
54000000000,57600000000,57460255230,57469607996,9352766
54000000000,57600000000,57469607996,57470784189,1176193
54000000000,57600000000,57470784189,57470814303,30114
54000000000,57600000000,57470814303,57471952755,1138452
54000000000,57600000000,57471952755,57475232551,3279796
54000000000,57600000000,57475232551,57475232780,229
54000000000,57600000000,57475232780,57480076710,4843930
54000000000,57600000000,57480076710,57481231047,1154337
54000000000,57600000000,57481231047,57482935459,1704412
54000000000,57600000000,57482935459,57483816913,881454
54000000000,57600000000,57483816913,57485690077,1873164
54000000000,57600000000,57485690077,57486636067,945990
54000000000,57600000000,57486636067,57495883392,9247325
54000000000,57600000000,57495883392,57495883395,3
54000000000,57600000000,57495883395,57497060838,1177443
54000000000,57600000000,57497060838,57498134387,1073549
54000000000,57600000000,57498134387,57499167893,1033506
54000000000,57600000000,57499167893,57523742820,24574927
54000000000,57600000000,57523742820,57526930297,3187477
54000000000,57600000000,57526930297,57526930334,37
54000000000,57600000000,57526930334,57526930339,5
54000000000,57600000000,57526930339,57527908255,977916
54000000000,57600000000,57527908255,57531114755,3206500
54000000000,57600000000,57531114755,57532216758,1102003
54000000000,57600000000,57532216758,57535235987,3019229
54000000000,57600000000,57535235987,57537179738,1943751
54000000000,57600000000,57537179738,57537179742,4
54000000000,57600000000,57537179742,57537179876,134
54000000000,57600000000,57537179876,57537179919,43
54000000000,57600000000,57537179919,57540133790,2953871
54000000000,57600000000,57540133790,57540134167,377
54000000000,57600000000,57540134167,57540134172,5
54000000000,57600000000,57540134172,57542896112,2761940
54000000000,57600000000,57542896112,57545040840,2144728
54000000000,57600000000,57545040840,57545068818,27978
54000000000,57600000000,57545068818,57545973720,904902
54000000000,57600000000,57545973720,57545974070,350
54000000000,57600000000,57545974070,57546909932,935862
54000000000,57600000000,57546909932,57552280968,5371036
54000000000,57600000000,57552280968,57553146695,865727
54000000000,57600000000,57553146695,57553146695,0
54000000000,57600000000,57553146695,57555121760,1975065
54000000000,57600000000,57555121760,57556817805,1696045
54000000000,57600000000,57556817805,57556850889,33084
54000000000,57600000000,57556850889,57557725852,874963
54000000000,57600000000,57557725852,57569046351,11320499
54000000000,57600000000,57569046351,57569046448,97
54000000000,57600000000,57569046448,57569046453,5
54000000000,57600000000,57569046453,57572052939,3006486
54000000000,57600000000,57572052939,57574372635,2319696
54000000000,57600000000,57574372635,57574372635,0
54000000000,57600000000,57574372635,57580303928,5931293
54000000000,57600000000,57580303928,57581687445,1383517
54000000000,57600000000,57581687445,57583145121,1457676
54000000000,57600000000,57583145121,57583626510,481389
54000000000,57600000000,57583626510,57584293094,666584
54000000000,57600000000,57584293094,57584981774,688680
54000000000,57600000000,57584981774,57585776495,794721
54000000000,57600000000,57585776495,57587319425,1542930
54000000000,57600000000,57587319425,57591310460,3991035
54000000000,57600000000,57591310460,57594338126,3027666
54000000000,57600000000,57594338126,57595725569,1387443
57600000000,61200000000,57602248883,57603105074,856191
57600000000,61200000000,57603105074,57603938764,833690
57600000000,61200000000,57603938764,57603973538,34774
57600000000,61200000000,57603973538,57603978660,5122
57600000000,61200000000,57603978660,57604794952,816292
57600000000,61200000000,57604794952,57605548377,753425
57600000000,61200000000,57605548377,57605548388,11
57600000000,61200000000,57605548388,57605570624,22236
57600000000,61200000000,57605570624,57606780359,1209735
57600000000,61200000000,57606780359,57606785305,4946
57600000000,61200000000,57606785305,57606789301,3996
57600000000,61200000000,57606789301,57608273311,1484010
57600000000,61200000000,57608273311,57608273322,11
57600000000,61200000000,57608273322,57608273333,11
57600000000,61200000000,57608273333,57610174182,1900849
57600000000,61200000000,57610174182,57621515483,11341301
57600000000,61200000000,57621515483,57623670844,2155361
57600000000,61200000000,57623670844,57624920969,1250125
57600000000,61200000000,57624920969,57626536870,1615901
57600000000,61200000000,57626536870,57627352338,815468
57600000000,61200000000,57627352338,57627371476,19138
57600000000,61200000000,57627371476,57628882305,1510829
57600000000,61200000000,57628882305,57629662486,780181
57600000000,61200000000,57629662486,57631027546,1365060
57600000000,61200000000,57631027546,57633967681,2940135
57600000000,61200000000,57633967681,57636968901,3001220
57600000000,61200000000,57636968901,57638002706,1033805
57600000000,61200000000,57638002706,57642018461,4015755
57600000000,61200000000,57642018461,57642018463,2
57600000000,61200000000,57642018463,57644152629,2134166
57600000000,61200000000,57644152629,57645352029,1199400
57600000000,61200000000,57645352029,57649734047,4382018
57600000000,61200000000,57649734047,57656640801,6906754
57600000000,61200000000,57656640801,57657755781,1114980
57600000000,61200000000,57657755781,57659627953,1872172
57600000000,61200000000,57659627953,57659627957,4
57600000000,61200000000,57659627957,57659627958,1
57600000000,61200000000,57659627958,57660651286,1023328
57600000000,61200000000,57660651286,57660652158,872
57600000000,61200000000,57660652158,57663107488,2455330
57600000000,61200000000,57663107488,57663107987,499
57600000000,61200000000,57663107987,57663107992,5
57600000000,61200000000,57663107992,57667635468,4527476
57600000000,61200000000,57667635468,57667635472,4
57600000000,61200000000,57667635472,57667635518,46
57600000000,61200000000,57667635518,57667635525,7
57600000000,61200000000,57667635525,57678209773,10574248
57600000000,61200000000,57678209773,57678209832,59
57600000000,61200000000,57678209832,57678209840,8
57600000000,61200000000,57678209840,57680298157,2088317
57600000000,61200000000,57680298157,57681664737,1366580
57600000000,61200000000,57681664737,57682499168,834431
57600000000,61200000000,57682499168,57684071306,1572138
57600000000,61200000000,57684071306,57684969188,897882
57600000000,61200000000,57684969188,57684969191,3
57600000000,61200000000,57684969191,57686720531,1751340
57600000000,61200000000,57686720531,57686748056,27525
57600000000,61200000000,57686748056,57688936935,2188879
57600000000,61200000000,57688936935,57690838308,1901373
57600000000,61200000000,57690838308,57693214083,2375775
57600000000,61200000000,57693214083,57694052438,838355
57600000000,61200000000,57694052438,57695340941,1288503
57600000000,61200000000,57695340941,57695371543,30602
57600000000,61200000000,57695371543,57696813693,1442150
57600000000,61200000000,57696813693,57696813770,77
57600000000,61200000000,57696813770,57696813775,5
57600000000,61200000000,57696813775,57706348136,9534361
57600000000,61200000000,57706348136,57707827111,1478975
57600000000,61200000000,57707827111,57709609063,1781952
57600000000,61200000000,57709609063,57718391395,8782332
57600000000,61200000000,57718391395,57719201587,810192
57600000000,61200000000,57719201587,57719902128,700541
57600000000,61200000000,57719902128,57723356473,3454345
57600000000,61200000000,57723356473,57724090931,734458
57600000000,61200000000,57724090931,57724109663,18732
57600000000,61200000000,57724109663,57724865442,755779
57600000000,61200000000,57724865442,57724882057,16615
57600000000,61200000000,57724882057,57725570569,688512
57600000000,61200000000,57725570569,57725570580,11
57600000000,61200000000,57725570580,57725599470,28890
57600000000,61200000000,57725599470,57726394921,795451
57600000000,61200000000,57726394921,57727903945,1509024
57600000000,61200000000,57727903945,57728660192,756247
57600000000,61200000000,57728660192,57729505211,845019
57600000000,61200000000,57729505211,57731293159,1787948
57600000000,61200000000,57731293159,57731295633,2474
57600000000,61200000000,57731295633,57732744770,1449137
57600000000,61200000000,57732744770,57732744781,11
57600000000,61200000000,57732744781,57752725749,19980968
57600000000,61200000000,57752725749,57755239650,2513901
57600000000,61200000000,57755239650,57767192611,11952961
57600000000,61200000000,57767192611,57770335321,3142710
57600000000,61200000000,57770335321,57778724522,8389201
57600000000,61200000000,57778724522,57784341076,5616554
57600000000,61200000000,57784341076,57784341183,107
57600000000,61200000000,57784341183,57784341188,5
57600000000,61200000000,57784341188,57785129566,788378
57600000000,61200000000,57785129566,57792339844,7210278
57600000000,61200000000,57792339844,57792347932,8088
57600000000,61200000000,57792347932,57793180522,832590
57600000000,61200000000,57793180522,57794037090,856568
57600000000,61200000000,57794037090,57794833105,796015
57600000000,61200000000,57794833105,57794833109,4
57600000000,61200000000,57794833109,57794833110,1
57600000000,61200000000,57794833110,57794833266,156
57600000000,61200000000,57794833266,57794833269,3
57600000000,61200000000,57794833269,57794833270,1
57600000000,61200000000,57794833270,57795953498,1120228
57600000000,61200000000,57795953498,57795955925,2427
57600000000,61200000000,57795955925,57795959596,3671
57600000000,61200000000,57795959596,57795959606,10
57600000000,61200000000,57795959606,57795959642,36
57600000000,61200000000,57795959642,57795959654,12
57600000000,61200000000,57795959654,57796102558,142904
57600000000,61200000000,57796102558,57796147652,45094
57600000000,61200000000,57796147652,57797013895,866243
57600000000,61200000000,57797013895,57797822844,808949
57600000000,61200000000,57797822844,57798702030,879186
57600000000,61200000000,57798702030,57798725134,23104
57600000000,61200000000,57798725134,57799516253,791119
57600000000,61200000000,57799516253,57800267490,751237
57600000000,61200000000,57800267490,57801043876,776386
57600000000,61200000000,57801043876,57801893248,849372
57600000000,61200000000,57801893248,57803438096,1544848
57600000000,61200000000,57803438096,57803468285,30189
57600000000,61200000000,57803468285,57803472154,3869
57600000000,61200000000,57803472154,57803472582,428
57600000000,61200000000,57803472582,57803472587,5
57600000000,61200000000,57803472587,57804924376,1451789
57600000000,61200000000,57804924376,57804932224,7848
57600000000,61200000000,57804932224,57804936545,4321
57600000000,61200000000,57804936545,57806288805,1352260
57600000000,61200000000,57806288805,57808710718,2421913
57600000000,61200000000,57808710718,57808710721,3
57600000000,61200000000,57808710721,57808710722,1
57600000000,61200000000,57808710722,57808710764,42
57600000000,61200000000,57808710764,57808710767,3
57600000000,61200000000,57808710767,57808710768,1
57600000000,61200000000,57808710768,57808710810,42
57600000000,61200000000,57808710810,57808728736,17926
57600000000,61200000000,57808728736,57810275337,1546601
57600000000,61200000000,57810275337,57810275723,386
57600000000,61200000000,57810275723,57810276174,451
57600000000,61200000000,57810276174,57810276186,12
57600000000,61200000000,57810276186,57822361990,12085804
57600000000,61200000000,57822361990,57822362237,247
57600000000,61200000000,57822362237,57822458834,96597
57600000000,61200000000,57822458834,57823596637,1137803
57600000000,61200000000,57823596637,57823645693,49056
57600000000,61200000000,57823645693,57829186286,5540593
57600000000,61200000000,57829186286,57829207548,21262
57600000000,61200000000,57829207548,57830875916,1668368
57600000000,61200000000,57830875916,57830875929,13
57600000000,61200000000,57830875929,57835159058,4283129
57600000000,61200000000,57835159058,57835159060,2
57600000000,61200000000,57835159060,57835958122,799062
57600000000,61200000000,57835958122,57836674184,716062
57600000000,61200000000,57836674184,57836702156,27972
57600000000,61200000000,57836702156,57840323261,3621105
57600000000,61200000000,57840323261,57845543901,5220640
57600000000,61200000000,57845543901,57847144319,1600418
57600000000,61200000000,57847144319,57847938841,794522
57600000000,61200000000,57847938841,57850600929,2662088
57600000000,61200000000,57850600929,57850600945,16
57600000000,61200000000,57850600945,57858811958,8211013
57600000000,61200000000,57858811958,57863540602,4728644
57600000000,61200000000,57863540602,57864924343,1383741
57600000000,61200000000,57864924343,57865652712,728369
57600000000,61200000000,57865652712,57865656160,3448
57600000000,61200000000,57865656160,57865656607,447
57600000000,61200000000,57865656607,57865656612,5
57600000000,61200000000,57865656612,57866490972,834360
57600000000,61200000000,57866490972,57866490976,4
57600000000,61200000000,57866490976,57867200988,710012
57600000000,61200000000,57867200988,57867200992,4
57600000000,61200000000,57867200992,57867201063,71
57600000000,61200000000,57867201063,57867962692,761629
57600000000,61200000000,57867962692,57869493979,1531287
57600000000,61200000000,57869493979,57873578097,4084118
57600000000,61200000000,57873578097,57877491088,3912991
57600000000,61200000000,57877491088,57877494741,3653
57600000000,61200000000,57877494741,57879092215,1597474
57600000000,61200000000,57879092215,57879092239,24
57600000000,61200000000,57879092239,57888257855,9165616
57600000000,61200000000,57888257855,57888265441,7586
57600000000,61200000000,57888265441,57888266005,564
57600000000,61200000000,57888266005,57889092108,826103
57600000000,61200000000,57889092108,57889806274,714166
57600000000,61200000000,57889806274,57889817708,11434
57600000000,61200000000,57889817708,57889841785,24077
57600000000,61200000000,57889841785,57889862560,20775
57600000000,61200000000,57889862560,57890594058,731498
57600000000,61200000000,57890594058,57890594061,3
57600000000,61200000000,57890594061,57890594294,233
57600000000,61200000000,57890594294,57890594363,69
57600000000,61200000000,57890594363,57890594370,7
57600000000,61200000000,57890594370,57890594375,5
57600000000,61200000000,57890594375,57891918803,1324428
57600000000,61200000000,57891918803,57891918807,4
57600000000,61200000000,57891918807,57891918808,1
57600000000,61200000000,57891918808,57891919873,1065
57600000000,61200000000,57891919873,57893776599,1856726
57600000000,61200000000,57893776599,57895003763,1227164
57600000000,61200000000,57895003763,57895003781,18
57600000000,61200000000,57895003781,57895019923,16142
57600000000,61200000000,57895019923,57899352087,4332164
57600000000,61200000000,57899352087,57902997704,3645617
57600000000,61200000000,57902997704,57905753720,2756016
57600000000,61200000000,57905753720,57906739152,985432
57600000000,61200000000,57906739152,57908314099,1574947
57600000000,61200000000,57908314099,57908347741,33642
57600000000,61200000000,57908347741,57908362716,14975
57600000000,61200000000,57908362716,57908379676,16960
57600000000,61200000000,57908379676,57909274041,894365
57600000000,61200000000,57909274041,57910552293,1278252
57600000000,61200000000,57910552293,57910552323,30
57600000000,61200000000,57910552323,57910718606,166283
57600000000,61200000000,57910718606,57910718793,187
57600000000,61200000000,57910718793,57910718808,15
57600000000,61200000000,57910718808,57911818745,1099937
57600000000,61200000000,57911818745,57911917584,98839
57600000000,61200000000,57911917584,57912843423,925839
57600000000,61200000000,57912843423,57913878987,1035564
57600000000,61200000000,57913878987,57914934575,1055588
57600000000,61200000000,57914934575,57917208064,2273489
57600000000,61200000000,57917208064,57917208068,4
57600000000,61200000000,57917208068,57917208083,15
57600000000,61200000000,57917208083,57918216842,1008759
57600000000,61200000000,57918216842,57918216931,89
57600000000,61200000000,57918216931,57918216936,5
57600000000,61200000000,57918216936,57918216941,5
57600000000,61200000000,57918216941,57926702290,8485349
57600000000,61200000000,57926702290,57927744619,1042329
57600000000,61200000000,57927744619,57928607233,862614
57600000000,61200000000,57928607233,57928607237,4
57600000000,61200000000,57928607237,57929584438,977201
57600000000,61200000000,57929584438,57929584443,5
57600000000,61200000000,57929584443,57930547174,962731
57600000000,61200000000,57930547174,57930620486,73312
57600000000,61200000000,57930620486,57930620669,183
57600000000,61200000000,57930620669,57931567669,947000
57600000000,61200000000,57931567669,57932857713,1290044
57600000000,61200000000,57932857713,57933861216,1003503
57600000000,61200000000,57933861216,57940109985,6248769
57600000000,61200000000,57940109985,57941054785,944800
57600000000,61200000000,57941054785,57941054787,2
57600000000,61200000000,57941054787,57943205048,2150261
57600000000,61200000000,57943205048,57947511691,4306643
57600000000,61200000000,57947511691,57951292365,3780674
57600000000,61200000000,57951292365,57951294814,2449
57600000000,61200000000,57951294814,57951297812,2998
57600000000,61200000000,57951297812,57951300832,3020
57600000000,61200000000,57951300832,57951306205,5373
57600000000,61200000000,57951306205,57951306296,91
57600000000,61200000000,57951306296,57951306300,4
57600000000,61200000000,57951306300,57951306305,5
57600000000,61200000000,57951306305,57953105020,1798715
57600000000,61200000000,57953105020,57953105087,67
57600000000,61200000000,57953105087,57953105112,25
57600000000,61200000000,57953105112,57953105140,28
57600000000,61200000000,57953105140,57954326892,1221752
57600000000,61200000000,57954326892,57958525628,4198736
57600000000,61200000000,57958525628,57958529820,4192
57600000000,61200000000,57958529820,57958529911,91
57600000000,61200000000,57958529911,57958529918,7
57600000000,61200000000,57958529918,57960286795,1756877
57600000000,61200000000,57960286795,57960317885,31090
57600000000,61200000000,57960317885,57960318453,568
57600000000,61200000000,57960318453,57960463130,144677
57600000000,61200000000,57960463130,57961257245,794115
57600000000,61200000000,57961257245,57962769816,1512571
57600000000,61200000000,57962769816,57965699512,2929696
57600000000,61200000000,57965699512,57965702402,2890
57600000000,61200000000,57965702402,57967370327,1667925
57600000000,61200000000,57967370327,57967370350,23
57600000000,61200000000,57967370350,57968166784,796434
57600000000,61200000000,57968166784,57968167266,482
57600000000,61200000000,57968167266,57968167276,10
57600000000,61200000000,57968167276,57974950903,6783627
57600000000,61200000000,57974950903,57976524004,1573101
57600000000,61200000000,57976524004,57976524007,3
57600000000,61200000000,57976524007,57978373668,1849661
57600000000,61200000000,57978373668,57978393135,19467
57600000000,61200000000,57978393135,57978398256,5121
57600000000,61200000000,57978398256,57979892564,1494308
57600000000,61200000000,57979892564,57979892567,3
57600000000,61200000000,57979892567,57979892598,31
57600000000,61200000000,57979892598,57980015283,122685
57600000000,61200000000,57980015283,57980772868,757585
57600000000,61200000000,57980772868,57980797461,24593
57600000000,61200000000,57980797461,57981544044,746583
57600000000,61200000000,57981544044,57982289668,745624
57600000000,61200000000,57982289668,57984936912,2647244
57600000000,61200000000,57984936912,57984936918,6
57600000000,61200000000,57984936918,57985729594,792676
57600000000,61200000000,57985729594,57986496689,767095
57600000000,61200000000,57986496689,58008088385,21591696
57600000000,61200000000,58008088385,58011752267,3663882
57600000000,61200000000,58011752267,58015502080,3749813
57600000000,61200000000,58015502080,58016321020,818940
57600000000,61200000000,58016321020,58016321089,69
57600000000,61200000000,58016321089,58016321094,5
57600000000,61200000000,58016321094,58016321099,5
57600000000,61200000000,58016321099,58017101782,780683
57600000000,61200000000,58017101782,58018626528,1524746
57600000000,61200000000,58018626528,58028484314,9857786
57600000000,61200000000,58028484314,58029844522,1360208
57600000000,61200000000,58029844522,58035188461,5343939
57600000000,61200000000,58035188461,58035188465,4
57600000000,61200000000,58035188465,58036708043,1519578
57600000000,61200000000,58036708043,58037503912,795869
57600000000,61200000000,58037503912,58037512015,8103
57600000000,61200000000,58037512015,58039129359,1617344
57600000000,61200000000,58039129359,58039988727,859368
57600000000,61200000000,58039988727,58040788532,799805
57600000000,61200000000,58040788532,58041752499,963967
57600000000,61200000000,58041752499,58042450690,698191
57600000000,61200000000,58042450690,58050033813,7583123
57600000000,61200000000,58050033813,58052486192,2452379
57600000000,61200000000,58052486192,58052486478,286
57600000000,61200000000,58052486478,58054123154,1636676
57600000000,61200000000,58054123154,58054126266,3112
57600000000,61200000000,58054126266,58055651351,1525085
57600000000,61200000000,58055651351,58055651382,31
57600000000,61200000000,58055651382,58055694542,43160
57600000000,61200000000,58055694542,58057189572,1495030
57600000000,61200000000,58057189572,58059637550,2447978
57600000000,61200000000,58059637550,58059637727,177
57600000000,61200000000,58059637727,58059637736,9
57600000000,61200000000,58059637736,58066188417,6550681
57600000000,61200000000,58066188417,58066191138,2721
57600000000,61200000000,58066191138,58066191215,77
57600000000,61200000000,58066191215,58066191220,5
57600000000,61200000000,58066191220,58066191355,135
57600000000,61200000000,58066191355,58068010725,1819370
57600000000,61200000000,58068010725,58071694152,3683427
57600000000,61200000000,58071694152,58073814499,2120347
57600000000,61200000000,58073814499,58073816524,2025
57600000000,61200000000,58073816524,58073816529,5
57600000000,61200000000,58073816529,58073816573,44
57600000000,61200000000,58073816573,58078517234,4700661
57600000000,61200000000,58078517234,58080916447,2399213
57600000000,61200000000,58080916447,58082592481,1676034
57600000000,61200000000,58082592481,58091588818,8996337
57600000000,61200000000,58091588818,58096747957,5159139
57600000000,61200000000,58096747957,58099133515,2385558
57600000000,61200000000,58099133515,58100013367,879852
57600000000,61200000000,58100013367,58100770910,757543
57600000000,61200000000,58100770910,58102306520,1535610
57600000000,61200000000,58102306520,58103858134,1551614
57600000000,61200000000,58103858134,58105959571,2101437
57600000000,61200000000,58105959571,58106696065,736494
57600000000,61200000000,58106696065,58107535323,839258
57600000000,61200000000,58107535323,58107556911,21588
57600000000,61200000000,58107556911,58108269507,712596
57600000000,61200000000,58108269507,58108286426,16919
57600000000,61200000000,58108286426,58109772495,1486069
57600000000,61200000000,58109772495,58109796936,24441
57600000000,61200000000,58109796936,58111572257,1775321
57600000000,61200000000,58111572257,58112510809,938552
57600000000,61200000000,58112510809,58114019757,1508948
57600000000,61200000000,58114019757,58114878382,858625
57600000000,61200000000,58114878382,58116707896,1829514
57600000000,61200000000,58116707896,58120155310,3447414
57600000000,61200000000,58120155310,58121647494,1492184
57600000000,61200000000,58121647494,58121666532,19038
57600000000,61200000000,58121666532,58122539174,872642
57600000000,61200000000,58122539174,58122551314,12140
57600000000,61200000000,58122551314,58123301828,750514
57600000000,61200000000,58123301828,58124354338,1052510
57600000000,61200000000,58124354338,58124424139,69801
57600000000,61200000000,58124424139,58127157332,2733193
57600000000,61200000000,58127157332,58128726079,1568747
57600000000,61200000000,58128726079,58130328409,1602330
57600000000,61200000000,58130328409,58134422383,4093974
57600000000,61200000000,58134422383,58135864554,1442171
57600000000,61200000000,58135864554,58136655503,790949
57600000000,61200000000,58136655503,58138551187,1895684
57600000000,61200000000,58138551187,58138578635,27448
57600000000,61200000000,58138578635,58138615640,37005
57600000000,61200000000,58138615640,58138617971,2331
57600000000,61200000000,58138617971,58138619864,1893
57600000000,61200000000,58138619864,58138622575,2711
57600000000,61200000000,58138622575,58138624868,2293
57600000000,61200000000,58138624868,58138626761,1893
57600000000,61200000000,58138626761,58138628952,2191
57600000000,61200000000,58138628952,58138632219,3267
57600000000,61200000000,58138632219,58138634457,2238
57600000000,61200000000,58138634457,58138636534,2077
57600000000,61200000000,58138636534,58138638517,1983
57600000000,61200000000,58138638517,58138640490,1973
57600000000,61200000000,58138640490,58138642699,2209
57600000000,61200000000,58138642699,58138645354,2655
57600000000,61200000000,58138645354,58138648535,3181
57600000000,61200000000,58138648535,58138651119,2584
57600000000,61200000000,58138651119,58138653146,2027
57600000000,61200000000,58138653146,58138657257,4111
57600000000,61200000000,58138657257,58138659755,2498
57600000000,61200000000,58138659755,58139386985,727230
57600000000,61200000000,58139386985,58140837347,1450362
57600000000,61200000000,58140837347,58140837359,12
57600000000,61200000000,58140837359,58140837371,12
57600000000,61200000000,58140837371,58140837383,12
57600000000,61200000000,58140837383,58140837395,12
57600000000,61200000000,58140837395,58140837438,43
57600000000,61200000000,58140837438,58140837463,25
57600000000,61200000000,58140837463,58140837473,10
57600000000,61200000000,58140837473,58140837483,10
57600000000,61200000000,58140837483,58140837493,10
57600000000,61200000000,58140837493,58140837503,10
57600000000,61200000000,58140837503,58140837513,10
57600000000,61200000000,58140837513,58140837523,10
57600000000,61200000000,58140837523,58140837533,10
57600000000,61200000000,58140837533,58140837543,10
57600000000,61200000000,58140837543,58140837560,17
57600000000,61200000000,58140837560,58140837577,17
57600000000,61200000000,58140837577,58140837587,10
57600000000,61200000000,58140837587,58140837597,10
57600000000,61200000000,58140837597,58140837607,10
57600000000,61200000000,58140837607,58141636682,799075
57600000000,61200000000,58141636682,58144186837,2550155
57600000000,61200000000,58144186837,58145727729,1540892
57600000000,61200000000,58145727729,58145752292,24563
57600000000,61200000000,58145752292,58148603259,2850967
57600000000,61200000000,58148603259,58149377377,774118
57600000000,61200000000,58149377377,58149377596,219
57600000000,61200000000,58149377596,58149377603,7
57600000000,61200000000,58149377603,58150163765,786162
57600000000,61200000000,58150163765,58153364336,3200571
57600000000,61200000000,58153364336,58154814824,1450488
57600000000,61200000000,58154814824,58156340739,1525915
57600000000,61200000000,58156340739,58157862844,1522105
57600000000,61200000000,58157862844,58159069112,1206268
57600000000,61200000000,58159069112,58160863431,1794319
57600000000,61200000000,58160863431,58168488163,7624732
57600000000,61200000000,58168488163,58170331059,1842896
57600000000,61200000000,58170331059,58171935775,1604716
57600000000,61200000000,58171935775,58171944979,9204
57600000000,61200000000,58171944979,58173420501,1475522
57600000000,61200000000,58173420501,58174179599,759098
57600000000,61200000000,58174179599,58175676015,1496416
57600000000,61200000000,58175676015,58176575223,899208
57600000000,61200000000,58176575223,58178410836,1835613
57600000000,61200000000,58178410836,58178413898,3062
57600000000,61200000000,58178413898,58178416429,2531
57600000000,61200000000,58178416429,58180311385,1894956
57600000000,61200000000,58180311385,58181053598,742213
57600000000,61200000000,58181053598,58182774126,1720528
57600000000,61200000000,58182774126,58182774138,12
57600000000,61200000000,58182774138,58182774150,12
57600000000,61200000000,58182774150,58186111095,3336945
57600000000,61200000000,58186111095,58188541289,2430194
57600000000,61200000000,58188541289,58190300660,1759371
57600000000,61200000000,58190300660,58190300663,3
57600000000,61200000000,58190300663,58192488129,2187466
57600000000,61200000000,58192488129,58193377589,889460
57600000000,61200000000,58193377589,58209360647,15983058
57600000000,61200000000,58209360647,58211155535,1794888
57600000000,61200000000,58211155535,58224014112,12858577
57600000000,61200000000,58224014112,58225240141,1226029
57600000000,61200000000,58225240141,58225249118,8977
57600000000,61200000000,58225249118,58226127487,878369
57600000000,61200000000,58226127487,58227081470,953983
57600000000,61200000000,58227081470,58227194119,112649
57600000000,61200000000,58227194119,58228875462,1681343
57600000000,61200000000,58228875462,58229704281,828819
57600000000,61200000000,58229704281,58236872629,7168348
57600000000,61200000000,58236872629,58237653977,781348
57600000000,61200000000,58237653977,58238455111,801134
57600000000,61200000000,58238455111,58239249163,794052
57600000000,61200000000,58239249163,58239252300,3137
57600000000,61200000000,58239252300,58239255275,2975
57600000000,61200000000,58239255275,58240891114,1635839
57600000000,61200000000,58240891114,58240891126,12
57600000000,61200000000,58240891126,58240891137,11
57600000000,61200000000,58240891137,58240916769,25632
57600000000,61200000000,58240916769,58242634042,1717273
57600000000,61200000000,58242634042,58242673994,39952
57600000000,61200000000,58242673994,58242676429,2435
57600000000,61200000000,58242676429,58244533268,1856839
57600000000,61200000000,58244533268,58244533317,49
57600000000,61200000000,58244533317,58246505412,1972095
57600000000,61200000000,58246505412,58248128085,1622673
57600000000,61200000000,58248128085,58251577770,3449685
57600000000,61200000000,58251577770,58251580053,2283
57600000000,61200000000,58251580053,58251582882,2829
57600000000,61200000000,58251582882,58253147340,1564458
57600000000,61200000000,58253147340,58253147352,12
57600000000,61200000000,58253147352,58253147365,13
57600000000,61200000000,58253147365,58256895766,3748401
57600000000,61200000000,58256895766,58256895768,2
57600000000,61200000000,58256895768,58256895947,179
57600000000,61200000000,58256895947,58258447882,1551935
57600000000,61200000000,58258447882,58259288058,840176
57600000000,61200000000,58259288058,58259288275,217
57600000000,61200000000,58259288275,58260929640,1641365
57600000000,61200000000,58260929640,58260946935,17295
57600000000,61200000000,58260946935,58262579787,1632852
57600000000,61200000000,58262579787,58262579787,0
57600000000,61200000000,58262579787,58270706690,8126903
57600000000,61200000000,58270706690,58272989450,2282760
57600000000,61200000000,58272989450,58273798936,809486
57600000000,61200000000,58273798936,58274547699,748763
57600000000,61200000000,58274547699,58274562199,14500
57600000000,61200000000,58274562199,58274566187,3988
57600000000,61200000000,58274566187,58275239547,673360
57600000000,61200000000,58275239547,58275253972,14425
57600000000,61200000000,58275253972,58275258495,4523
57600000000,61200000000,58275258495,58275959995,701500
57600000000,61200000000,58275959995,58275960056,61
57600000000,61200000000,58275960056,58275977026,16970
57600000000,61200000000,58275977026,58278115457,2138431
57600000000,61200000000,58278115457,58278765238,649781
57600000000,61200000000,58278765238,58279771180,1005942
57600000000,61200000000,58279771180,58288144075,8372895
57600000000,61200000000,58288144075,58288965634,821559
57600000000,61200000000,58288965634,58288965637,3
57600000000,61200000000,58288965637,58291031095,2065458
57600000000,61200000000,58291031095,58292543960,1512865
57600000000,61200000000,58292543960,58296488201,3944241
57600000000,61200000000,58296488201,58298011000,1522799
57600000000,61200000000,58298011000,58298011373,373
57600000000,61200000000,58298011373,58298011384,11
57600000000,61200000000,58298011384,58298011405,21
57600000000,61200000000,58298011405,58301435654,3424249
57600000000,61200000000,58301435654,58301435657,3
57600000000,61200000000,58301435657,58301436479,822
57600000000,61200000000,58301436479,58303004775,1568296
57600000000,61200000000,58303004775,58304355550,1350775
57600000000,61200000000,58304355550,58304358143,2593
57600000000,61200000000,58304358143,58304361268,3125
57600000000,61200000000,58304361268,58306018952,1657684
57600000000,61200000000,58306018952,58306018964,12
57600000000,61200000000,58306018964,58306037833,18869
57600000000,61200000000,58306037833,58307668523,1630690
57600000000,61200000000,58307668523,58309355550,1687027
57600000000,61200000000,58309355550,58311095667,1740117
57600000000,61200000000,58311095667,58312999532,1903865
57600000000,61200000000,58312999532,58316517982,3518450
57600000000,61200000000,58316517982,58316520512,2530
57600000000,61200000000,58316520512,58317386426,865914
57600000000,61200000000,58317386426,58318220876,834450
57600000000,61200000000,58318220876,58318220888,12
57600000000,61200000000,58318220888,58320733924,2513036
57600000000,61200000000,58320733924,58322599305,1865381
57600000000,61200000000,58322599305,58324420230,1820925
57600000000,61200000000,58324420230,58324453113,32883
57600000000,61200000000,58324453113,58324453187,74
57600000000,61200000000,58324453187,58324453190,3
57600000000,61200000000,58324453190,58326991010,2537820
57600000000,61200000000,58326991010,58328526183,1535173
57600000000,61200000000,58328526183,58328528435,2252
57600000000,61200000000,58328528435,58328531018,2583
57600000000,61200000000,58328531018,58328534116,3098
57600000000,61200000000,58328534116,58328536395,2279
57600000000,61200000000,58328536395,58329281116,744721
57600000000,61200000000,58329281116,58330095532,814416
57600000000,61200000000,58330095532,58330095544,12
57600000000,61200000000,58330095544,58330095563,19
57600000000,61200000000,58330095563,58330095573,10
57600000000,61200000000,58330095573,58335015039,4919466
57600000000,61200000000,58335015039,58340925826,5910787
57600000000,61200000000,58340925826,58340928365,2539
57600000000,61200000000,58340928365,58340934446,6081
57600000000,61200000000,58340934446,58342321046,1386600
57600000000,61200000000,58342321046,58342321056,10
57600000000,61200000000,58342321056,58343848624,1527568
57600000000,61200000000,58343848624,58347216074,3367450
57600000000,61200000000,58347216074,58351710565,4494491
57600000000,61200000000,58351710565,58353265881,1555316
57600000000,61200000000,58353265881,58354706103,1440222
57600000000,61200000000,58354706103,58354728873,22770
57600000000,61200000000,58354728873,58354731413,2540
57600000000,61200000000,58354731413,58356581560,1850147
57600000000,61200000000,58356581560,58357411373,829813
57600000000,61200000000,58357411373,58362068443,4657070
57600000000,61200000000,58362068443,58362068446,3
57600000000,61200000000,58362068446,58362885753,817307
57600000000,61200000000,58362885753,58363625225,739472
57600000000,61200000000,58363625225,58365380713,1755488
57600000000,61200000000,58365380713,58365380713,0
57600000000,61200000000,58365380713,58365747042,366329
57600000000,61200000000,58365747042,58373740279,7993237
57600000000,61200000000,58373740279,58377250160,3509881
57600000000,61200000000,58377250160,58377253095,2935
57600000000,61200000000,58377253095,58377258583,5488
57600000000,61200000000,58377258583,58378023897,765314
57600000000,61200000000,58378023897,58380325202,2301305
57600000000,61200000000,58380325202,58381095615,770413
57600000000,61200000000,58381095615,58381095647,32
57600000000,61200000000,58381095647,58381095913,266
57600000000,61200000000,58381095913,58381649038,553125
57600000000,61200000000,58381649038,58381649363,325
57600000000,61200000000,58381649363,58381649368,5
57600000000,61200000000,58381649368,58385157492,3508124
57600000000,61200000000,58385157492,58385198503,41011
57600000000,61200000000,58385198503,58387887320,2688817
57600000000,61200000000,58387887320,58389490590,1603270
57600000000,61200000000,58389490590,58389493977,3387
57600000000,61200000000,58389493977,58389496319,2342
57600000000,61200000000,58389496319,58390391646,895327
57600000000,61200000000,58390391646,58392123941,1732295
57600000000,61200000000,58392123941,58392123953,12
57600000000,61200000000,58392123953,58392123965,12
57600000000,61200000000,58392123965,58394677900,2553935
57600000000,61200000000,58394677900,58394677937,37
57600000000,61200000000,58394677937,58394677942,5
57600000000,61200000000,58394677942,58399332289,4654347
57600000000,61200000000,58399332289,58403846515,4514226
57600000000,61200000000,58403846515,58403848952,2437
57600000000,61200000000,58403848952,58405721423,1872471
57600000000,61200000000,58405721423,58405721435,12
57600000000,61200000000,58405721435,58410745326,5023891
57600000000,61200000000,58410745326,58412530943,1785617
57600000000,61200000000,58412530943,58413509125,978182
57600000000,61200000000,58413509125,58415439202,1930077
57600000000,61200000000,58415439202,58416310003,870801
57600000000,61200000000,58416310003,58416333855,23852
57600000000,61200000000,58416333855,58418843845,2509990
57600000000,61200000000,58418843845,58418843849,4
57600000000,61200000000,58418843849,58418843850,1
57600000000,61200000000,58418843850,58418844087,237
57600000000,61200000000,58418844087,58419895670,1051583
57600000000,61200000000,58419895670,58419895869,199
57600000000,61200000000,58419895869,58429832758,9936889
57600000000,61200000000,58429832758,58431130540,1297782
57600000000,61200000000,58431130540,58431997201,866661
57600000000,61200000000,58431997201,58432912102,914901
57600000000,61200000000,58432912102,58437720024,4807922
57600000000,61200000000,58437720024,58440224674,2504650
57600000000,61200000000,58440224674,58442219316,1994642
57600000000,61200000000,58442219316,58443134639,915323
57600000000,61200000000,58443134639,58443163421,28782
57600000000,61200000000,58443163421,58444198158,1034737
57600000000,61200000000,58444198158,58444233643,35485
57600000000,61200000000,58444233643,58445034547,800904
57600000000,61200000000,58445034547,58445034558,11
57600000000,61200000000,58445034558,58445063741,29183
57600000000,61200000000,58445063741,58445884376,820635
57600000000,61200000000,58445884376,58445884387,11
57600000000,61200000000,58445884387,58446708595,824208
57600000000,61200000000,58446708595,58448454794,1746199
57600000000,61200000000,58448454794,58452203252,3748458
57600000000,61200000000,58452203252,58453738403,1535151
57600000000,61200000000,58453738403,58457732633,3994230
57600000000,61200000000,58457732633,58457732636,3
57600000000,61200000000,58457732636,58460989952,3257316
57600000000,61200000000,58460989952,58466642873,5652921
57600000000,61200000000,58466642873,58466645611,2738
57600000000,61200000000,58466645611,58466651171,5560
57600000000,61200000000,58466651171,58466653165,1994
57600000000,61200000000,58466653165,58466655016,1851
57600000000,61200000000,58466655016,58468126079,1471063
57600000000,61200000000,58468126079,58468126084,5
57600000000,61200000000,58468126084,58468126099,15
57600000000,61200000000,58468126099,58468126111,12
57600000000,61200000000,58468126111,58468126122,11
57600000000,61200000000,58468126122,58468126140,18
57600000000,61200000000,58468126140,58468151302,25162
57600000000,61200000000,58468151302,58468151557,255
57600000000,61200000000,58468151557,58468151570,13
57600000000,61200000000,58468151570,58468932875,781305
57600000000,61200000000,58468932875,58475435937,6503062
57600000000,61200000000,58475435937,58477058628,1622691
57600000000,61200000000,58477058628,58479668564,2609936
57600000000,61200000000,58479668564,58481212388,1543824
57600000000,61200000000,58481212388,58484642260,3429872
57600000000,61200000000,58484642260,58486050234,1407974
57600000000,61200000000,58486050234,58486782504,732270
57600000000,61200000000,58486782504,58488284894,1502390
57600000000,61200000000,58488284894,58489157544,872650
57600000000,61200000000,58489157544,58490815555,1658011
57600000000,61200000000,58490815555,58500380358,9564803
57600000000,61200000000,58500380358,58500380648,290
57600000000,61200000000,58500380648,58500380794,146
57600000000,61200000000,58500380794,58502076557,1695763
57600000000,61200000000,58502076557,58503671800,1595243
57600000000,61200000000,58503671800,58504492539,820739
57600000000,61200000000,58504492539,58504495424,2885
57600000000,61200000000,58504495424,58504503000,7576
57600000000,61200000000,58504503000,58506563741,2060741
57600000000,61200000000,58506563741,58506563765,24
57600000000,61200000000,58506563765,58506563769,4
57600000000,61200000000,58506563769,58506563770,1
57600000000,61200000000,58506563770,58506563810,40
57600000000,61200000000,58506563810,58507337765,773955
57600000000,61200000000,58507337765,58507337790,25
57600000000,61200000000,58507337790,58510113290,2775500
57600000000,61200000000,58510113290,58510915877,802587
57600000000,61200000000,58510915877,58511694152,778275
57600000000,61200000000,58511694152,58512494104,799952
57600000000,61200000000,58512494104,58512521035,26931
57600000000,61200000000,58512521035,58513371114,850079
57600000000,61200000000,58513371114,58513373914,2800
57600000000,61200000000,58513373914,58513373953,39
57600000000,61200000000,58513373953,58513373958,5
57600000000,61200000000,58513373958,58513373963,5
57600000000,61200000000,58513373963,58515015424,1641461
57600000000,61200000000,58515015424,58515054704,39280
57600000000,61200000000,58515054704,58517068418,2013714
57600000000,61200000000,58517068418,58517071332,2914
57600000000,61200000000,58517071332,58517075377,4045
57600000000,61200000000,58517075377,58518654317,1578940
57600000000,61200000000,58518654317,58518655499,1182
57600000000,61200000000,58518655499,58518655518,19
57600000000,61200000000,58518655518,58519547283,891765
57600000000,61200000000,58519547283,58524253383,4706100
57600000000,61200000000,58524253383,58528645839,4392456
57600000000,61200000000,58528645839,58531434292,2788453
57600000000,61200000000,58531434292,58532503572,1069280
57600000000,61200000000,58532503572,58532503609,37
57600000000,61200000000,58532503609,58532503614,5
57600000000,61200000000,58532503614,58532504236,622
57600000000,61200000000,58532504236,58533230396,726160
57600000000,61200000000,58533230396,58538767625,5537229
57600000000,61200000000,58538767625,58538767627,2
57600000000,61200000000,58538767627,58540698412,1930785
57600000000,61200000000,58540698412,58540727418,29006
57600000000,61200000000,58540727418,58544350952,3623534
57600000000,61200000000,58544350952,58546802481,2451529
57600000000,61200000000,58546802481,58546802481,0
57600000000,61200000000,58546802481,58547647255,844774
57600000000,61200000000,58547647255,58549354495,1707240
57600000000,61200000000,58549354495,58549396141,41646
57600000000,61200000000,58549396141,58549397949,1808
57600000000,61200000000,58549397949,58549397954,5
57600000000,61200000000,58549397954,58549397969,15
57600000000,61200000000,58549397969,58552669784,3271815
57600000000,61200000000,58552669784,58557489745,4819961
57600000000,61200000000,58557489745,58562542139,5052394
57600000000,61200000000,58562542139,58562542310,171
57600000000,61200000000,58562542310,58563411251,868941
57600000000,61200000000,58563411251,58566604065,3192814
57600000000,61200000000,58566604065,58566624009,19944
57600000000,61200000000,58566624009,58566624009,0
57600000000,61200000000,58566624009,58568165000,1540991
57600000000,61200000000,58568165000,58572556772,4391772
57600000000,61200000000,58572556772,58572557457,685
57600000000,61200000000,58572557457,58572557460,3
57600000000,61200000000,58572557460,58574163619,1606159
57600000000,61200000000,58574163619,58574188482,24863
57600000000,61200000000,58574188482,58581525311,7336829
57600000000,61200000000,58581525311,58583018417,1493106
57600000000,61200000000,58583018417,58588069664,5051247
57600000000,61200000000,58588069664,58591627498,3557834
57600000000,61200000000,58591627498,58591646096,18598
57600000000,61200000000,58591646096,58593225164,1579068
57600000000,61200000000,58593225164,58594011948,786784
57600000000,61200000000,58594011948,58595226484,1214536
57600000000,61200000000,58595226484,58595976294,749810
57600000000,61200000000,58595976294,58596672310,696016
57600000000,61200000000,58596672310,58597392573,720263
57600000000,61200000000,58597392573,58599622779,2230206
57600000000,61200000000,58599622779,58610186511,10563732
57600000000,61200000000,58610186511,58614028134,3841623
57600000000,61200000000,58614028134,58614805865,777731
57600000000,61200000000,58614805865,58616723220,1917355
57600000000,61200000000,58616723220,58617614232,891012
57600000000,61200000000,58617614232,58617614279,47
57600000000,61200000000,58617614279,58617614284,5
57600000000,61200000000,58617614284,58619971703,2357419
57600000000,61200000000,58619971703,58627478096,7506393
57600000000,61200000000,58627478096,58627481798,3702
57600000000,61200000000,58627481798,58627485298,3500
57600000000,61200000000,58627485298,58627497774,12476
57600000000,61200000000,58627497774,58627499940,2166
57600000000,61200000000,58627499940,58627503295,3355
57600000000,61200000000,58627503295,58629836738,2333443
57600000000,61200000000,58629836738,58629836759,21
57600000000,61200000000,58629836759,58629837249,490
57600000000,61200000000,58629837249,58629840437,3188
57600000000,61200000000,58629840437,58629840449,12
57600000000,61200000000,58629840449,58629840461,12
57600000000,61200000000,58629840461,58631642014,1801553
57600000000,61200000000,58631642014,58633148391,1506377
57600000000,61200000000,58633148391,58633172518,24127
57600000000,61200000000,58633172518,58633955229,782711
57600000000,61200000000,58633955229,58635574847,1619618
57600000000,61200000000,58635574847,58636319728,744881
57600000000,61200000000,58636319728,58638193538,1873810
57600000000,61200000000,58638193538,58639032141,838603
57600000000,61200000000,58639032141,58639035456,3315
57600000000,61200000000,58639035456,58640685638,1650182
57600000000,61200000000,58640685638,58640685671,33
57600000000,61200000000,58640685671,58653700172,13014501
57600000000,61200000000,58653700172,58653702978,2806
57600000000,61200000000,58653702978,58653705334,2356
57600000000,61200000000,58653705334,58655175886,1470552
57600000000,61200000000,58655175886,58655175898,12
57600000000,61200000000,58655175898,58655175917,19
57600000000,61200000000,58655175917,58666537085,11361168
57600000000,61200000000,58666537085,58668004760,1467675
57600000000,61200000000,58668004760,58668004764,4
57600000000,61200000000,58668004764,58668753558,748794
57600000000,61200000000,58668753558,58678581859,9828301
57600000000,61200000000,58678581859,58678700650,118791
57600000000,61200000000,58678700650,58678704632,3982
57600000000,61200000000,58678704632,58680485620,1780988
57600000000,61200000000,58680485620,58680485814,194
57600000000,61200000000,58680485814,58680520269,34455
57600000000,61200000000,58680520269,58687511689,6991420
57600000000,61200000000,58687511689,58687511746,57
57600000000,61200000000,58687511746,58687511751,5
57600000000,61200000000,58687511751,58691078568,3566817
57600000000,61200000000,58691078568,58691086347,7779
57600000000,61200000000,58691086347,58691086374,27
57600000000,61200000000,58691086374,58691086379,5
57600000000,61200000000,58691086379,58692799538,1713159
57600000000,61200000000,58692799538,58697437980,4638442
57600000000,61200000000,58697437980,58698843344,1405364
57600000000,61200000000,58698843344,58703882188,5038844
57600000000,61200000000,58703882188,58703884632,2444
57600000000,61200000000,58703884632,58705692078,1807446
57600000000,61200000000,58705692078,58705692090,12
57600000000,61200000000,58705692090,58716539501,10847411
57600000000,61200000000,58716539501,58717942220,1402719
57600000000,61200000000,58717942220,58717942224,4
57600000000,61200000000,58717942224,58717942225,1
57600000000,61200000000,58717942225,58718670384,728159
57600000000,61200000000,58718670384,58718672994,2610
57600000000,61200000000,58718672994,58725146996,6474002
57600000000,61200000000,58725146996,58729419438,4272442
57600000000,61200000000,58729419438,58731073894,1654456
57600000000,61200000000,58731073894,58731073898,4
57600000000,61200000000,58731073898,58731880048,806150
57600000000,61200000000,58731880048,58739011791,7131743
57600000000,61200000000,58739011791,58740558159,1546368
57600000000,61200000000,58740558159,58741437884,879725
57600000000,61200000000,58741437884,58741454476,16592
57600000000,61200000000,58741454476,58743069270,1614794
57600000000,61200000000,58743069270,58743069323,53
57600000000,61200000000,58743069323,58744257909,1188586
57600000000,61200000000,58744257909,58745912143,1654234
57600000000,61200000000,58745912143,58745912384,241
57600000000,61200000000,58745912384,58745912409,25
57600000000,61200000000,58745912409,58749201257,3288848
57600000000,61200000000,58749201257,58750907818,1706561
57600000000,61200000000,58750907818,58751690376,782558
57600000000,61200000000,58751690376,58753216486,1526110
57600000000,61200000000,58753216486,58754083803,867317
57600000000,61200000000,58754083803,58754088273,4470
57600000000,61200000000,58754088273,58754097941,9668
57600000000,61200000000,58754097941,58755962062,1864121
57600000000,61200000000,58755962062,58755962099,37
57600000000,61200000000,58755962099,58755962751,652
57600000000,61200000000,58755962751,58755962756,5
57600000000,61200000000,58755962756,58756759040,796284
57600000000,61200000000,58756759040,58759276286,2517246
57600000000,61200000000,58759276286,58759279802,3516
57600000000,61200000000,58759279802,58760806054,1526252
57600000000,61200000000,58760806054,58760806107,53
57600000000,61200000000,58760806107,58761644524,838417
57600000000,61200000000,58761644524,58761658320,13796
57600000000,61200000000,58761658320,58762462462,804142
57600000000,61200000000,58762462462,58763212455,749993
57600000000,61200000000,58763212455,58763212482,27
57600000000,61200000000,58763212482,58764077322,864840
57600000000,61200000000,58764077322,58764102956,25634
57600000000,61200000000,58764102956,58764106093,3137
57600000000,61200000000,58764106093,58766135284,2029191
57600000000,61200000000,58766135284,58766135296,12
57600000000,61200000000,58766135296,58767022203,886907
57600000000,61200000000,58767022203,58767169528,147325
57600000000,61200000000,58767169528,58767176520,6992
57600000000,61200000000,58767176520,58767181555,5035
57600000000,61200000000,58767181555,58769568883,2387328
57600000000,61200000000,58769568883,58769568887,4
57600000000,61200000000,58769568887,58769568934,47
57600000000,61200000000,58769568934,58769568952,18
57600000000,61200000000,58769568952,58769568956,4
57600000000,61200000000,58769568956,58769569015,59
57600000000,61200000000,58769569015,58769589581,20566
57600000000,61200000000,58769589581,58769595795,6214
57600000000,61200000000,58769595795,58770371627,775832
57600000000,61200000000,58770371627,58770372430,803
57600000000,61200000000,58770372430,58771185001,812571
57600000000,61200000000,58771185001,58771185013,12
57600000000,61200000000,58771185013,58773622771,2437758
57600000000,61200000000,58773622771,58773631395,8624
57600000000,61200000000,58773631395,58775145344,1513949
57600000000,61200000000,58775145344,58775268168,122824
57600000000,61200000000,58775268168,58779593869,4325701
57600000000,61200000000,58779593869,58781080315,1486446
57600000000,61200000000,58781080315,58781861187,780872
57600000000,61200000000,58781861187,58784371670,2510483
57600000000,61200000000,58784371670,58784371674,4
57600000000,61200000000,58784371674,58784371690,16
57600000000,61200000000,58784371690,58786143698,1772008
57600000000,61200000000,58786143698,58786143735,37
57600000000,61200000000,58786143735,58786143740,5
57600000000,61200000000,58786143740,58788220926,2077186
57600000000,61200000000,58788220926,58788220994,68
57600000000,61200000000,58788220994,58788220999,5
57600000000,61200000000,58788220999,58788221006,7
57600000000,61200000000,58788221006,58789992982,1771976
57600000000,61200000000,58789992982,58793424574,3431592
57600000000,61200000000,58793424574,58795188138,1763564
57600000000,61200000000,58795188138,58796114628,926490
57600000000,61200000000,58796114628,58796114631,3
57600000000,61200000000,58796114631,58797742346,1627715
57600000000,61200000000,58797742346,58797771928,29582
57600000000,61200000000,58797771928,58798876858,1104930
57600000000,61200000000,58798876858,58799767722,890864
57600000000,61200000000,58799767722,58799788451,20729
57600000000,61200000000,58799788451,58800684567,896116
57600000000,61200000000,58800684567,58801598617,914050
57600000000,61200000000,58801598617,58801623614,24997
57600000000,61200000000,58801623614,58801633357,9743
57600000000,61200000000,58801633357,58802543473,910116
57600000000,61200000000,58802543473,58803343098,799625
57600000000,61200000000,58803343098,58804160669,817571
57600000000,61200000000,58804160669,58804193668,32999
57600000000,61200000000,58804193668,58805664874,1471206
57600000000,61200000000,58805664874,58808442828,2777954
57600000000,61200000000,58808442828,58815511743,7068915
57600000000,61200000000,58815511743,58815514652,2909
57600000000,61200000000,58815514652,58816344906,830254
57600000000,61200000000,58816344906,58816348266,3360
57600000000,61200000000,58816348266,58817099450,751184
57600000000,61200000000,58817099450,58817124821,25371
57600000000,61200000000,58817124821,58817155228,30407
57600000000,61200000000,58817155228,58817909708,754480
57600000000,61200000000,58817909708,58817909720,12
57600000000,61200000000,58817909720,58818719950,810230
57600000000,61200000000,58818719950,58822116353,3396403
57600000000,61200000000,58822116353,58823631614,1515261
57600000000,61200000000,58823631614,58824933856,1302242
57600000000,61200000000,58824933856,58826596433,1662577
57600000000,61200000000,58826596433,58828263693,1667260
57600000000,61200000000,58828263693,58828267267,3574
57600000000,61200000000,58828267267,58829899360,1632093
57600000000,61200000000,58829899360,58829899371,11
57600000000,61200000000,58829899371,58830238079,338708
57600000000,61200000000,58830238079,58830238082,3
57600000000,61200000000,58830238082,58830978655,740573
57600000000,61200000000,58830978655,58831763353,784698
57600000000,61200000000,58831763353,58832557181,793828
57600000000,61200000000,58832557181,58833412867,855686
57600000000,61200000000,58833412867,58834958481,1545614
57600000000,61200000000,58834958481,58836698861,1740380
57600000000,61200000000,58836698861,58836698863,2
57600000000,61200000000,58836698863,58838370584,1671721
57600000000,61200000000,58838370584,58842047922,3677338
57600000000,61200000000,58842047922,58842047922,0
57600000000,61200000000,58842047922,58842047923,1
57600000000,61200000000,58842047923,58842097785,49862
57600000000,61200000000,58842097785,58842101470,3685
57600000000,61200000000,58842101470,58845003255,2901785
57600000000,61200000000,58845003255,58845004574,1319
57600000000,61200000000,58845004574,58845004578,4
57600000000,61200000000,58845004578,58846543507,1538929
57600000000,61200000000,58846543507,58847352122,808615
57600000000,61200000000,58847352122,58848073665,721543
57600000000,61200000000,58848073665,58848805285,731620
57600000000,61200000000,58848805285,58849589174,783889
57600000000,61200000000,58849589174,58849589174,0
57600000000,61200000000,58849589174,58849589175,1
57600000000,61200000000,58849589175,58854300187,4711012
57600000000,61200000000,58854300187,58854302832,2645
57600000000,61200000000,58854302832,58855883703,1580871
57600000000,61200000000,58855883703,58855883716,13
57600000000,61200000000,58855883716,58860001883,4118167
57600000000,61200000000,58860001883,58861599292,1597409
57600000000,61200000000,58861599292,58863318654,1719362
57600000000,61200000000,58863318654,58864458475,1139821
57600000000,61200000000,58864458475,58866007790,1549315
57600000000,61200000000,58866007790,58866805181,797391
57600000000,61200000000,58866805181,58867629071,823890
57600000000,61200000000,58867629071,58867734741,105670
57600000000,61200000000,58867734741,58867734744,3
57600000000,61200000000,58867734744,58870109569,2374825
57600000000,61200000000,58870109569,58870920069,810500
57600000000,61200000000,58870920069,58870920102,33
57600000000,61200000000,58870920102,58872910957,1990855
57600000000,61200000000,58872910957,58877052287,4141330
57600000000,61200000000,58877052287,58880404537,3352250
57600000000,61200000000,58880404537,58881433869,1029332
57600000000,61200000000,58881433869,58882516715,1082846
57600000000,61200000000,58882516715,58882516814,99
57600000000,61200000000,58882516814,58882516819,5
57600000000,61200000000,58882516819,58882516824,5
57600000000,61200000000,58882516824,58883585668,1068844
57600000000,61200000000,58883585668,58890777267,7191599
57600000000,61200000000,58890777267,58890779669,2402
57600000000,61200000000,58890779669,58892491698,1712029
57600000000,61200000000,58892491698,58892491710,12
57600000000,61200000000,58892491710,58894406631,1914921
57600000000,61200000000,58894406631,58896392363,1985732
57600000000,61200000000,58896392363,58897435926,1043563
57600000000,61200000000,58897435926,58899129307,1693381
57600000000,61200000000,58899129307,58899163028,33721
57600000000,61200000000,58899163028,58900147853,984825
57600000000,61200000000,58900147853,58901986721,1838868
57600000000,61200000000,58901986721,58905175456,3188735
57600000000,61200000000,58905175456,58905190640,15184
57600000000,61200000000,58905190640,58905194131,3491
57600000000,61200000000,58905194131,58906114250,920119
57600000000,61200000000,58906114250,58906114250,0
57600000000,61200000000,58906114250,58907331740,1217490
57600000000,61200000000,58907331740,58907331827,87
57600000000,61200000000,58907331827,58907331873,46
57600000000,61200000000,58907331873,58913551605,6219732
57600000000,61200000000,58913551605,58919158648,5607043
57600000000,61200000000,58919158648,58920991534,1832886
57600000000,61200000000,58920991534,58920991538,4
57600000000,61200000000,58920991538,58920991539,1
57600000000,61200000000,58920991539,58922069316,1077777
57600000000,61200000000,58922069316,58922069521,205
57600000000,61200000000,58922069521,58923086853,1017332
57600000000,61200000000,58923086853,58923095652,8799
57600000000,61200000000,58923095652,58923134959,39307
57600000000,61200000000,58923134959,58925020412,1885453
57600000000,61200000000,58925020412,58925020474,62
57600000000,61200000000,58925020474,58929045360,4024886
57600000000,61200000000,58929045360,58930931899,1886539
57600000000,61200000000,58930931899,58930963000,31101
57600000000,61200000000,58930963000,58931871202,908202
57600000000,61200000000,58931871202,58931876832,5630
57600000000,61200000000,58931876832,58931887010,10178
57600000000,61200000000,58931887010,58932798163,911153
57600000000,61200000000,58932798163,58932973924,175761
57600000000,61200000000,58932973924,58932981148,7224
57600000000,61200000000,58932981148,58933822480,841332
57600000000,61200000000,58933822480,58933868033,45553
57600000000,61200000000,58933868033,58934703180,835147
57600000000,61200000000,58934703180,58934703246,66
57600000000,61200000000,58934703246,58934709929,6683
57600000000,61200000000,58934709929,58934709933,4
57600000000,61200000000,58934709933,58934977427,267494
57600000000,61200000000,58934977427,58934977611,184
57600000000,61200000000,58934977611,58934977616,5
57600000000,61200000000,58934977616,58936997150,2019534
57600000000,61200000000,58936997150,58936998135,985
57600000000,61200000000,58936998135,58936998146,11
57600000000,61200000000,58936998146,58936998164,18
57600000000,61200000000,58936998164,58936998174,10
57600000000,61200000000,58936998174,58937072107,73933
57600000000,61200000000,58937072107,58938956467,1884360
57600000000,61200000000,58938956467,58942057726,3101259
57600000000,61200000000,58942057726,58942071547,13821
57600000000,61200000000,58942071547,58942071568,21
57600000000,61200000000,58942071568,58942071692,124
57600000000,61200000000,58942071692,58942071697,5
57600000000,61200000000,58942071697,58943853842,1782145
57600000000,61200000000,58943853842,58943898864,45022
57600000000,61200000000,58943898864,58944807252,908388
57600000000,61200000000,58944807252,58944822614,15362
57600000000,61200000000,58944822614,58944890972,68358
57600000000,61200000000,58944890972,58944893876,2904
57600000000,61200000000,58944893876,58944900198,6322
57600000000,61200000000,58944900198,58944908475,8277
57600000000,61200000000,58944908475,58945840800,932325
57600000000,61200000000,58945840800,58946783819,943019
57600000000,61200000000,58946783819,58946783833,14
57600000000,61200000000,58946783833,58946783847,14
57600000000,61200000000,58946783847,58946783858,11
57600000000,61200000000,58946783858,58946783869,11
57600000000,61200000000,58946783869,58946783883,14
57600000000,61200000000,58946783883,58948713887,1930004
57600000000,61200000000,58948713887,58950951532,2237645
57600000000,61200000000,58950951532,58951835519,883987
57600000000,61200000000,58951835519,58957037264,5201745
57600000000,61200000000,58957037264,58958682608,1645344
57600000000,61200000000,58958682608,58958714123,31515
57600000000,61200000000,58958714123,58967468130,8754007
57600000000,61200000000,58967468130,58967468134,4
57600000000,61200000000,58967468134,58967468161,27
57600000000,61200000000,58967468161,58967468166,5
57600000000,61200000000,58967468166,58977593778,10125612
57600000000,61200000000,58977593778,58979307754,1713976
57600000000,61200000000,58979307754,58979311453,3699
57600000000,61200000000,58979311453,58981084939,1773486
57600000000,61200000000,58981084939,58981199492,114553
57600000000,61200000000,58981199492,58984137244,2937752
57600000000,61200000000,58984137244,58984137353,109
57600000000,61200000000,58984137353,58984137358,5
57600000000,61200000000,58984137358,58984960384,823026
57600000000,61200000000,58984960384,58985794881,834497
57600000000,61200000000,58985794881,58986626053,831172
57600000000,61200000000,58986626053,58986626234,181
57600000000,61200000000,58986626234,58986626243,9
57600000000,61200000000,58986626243,58986626248,5
57600000000,61200000000,58986626248,58988309556,1683308
57600000000,61200000000,58988309556,58990691257,2381701
57600000000,61200000000,58990691257,58991617776,926519
57600000000,61200000000,58991617776,58995094975,3477199
57600000000,61200000000,58995094975,58995097392,2417
57600000000,61200000000,58995097392,58997700893,2603501
57600000000,61200000000,58997700893,58997700906,13
57600000000,61200000000,58997700906,58997842719,141813
57600000000,61200000000,58997842719,58997844082,1363
57600000000,61200000000,58997844082,58997844087,5
57600000000,61200000000,58997844087,58997844092,5
57600000000,61200000000,58997844092,58999740907,1896815
57600000000,61200000000,58999740907,59001739843,1998936
57600000000,61200000000,59001739843,59002647143,907300
57600000000,61200000000,59002647143,59004642459,1995316
57600000000,61200000000,59004642459,59005833020,1190561
57600000000,61200000000,59005833020,59006671498,838478
57600000000,61200000000,59006671498,59008495573,1824075
57600000000,61200000000,59008495573,59015210539,6714966
57600000000,61200000000,59015210539,59016898096,1687557
57600000000,61200000000,59016898096,59019307848,2409752
57600000000,61200000000,59019307848,59024374081,5066233
57600000000,61200000000,59024374081,59026279109,1905028
57600000000,61200000000,59026279109,59026302735,23626
57600000000,61200000000,59026302735,59026307569,4834
57600000000,61200000000,59026307569,59029994624,3687055
57600000000,61200000000,59029994624,59029994672,48
57600000000,61200000000,59029994672,59030026575,31903
57600000000,61200000000,59030026575,59031593467,1566892
57600000000,61200000000,59031593467,59033201762,1608295
57600000000,61200000000,59033201762,59033201921,159
57600000000,61200000000,59033201921,59033201924,3
57600000000,61200000000,59033201924,59035710697,2508773
57600000000,61200000000,59035710697,59043015942,7305245
57600000000,61200000000,59043015942,59043015999,57
57600000000,61200000000,59043015999,59043016004,5
57600000000,61200000000,59043016004,59045581957,2565953
57600000000,61200000000,59045581957,59051683847,6101890
57600000000,61200000000,59051683847,59053261344,1577497
57600000000,61200000000,59053261344,59054047395,786051
57600000000,61200000000,59054047395,59055625133,1577738
57600000000,61200000000,59055625133,59055715336,90203
57600000000,61200000000,59055715336,59055715477,141
57600000000,61200000000,59055715477,59055715854,377
57600000000,61200000000,59055715854,59055715859,5
57600000000,61200000000,59055715859,59059561210,3845351
57600000000,61200000000,59059561210,59063123049,3561839
57600000000,61200000000,59063123049,59067508359,4385310
57600000000,61200000000,59067508359,59069445023,1936664
57600000000,61200000000,59069445023,59069503817,58794
57600000000,61200000000,59069503817,59069533927,30110
57600000000,61200000000,59069533927,59069533932,5
57600000000,61200000000,59069533932,59069533937,5
57600000000,61200000000,59069533937,59071508170,1974233
57600000000,61200000000,59071508170,59075664770,4156600
57600000000,61200000000,59075664770,59075692906,28136
57600000000,61200000000,59075692906,59077403902,1710996
57600000000,61200000000,59077403902,59077404208,306
57600000000,61200000000,59077404208,59078412455,1008247
57600000000,61200000000,59078412455,59078450003,37548
57600000000,61200000000,59078450003,59079447756,997753
57600000000,61200000000,59079447756,59080940417,1492661
57600000000,61200000000,59080940417,59082779039,1838622
57600000000,61200000000,59082779039,59084904442,2125403
57600000000,61200000000,59084904442,59086930797,2026355
57600000000,61200000000,59086930797,59088742298,1811501
57600000000,61200000000,59088742298,59093332229,4589931
57600000000,61200000000,59093332229,59095110544,1778315
57600000000,61200000000,59095110544,59095113531,2987
57600000000,61200000000,59095113531,59095113610,79
57600000000,61200000000,59095113610,59095113615,5
57600000000,61200000000,59095113615,59095113620,5
57600000000,61200000000,59095113620,59097140995,2027375
57600000000,61200000000,59097140995,59099139709,1998714
57600000000,61200000000,59099139709,59102675959,3536250
57600000000,61200000000,59102675959,59106353279,3677320
57600000000,61200000000,59106353279,59106353279,0
57600000000,61200000000,59106353279,59106356059,2780
57600000000,61200000000,59106356059,59107527748,1171689
57600000000,61200000000,59107527748,59107555400,27652
57600000000,61200000000,59107555400,59108060948,505548
57600000000,61200000000,59108060948,59109133296,1072348
57600000000,61200000000,59109133296,59109196777,63481
57600000000,61200000000,59109196777,59109210551,13774
57600000000,61200000000,59109210551,59110221439,1010888
57600000000,61200000000,59110221439,59111211370,989931
57600000000,61200000000,59111211370,59111211374,4
57600000000,61200000000,59111211374,59111211392,18
57600000000,61200000000,59111211392,59112020866,809474
57600000000,61200000000,59112020866,59112020919,53
57600000000,61200000000,59112020919,59112066588,45669
57600000000,61200000000,59112066588,59112066588,0
57600000000,61200000000,59112066588,59112957403,890815
57600000000,61200000000,59112957403,59114508098,1550695
57600000000,61200000000,59114508098,59114927579,419481
57600000000,61200000000,59114927579,59120853060,5925481
57600000000,61200000000,59120853060,59120854559,1499
57600000000,61200000000,59120854559,59122906809,2052250
57600000000,61200000000,59122906809,59123940317,1033508
57600000000,61200000000,59123940317,59123940317,0
57600000000,61200000000,59123940317,59123954033,13716
57600000000,61200000000,59123954033,59128631495,4677462
57600000000,61200000000,59128631495,59128680495,49000
57600000000,61200000000,59128680495,59129484005,803510
57600000000,61200000000,59129484005,59129501059,17054
57600000000,61200000000,59129501059,59131060098,1559039
57600000000,61200000000,59131060098,59131060098,0
57600000000,61200000000,59131060098,59131065284,5186
57600000000,61200000000,59131065284,59131718456,653172
57600000000,61200000000,59131718456,59131718456,0
57600000000,61200000000,59131718456,59132509296,790840
57600000000,61200000000,59132509296,59132509298,2
57600000000,61200000000,59132509298,59133960204,1450906
57600000000,61200000000,59133960204,59133960305,101
57600000000,61200000000,59133960305,59137311760,3351455
57600000000,61200000000,59137311760,59155480639,18168879
57600000000,61200000000,59155480639,59155483327,2688
57600000000,61200000000,59155483327,59157016938,1533611
57600000000,61200000000,59157016938,59157016950,12
57600000000,61200000000,59157016950,59158893722,1876772
57600000000,61200000000,59158893722,59160700216,1806494
57600000000,61200000000,59160700216,59160730918,30702
57600000000,61200000000,59160730918,59163073160,2342242
57600000000,61200000000,59163073160,59163073237,77
57600000000,61200000000,59163073237,59163073242,5
57600000000,61200000000,59163073242,59163073870,628
57600000000,61200000000,59163073870,59169354864,6280994
57600000000,61200000000,59169354864,59170912430,1557566
57600000000,61200000000,59170912430,59172762717,1850287
57600000000,61200000000,59172762717,59172766904,4187
57600000000,61200000000,59172766904,59174960708,2193804
57600000000,61200000000,59174960708,59174960728,20
57600000000,61200000000,59174960728,59175018121,57393
57600000000,61200000000,59175018121,59175020206,2085
57600000000,61200000000,59175020206,59175022360,2154
57600000000,61200000000,59175022360,59175024232,1872
57600000000,61200000000,59175024232,59175028851,4619
57600000000,61200000000,59175028851,59175030600,1749
57600000000,61200000000,59175030600,59175033087,2487
57600000000,61200000000,59175033087,59175040840,7753
57600000000,61200000000,59175040840,59175043195,2355
57600000000,61200000000,59175043195,59176863682,1820487
57600000000,61200000000,59176863682,59176863686,4
57600000000,61200000000,59176863686,59176863687,1
57600000000,61200000000,59176863687,59176863817,130
57600000000,61200000000,59176863817,59176863836,19
57600000000,61200000000,59176863836,59176863847,11
57600000000,61200000000,59176863847,59176863859,12
57600000000,61200000000,59176863859,59176863871,12
57600000000,61200000000,59176863871,59176863883,12
57600000000,61200000000,59176863883,59176863895,12
57600000000,61200000000,59176863895,59176863908,13
57600000000,61200000000,59176863908,59176892720,28812
57600000000,61200000000,59176892720,59176892723,3
57600000000,61200000000,59176892723,59177784084,891361
57600000000,61200000000,59177784084,59177786622,2538
57600000000,61200000000,59177786622,59177859184,72562
57600000000,61200000000,59177859184,59178790118,930934
57600000000,61200000000,59178790118,59178820816,30698
57600000000,61200000000,59178820816,59178821119,303
57600000000,61200000000,59178821119,59179846612,1025493
57600000000,61200000000,59179846612,59180932133,1085521
57600000000,61200000000,59180932133,59182718641,1786508
57600000000,61200000000,59182718641,59182814680,96039
57600000000,61200000000,59182814680,59196945121,14130441
57600000000,61200000000,59196945121,59197830359,885238
57600000000,61200000000,59197830359,59201312742,3482383
57600000000,61200000000,59201312742,59204742082,3429340
57600000000,61200000000,59204742082,59205874691,1132609
57600000000,61200000000,59205874691,59205877470,2779
57600000000,61200000000,59205877470,59205880944,3474
57600000000,61200000000,59205880944,59205883680,2736
57600000000,61200000000,59205883680,59207450312,1566632
57600000000,61200000000,59207450312,59207450325,13
57600000000,61200000000,59207450325,59207450338,13
57600000000,61200000000,59207450338,59207450363,25
57600000000,61200000000,59207450363,59212585056,5134693
57600000000,61200000000,59212585056,59212594280,9224
57600000000,61200000000,59212594280,59213355562,761282
57600000000,61200000000,59213355562,59214121847,766285
57600000000,61200000000,59214121847,59218974448,4852601
57600000000,61200000000,59218974448,59220388994,1414546
57600000000,61200000000,59220388994,59222858118,2469124
57600000000,61200000000,59222858118,59222872195,14077
57600000000,61200000000,59222872195,59222872254,59
57600000000,61200000000,59222872254,59222872259,5
57600000000,61200000000,59222872259,59222872264,5
57600000000,61200000000,59222872264,59224111862,1239598
57600000000,61200000000,59224111862,59224115783,3921
57600000000,61200000000,59224115783,59224890258,774475
57600000000,61200000000,59224890258,59224915775,25517
57600000000,61200000000,59224915775,59225750277,834502
57600000000,61200000000,59225750277,59225750301,24
57600000000,61200000000,59225750301,59225790663,40362
57600000000,61200000000,59225790663,59225793808,3145
57600000000,61200000000,59225793808,59225796035,2227
57600000000,61200000000,59225796035,59226602515,806480
57600000000,61200000000,59226602515,59226632995,30480
57600000000,61200000000,59226632995,59228173046,1540051
57600000000,61200000000,59228173046,59228173257,211
57600000000,61200000000,59228173257,59228173492,235
57600000000,61200000000,59228173492,59229646604,1473112
57600000000,61200000000,59229646604,59231677200,2030596
57600000000,61200000000,59231677200,59232531179,853979
57600000000,61200000000,59232531179,59234140994,1609815
57600000000,61200000000,59234140994,59238250929,4109935
57600000000,61200000000,59238250929,59238322604,71675
57600000000,61200000000,59238322604,59239196846,874242
57600000000,61200000000,59239196846,59240026375,829529
57600000000,61200000000,59240026375,59241184554,1158179
57600000000,61200000000,59241184554,59243769874,2585320
57600000000,61200000000,59243769874,59245689504,1919630
57600000000,61200000000,59245689504,59247373957,1684453
57600000000,61200000000,59247373957,59249104396,1730439
57600000000,61200000000,59249104396,59249111109,6713
57600000000,61200000000,59249111109,59249111136,27
57600000000,61200000000,59249111136,59249111141,5
57600000000,61200000000,59249111141,59250026068,914927
57600000000,61200000000,59250026068,59250028401,2333
57600000000,61200000000,59250028401,59250816465,788064
57600000000,61200000000,59250816465,59251886097,1069632
57600000000,61200000000,59251886097,59251886121,24
57600000000,61200000000,59251886121,59256048268,4162147
57600000000,61200000000,59256048268,59256957669,909401
57600000000,61200000000,59256957669,59256964941,7272
57600000000,61200000000,59256964941,59258651592,1686651
57600000000,61200000000,59258651592,59259594981,943389
57600000000,61200000000,59259594981,59260466801,871820
57600000000,61200000000,59260466801,59262464251,1997450
57600000000,61200000000,59262464251,59262551225,86974
57600000000,61200000000,59262551225,59263574460,1023235
57600000000,61200000000,59263574460,59268478053,4903593
57600000000,61200000000,59268478053,59268481096,3043
57600000000,61200000000,59268481096,59269971178,1490082
57600000000,61200000000,59269971178,59269971208,30
57600000000,61200000000,59269971208,59281487307,11516099
57600000000,61200000000,59281487307,59285409523,3922216
57600000000,61200000000,59285409523,59285440976,31453
57600000000,61200000000,59285440976,59285445183,4207
57600000000,61200000000,59285445183,59287234583,1789400
57600000000,61200000000,59287234583,59287234606,23
57600000000,61200000000,59287234606,59287234623,17
57600000000,61200000000,59287234623,59287289065,54442
57600000000,61200000000,59287289065,59287293847,4782
57600000000,61200000000,59287293847,59287298871,5024
57600000000,61200000000,59287298871,59287301394,2523
57600000000,61200000000,59287301394,59287306122,4728
57600000000,61200000000,59287306122,59289054072,1747950
57600000000,61200000000,59289054072,59289054076,4
57600000000,61200000000,59289054076,59289054086,10
57600000000,61200000000,59289054086,59289054123,37
57600000000,61200000000,59289054123,59289054148,25
57600000000,61200000000,59289054148,59289054179,31
57600000000,61200000000,59289054179,59289100405,46226
57600000000,61200000000,59289100405,59289103815,3410
57600000000,61200000000,59289103815,59289108180,4365
57600000000,61200000000,59289108180,59289893640,785460
57600000000,61200000000,59289893640,59290910408,1016768
57600000000,61200000000,59290910408,59290911110,702
57600000000,61200000000,59290911110,59290911832,722
57600000000,61200000000,59290911832,59290997072,85240
57600000000,61200000000,59290997072,59290997820,748
57600000000,61200000000,59290997820,59294855425,3857605
57600000000,61200000000,59294855425,59296490682,1635257
57600000000,61200000000,59296490682,59301160975,4670293
57600000000,61200000000,59301160975,59301163281,2306
57600000000,61200000000,59301163281,59301172141,8860
57600000000,61200000000,59301172141,59303975208,2803067
57600000000,61200000000,59303975208,59303975225,17
57600000000,61200000000,59303975225,59303975242,17
57600000000,61200000000,59303975242,59308085738,4110496
57600000000,61200000000,59308085738,59308090245,4507
57600000000,61200000000,59308090245,59309906751,1816506
57600000000,61200000000,59309906751,59309906763,12
57600000000,61200000000,59309906763,59310828448,921685
57600000000,61200000000,59310828448,59312545765,1717317
57600000000,61200000000,59312545765,59316351352,3805587
57600000000,61200000000,59316351352,59326168740,9817388
57600000000,61200000000,59326168740,59326192980,24240
57600000000,61200000000,59326192980,59328190517,1997537
57600000000,61200000000,59328190517,59328190521,4
57600000000,61200000000,59328190521,59328190522,1
57600000000,61200000000,59328190522,59328972285,781763
57600000000,61200000000,59328972285,59328972310,25
57600000000,61200000000,59328972310,59336718308,7745998
57600000000,61200000000,59336718308,59338612507,1894199
57600000000,61200000000,59338612507,59343349452,4736945
57600000000,61200000000,59343349452,59343349560,108
57600000000,61200000000,59343349560,59343349565,5
57600000000,61200000000,59343349565,59343349799,234
57600000000,61200000000,59343349799,59349518136,6168337
57600000000,61200000000,59349518136,59351124667,1606531
57600000000,61200000000,59351124667,59357271986,6147319
57600000000,61200000000,59357271986,59359180406,1908420
57600000000,61200000000,59359180406,59360031399,850993
57600000000,61200000000,59360031399,59361617379,1585980
57600000000,61200000000,59361617379,59366109709,4492330
57600000000,61200000000,59366109709,59367563636,1453927
57600000000,61200000000,59367563636,59368361090,797454
57600000000,61200000000,59368361090,59369227369,866279
57600000000,61200000000,59369227369,59369227369,0
57600000000,61200000000,59369227369,59369231751,4382
57600000000,61200000000,59369231751,59369234226,2475
57600000000,61200000000,59369234226,59369237414,3188
57600000000,61200000000,59369237414,59369239664,2250
57600000000,61200000000,59369239664,59369589839,350175
57600000000,61200000000,59369589839,59371229696,1639857
57600000000,61200000000,59371229696,59371229700,4
57600000000,61200000000,59371229700,59371230310,610
57600000000,61200000000,59371230310,59371230323,13
57600000000,61200000000,59371230323,59371230336,13
57600000000,61200000000,59371230336,59372080042,849706
57600000000,61200000000,59372080042,59374546755,2466713
57600000000,61200000000,59374546755,59375422512,875757
57600000000,61200000000,59375422512,59376254568,832056
57600000000,61200000000,59376254568,59377097092,842524
57600000000,61200000000,59377097092,59377981275,884183
57600000000,61200000000,59377981275,59378023832,42557
57600000000,61200000000,59378023832,59378023929,97
57600000000,61200000000,59378023929,59378023938,9
57600000000,61200000000,59378023938,59378023943,5
57600000000,61200000000,59378023943,59379803830,1779887
57600000000,61200000000,59379803830,59382247230,2443400
57600000000,61200000000,59382247230,59388613720,6366490
57600000000,61200000000,59388613720,59390306136,1692416
57600000000,61200000000,59390306136,59393141502,2835366
57600000000,61200000000,59393141502,59393995409,853907
57600000000,61200000000,59393995409,59393995409,0
57600000000,61200000000,59393995409,59397669190,3673781
57600000000,61200000000,59397669190,59397673710,4520
57600000000,61200000000,59397673710,59399424685,1750975
57600000000,61200000000,59399424685,59399424703,18
57600000000,61200000000,59399424703,59400362741,938038
57600000000,61200000000,59400362741,59421784396,21421655
57600000000,61200000000,59421784396,59422691169,906773
57600000000,61200000000,59422691169,59423930654,1239485
57600000000,61200000000,59423930654,59423962855,32201
57600000000,61200000000,59423962855,59424759328,796473
57600000000,61200000000,59424759328,59424892498,133170
57600000000,61200000000,59424892498,59425759596,867098
57600000000,61200000000,59425759596,59426658738,899142
57600000000,61200000000,59426658738,59427715339,1056601
57600000000,61200000000,59427715339,59428603273,887934
57600000000,61200000000,59428603273,59429506365,903092
57600000000,61200000000,59429506365,59429546109,39744
57600000000,61200000000,59429546109,59430428450,882341
57600000000,61200000000,59430428450,59436114527,5686077
57600000000,61200000000,59436114527,59437954296,1839769
57600000000,61200000000,59437954296,59439688760,1734464
57600000000,61200000000,59439688760,59441329871,1641111
57600000000,61200000000,59441329871,59443578649,2248778
57600000000,61200000000,59443578649,59443582178,3529
57600000000,61200000000,59443582178,59443585836,3658
57600000000,61200000000,59443585836,59444754022,1168186
57600000000,61200000000,59444754022,59445525421,771399
57600000000,61200000000,59445525421,59445525431,10
57600000000,61200000000,59445525431,59445525465,34
57600000000,61200000000,59445525465,59446371198,845733
57600000000,61200000000,59446371198,59447236290,865092
57600000000,61200000000,59447236290,59450469684,3233394
57600000000,61200000000,59450469684,59452098588,1628904
57600000000,61200000000,59452098588,59455169793,3071205
57600000000,61200000000,59455169793,59455193238,23445
57600000000,61200000000,59455193238,59457232768,2039530
57600000000,61200000000,59457232768,59461612525,4379757
57600000000,61200000000,59461612525,59461621853,9328
57600000000,61200000000,59461621853,59463401405,1779552
57600000000,61200000000,59463401405,59463401417,12
57600000000,61200000000,59463401417,59480817335,17415918
57600000000,61200000000,59480817335,59480817337,2
57600000000,61200000000,59480817337,59480817518,181
57600000000,61200000000,59480817518,59481811884,994366
57600000000,61200000000,59481811884,59483888128,2076244
57600000000,61200000000,59483888128,59483992231,104103
57600000000,61200000000,59483992231,59483992320,89
57600000000,61200000000,59483992320,59483992329,9
57600000000,61200000000,59483992329,59483992334,5
57600000000,61200000000,59483992334,59485936659,1944325
57600000000,61200000000,59485936659,59487694565,1757906
57600000000,61200000000,59487694565,59487744681,50116
57600000000,61200000000,59487744681,59489459486,1714805
57600000000,61200000000,59489459486,59489482057,22571
57600000000,61200000000,59489482057,59492630431,3148374
57600000000,61200000000,59492630431,59494526615,1896184
57600000000,61200000000,59494526615,59498280843,3754228
57600000000,61200000000,59498280843,59498305299,24456
57600000000,61200000000,59498305299,59500304059,1998760
57600000000,61200000000,59500304059,59500304063,4
57600000000,61200000000,59500304063,59501219580,915517
57600000000,61200000000,59501219580,59501219585,5
57600000000,61200000000,59501219585,59502473239,1253654
57600000000,61200000000,59502473239,59504452525,1979286
57600000000,61200000000,59504452525,59508822623,4370098
57600000000,61200000000,59508822623,59509732417,909794
57600000000,61200000000,59509732417,59510665289,932872
57600000000,61200000000,59510665289,59510665292,3
57600000000,61200000000,59510665292,59513848624,3183332
57600000000,61200000000,59513848624,59513874768,26144
57600000000,61200000000,59513874768,59515617966,1743198
57600000000,61200000000,59515617966,59530724216,15106250
57600000000,61200000000,59530724216,59530727807,3591
57600000000,61200000000,59530727807,59532286124,1558317
57600000000,61200000000,59532286124,59532286128,4
57600000000,61200000000,59532286128,59532286129,1
57600000000,61200000000,59532286129,59532286198,69
57600000000,61200000000,59532286198,59533108084,821886
57600000000,61200000000,59533108084,59533108306,222
57600000000,61200000000,59533108306,59537735833,4627527
57600000000,61200000000,59537735833,59542216804,4480971
57600000000,61200000000,59542216804,59544017830,1801026
57600000000,61200000000,59544017830,59546130910,2113080
57600000000,61200000000,59546130910,59546131401,491
57600000000,61200000000,59546131401,59547229848,1098447
57600000000,61200000000,59547229848,59547230720,872
57600000000,61200000000,59547230720,59549090834,1860114
57600000000,61200000000,59549090834,59550721141,1630307
57600000000,61200000000,59550721141,59557692342,6971201
57600000000,61200000000,59557692342,59557751261,58919
57600000000,61200000000,59557751261,59557751264,3
57600000000,61200000000,59557751264,59558617101,865837
57600000000,61200000000,59558617101,59558617466,365
57600000000,61200000000,59558617466,59558618832,1366
57600000000,61200000000,59558618832,59558618972,140
57600000000,61200000000,59558618972,59559618278,999306
57600000000,61200000000,59559618278,59561693828,2075550
57600000000,61200000000,59561693828,59561703314,9486
57600000000,61200000000,59561703314,59562485407,782093
57600000000,61200000000,59562485407,59563310670,825263
57600000000,61200000000,59563310670,59563310674,4
57600000000,61200000000,59563310674,59563310675,1
57600000000,61200000000,59563310675,59563310693,18
57600000000,61200000000,59563310693,59564130869,820176
57600000000,61200000000,59564130869,59564130894,25
57600000000,61200000000,59564130894,59575884670,11753776
57600000000,61200000000,59575884670,59577483818,1599148
57600000000,61200000000,59577483818,59579307667,1823849
57600000000,61200000000,59579307667,59579307684,17
57600000000,61200000000,59579307684,59581645355,2337671
57600000000,61200000000,59581645355,59583370387,1725032
57600000000,61200000000,59583370387,59585091230,1720843
57600000000,61200000000,59585091230,59585091234,4
57600000000,61200000000,59585091234,59585091238,4
57600000000,61200000000,59585091238,59585091253,15
57600000000,61200000000,59585091253,59588446549,3355296
57600000000,61200000000,59588446549,59593370497,4923948
57600000000,61200000000,59593370497,59604922292,11551795
57600000000,61200000000,59604922292,59605800981,878689
57600000000,61200000000,59605800981,59605801006,25
57600000000,61200000000,59605801006,59605801533,527
57600000000,61200000000,59605801533,59605801557,24
57600000000,61200000000,59605801557,59613947026,8145469
57600000000,61200000000,59613947026,59615930552,1983526
57600000000,61200000000,59615930552,59615934622,4070
57600000000,61200000000,59615934622,59617532457,1597835
57600000000,61200000000,59617532457,59617532461,4
57600000000,61200000000,59617532461,59617532462,1
57600000000,61200000000,59617532462,59617532521,59
57600000000,61200000000,59617532521,59618344659,812138
57600000000,61200000000,59618344659,59618345548,889
57600000000,61200000000,59618345548,59623490094,5144546
57600000000,61200000000,59623490094,59623490168,74
57600000000,61200000000,59623490168,59623490174,6
57600000000,61200000000,59623490174,59623490180,6
57600000000,61200000000,59623490180,59626780284,3290104
57600000000,61200000000,59626780284,59631298017,4517733
57600000000,61200000000,59631298017,59639495639,8197622
57600000000,61200000000,59639495639,59639495686,47
57600000000,61200000000,59639495686,59639495691,5
57600000000,61200000000,59639495691,59640391143,895452
57600000000,61200000000,59640391143,59642007581,1616438
57600000000,61200000000,59642007581,59644570130,2562549
57600000000,61200000000,59644570130,59649460650,4890520
57600000000,61200000000,59649460650,59649460654,4
57600000000,61200000000,59649460654,59649460691,37
57600000000,61200000000,59649460691,59649460696,5
57600000000,61200000000,59649460696,59662441345,12980649
57600000000,61200000000,59662441345,59664046622,1605277
57600000000,61200000000,59664046622,59667674184,3627562
57600000000,61200000000,59667674184,59670490898,2816714
57600000000,61200000000,59670490898,59677707282,7216384
57600000000,61200000000,59677707282,59677713946,6664
57600000000,61200000000,59677713946,59677713993,47
57600000000,61200000000,59677713993,59677714079,86
57600000000,61200000000,59677714079,59677714084,5
57600000000,61200000000,59677714084,59679790904,2076820
57600000000,61200000000,59679790904,59683618701,3827797
57600000000,61200000000,59683618701,59683624547,5846
57600000000,61200000000,59683624547,59683626506,1959
57600000000,61200000000,59683626506,59683629056,2550
57600000000,61200000000,59683629056,59685252162,1623106
57600000000,61200000000,59685252162,59685252187,25
57600000000,61200000000,59685252187,59685252198,11
57600000000,61200000000,59685252198,59685252210,12
57600000000,61200000000,59685252210,59691250570,5998360
57600000000,61200000000,59691250570,59692781342,1530772
57600000000,61200000000,59692781342,59694349765,1568423
57600000000,61200000000,59694349765,59695934831,1585066
57600000000,61200000000,59695934831,59696756867,822036
57600000000,61200000000,59696756867,59698268619,1511752
57600000000,61200000000,59698268619,59702639722,4371103
57600000000,61200000000,59702639722,59704257857,1618135
57600000000,61200000000,59704257857,59704272897,15040
57600000000,61200000000,59704272897,59704273063,166
57600000000,61200000000,59704273063,59709264843,4991780
57600000000,61200000000,59709264843,59712027284,2762441
57600000000,61200000000,59712027284,59713560519,1533235
57600000000,61200000000,59713560519,59713582937,22418
57600000000,61200000000,59713582937,59715112095,1529158
57600000000,61200000000,59715112095,59718858780,3746685
57600000000,61200000000,59718858780,59718859000,220
57600000000,61200000000,59718859000,59718859047,47
57600000000,61200000000,59718859047,59718859052,5
57600000000,61200000000,59718859052,59721774870,2915818
57600000000,61200000000,59721774870,59723365807,1590937
57600000000,61200000000,59723365807,59724202439,836632
57600000000,61200000000,59724202439,59724920789,718350
57600000000,61200000000,59724920789,59724920792,3
57600000000,61200000000,59724920792,59725628118,707326
57600000000,61200000000,59725628118,59726438548,810430
57600000000,61200000000,59726438548,59726438566,18
57600000000,61200000000,59726438566,59727296839,858273
57600000000,61200000000,59727296839,59728987770,1690931
57600000000,61200000000,59728987770,59728988096,326
57600000000,61200000000,59728988096,59728988105,9
57600000000,61200000000,59728988105,59730640425,1652320
57600000000,61200000000,59730640425,59732754269,2113844
57600000000,61200000000,59732754269,59732754269,0
57600000000,61200000000,59732754269,59732759498,5229
57600000000,61200000000,59732759498,59732759939,441
57600000000,61200000000,59732759939,59732760028,89
57600000000,61200000000,59732760028,59732760033,5
57600000000,61200000000,59732760033,59732760038,5
57600000000,61200000000,59732760038,59734455139,1695101
57600000000,61200000000,59734455139,59737771048,3315909
57600000000,61200000000,59737771048,59737774969,3921
57600000000,61200000000,59737774969,59739423511,1648542
57600000000,61200000000,59739423511,59739423523,12
57600000000,61200000000,59739423523,59742067893,2644370
57600000000,61200000000,59742067893,59744421691,2353798
57600000000,61200000000,59744421691,59745251727,830036
57600000000,61200000000,59745251727,59746030435,778708
57600000000,61200000000,59746030435,59746030437,2
57600000000,61200000000,59746030437,59746882158,851721
57600000000,61200000000,59746882158,59747761657,879499
57600000000,61200000000,59747761657,59748623744,862087
57600000000,61200000000,59748623744,59750076302,1452558
57600000000,61200000000,59750076302,59750876282,799980
57600000000,61200000000,59750876282,59750876309,27
57600000000,61200000000,59750876309,59750876314,5
57600000000,61200000000,59750876314,59754302083,3425769
57600000000,61200000000,59754302083,59755066439,764356
57600000000,61200000000,59755066439,59756656222,1589783
57600000000,61200000000,59756656222,59757483664,827442
57600000000,61200000000,59757483664,59759105277,1621613
57600000000,61200000000,59759105277,59766051304,6946027
57600000000,61200000000,59766051304,59774691696,8640392
57600000000,61200000000,59774691696,59774691699,3
57600000000,61200000000,59774691699,59774692288,589
57600000000,61200000000,59774692288,59776325762,1633474
57600000000,61200000000,59776325762,59791997124,15671362
57600000000,61200000000,59791997124,59793831577,1834453
57600000000,61200000000,59793831577,59793835912,4335
57600000000,61200000000,59793835912,59793838596,2684
57600000000,61200000000,59793838596,59795505589,1666993
57600000000,61200000000,59795505589,59795505613,24
57600000000,61200000000,59795505613,59795505637,24
57600000000,61200000000,59795505637,59796710834,1205197
57600000000,61200000000,59796710834,59796717525,6691
57600000000,61200000000,59796717525,59796717528,3
57600000000,61200000000,59796717528,59798428917,1711389
57600000000,61200000000,59798428917,59798428927,10
57600000000,61200000000,59798428927,59800983351,2554424
57600000000,61200000000,59800983351,59800983520,169
57600000000,61200000000,59800983520,59800983527,7
57600000000,61200000000,59800983527,59807894630,6911103
57600000000,61200000000,59807894630,59809568405,1673775
57600000000,61200000000,59809568405,59814232768,4664363
57600000000,61200000000,59814232768,59815130976,898208
57600000000,61200000000,59815130976,59815936982,806006
57600000000,61200000000,59815936982,59816813119,876137
57600000000,61200000000,59816813119,59818640374,1827255
57600000000,61200000000,59818640374,59819440510,800136
57600000000,61200000000,59819440510,59821041756,1601246
57600000000,61200000000,59821041756,59821197161,155405
57600000000,61200000000,59821197161,59821197161,0
57600000000,61200000000,59821197161,59822809909,1612748
57600000000,61200000000,59822809909,59826212458,3402549
57600000000,61200000000,59826212458,59833886244,7673786
57600000000,61200000000,59833886244,59846591034,12704790
57600000000,61200000000,59846591034,59848175843,1584809
57600000000,61200000000,59848175843,59854356870,6181027
57600000000,61200000000,59854356870,59855189754,832884
57600000000,61200000000,59855189754,59857785713,2595959
57600000000,61200000000,59857785713,59858516194,730481
57600000000,61200000000,59858516194,59859324602,808408
57600000000,61200000000,59859324602,59861243947,1919345
57600000000,61200000000,59861243947,59861244090,143
57600000000,61200000000,59861244090,59867770268,6526178
57600000000,61200000000,59867770268,59868629020,858752
57600000000,61200000000,59868629020,59872976207,4347187
57600000000,61200000000,59872976207,59872976306,99
57600000000,61200000000,59872976306,59872976311,5
57600000000,61200000000,59872976311,59872976316,5
57600000000,61200000000,59872976316,59876571592,3595276
57600000000,61200000000,59876571592,59879020793,2449201
57600000000,61200000000,59879020793,59880678612,1657819
57600000000,61200000000,59880678612,59885063065,4384453
57600000000,61200000000,59885063065,59887488937,2425872
57600000000,61200000000,59887488937,59887488937,0
57600000000,61200000000,59887488937,59887502492,13555
57600000000,61200000000,59887502492,59888274049,771557
57600000000,61200000000,59888274049,59888294165,20116
57600000000,61200000000,59888294165,59889107631,813466
57600000000,61200000000,59889107631,59889185431,77800
57600000000,61200000000,59889185431,59890082408,896977
57600000000,61200000000,59890082408,59890920968,838560
57600000000,61200000000,59890920968,59890920979,11
57600000000,61200000000,59890920979,59890920990,11
57600000000,61200000000,59890920990,59890946996,26006
57600000000,61200000000,59890946996,59890951234,4238
57600000000,61200000000,59890951234,59890954021,2787
57600000000,61200000000,59890954021,59890957305,3284
57600000000,61200000000,59890957305,59890959368,2063
57600000000,61200000000,59890959368,59891839816,880448
57600000000,61200000000,59891839816,59892919826,1080010
57600000000,61200000000,59892919826,59892919850,24
57600000000,61200000000,59892919850,59892919861,11
57600000000,61200000000,59892919861,59892919876,15
57600000000,61200000000,59892919876,59892919888,12
57600000000,61200000000,59892919888,59892951607,31719
57600000000,61200000000,59892951607,59893774040,822433
57600000000,61200000000,59893774040,59902966437,9192397
57600000000,61200000000,59902966437,59910436416,7469979
57600000000,61200000000,59910436416,59910442577,6161
57600000000,61200000000,59910442577,59910444917,2340
57600000000,61200000000,59910444917,59910449947,5030
57600000000,61200000000,59910449947,59910453563,3616
57600000000,61200000000,59910453563,59910453564,1
57600000000,61200000000,59910453564,59910454011,447
57600000000,61200000000,59910454011,59911882962,1428951
57600000000,61200000000,59911882962,59911882980,18
57600000000,61200000000,59911882980,59911883003,23
57600000000,61200000000,59911883003,59911883007,4
57600000000,61200000000,59911883007,59911883008,1
57600000000,61200000000,59911883008,59911883034,26
57600000000,61200000000,59911883034,59911883045,11
57600000000,61200000000,59911883045,59911883057,12
57600000000,61200000000,59911883057,59911905954,22897
57600000000,61200000000,59911905954,59912744075,838121
57600000000,61200000000,59912744075,59912744162,87
57600000000,61200000000,59912744162,59918304422,5560260
57600000000,61200000000,59918304422,59924003411,5698989
57600000000,61200000000,59924003411,59924358739,355328
57600000000,61200000000,59924358739,59924358908,169
57600000000,61200000000,59924358908,59924358913,5
57600000000,61200000000,59924358913,59925333754,974841
57600000000,61200000000,59925333754,59925334076,322
57600000000,61200000000,59925334076,59925334093,17
57600000000,61200000000,59925334093,59926079616,745523
57600000000,61200000000,59926079616,59928596286,2516670
57600000000,61200000000,59928596286,59929463504,867218
57600000000,61200000000,59929463504,59930852958,1389454
57600000000,61200000000,59930852958,59932529112,1676154
57600000000,61200000000,59932529112,59935199511,2670399
57600000000,61200000000,59935199511,59937677314,2477803
57600000000,61200000000,59937677314,59938473540,796226
57600000000,61200000000,59938473540,59939269991,796451
57600000000,61200000000,59939269991,59940113971,843980
57600000000,61200000000,59940113971,59941604651,1490680
57600000000,61200000000,59941604651,59947367571,5762920
57600000000,61200000000,59947367571,59947376739,9168
57600000000,61200000000,59947376739,59947383388,6649
57600000000,61200000000,59947383388,59948918267,1534879
57600000000,61200000000,59948918267,59948918271,4
57600000000,61200000000,59948918271,59948918272,1
57600000000,61200000000,59948918272,59948918273,1
57600000000,61200000000,59948918273,59948918319,46
57600000000,61200000000,59948918319,59948918323,4
57600000000,61200000000,59948918323,59948918324,1
57600000000,61200000000,59948918324,59948918325,1
57600000000,61200000000,59948918325,59948918357,32
57600000000,61200000000,59948918357,59948918361,4
57600000000,61200000000,59948918361,59948918362,1
57600000000,61200000000,59948918362,59949007534,89172
57600000000,61200000000,59949007534,59950556032,1548498
57600000000,61200000000,59950556032,59951422533,866501
57600000000,61200000000,59951422533,59951422736,203
57600000000,61200000000,59951422736,59951422917,181
57600000000,61200000000,59951422917,59951422942,25
57600000000,61200000000,59951422942,59951423089,147
57600000000,61200000000,59951423089,59951423994,905
57600000000,61200000000,59951423994,59951424006,12
57600000000,61200000000,59951424006,59951424024,18
57600000000,61200000000,59951424024,59951490224,66200
57600000000,61200000000,59951490224,59952305513,815289
57600000000,61200000000,59952305513,59953852650,1547137
57600000000,61200000000,59953852650,59953853234,584
57600000000,61200000000,59953853234,59956222823,2369589
57600000000,61200000000,59956222823,59956222823,0
57600000000,61200000000,59956222823,59959044061,2821238
57600000000,61200000000,59959044061,59959978231,934170
57600000000,61200000000,59959978231,59960759836,781605
57600000000,61200000000,59960759836,59960782311,22475
57600000000,61200000000,59960782311,59961612884,830573
57600000000,61200000000,59961612884,59962404001,791117
57600000000,61200000000,59962404001,59962423477,19476
57600000000,61200000000,59962423477,59964009458,1585981
57600000000,61200000000,59964009458,59965727370,1717912
57600000000,61200000000,59965727370,59968756077,3028707
57600000000,61200000000,59968756077,59968756077,0
57600000000,61200000000,59968756077,59974774570,6018493
57600000000,61200000000,59974774570,59974774979,409
57600000000,61200000000,59974774979,59974775016,37
57600000000,61200000000,59974775016,59974775023,7
57600000000,61200000000,59974775023,59980683304,5908281
57600000000,61200000000,59980683304,59982493790,1810486
57600000000,61200000000,59982493790,59986251274,3757484
57600000000,61200000000,59986251274,59987121528,870254
57600000000,61200000000,59987121528,59987121528,0
57600000000,61200000000,59987121528,59987902767,781239
57600000000,61200000000,59987902767,59987915251,12484
57600000000,61200000000,59987915251,59987916047,796
57600000000,61200000000,59987916047,59988842984,926937
57600000000,61200000000,59988842984,59989666109,823125
57600000000,61200000000,59989666109,59989666109,0
57600000000,61200000000,59989666109,59990567467,901358
57600000000,61200000000,59990567467,59995678100,5110633
57600000000,61200000000,59995678100,59996497881,819781
57600000000,61200000000,59996497881,59997308296,810415
57600000000,61200000000,59997308296,59997328366,20070
57600000000,61200000000,59997328366,59998127071,798705
57600000000,61200000000,59998127071,59998127076,5
57600000000,61200000000,59998127076,59998151442,24366
57600000000,61200000000,59998151442,59998936445,785003
57600000000,61200000000,59998936445,59998936450,5
57600000000,61200000000,59998936450,59998936471,21
57600000000,61200000000,59998936471,59998936475,4
57600000000,61200000000,59998936475,59998936476,1
57600000000,61200000000,59998936476,59998936501,25
57600000000,61200000000,59998936501,59999772268,835767
57600000000,61200000000,59999772268,59999772273,5
57600000000,61200000000,59999772273,59999772343,70
57600000000,61200000000,59999772343,59999772420,77
57600000000,61200000000,59999772420,59999772462,42
57600000000,61200000000,59999772462,60000647492,875030
57600000000,61200000000,60000647492,60001631302,983810
57600000000,61200000000,60001631302,60002849950,1218648
57600000000,61200000000,60002849950,60002849950,0
57600000000,61200000000,60002849950,60003597761,747811
57600000000,61200000000,60003597761,60003623455,25694
57600000000,61200000000,60003623455,60010892741,7269286
57600000000,61200000000,60010892741,60012574784,1682043
57600000000,61200000000,60012574784,60013784085,1209301
57600000000,61200000000,60013784085,60015373264,1589179
57600000000,61200000000,60015373264,60015373264,0
57600000000,61200000000,60015373264,60016217464,844200
57600000000,61200000000,60016217464,60017078529,861065
57600000000,61200000000,60017078529,60017957480,878951
57600000000,61200000000,60017957480,60021198176,3240696
57600000000,61200000000,60021198176,60021201332,3156
57600000000,61200000000,60021201332,60022124812,923480
57600000000,61200000000,60022124812,60022974450,849638
57600000000,61200000000,60022974450,60022974461,11
57600000000,61200000000,60022974461,60024934017,1959556
57600000000,61200000000,60024934017,60025783098,849081
57600000000,61200000000,60025783098,60027637434,1854336
57600000000,61200000000,60027637434,60027637434,0
57600000000,61200000000,60027637434,60027745138,107704
57600000000,61200000000,60027745138,60031565492,3820354
57600000000,61200000000,60031565492,60031592558,27066
57600000000,61200000000,60031592558,60031595101,2543
57600000000,61200000000,60031595101,60031597709,2608
57600000000,61200000000,60031597709,60033242868,1645159
57600000000,61200000000,60033242868,60033242872,4
57600000000,61200000000,60033242872,60033242880,8
57600000000,61200000000,60033242880,60033242892,12
57600000000,61200000000,60033242892,60034156639,913747
57600000000,61200000000,60034156639,60034156643,4
57600000000,61200000000,60034156643,60034223242,66599
57600000000,61200000000,60034223242,60034225802,2560
57600000000,61200000000,60034225802,60034596491,370689
57600000000,61200000000,60034596491,60035358248,761757
57600000000,61200000000,60035358248,60036235909,877661
57600000000,61200000000,60036235909,60036235937,28
57600000000,61200000000,60036235937,60037167331,931394
57600000000,61200000000,60037167331,60037193120,25789
57600000000,61200000000,60037193120,60038032208,839088
57600000000,61200000000,60038032208,60038166038,133830
57600000000,61200000000,60038166038,60038166097,59
57600000000,61200000000,60038166097,60038166102,5
57600000000,61200000000,60038166102,60038166107,5
57600000000,61200000000,60038166107,60044621154,6455047
57600000000,61200000000,60044621154,60044625273,4119
57600000000,61200000000,60044625273,60046687665,2062392
57600000000,61200000000,60046687665,60048481812,1794147
57600000000,61200000000,60048481812,60049284239,802427
57600000000,61200000000,60049284239,60049284366,127
57600000000,61200000000,60049284366,60049284371,5
57600000000,61200000000,60049284371,60050141379,857008
57600000000,61200000000,60050141379,60050168151,26772
57600000000,61200000000,60050168151,60050219243,51092
57600000000,61200000000,60050219243,60050226279,7036
57600000000,61200000000,60050226279,60050228455,2176
57600000000,61200000000,60050228455,60051014442,785987
57600000000,61200000000,60051014442,60051810883,796441
57600000000,61200000000,60051810883,60051810895,12
57600000000,61200000000,60051810895,60051810921,26
57600000000,61200000000,60051810921,60051810952,31
57600000000,61200000000,60051810952,60052625561,814609
57600000000,61200000000,60052625561,60052656165,30604
57600000000,61200000000,60052656165,60058583695,5927530
57600000000,61200000000,60058583695,60060224177,1640482
57600000000,61200000000,60060224177,60060250611,26434
57600000000,61200000000,60060250611,60061205429,954818
57600000000,61200000000,60061205429,60061205482,53
57600000000,61200000000,60061205482,60061206089,607
57600000000,61200000000,60061206089,60061206091,2
57600000000,61200000000,60061206091,60062840723,1634632
57600000000,61200000000,60062840723,60062911853,71130
57600000000,61200000000,60062911853,60064482686,1570833
57600000000,61200000000,60064482686,60065441189,958503
57600000000,61200000000,60065441189,60067106817,1665628
57600000000,61200000000,60067106817,60068372622,1265805
57600000000,61200000000,60068372622,60068375352,2730
57600000000,61200000000,60068375352,60068378649,3297
57600000000,61200000000,60068378649,60070083526,1704877
57600000000,61200000000,60070083526,60070083553,27
57600000000,61200000000,60070083553,60070151653,68100
57600000000,61200000000,60070151653,60071906525,1754872
57600000000,61200000000,60071906525,60073694356,1787831
57600000000,61200000000,60073694356,60074593169,898813
57600000000,61200000000,60074593169,60074593205,36
57600000000,61200000000,60074593205,60074593212,7
57600000000,61200000000,60074593212,60077094221,2501009
57600000000,61200000000,60077094221,60077103583,9362
57600000000,61200000000,60077103583,60079006526,1902943
57600000000,61200000000,60079006526,60080554072,1547546
57600000000,61200000000,60080554072,60083064838,2510766
57600000000,61200000000,60083064838,60083934463,869625
57600000000,61200000000,60083934463,60085834957,1900494
57600000000,61200000000,60085834957,60086855016,1020059
57600000000,61200000000,60086855016,60087625485,770469
57600000000,61200000000,60087625485,60088491257,865772
57600000000,61200000000,60088491257,60091302991,2811734
57600000000,61200000000,60091302991,60095189128,3886137
57600000000,61200000000,60095189128,60095189128,0
57600000000,61200000000,60095189128,60095192653,3525
57600000000,61200000000,60095192653,60095192656,3
57600000000,61200000000,60095192656,60096946637,1753981
57600000000,61200000000,60096946637,60096977124,30487
57600000000,61200000000,60096977124,60102318317,5341193
57600000000,61200000000,60102318317,60103147810,829493
57600000000,61200000000,60103147810,60105368852,2221042
57600000000,61200000000,60105368852,60107147379,1778527
57600000000,61200000000,60107147379,60110727168,3579789
57600000000,61200000000,60110727168,60112738236,2011068
57600000000,61200000000,60112738236,60112738240,4
57600000000,61200000000,60112738240,60112738241,1
57600000000,61200000000,60112738241,60113543752,805511
57600000000,61200000000,60113543752,60113544082,330
57600000000,61200000000,60113544082,60113599423,55341
57600000000,61200000000,60113599423,60114363804,764381
57600000000,61200000000,60114363804,60115103127,739323
57600000000,61200000000,60115103127,60119173200,4070073
57600000000,61200000000,60119173200,60128040362,8867162
57600000000,61200000000,60128040362,60128048531,8169
57600000000,61200000000,60128048531,60128073589,25058
57600000000,61200000000,60128073589,60130514822,2441233
57600000000,61200000000,60130514822,60131286744,771922
57600000000,61200000000,60131286744,60131286747,3
57600000000,61200000000,60131286747,60131286748,1
57600000000,61200000000,60131286748,60131286784,36
57600000000,61200000000,60131286784,60131286788,4
57600000000,61200000000,60131286788,60131286789,1
57600000000,61200000000,60131286789,60131286790,1
57600000000,61200000000,60131286790,60131286866,76
57600000000,61200000000,60131286866,60131286869,3
57600000000,61200000000,60131286869,60133294594,2007725
57600000000,61200000000,60133294594,60133295001,407
57600000000,61200000000,60133295001,60133295308,307
57600000000,61200000000,60133295308,60133295945,637
57600000000,61200000000,60133295945,60133295957,12
57600000000,61200000000,60133295957,60133295969,12
57600000000,61200000000,60133295969,60145726866,12430897
57600000000,61200000000,60145726866,60145730279,3413
57600000000,61200000000,60145730279,60145733392,3113
57600000000,61200000000,60145733392,60145737651,4259
57600000000,61200000000,60145737651,60145740265,2614
57600000000,61200000000,60145740265,60149065119,3324854
57600000000,61200000000,60149065119,60149065124,5
57600000000,61200000000,60149065124,60149065125,1
57600000000,61200000000,60149065125,60149065170,45
57600000000,61200000000,60149065170,60149065207,37
57600000000,61200000000,60149065207,60149065210,3
57600000000,61200000000,60149065210,60149065232,22
57600000000,61200000000,60149065232,60149065633,401
57600000000,61200000000,60149065633,60150796821,1731188
57600000000,61200000000,60150796821,60150797309,488
57600000000,61200000000,60150797309,60150797320,11
57600000000,61200000000,60150797320,60154465056,3667736
57600000000,61200000000,60154465056,60154465666,610
57600000000,61200000000,60154465666,60157692748,3227082
57600000000,61200000000,60157692748,60163698851,6006103
57600000000,61200000000,60163698851,60163704505,5654
57600000000,61200000000,60163704505,60165763330,2058825
57600000000,61200000000,60165763330,60165763334,4
57600000000,61200000000,60165763334,60165763335,1
57600000000,61200000000,60165763335,60165763365,30
57600000000,61200000000,60165763365,60166723542,960177
57600000000,61200000000,60166723542,60166723969,427
57600000000,61200000000,60166723969,60172842739,6118770
57600000000,61200000000,60172842739,60174565261,1722522
57600000000,61200000000,60174565261,60182638314,8073053
57600000000,61200000000,60182638314,60182647723,9409
57600000000,61200000000,60182647723,60184299983,1652260
57600000000,61200000000,60184299983,60184300092,109
57600000000,61200000000,60184300092,60184300097,5
57600000000,61200000000,60184300097,60184300102,5
57600000000,61200000000,60184300102,60185293649,993547
57600000000,61200000000,60185293649,60185293652,3
57600000000,61200000000,60185293652,60185293653,1
57600000000,61200000000,60185293653,60185293689,36
57600000000,61200000000,60185293689,60185293693,4
57600000000,61200000000,60185293693,60185293694,1
57600000000,61200000000,60185293694,60187341340,2047646
57600000000,61200000000,60187341340,60187342243,903
57600000000,61200000000,60187342243,60187342750,507
57600000000,61200000000,60187342750,60187342762,12
57600000000,61200000000,60187342762,60188212473,869711
57600000000,61200000000,60188212473,60188217924,5451
57600000000,61200000000,60188217924,60189920653,1702729
57600000000,61200000000,60189920653,60191761103,1840450
57600000000,61200000000,60191761103,60193373054,1611951
57600000000,61200000000,60193373054,60196107119,2734065
57600000000,61200000000,60196107119,60196107186,67
57600000000,61200000000,60196107186,60196107191,5
57600000000,61200000000,60196107191,60196976001,868810
57600000000,61200000000,60196976001,60197724978,748977
57600000000,61200000000,60197724978,60199393746,1668768
57600000000,61200000000,60199393746,60200235781,842035
57600000000,61200000000,60200235781,60201078782,843001
57600000000,61200000000,60201078782,60207890482,6811700
57600000000,61200000000,60207890482,60209520485,1630003
57600000000,61200000000,60209520485,60209548241,27756
57600000000,61200000000,60209548241,60211307167,1758926
57600000000,61200000000,60211307167,60212150979,843812
57600000000,61200000000,60212150979,60213799621,1648642
57600000000,61200000000,60213799621,60214720129,920508
57600000000,61200000000,60214720129,60216354797,1634668
57600000000,61200000000,60216354797,60217300004,945207
57600000000,61200000000,60217300004,60221531340,4231336
57600000000,61200000000,60221531340,60229308263,7776923
57600000000,61200000000,60229308263,60237605595,8297332
57600000000,61200000000,60237605595,60239209515,1603920
57600000000,61200000000,60239209515,60240038996,829481
57600000000,61200000000,60240038996,60241968984,1929988
57600000000,61200000000,60241968984,60242769218,800234
57600000000,61200000000,60242769218,60244387212,1617994
57600000000,61200000000,60244387212,60244417641,30429
57600000000,61200000000,60244417641,60245997993,1580352
57600000000,61200000000,60245997993,60259983323,13985330
57600000000,61200000000,60259983323,60259983690,367
57600000000,61200000000,60259983690,60259983695,5
57600000000,61200000000,60259983695,60268945725,8962030
57600000000,61200000000,60268945725,60270544611,1598886
57600000000,61200000000,60270544611,60270544762,151
57600000000,61200000000,60270544762,60270544769,7
57600000000,61200000000,60270544769,60271490265,945496
57600000000,61200000000,60271490265,60273093257,1602992
57600000000,61200000000,60273093257,60274274968,1181711
57600000000,61200000000,60274274968,60296444539,22169571
57600000000,61200000000,60296444539,60296444652,113
57600000000,61200000000,60296444652,60296444665,13
57600000000,61200000000,60296444665,60297575926,1131261
57600000000,61200000000,60297575926,60297576017,91
57600000000,61200000000,60297576017,60297576024,7
57600000000,61200000000,60297576024,60299965931,2389907
57600000000,61200000000,60299965931,60299973982,8051
57600000000,61200000000,60299973982,60301579601,1605619
57600000000,61200000000,60301579601,60301579605,4
57600000000,61200000000,60301579605,60301579606,1
57600000000,61200000000,60301579606,60301579607,1
57600000000,61200000000,60301579607,60301579626,19
57600000000,61200000000,60301579626,60302326894,747268
57600000000,61200000000,60302326894,60302326919,25
57600000000,61200000000,60302326919,60302327084,165
57600000000,61200000000,60302327084,60302362285,35201
57600000000,61200000000,60302362285,60303904701,1542416
57600000000,61200000000,60303904701,60305599142,1694441
57600000000,61200000000,60305599142,60307603058,2003916
57600000000,61200000000,60307603058,60307613839,10781
57600000000,61200000000,60307613839,60307613916,77
57600000000,61200000000,60307613916,60307613933,17
57600000000,61200000000,60307613933,60309385731,1771798
57600000000,61200000000,60309385731,60309418714,32983
57600000000,61200000000,60309418714,60309418813,99
57600000000,61200000000,60309418813,60309418818,5
57600000000,61200000000,60309418818,60309418823,5
57600000000,61200000000,60309418823,60316849540,7430717
57600000000,61200000000,60316849540,60316854012,4472
57600000000,61200000000,60316854012,60316856810,2798
57600000000,61200000000,60316856810,60318709978,1853168
57600000000,61200000000,60318709978,60318709990,12
57600000000,61200000000,60318709990,60318709995,5
57600000000,61200000000,60318709995,60318710003,8
57600000000,61200000000,60318710003,60319568718,858715
57600000000,61200000000,60319568718,60319568723,5
57600000000,61200000000,60319568723,60320469260,900537
57600000000,61200000000,60320469260,60322791563,2322303
57600000000,61200000000,60322791563,60324489061,1697498
57600000000,61200000000,60324489061,60325054015,564954
57600000000,61200000000,60325054015,60325859028,805013
57600000000,61200000000,60325859028,60327498551,1639523
57600000000,61200000000,60327498551,60330321504,2822953
57600000000,61200000000,60330321504,60331881412,1559908
57600000000,61200000000,60331881412,60334247171,2365759
57600000000,61200000000,60334247171,60340764639,6517468
57600000000,61200000000,60340764639,60340764641,2
57600000000,61200000000,60340764641,60342416676,1652035
57600000000,61200000000,60342416676,60342449571,32895
57600000000,61200000000,60342449571,60342449676,105
57600000000,61200000000,60342449676,60342449687,11
57600000000,61200000000,60342449687,60355950279,13500592
57600000000,61200000000,60355950279,60362584982,6634703
57600000000,61200000000,60362584982,60362589219,4237
57600000000,61200000000,60362589219,60363423431,834212
57600000000,61200000000,60363423431,60363477937,54506
57600000000,61200000000,60363477937,60364241074,763137
57600000000,61200000000,60364241074,60364241105,31
57600000000,61200000000,60364241105,60364259727,18622
57600000000,61200000000,60364259727,60365039615,779888
57600000000,61200000000,60365039615,60365039626,11
57600000000,61200000000,60365039626,60365058565,18939
57600000000,61200000000,60365058565,60365820634,762069
57600000000,61200000000,60365820634,60366598084,777450
57600000000,61200000000,60366598084,60367458300,860216
57600000000,61200000000,60367458300,60368869519,1411219
57600000000,61200000000,60368869519,60370552548,1683029
57600000000,61200000000,60370552548,60372507577,1955029
57600000000,61200000000,60372507577,60375065962,2558385
57600000000,61200000000,60375065962,60375851847,785885
57600000000,61200000000,60375851847,60375851986,139
57600000000,61200000000,60375851986,60375851993,7
57600000000,61200000000,60375851993,60379127532,3275539
57600000000,61200000000,60379127532,60381794766,2667234
57600000000,61200000000,60381794766,60381794769,3
57600000000,61200000000,60381794769,60383320930,1526161
57600000000,61200000000,60383320930,60386840415,3519485
57600000000,61200000000,60386840415,60387667793,827378
57600000000,61200000000,60387667793,60388496172,828379
57600000000,61200000000,60388496172,60388530228,34056
57600000000,61200000000,60388530228,60390234622,1704394
57600000000,61200000000,60390234622,60390234681,59
57600000000,61200000000,60390234681,60390234686,5
57600000000,61200000000,60390234686,60401247005,11012319
57600000000,61200000000,60401247005,60401247133,128
57600000000,61200000000,60401247133,60401247138,5
57600000000,61200000000,60401247138,60401247147,9
57600000000,61200000000,60401247147,60401247265,118
57600000000,61200000000,60401247265,60401248683,1418
57600000000,61200000000,60401248683,60401248688,5
57600000000,61200000000,60401248688,60401248693,5
57600000000,61200000000,60401248693,60403858776,2610083
57600000000,61200000000,60403858776,60404997349,1138573
57600000000,61200000000,60404997349,60407977800,2980451
57600000000,61200000000,60407977800,60408011153,33353
57600000000,61200000000,60408011153,60408011292,139
57600000000,61200000000,60408011292,60408011297,5
57600000000,61200000000,60408011297,60408011302,5
57600000000,61200000000,60408011302,60408792545,781243
57600000000,61200000000,60408792545,60408792549,4
57600000000,61200000000,60408792549,60408837226,44677
57600000000,61200000000,60408837226,60408838455,1229
57600000000,61200000000,60408838455,60408838462,7
57600000000,61200000000,60408838462,60409610570,772108
57600000000,61200000000,60409610570,60409610574,4
57600000000,61200000000,60409610574,60410393125,782551
57600000000,61200000000,60410393125,60411051172,658047
57600000000,61200000000,60411051172,60412751334,1700162
57600000000,61200000000,60412751334,60413562606,811272
57600000000,61200000000,60413562606,60415732232,2169626
57600000000,61200000000,60415732232,60418234160,2501928
57600000000,61200000000,60418234160,60420086426,1852266
57600000000,61200000000,60420086426,60421194022,1107596
57600000000,61200000000,60421194022,60422077510,883488
57600000000,61200000000,60422077510,60423923432,1845922
57600000000,61200000000,60423923432,60426177748,2254316
57600000000,61200000000,60426177748,60426185783,8035
57600000000,61200000000,60426185783,60426185962,179
57600000000,61200000000,60426185962,60426185973,11
57600000000,61200000000,60426185973,60427735930,1549957
57600000000,61200000000,60427735930,60427781790,45860
57600000000,61200000000,60427781790,60428511277,729487
57600000000,61200000000,60428511277,60429249557,738280
57600000000,61200000000,60429249557,60429952157,702600
57600000000,61200000000,60429952157,60430086536,134379
57600000000,61200000000,60430086536,60431590527,1503991
57600000000,61200000000,60431590527,60432373573,783046
57600000000,61200000000,60432373573,60432374138,565
57600000000,61200000000,60432374138,60432536055,161917
57600000000,61200000000,60432536055,60433279210,743155
57600000000,61200000000,60433279210,60434987190,1707980
57600000000,61200000000,60434987190,60437067407,2080217
57600000000,61200000000,60437067407,60447728374,10660967
57600000000,61200000000,60447728374,60447738729,10355
57600000000,61200000000,60447738729,60447739293,564
57600000000,61200000000,60447739293,60449353282,1613989
57600000000,61200000000,60449353282,60450141654,788372
57600000000,61200000000,60450141654,60450141695,41
57600000000,61200000000,60450141695,60450141833,138
57600000000,61200000000,60450141833,60450141838,5
57600000000,61200000000,60450141838,60452185863,2044025
57600000000,61200000000,60452185863,60452186679,816
57600000000,61200000000,60452186679,60456070609,3883930
57600000000,61200000000,60456070609,60470639389,14568780
57600000000,61200000000,60470639389,60473894632,3255243
57600000000,61200000000,60473894632,60486169026,12274394
57600000000,61200000000,60486169026,60487620803,1451777
57600000000,61200000000,60487620803,60494083495,6462692
57600000000,61200000000,60494083495,60494083584,89
57600000000,61200000000,60494083584,60494083589,5
57600000000,61200000000,60494083589,60494083594,5
57600000000,61200000000,60494083594,60503377484,9293890
57600000000,61200000000,60503377484,60506902578,3525094
57600000000,61200000000,60506902578,60508488027,1585449
57600000000,61200000000,60508488027,60509293042,805015
57600000000,61200000000,60509293042,60510840351,1547309
57600000000,61200000000,60510840351,60510864760,24409
57600000000,61200000000,60510864760,60523598579,12733819
57600000000,61200000000,60523598579,60523603584,5005
57600000000,61200000000,60523603584,60525384033,1780449
57600000000,61200000000,60525384033,60525384043,10
57600000000,61200000000,60525384043,60533769357,8385314
57600000000,61200000000,60533769357,60541327629,7558272
57600000000,61200000000,60541327629,60542850943,1523314
57600000000,61200000000,60542850943,60543660873,809930
57600000000,61200000000,60543660873,60552977636,9316763
57600000000,61200000000,60552977636,60552977753,117
57600000000,61200000000,60552977753,60552977760,7
57600000000,61200000000,60552977760,60552977794,34
57600000000,61200000000,60552977794,60552977797,3
57600000000,61200000000,60552977797,60554502628,1524831
57600000000,61200000000,60554502628,60560870819,6368191
57600000000,61200000000,60560870819,60560870822,3
57600000000,61200000000,60560870822,60562257094,1386272
57600000000,61200000000,60562257094,60585879313,23622219
57600000000,61200000000,60585879313,60589322811,3443498
57600000000,61200000000,60589322811,60590935777,1612966
57600000000,61200000000,60590935777,60592472636,1536859
57600000000,61200000000,60592472636,60604348737,11876101
57600000000,61200000000,60604348737,60605163823,815086
57600000000,61200000000,60605163823,60605909178,745355
57600000000,61200000000,60605909178,60606728719,819541
57600000000,61200000000,60606728719,60607536343,807624
57600000000,61200000000,60607536343,60609152856,1616513
57600000000,61200000000,60609152856,60609152923,67
57600000000,61200000000,60609152923,60609152928,5
57600000000,61200000000,60609152928,60612896413,3743485
57600000000,61200000000,60612896413,60614384505,1488092
57600000000,61200000000,60614384505,60616786474,2401969
57600000000,61200000000,60616786474,60616801502,15028
57600000000,61200000000,60616801502,60616804200,2698
57600000000,61200000000,60616804200,60618320077,1515877
57600000000,61200000000,60618320077,60618320089,12
57600000000,61200000000,60618320089,60618320101,12
57600000000,61200000000,60618320101,60619157619,837518
57600000000,61200000000,60619157619,60620730331,1572712
57600000000,61200000000,60620730331,60620744622,14291
57600000000,61200000000,60620744622,60625662722,4918100
57600000000,61200000000,60625662722,60634564852,8902130
57600000000,61200000000,60634564852,60634568948,4096
57600000000,61200000000,60634568948,60634584423,15475
57600000000,61200000000,60634584423,60636833785,2249362
57600000000,61200000000,60636833785,60636833798,13
57600000000,61200000000,60636833798,60640128961,3295163
57600000000,61200000000,60640128961,60642485238,2356277
57600000000,61200000000,60642485238,60642485240,2
57600000000,61200000000,60642485240,60643903502,1418262
57600000000,61200000000,60643903502,60644726654,823152
57600000000,61200000000,60644726654,60647857724,3131070
57600000000,61200000000,60647857724,60649458963,1601239
57600000000,61200000000,60649458963,60649473444,14481
57600000000,61200000000,60649473444,60649473590,146
57600000000,61200000000,60649473590,60651875192,2401602
57600000000,61200000000,60651875192,60653414966,1539774
57600000000,61200000000,60653414966,60658772736,5357770
57600000000,61200000000,60658772736,60660141845,1369109
57600000000,61200000000,60660141845,60663546343,3404498
57600000000,61200000000,60663546343,60666988774,3442431
57600000000,61200000000,60666988774,60668499036,1510262
57600000000,61200000000,60668499036,60671871237,3372201
57600000000,61200000000,60671871237,60671871274,37
57600000000,61200000000,60671871274,60671871279,5
57600000000,61200000000,60671871279,60674345707,2474428
57600000000,61200000000,60674345707,60674345710,3
57600000000,61200000000,60674345710,60675951802,1606092
57600000000,61200000000,60675951802,60677816242,1864440
57600000000,61200000000,60677816242,60680227625,2411383
57600000000,61200000000,60680227625,60681771562,1543937
57600000000,61200000000,60681771562,60682588981,817419
57600000000,61200000000,60682588981,60688481064,5892083
57600000000,61200000000,60688481064,60689289995,808931
57600000000,61200000000,60689289995,60689304180,14185
57600000000,61200000000,60689304180,60690929334,1625154
57600000000,61200000000,60690929334,60690929334,0
57600000000,61200000000,60690929334,60692480469,1551135
57600000000,61200000000,60692480469,60695686364,3205895
57600000000,61200000000,60695686364,60701882937,6196573
57600000000,61200000000,60701882937,60703586809,1703872
57600000000,61200000000,60703586809,60704447612,860803
57600000000,61200000000,60704447612,60705302950,855338
57600000000,61200000000,60705302950,60706215425,912475
57600000000,61200000000,60706215425,60706239776,24351
57600000000,61200000000,60706239776,60706239873,97
57600000000,61200000000,60706239873,60706239878,5
57600000000,61200000000,60706239878,60711560154,5320276
57600000000,61200000000,60711560154,60711560221,67
57600000000,61200000000,60711560221,60711560226,5
57600000000,61200000000,60711560226,60712357723,797497
57600000000,61200000000,60712357723,60714221109,1863386
57600000000,61200000000,60714221109,60715994865,1773756
57600000000,61200000000,60715994865,60724130577,8135712
57600000000,61200000000,60724130577,60724134676,4099
57600000000,61200000000,60724134676,60724140076,5400
57600000000,61200000000,60724140076,60724942106,802030
57600000000,61200000000,60724942106,60726396286,1454180
57600000000,61200000000,60726396286,60726396289,3
57600000000,61200000000,60726396289,60726396304,15
57600000000,61200000000,60726396304,60726396745,441
57600000000,61200000000,60726396745,60726430881,34136
57600000000,61200000000,60726430881,60727186472,755591
57600000000,61200000000,60727186472,60727186520,48
57600000000,61200000000,60727186520,60727205502,18982
57600000000,61200000000,60727205502,60727999299,793797
57600000000,61200000000,60727999299,60728847497,848198
57600000000,61200000000,60728847497,60729020407,172910
57600000000,61200000000,60729020407,60729839308,818901
57600000000,61200000000,60729839308,60730618563,779255
57600000000,61200000000,60730618563,60731515393,896830
57600000000,61200000000,60731515393,60732848004,1332611
57600000000,61200000000,60732848004,60732848030,26
57600000000,61200000000,60732848030,60732876613,28583
57600000000,61200000000,60732876613,60734505319,1628706
57600000000,61200000000,60734505319,60735342494,837175
57600000000,61200000000,60735342494,60737082424,1739930
57600000000,61200000000,60737082424,60741233906,4151482
57600000000,61200000000,60741233906,60741234153,247
57600000000,61200000000,60741234153,60742142901,908748
57600000000,61200000000,60742142901,60742147248,4347
57600000000,61200000000,60742147248,60742150189,2941
57600000000,61200000000,60742150189,60742152442,2253
57600000000,61200000000,60742152442,60744101333,1948891
57600000000,61200000000,60744101333,60744101811,478
57600000000,61200000000,60744101811,60744101824,13
57600000000,61200000000,60744101824,60744938154,836330
57600000000,61200000000,60744938154,60746473830,1535676
57600000000,61200000000,60746473830,60748221468,1747638
57600000000,61200000000,60748221468,60748221545,77
57600000000,61200000000,60748221545,60751475932,3254387
57600000000,61200000000,60751475932,60753218364,1742432
57600000000,61200000000,60753218364,60763213313,9994949
57600000000,61200000000,60763213313,60765080915,1867602
57600000000,61200000000,60765080915,60766773773,1692858
57600000000,61200000000,60766773773,60776335714,9561941
57600000000,61200000000,60776335714,60778745924,2410210
57600000000,61200000000,60778745924,60783300990,4555066
57600000000,61200000000,60783300990,60784756201,1455211
57600000000,61200000000,60784756201,60798292120,13535919
57600000000,61200000000,60798292120,60813608431,15316311
57600000000,61200000000,60813608431,60813608468,37
57600000000,61200000000,60813608468,60813608473,5
57600000000,61200000000,60813608473,60815018084,1409611
57600000000,61200000000,60815018084,60815018539,455
57600000000,61200000000,60815018539,60815018543,4
57600000000,61200000000,60815018543,60815018582,39
57600000000,61200000000,60815018582,60815018587,5
57600000000,61200000000,60815018587,60817362356,2343769
57600000000,61200000000,60817362356,60817362443,87
57600000000,61200000000,60817362443,60817362448,5
57600000000,61200000000,60817362448,60820801428,3438980
57600000000,61200000000,60820801428,60822255707,1454279
57600000000,61200000000,60822255707,60824385516,2129809
57600000000,61200000000,60824385516,60825969019,1583503
57600000000,61200000000,60825969019,60826759251,790232
57600000000,61200000000,60826759251,60826776964,17713
57600000000,61200000000,60826776964,60828486441,1709477
57600000000,61200000000,60828486441,60828486459,18
57600000000,61200000000,60828486459,60829318825,832366
57600000000,61200000000,60829318825,60829336195,17370
57600000000,61200000000,60829336195,60831303232,1967037
57600000000,61200000000,60831303232,60831303386,154
57600000000,61200000000,60831303386,60831390885,87499
57600000000,61200000000,60831390885,60832237320,846435
57600000000,61200000000,60832237320,60832247887,10567
57600000000,61200000000,60832247887,60832248063,176
57600000000,61200000000,60832248063,60832248070,7
57600000000,61200000000,60832248070,60833074497,826427
57600000000,61200000000,60833074497,60833111424,36927
57600000000,61200000000,60833111424,60833869377,757953
57600000000,61200000000,60833869377,60834338570,469193
57600000000,61200000000,60834338570,60835862412,1523842
57600000000,61200000000,60835862412,60835862415,3
57600000000,61200000000,60835862415,60835892259,29844
57600000000,61200000000,60835892259,60836616325,724066
57600000000,61200000000,60836616325,60836616814,489
57600000000,61200000000,60836616814,60837467209,850395
57600000000,61200000000,60837467209,60842581056,5113847
57600000000,61200000000,60842581056,60842581193,137
57600000000,61200000000,60842581193,60842581233,40
57600000000,61200000000,60842581233,60845577976,2996743
57600000000,61200000000,60845577976,60847993027,2415051
57600000000,61200000000,60847993027,60849898275,1905248
57600000000,61200000000,60849898275,60850609214,710939
57600000000,61200000000,60850609214,60851674419,1065205
57600000000,61200000000,60851674419,60851693316,18897
57600000000,61200000000,60851693316,60851698027,4711
57600000000,61200000000,60851698027,60851706204,8177
57600000000,61200000000,60851706204,60851710486,4282
57600000000,61200000000,60851710486,60851716061,5575
57600000000,61200000000,60851716061,60852453580,737519
57600000000,61200000000,60852453580,60852476932,23352
57600000000,61200000000,60852476932,60852485040,8108
57600000000,61200000000,60852485040,60853332452,847412
57600000000,61200000000,60853332452,60854885636,1553184
57600000000,61200000000,60854885636,60854885639,3
57600000000,61200000000,60854885639,60854885640,1
57600000000,61200000000,60854885640,60854885695,55
57600000000,61200000000,60854885695,60854885698,3
57600000000,61200000000,60854885698,60854885699,1
57600000000,61200000000,60854885699,60854885772,73
57600000000,61200000000,60854885772,60854885784,12
57600000000,61200000000,60854885784,60854885795,11
57600000000,61200000000,60854885795,60856548394,1662599
57600000000,61200000000,60856548394,60856548778,384
57600000000,61200000000,60856548778,60856549223,445
57600000000,61200000000,60856549223,60856549234,11
57600000000,61200000000,60856549234,60856549245,11
57600000000,61200000000,60856549245,60856549256,11
57600000000,61200000000,60856549256,60856549268,12
57600000000,61200000000,60856549268,60864915421,8366153
57600000000,61200000000,60864915421,60864916028,607
57600000000,61200000000,60864916028,60865024431,108403
57600000000,61200000000,60865024431,60865840690,816259
57600000000,61200000000,60865840690,60866657538,816848
57600000000,61200000000,60866657538,60876735264,10077726
57600000000,61200000000,60876735264,60876735353,89
57600000000,61200000000,60876735353,60876735460,107
57600000000,61200000000,60876735460,60876735465,5
57600000000,61200000000,60876735465,60879294121,2558656
57600000000,61200000000,60879294121,60880850196,1556075
57600000000,61200000000,60880850196,60883050571,2200375
57600000000,61200000000,60883050571,60883589535,538964
57600000000,61200000000,60883589535,60883595486,5951
57600000000,61200000000,60883595486,60883597901,2415
57600000000,61200000000,60883597901,60886846709,3248808
57600000000,61200000000,60886846709,60886846714,5
57600000000,61200000000,60886846714,60886846715,1
57600000000,61200000000,60886846715,60886846758,43
57600000000,61200000000,60886846758,60886846789,31
57600000000,61200000000,60886846789,60886846800,11
57600000000,61200000000,60886846800,60887617066,770266
57600000000,61200000000,60887617066,60887617525,459
57600000000,61200000000,60887617525,60887645837,28312
57600000000,61200000000,60887645837,60897672870,10027033
57600000000,61200000000,60897672870,60899212825,1539955
57600000000,61200000000,60899212825,60899284707,71882
57600000000,61200000000,60899284707,60900777796,1493089
57600000000,61200000000,60900777796,60900796025,18229
57600000000,61200000000,60900796025,60901518822,722797
57600000000,61200000000,60901518822,60901539037,20215
57600000000,61200000000,60901539037,60902270969,731932
57600000000,61200000000,60902270969,60902302193,31224
57600000000,61200000000,60902302193,60903027416,725223
57600000000,61200000000,60903027416,60903698850,671434
57600000000,61200000000,60903698850,60910505031,6806181
57600000000,61200000000,60910505031,60912050394,1545363
57600000000,61200000000,60912050394,60912053019,2625
57600000000,61200000000,60912053019,60913477342,1424323
57600000000,61200000000,60913477342,60913477355,13
57600000000,61200000000,60913477355,60915068040,1590685
57600000000,61200000000,60915068040,60916626715,1558675
57600000000,61200000000,60916626715,60921769305,5142590
57600000000,61200000000,60921769305,60926567951,4798646
57600000000,61200000000,60926567951,60928976560,2408609
57600000000,61200000000,60928976560,60931752781,2776221
57600000000,61200000000,60931752781,60931752785,4
57600000000,61200000000,60931752785,60931752901,116
57600000000,61200000000,60931752901,60931752912,11
57600000000,61200000000,60931752912,60933369795,1616883
57600000000,61200000000,60933369795,60933373986,4191
57600000000,61200000000,60933373986,60933376557,2571
57600000000,61200000000,60933376557,60933378614,2057
57600000000,61200000000,60933378614,60934908995,1530381
57600000000,61200000000,60934908995,60934909007,12
57600000000,61200000000,60934909007,60934909020,13
57600000000,61200000000,60934909020,60934909032,12
57600000000,61200000000,60934909032,60938446310,3537278
57600000000,61200000000,60938446310,60938450607,4297
57600000000,61200000000,60938450607,60938450609,2
57600000000,61200000000,60938450609,60939849921,1399312
57600000000,61200000000,60939849921,60939849932,11
57600000000,61200000000,60939849932,60945106283,5256351
57600000000,61200000000,60945106283,60946622310,1516027
57600000000,61200000000,60946622310,60947435269,812959
57600000000,61200000000,60947435269,60948965160,1529891
57600000000,61200000000,60948965160,60949837653,872493
57600000000,61200000000,60949837653,60951475277,1637624
57600000000,61200000000,60951475277,60951837003,361726
57600000000,61200000000,60951837003,60952620031,783028
57600000000,61200000000,60952620031,60952620058,27
57600000000,61200000000,60952620058,60952620063,5
57600000000,61200000000,60952620063,60956822143,4202080
57600000000,61200000000,60956822143,60956822191,48
57600000000,61200000000,60956822191,60956822196,5
57600000000,61200000000,60956822196,60961655226,4833030
57600000000,61200000000,60961655226,60965246615,3591389
57600000000,61200000000,60965246615,60971218889,5972274
57600000000,61200000000,60971218889,60971218987,98
57600000000,61200000000,60971218987,60971218992,5
57600000000,61200000000,60971218992,60971994408,775416
57600000000,61200000000,60971994408,60972842131,847723
57600000000,61200000000,60972842131,60972842134,3
57600000000,61200000000,60972842134,60974745061,1902927
57600000000,61200000000,60974745061,60976341713,1596652
57600000000,61200000000,60976341713,60976341744,31
57600000000,61200000000,60976341744,60976341751,7
57600000000,61200000000,60976341751,60977272251,930500
57600000000,61200000000,60977272251,60978149841,877590
57600000000,61200000000,60978149841,60978978381,828540
57600000000,61200000000,60978978381,60979018266,39885
57600000000,61200000000,60979018266,60979990164,971898
57600000000,61200000000,60979990164,60979990315,151
57600000000,61200000000,60979990315,60979990322,7
57600000000,61200000000,60979990322,60980999735,1009413
57600000000,61200000000,60980999735,60984930464,3930729
57600000000,61200000000,60984930464,60986149208,1218744
57600000000,61200000000,60986149208,60986932939,783731
57600000000,61200000000,60986932939,60987744459,811520
57600000000,61200000000,60987744459,60988482173,737714
57600000000,61200000000,60988482173,60989988590,1506417
57600000000,61200000000,60989988590,60993318085,3329495
57600000000,61200000000,60993318085,61000809997,7491912
57600000000,61200000000,61000809997,61002314873,1504876
57600000000,61200000000,61002314873,61003605340,1290467
57600000000,61200000000,61003605340,61003606002,662
57600000000,61200000000,61003606002,61005237676,1631674
57600000000,61200000000,61005237676,61006799818,1562142
57600000000,61200000000,61006799818,61008771851,1972033
57600000000,61200000000,61008771851,61009560501,788650
57600000000,61200000000,61009560501,61010316335,755834
57600000000,61200000000,61010316335,61011152231,835896
57600000000,61200000000,61011152231,61011801586,649355
57600000000,61200000000,61011801586,61013395620,1594034
57600000000,61200000000,61013395620,61013395624,4
57600000000,61200000000,61013395624,61013395625,1
57600000000,61200000000,61013395625,61013395682,57
57600000000,61200000000,61013395682,61013461502,65820
57600000000,61200000000,61013461502,61013461539,37
57600000000,61200000000,61013461539,61013461544,5
57600000000,61200000000,61013461544,61014225899,764355
57600000000,61200000000,61014225899,61014226093,194
57600000000,61200000000,61014226093,61021680258,7454165
57600000000,61200000000,61021680258,61023307187,1626929
57600000000,61200000000,61023307187,61024182993,875806
57600000000,61200000000,61024182993,61025722598,1539605
57600000000,61200000000,61025722598,61025722603,5
57600000000,61200000000,61025722603,61026515926,793323
57600000000,61200000000,61026515926,61026515931,5
57600000000,61200000000,61026515931,61026532412,16481
57600000000,61200000000,61026532412,61027317801,785389
57600000000,61200000000,61027317801,61028126602,808801
57600000000,61200000000,61028126602,61028148586,21984
57600000000,61200000000,61028148586,61029211739,1063153
57600000000,61200000000,61029211739,61029229902,18163
57600000000,61200000000,61029229902,61032952981,3723079
57600000000,61200000000,61032952981,61032977724,24743
57600000000,61200000000,61032977724,61034526484,1548760
57600000000,61200000000,61034526484,61036070959,1544475
57600000000,61200000000,61036070959,61036098230,27271
57600000000,61200000000,61036098230,61036098390,160
57600000000,61200000000,61036098390,61036098395,5
57600000000,61200000000,61036098395,61036098400,5
57600000000,61200000000,61036098400,61037792405,1694005
57600000000,61200000000,61037792405,61037842736,50331
57600000000,61200000000,61037842736,61039679118,1836382
57600000000,61200000000,61039679118,61047336994,7657876
57600000000,61200000000,61047336994,61048096291,759297
57600000000,61200000000,61048096291,61048096430,139
57600000000,61200000000,61048096430,61048096437,7
57600000000,61200000000,61048096437,61054868295,6771858
57600000000,61200000000,61054868295,61054871719,3424
57600000000,61200000000,61054871719,61056437372,1565653
57600000000,61200000000,61056437372,61059515137,3077765
57600000000,61200000000,61059515137,61061425049,1909912
57600000000,61200000000,61061425049,61062954881,1529832
57600000000,61200000000,61062954881,61062954925,44
57600000000,61200000000,61062954925,61062954932,7
57600000000,61200000000,61062954932,61068170957,5216025
57600000000,61200000000,61068170957,61068197874,26917
57600000000,61200000000,61068197874,61068200458,2584
57600000000,61200000000,61068200458,61068204025,3567
57600000000,61200000000,61068204025,61069695335,1491310
57600000000,61200000000,61069695335,61069695359,24
57600000000,61200000000,61069695359,61069695377,18
57600000000,61200000000,61069695377,61069695401,24
57600000000,61200000000,61069695401,61088357289,18661888
57600000000,61200000000,61088357289,61089931196,1573907
57600000000,61200000000,61089931196,61090753489,822293
57600000000,61200000000,61090753489,61092592949,1839460
57600000000,61200000000,61092592949,61100041639,7448690
57600000000,61200000000,61100041639,61100056499,14860
57600000000,61200000000,61100056499,61101455896,1399397
57600000000,61200000000,61101455896,61101455907,11
57600000000,61200000000,61101455907,61110414120,8958213
57600000000,61200000000,61110414120,61111911232,1497112
57600000000,61200000000,61111911232,61117659507,5748275
57600000000,61200000000,61117659507,61119205971,1546464
57600000000,61200000000,61119205971,61138635887,19429916
57600000000,61200000000,61138635887,61138636026,139
57600000000,61200000000,61138636026,61138636033,7
57600000000,61200000000,61138636033,61141177344,2541311
57600000000,61200000000,61141177344,61142670413,1493069
57600000000,61200000000,61142670413,61142670417,4
57600000000,61200000000,61142670417,61142692248,21831
57600000000,61200000000,61142692248,61143504302,812054
57600000000,61200000000,61143504302,61143530172,25870
57600000000,61200000000,61143530172,61143530172,0
57600000000,61200000000,61143530172,61144287782,757610
57600000000,61200000000,61144287782,61144311737,23955
57600000000,61200000000,61144311737,61144316100,4363
57600000000,61200000000,61144316100,61145104107,788007
57600000000,61200000000,61145104107,61145856281,752174
57600000000,61200000000,61145856281,61146959870,1103589
57600000000,61200000000,61146959870,61146983980,24110
57600000000,61200000000,61146983980,61146984593,613
57600000000,61200000000,61146984593,61146984661,68
57600000000,61200000000,61146984661,61146984666,5
57600000000,61200000000,61146984666,61146984673,7
57600000000,61200000000,61146984673,61148583192,1598519
57600000000,61200000000,61148583192,61162103377,13520185
57600000000,61200000000,61162103377,61162110728,7351
57600000000,61200000000,61162110728,61163650404,1539676
57600000000,61200000000,61163650404,61163650408,4
57600000000,61200000000,61163650408,61163650409,1
57600000000,61200000000,61163650409,61163650426,17
57600000000,61200000000,61163650426,61163650430,4
57600000000,61200000000,61163650430,61163650431,1
57600000000,61200000000,61163650431,61163668720,18289
57600000000,61200000000,61163668720,61164485060,816340
57600000000,61200000000,61164485060,61164485091,31
57600000000,61200000000,61164485091,61164486009,918
57600000000,61200000000,61164486009,61164486020,11
57600000000,61200000000,61164486020,61165673232,1187212
57600000000,61200000000,61165673232,61165694191,20959
57600000000,61200000000,61165694191,61165694191,0
57600000000,61200000000,61165694191,61166472192,778001
57600000000,61200000000,61166472192,61166499604,27412
57600000000,61200000000,61166499604,61168214460,1714856
57600000000,61200000000,61168214460,61170091199,1876739
57600000000,61200000000,61170091199,61170887822,796623
57600000000,61200000000,61170887822,61180221588,9333766
57600000000,61200000000,61180221588,61181661464,1439876
57600000000,61200000000,61181661464,61188048757,6387293
57600000000,61200000000,61188048757,61188048784,27
57600000000,61200000000,61188048784,61188048789,5
61200000000,64800000000,61200426311,61202300548,1874237
61200000000,64800000000,61202300548,61202999695,699147
61200000000,64800000000,61202999695,61203798078,798383
61200000000,64800000000,61203798078,61204614585,816507
61200000000,64800000000,61204614585,61204637164,22579
61200000000,64800000000,61204637164,61205411469,774305
61200000000,64800000000,61205411469,61205430016,18547
61200000000,64800000000,61205430016,61206937627,1507611
61200000000,64800000000,61206937627,61207750756,813129
61200000000,64800000000,61207750756,61207750782,26
61200000000,64800000000,61207750782,61207750789,7
61200000000,64800000000,61207750789,61211878474,4127685
61200000000,64800000000,61211878474,61212613176,734702
61200000000,64800000000,61212613176,61213348936,735760
61200000000,64800000000,61213348936,61214034918,685982
61200000000,64800000000,61214034918,61224926722,10891804
61200000000,64800000000,61224926722,61224931739,5017
61200000000,64800000000,61224931739,61226439768,1508029
61200000000,64800000000,61226439768,61226439780,12
61200000000,64800000000,61226439780,61227259771,819991
61200000000,64800000000,61227259771,61227274157,14386
61200000000,64800000000,61227274157,61228858380,1584223
61200000000,64800000000,61228858380,61238743077,9884697
61200000000,64800000000,61238743077,61238743079,2
61200000000,64800000000,61238743079,61240367975,1624896
61200000000,64800000000,61240367975,61242775113,2407138
61200000000,64800000000,61242775113,61243617449,842336
61200000000,64800000000,61243617449,61245545364,1927915
61200000000,64800000000,61245545364,61245545369,5
61200000000,64800000000,61245545369,61245545370,1
61200000000,64800000000,61245545370,61245545484,114
61200000000,64800000000,61245545484,61246351062,805578
61200000000,64800000000,61246351062,61246353489,2427
61200000000,64800000000,61246353489,61247983833,1630344
61200000000,64800000000,61247983833,61247983930,97
61200000000,64800000000,61247983930,61247983935,5
61200000000,64800000000,61247983935,61248819380,835445
61200000000,64800000000,61248819380,61248819447,67
61200000000,64800000000,61248819447,61248819454,7
61200000000,64800000000,61248819454,61250543490,1724036
61200000000,64800000000,61250543490,61251316095,772605
61200000000,64800000000,61251316095,61252072342,756247
61200000000,64800000000,61252072342,61253733674,1661332
61200000000,64800000000,61253733674,61256466440,2732766
61200000000,64800000000,61256466440,61256492632,26192
61200000000,64800000000,61256492632,61258180910,1688278
61200000000,64800000000,61258180910,61258180934,24
61200000000,64800000000,61258180934,61261325536,3144602
61200000000,64800000000,61261325536,61262098621,773085
61200000000,64800000000,61262098621,61264528728,2430107
61200000000,64800000000,61264528728,61271360867,6832139
61200000000,64800000000,61271360867,61271361201,334
61200000000,64800000000,61271361201,61271361212,11
61200000000,64800000000,61271361212,61275256897,3895685
61200000000,64800000000,61275256897,61275281947,25050
61200000000,64800000000,61275281947,61275282044,97
61200000000,64800000000,61275282044,61275282049,5
61200000000,64800000000,61275282049,61275282596,547
61200000000,64800000000,61275282596,61275282599,3
61200000000,64800000000,61275282599,61277114076,1831477
61200000000,64800000000,61277114076,61277137127,23051
61200000000,64800000000,61277137127,61278619348,1482221
61200000000,64800000000,61278619348,61280205021,1585673
61200000000,64800000000,61280205021,61288442418,8237397
61200000000,64800000000,61288442418,61288469456,27038
61200000000,64800000000,61288469456,61289249421,779965
61200000000,64800000000,61289249421,61289274447,25026
61200000000,64800000000,61289274447,61289274484,37
61200000000,64800000000,61289274484,61289274489,5
61200000000,64800000000,61289274489,61290087172,812683
61200000000,64800000000,61290087172,61290087190,18
61200000000,64800000000,61290087190,61290966432,879242
61200000000,64800000000,61290966432,61290983631,17199
61200000000,64800000000,61290983631,61291779412,795781
61200000000,64800000000,61291779412,61292579123,799711
61200000000,64800000000,61292579123,61293468653,889530
61200000000,64800000000,61293468653,61293538170,69517
61200000000,64800000000,61293538170,61295964639,2426469
61200000000,64800000000,61295964639,61295964765,126
61200000000,64800000000,61295964765,61295964772,7
61200000000,64800000000,61295964772,61300437065,4472293
61200000000,64800000000,61300437065,61302038012,1600947
61200000000,64800000000,61302038012,61303590053,1552041
61200000000,64800000000,61303590053,61303600989,10936
61200000000,64800000000,61303600989,61303601058,69
61200000000,64800000000,61303601058,61303601063,5
61200000000,64800000000,61303601063,61303601068,5
61200000000,64800000000,61303601068,61305186341,1585273
61200000000,64800000000,61305186341,61305254722,68381
61200000000,64800000000,61305254722,61306073431,818709
61200000000,64800000000,61306073431,61306890371,816940
61200000000,64800000000,61306890371,61307740138,849767
61200000000,64800000000,61307740138,61308597807,857669
61200000000,64800000000,61308597807,61310490796,1892989
61200000000,64800000000,61310490796,61311274023,783227
61200000000,64800000000,61311274023,61313299616,2025593
61200000000,64800000000,61313299616,61318280232,4980616
61200000000,64800000000,61318280232,61318285199,4967
61200000000,64800000000,61318285199,61320223295,1938096
61200000000,64800000000,61320223295,61320223321,26
61200000000,64800000000,61320223321,61322805070,2581749
61200000000,64800000000,61322805070,61323629677,824607
61200000000,64800000000,61323629677,61324440934,811257
61200000000,64800000000,61324440934,61324478265,37331
61200000000,64800000000,61324478265,61325266184,787919
61200000000,64800000000,61325266184,61325290036,23852
61200000000,64800000000,61325290036,61325292560,2524
61200000000,64800000000,61325292560,61325292619,59
61200000000,64800000000,61325292619,61325292624,5
61200000000,64800000000,61325292624,61325292629,5
61200000000,64800000000,61325292629,61326144284,851655
61200000000,64800000000,61326144284,61326160712,16428
61200000000,64800000000,61326160712,61326165948,5236
61200000000,64800000000,61326165948,61326184727,18779
61200000000,64800000000,61326184727,61326934814,750087
61200000000,64800000000,61326934814,61326964409,29595
61200000000,64800000000,61326964409,61327746898,782489
61200000000,64800000000,61327746898,61327746910,12
61200000000,64800000000,61327746910,61327746934,24
61200000000,64800000000,61327746934,61328567787,820853
61200000000,64800000000,61328567787,61328589552,21765
61200000000,64800000000,61328589552,61330646818,2057266
61200000000,64800000000,61330646818,61334960202,4313384
61200000000,64800000000,61334960202,61334962853,2651
61200000000,64800000000,61334962853,61336568291,1605438
61200000000,64800000000,61336568291,61336568295,4
61200000000,64800000000,61336568295,61336568296,1
61200000000,64800000000,61336568296,61336568297,1
61200000000,64800000000,61336568297,61336568689,392
61200000000,64800000000,61336568689,61336590484,21795
61200000000,64800000000,61336590484,61337349951,759467
61200000000,64800000000,61337349951,61337355335,5384
61200000000,64800000000,61337355335,61337356807,1472
61200000000,64800000000,61337356807,61338348129,991322
61200000000,64800000000,61338348129,61348397862,10049733
61200000000,64800000000,61348397862,61348397866,4
61200000000,64800000000,61348397866,61348397913,47
61200000000,64800000000,61348397913,61348397918,5
61200000000,64800000000,61348397918,61349320367,922449
61200000000,64800000000,61349320367,61349320370,3
61200000000,64800000000,61349320370,61350953756,1633386
61200000000,64800000000,61350953756,61354604097,3650341
61200000000,64800000000,61354604097,61355419615,815518
61200000000,64800000000,61355419615,61356248446,828831
61200000000,64800000000,61356248446,61356272700,24254
61200000000,64800000000,61356272700,61357173879,901179
61200000000,64800000000,61357173879,61360627375,3453496
61200000000,64800000000,61360627375,61362205987,1578612
61200000000,64800000000,61362205987,61363596072,1390085
61200000000,64800000000,61363596072,61363596102,30
61200000000,64800000000,61363596102,61363596107,5
61200000000,64800000000,61363596107,61364504562,908455
61200000000,64800000000,61364504562,61366131174,1626612
61200000000,64800000000,61366131174,61367081500,950326
61200000000,64800000000,61367081500,61368669904,1588404
61200000000,64800000000,61368669904,61369545348,875444
61200000000,64800000000,61369545348,61371199308,1653960
61200000000,64800000000,61371199308,61372042498,843190
61200000000,64800000000,61372042498,61373948454,1905956
61200000000,64800000000,61373948454,61373948458,4
61200000000,64800000000,61373948458,61373948459,1
61200000000,64800000000,61373948459,61375115713,1167254
61200000000,64800000000,61375115713,61375116803,1090
61200000000,64800000000,61375116803,61382379435,7262632
61200000000,64800000000,61382379435,61383378378,998943
61200000000,64800000000,61383378378,61388496544,5118166
61200000000,64800000000,61388496544,61390009660,1513116
61200000000,64800000000,61390009660,61391545086,1535426
61200000000,64800000000,61391545086,61391564284,19198
61200000000,64800000000,61391564284,61393142347,1578063
61200000000,64800000000,61393142347,61393159265,16918
61200000000,64800000000,61393159265,61393159265,0
61200000000,64800000000,61393159265,61395820113,2660848
61200000000,64800000000,61395820113,61396636059,815946
61200000000,64800000000,61396636059,61398152541,1516482
61200000000,64800000000,61398152541,61400560478,2407937
61200000000,64800000000,61400560478,61401304970,744492
61200000000,64800000000,61401304970,61402137944,832974
61200000000,64800000000,61402137944,61408941171,6803227
61200000000,64800000000,61408941171,61410547595,1606424
61200000000,64800000000,61410547595,61414466442,3918847
61200000000,64800000000,61414466442,61414466442,0
61200000000,64800000000,61414466442,61416055925,1589483
61200000000,64800000000,61416055925,61416055929,4
61200000000,64800000000,61416055929,61416056186,257
61200000000,64800000000,61416056186,61416056193,7
61200000000,64800000000,61416056193,61420650088,4593895
61200000000,64800000000,61420650088,61422319670,1669582
61200000000,64800000000,61422319670,61424341806,2022136
61200000000,64800000000,61424341806,61425078883,737077
61200000000,64800000000,61425078883,61425079069,186
61200000000,64800000000,61425079069,61425079076,7
61200000000,64800000000,61425079076,61430253123,5174047
61200000000,64800000000,61430253123,61431759439,1506316
61200000000,64800000000,61431759439,61432553373,793934
61200000000,64800000000,61432553373,61434139627,1586254
61200000000,64800000000,61434139627,61434340896,201269
61200000000,64800000000,61434340896,61435088990,748094
61200000000,64800000000,61435088990,61435869731,780741
61200000000,64800000000,61435869731,61435869736,5
61200000000,64800000000,61435869736,61436674095,804359
61200000000,64800000000,61436674095,61436674099,4
61200000000,64800000000,61436674099,61436674157,58
61200000000,64800000000,61436674157,61437515830,841673
61200000000,64800000000,61437515830,61440969618,3453788
61200000000,64800000000,61440969618,61442574354,1604736
61200000000,64800000000,61442574354,61444205044,1630690
61200000000,64800000000,61444205044,61446708435,2503391
61200000000,64800000000,61446708435,61448199776,1491341
61200000000,64800000000,61448199776,61450901578,2701802
61200000000,64800000000,61450901578,61450902277,699
61200000000,64800000000,61450902277,61450902681,404
61200000000,64800000000,61450902681,61450902694,13
61200000000,64800000000,61450902694,61451746146,843452
61200000000,64800000000,61451746146,61453913212,2167066
61200000000,64800000000,61453913212,61453913215,3
61200000000,64800000000,61453913215,61453913216,1
61200000000,64800000000,61453913216,61454686052,772836
61200000000,64800000000,61454686052,61454686497,445
61200000000,64800000000,61454686497,61458831873,4145376
61200000000,64800000000,61458831873,61458836305,4432
61200000000,64800000000,61458836305,61458836868,563
61200000000,64800000000,61458836868,61460156580,1319712
61200000000,64800000000,61460156580,61460938249,781669
61200000000,64800000000,61460938249,61460961777,23528
61200000000,64800000000,61460961777,61461772181,810404
61200000000,64800000000,61461772181,61462550611,778430
61200000000,64800000000,61462550611,61471166176,8615565
61200000000,64800000000,61471166176,61471184039,17863
61200000000,64800000000,61471184039,61474266038,3081999
61200000000,64800000000,61474266038,61474266041,3
61200000000,64800000000,61474266041,61474266042,1
61200000000,64800000000,61474266042,61474266123,81
61200000000,64800000000,61474266123,61474266126,3
61200000000,64800000000,61474266126,61474266127,1
61200000000,64800000000,61474266127,61474299811,33684
61200000000,64800000000,61474299811,61476047073,1747262
61200000000,64800000000,61476047073,61476047438,365
61200000000,64800000000,61476047438,61476047970,532
61200000000,64800000000,61476047970,61476047996,26
61200000000,64800000000,61476047996,61476950061,902065
61200000000,64800000000,61476950061,61479659445,2709384
61200000000,64800000000,61479659445,61482187720,2528275
61200000000,64800000000,61482187720,61483603799,1416079
61200000000,64800000000,61483603799,61483603876,77
61200000000,64800000000,61483603876,61483603881,5
61200000000,64800000000,61483603881,61484448042,844161
61200000000,64800000000,61484448042,61488872836,4424794
61200000000,64800000000,61488872836,61488873443,607
61200000000,64800000000,61488873443,61489804288,930845
61200000000,64800000000,61489804288,61489809506,5218
61200000000,64800000000,61489809506,61489813362,3856
61200000000,64800000000,61489813362,61489815497,2135
61200000000,64800000000,61489815497,61489820525,5028
61200000000,64800000000,61489820525,61492478086,2657561
61200000000,64800000000,61492478086,61492478090,4
61200000000,64800000000,61492478090,61492478091,1
61200000000,64800000000,61492478091,61492478146,55
61200000000,64800000000,61492478146,61492478149,3
61200000000,64800000000,61492478149,61492478150,1
61200000000,64800000000,61492478150,61492478186,36
61200000000,64800000000,61492478186,61492478190,4
61200000000,64800000000,61492478190,61492478223,33
61200000000,64800000000,61492478223,61492478226,3
61200000000,64800000000,61492478226,61494641479,2163253
61200000000,64800000000,61494641479,61494641505,26
61200000000,64800000000,61494641505,61494641889,384
61200000000,64800000000,61494641889,61494641901,12
61200000000,64800000000,61494641901,61494641919,18
61200000000,64800000000,61494641919,61494641930,11
61200000000,64800000000,61494641930,61500618424,5976494
61200000000,64800000000,61500618424,61505728339,5109915
61200000000,64800000000,61505728339,61507488672,1760333
61200000000,64800000000,61507488672,61507514363,25691
61200000000,64800000000,61507514363,61508284176,769813
61200000000,64800000000,61508284176,61508318295,34119
61200000000,64800000000,61508318295,61508322711,4416
61200000000,64800000000,61508322711,61508325822,3111
61200000000,64800000000,61508325822,61510708231,2382409
61200000000,64800000000,61510708231,61510708234,3
61200000000,64800000000,61510708234,61510708235,1
61200000000,64800000000,61510708235,61510708259,24
61200000000,64800000000,61510708259,61510709372,1113
61200000000,64800000000,61510709372,61510709758,386
61200000000,64800000000,61510709758,61512312438,1602680
61200000000,64800000000,61512312438,61512312909,471
61200000000,64800000000,61512312909,61515905195,3592286
61200000000,64800000000,61515905195,61515905198,3
61200000000,64800000000,61515905198,61517547627,1642429
61200000000,64800000000,61517547627,61519993401,2445774
61200000000,64800000000,61519993401,61522535277,2541876
61200000000,64800000000,61522535277,61522535423,146
61200000000,64800000000,61522535423,61537663377,15127954
61200000000,64800000000,61537663377,61539211648,1548271
61200000000,64800000000,61539211648,61542596280,3384632
61200000000,64800000000,61542596280,61542596282,2
61200000000,64800000000,61542596282,61544548714,1952432
61200000000,64800000000,61544548714,61545445212,896498
61200000000,64800000000,61545445212,61545473121,27909
61200000000,64800000000,61545473121,61548492880,3019759
61200000000,64800000000,61548492880,61548492898,18
61200000000,64800000000,61548492898,61548524933,32035
61200000000,64800000000,61548524933,61548530766,5833
61200000000,64800000000,61548530766,61549310435,779669
61200000000,64800000000,61549310435,61550118029,807594
61200000000,64800000000,61550118029,61550118046,17
61200000000,64800000000,61550118046,61550978314,860268
61200000000,64800000000,61550978314,61552504787,1526473
61200000000,64800000000,61552504787,61568755189,16250402
61200000000,64800000000,61568755189,61570620260,1865071
61200000000,64800000000,61570620260,61571413539,793279
61200000000,64800000000,61571413539,61571414079,540
61200000000,64800000000,61571414079,61571414106,27
61200000000,64800000000,61571414106,61572385305,971199
61200000000,64800000000,61572385305,61572385491,186
61200000000,64800000000,61572385491,61572385502,11
61200000000,64800000000,61572385502,61573279741,894239
61200000000,64800000000,61573279741,61573279768,27
61200000000,64800000000,61573279768,61573279773,5
61200000000,64800000000,61573279773,61574148260,868487
61200000000,64800000000,61574148260,61574148263,3
61200000000,64800000000,61574148263,61575614078,1465815
61200000000,64800000000,61575614078,61583695513,8081435
61200000000,64800000000,61583695513,61583695713,200
61200000000,64800000000,61583695713,61583695720,7
61200000000,64800000000,61583695720,61584945353,1249633
61200000000,64800000000,61584945353,61584945480,127
61200000000,64800000000,61584945480,61584945485,5
61200000000,64800000000,61584945485,61588171617,3226132
61200000000,64800000000,61588171617,61602659288,14487671
61200000000,64800000000,61602659288,61603592890,933602
61200000000,64800000000,61603592890,61604384886,791996
61200000000,64800000000,61604384886,61604416736,31850
61200000000,64800000000,61604416736,61604416974,238
61200000000,64800000000,61604416974,61604416981,7
61200000000,64800000000,61604416981,61604416988,7
61200000000,64800000000,61604416988,61605365065,948077
61200000000,64800000000,61605365065,61607120631,1755566
61200000000,64800000000,61607120631,61610504937,3384306
61200000000,64800000000,61610504937,61619226829,8721892
61200000000,64800000000,61619226829,61621007295,1780466
61200000000,64800000000,61621007295,61621007469,174
61200000000,64800000000,61621007469,61621007480,11
61200000000,64800000000,61621007480,61625370833,4363353
61200000000,64800000000,61625370833,61626902897,1532064
61200000000,64800000000,61626902897,61629206619,2303722
61200000000,64800000000,61629206619,61630837392,1630773
61200000000,64800000000,61630837392,61635399867,4562475
61200000000,64800000000,61635399867,61635399956,89
61200000000,64800000000,61635399956,61635399961,5
61200000000,64800000000,61635399961,61635399966,5
61200000000,64800000000,61635399966,61638104256,2704290
61200000000,64800000000,61638104256,61639611989,1507733
61200000000,64800000000,61639611989,61654855533,15243544
61200000000,64800000000,61654855533,61657841113,2985580
61200000000,64800000000,61657841113,61657853363,12250
61200000000,64800000000,61657853363,61657883901,30538
61200000000,64800000000,61657883901,61657915198,31297
61200000000,64800000000,61657915198,61657917425,2227
61200000000,64800000000,61657917425,61658644375,726950
61200000000,64800000000,61658644375,61661098039,2453664
61200000000,64800000000,61661098039,61661098043,4
61200000000,64800000000,61661098043,61661098044,1
61200000000,64800000000,61661098044,61661098045,1
61200000000,64800000000,61661098045,61661098102,57
61200000000,64800000000,61661098102,61661098134,32
61200000000,64800000000,61661098134,61661098159,25
61200000000,64800000000,61661098159,61661109732,11573
61200000000,64800000000,61661109732,61665465136,4355404
61200000000,64800000000,61665465136,61665465161,25
61200000000,64800000000,61665465161,61665465384,223
61200000000,64800000000,61665465384,61667865213,2399829
61200000000,64800000000,61667865213,61667865312,99
61200000000,64800000000,61667865312,61667865317,5
61200000000,64800000000,61667865317,61673465480,5600163
61200000000,64800000000,61673465480,61676836061,3370581
61200000000,64800000000,61676836061,61676849784,13723
61200000000,64800000000,61676849784,61678242783,1392999
61200000000,64800000000,61678242783,61678306276,63493
61200000000,64800000000,61678306276,61678306429,153
61200000000,64800000000,61678306429,61678306440,11
61200000000,64800000000,61678306440,61679319773,1013333
61200000000,64800000000,61679319773,61680377200,1057427
61200000000,64800000000,61680377200,61680377200,0
61200000000,64800000000,61680377200,61680404431,27231
61200000000,64800000000,61680404431,61682564256,2159825
61200000000,64800000000,61682564256,61684328367,1764111
61200000000,64800000000,61684328367,61685226926,898559
61200000000,64800000000,61685226926,61686194276,967350
61200000000,64800000000,61686194276,61686194403,127
61200000000,64800000000,61686194403,61686194410,7
61200000000,64800000000,61686194410,61687207386,1012976
61200000000,64800000000,61687207386,61688491283,1283897
61200000000,64800000000,61688491283,61688509252,17969
61200000000,64800000000,61688509252,61690305797,1796545
61200000000,64800000000,61690305797,61691345871,1040074
61200000000,64800000000,61691345871,61692306573,960702
61200000000,64800000000,61692306573,61693204916,898343
61200000000,64800000000,61693204916,61693279141,74225
61200000000,64800000000,61693279141,61695025146,1746005
61200000000,64800000000,61695025146,61695982670,957524
61200000000,64800000000,61695982670,61697728283,1745613
61200000000,64800000000,61697728283,61702873576,5145293
61200000000,64800000000,61702873576,61704921846,2048270
61200000000,64800000000,61704921846,61704926408,4562
61200000000,64800000000,61704926408,61706576204,1649796
61200000000,64800000000,61706576204,61706576215,11
61200000000,64800000000,61706576215,61707553077,976862
61200000000,64800000000,61707553077,61709501307,1948230
61200000000,64800000000,61709501307,61710291719,790412
61200000000,64800000000,61710291719,61711897648,1605929
61200000000,64800000000,61711897648,61712765319,867671
61200000000,64800000000,61712765319,61714399799,1634480
61200000000,64800000000,61714399799,61714421015,21216
61200000000,64800000000,61714421015,61714421234,219
61200000000,64800000000,61714421234,61714421239,5
61200000000,64800000000,61714421239,61714421244,5
61200000000,64800000000,61714421244,61730266008,15844764
61200000000,64800000000,61730266008,61733538772,3272764
61200000000,64800000000,61733538772,61734539378,1000606
61200000000,64800000000,61734539378,61734539382,4
61200000000,64800000000,61734539382,61736154859,1615477
61200000000,64800000000,61736154859,61736172828,17969
61200000000,64800000000,61736172828,61745273154,9100326
61200000000,64800000000,61745273154,61748550121,3276967
61200000000,64800000000,61748550121,61748569084,18963
61200000000,64800000000,61748569084,61748569184,100
61200000000,64800000000,61748569184,61748569189,5
61200000000,64800000000,61748569189,61748569194,5
61200000000,64800000000,61748569194,61749431214,862020
61200000000,64800000000,61749431214,61749451905,20691
61200000000,64800000000,61749451905,61750155640,703735
61200000000,64800000000,61750155640,61750968117,812477
61200000000,64800000000,61750968117,61750968121,4
61200000000,64800000000,61750968121,61750968122,1
61200000000,64800000000,61750968122,61750968207,85
61200000000,64800000000,61750968207,61751765032,796825
61200000000,64800000000,61751765032,61751766128,1096
61200000000,64800000000,61751766128,61752697739,931611
61200000000,64800000000,61752697739,61762282556,9584817
61200000000,64800000000,61762282556,61763831891,1549335
61200000000,64800000000,61763831891,61765611960,1780069
61200000000,64800000000,61765611960,61778193338,12581378
61200000000,64800000000,61778193338,61779616733,1423395
61200000000,64800000000,61779616733,61783245543,3628810
61200000000,64800000000,61783245543,61791728912,8483369
61200000000,64800000000,61791728912,61792682214,953302
61200000000,64800000000,61792682214,61795217083,2534869
61200000000,64800000000,61795217083,61796240389,1023306
61200000000,64800000000,61796240389,61798211811,1971422
61200000000,64800000000,61798211811,61799030090,818279
61200000000,64800000000,61799030090,61799049555,19465
61200000000,64800000000,61799049555,61800790536,1740981
61200000000,64800000000,61800790536,61800806878,16342
61200000000,64800000000,61800806878,61802482672,1675794
61200000000,64800000000,61802482672,61802565315,82643
61200000000,64800000000,61802565315,61802569616,4301
61200000000,64800000000,61802569616,61802596876,27260
61200000000,64800000000,61802596876,61802598773,1897
61200000000,64800000000,61802598773,61803470542,871769
61200000000,64800000000,61803470542,61803489688,19146
61200000000,64800000000,61803489688,61803496247,6559
61200000000,64800000000,61803496247,61804368907,872660
61200000000,64800000000,61804368907,61804368931,24
61200000000,64800000000,61804368931,61804368941,10
61200000000,64800000000,61804368941,61804368988,47
61200000000,64800000000,61804368988,61804397350,28362
61200000000,64800000000,61804397350,61805222250,824900
61200000000,64800000000,61805222250,61805222280,30
61200000000,64800000000,61805222280,61806060262,837982
61200000000,64800000000,61806060262,61811590987,5530725
61200000000,64800000000,61811590987,61814047862,2456875
61200000000,64800000000,61814047862,61814047866,4
61200000000,64800000000,61814047866,61814861152,813286
61200000000,64800000000,61814861152,61815070451,209299
61200000000,64800000000,61815070451,61816773408,1702957
61200000000,64800000000,61816773408,61817025533,252125
61200000000,64800000000,61817025533,61817025630,97
61200000000,64800000000,61817025630,61817025635,5
61200000000,64800000000,61817025635,61820096026,3070391
61200000000,64800000000,61820096026,61821695296,1599270
61200000000,64800000000,61821695296,61822054266,358970
61200000000,64800000000,61822054266,61822058842,4576
61200000000,64800000000,61822058842,61822061364,2522
61200000000,64800000000,61822061364,61822063488,2124
61200000000,64800000000,61822063488,61822066086,2598
61200000000,64800000000,61822066086,61822067873,1787
61200000000,64800000000,61822067873,61822069421,1548
61200000000,64800000000,61822069421,61823677701,1608280
61200000000,64800000000,61823677701,61823677719,18
61200000000,64800000000,61823677719,61823677736,17
61200000000,64800000000,61823677736,61823677750,14
61200000000,64800000000,61823677750,61823677763,13
61200000000,64800000000,61823677763,61823677775,12
61200000000,64800000000,61823677775,61823677831,56
61200000000,64800000000,61823677831,61826638353,2960522
61200000000,64800000000,61826638353,61827525960,887607
61200000000,64800000000,61827525960,61827526038,78
61200000000,64800000000,61827526038,61827526047,9
61200000000,64800000000,61827526047,61828547491,1021444
61200000000,64800000000,61828547491,61828947112,399621
61200000000,64800000000,61828947112,61828947385,273
61200000000,64800000000,61828947385,61828947400,15
61200000000,64800000000,61828947400,61830830053,1882653
61200000000,64800000000,61830830053,61830842163,12110
61200000000,64800000000,61830842163,61831738060,895897
61200000000,64800000000,61831738060,61832553181,815121
61200000000,64800000000,61832553181,61832553193,12
61200000000,64800000000,61832553193,61832571664,18471
61200000000,64800000000,61832571664,61833499721,928057
61200000000,64800000000,61833499721,61834262201,762480
61200000000,64800000000,61834262201,61834293009,30808
61200000000,64800000000,61834293009,61834293011,2
61200000000,64800000000,61834293011,61835205764,912753
61200000000,64800000000,61835205764,61836006407,800643
61200000000,64800000000,61836006407,61836029044,22637
61200000000,64800000000,61836029044,61836889578,860534
61200000000,64800000000,61836889578,61837918440,1028862
61200000000,64800000000,61837918440,61839587838,1669398
61200000000,64800000000,61839587838,61840832506,1244668
61200000000,64800000000,61840832506,61842577949,1745443
61200000000,64800000000,61842577949,61842599507,21558
61200000000,64800000000,61842599507,61842599511,4
61200000000,64800000000,61842599511,61842599526,15
61200000000,64800000000,61842599526,61848456218,5856692
61200000000,64800000000,61848456218,61850278103,1821885
61200000000,64800000000,61850278103,61852393720,2115617
61200000000,64800000000,61852393720,61852413752,20032
61200000000,64800000000,61852413752,61852421289,7537
61200000000,64800000000,61852421289,61853143886,722597
61200000000,64800000000,61853143886,61853149670,5784
61200000000,64800000000,61853149670,61853152108,2438
61200000000,64800000000,61853152108,61854014774,862666
61200000000,64800000000,61854014774,61854037232,22458
61200000000,64800000000,61854037232,61855729685,1692453
61200000000,64800000000,61855729685,61855729702,17
61200000000,64800000000,61855729702,61855729706,4
61200000000,64800000000,61855729706,61855729707,1
61200000000,64800000000,61855729707,61856654172,924465
61200000000,64800000000,61856654172,61856655091,919
61200000000,64800000000,61856655091,61856655109,18
61200000000,64800000000,61856655109,61856706432,51323
61200000000,64800000000,61856706432,61858391292,1684860
61200000000,64800000000,61858391292,61861526047,3134755
61200000000,64800000000,61861526047,61862378178,852131
61200000000,64800000000,61862378178,61863220389,842211
61200000000,64800000000,61863220389,61864975908,1755519
61200000000,64800000000,61864975908,61865011945,36037
61200000000,64800000000,61865011945,61865011948,3
61200000000,64800000000,61865011948,61865858080,846132
61200000000,64800000000,61865858080,61866661363,803283
61200000000,64800000000,61866661363,61867427460,766097
61200000000,64800000000,61867427460,61870069253,2641793
61200000000,64800000000,61870069253,61870934153,864900
61200000000,64800000000,61870934153,61871800864,866711
61200000000,64800000000,61871800864,61872983270,1182406
61200000000,64800000000,61872983270,61873000715,17445
61200000000,64800000000,61873000715,61873803476,802761
61200000000,64800000000,61873803476,61873803480,4
61200000000,64800000000,61873803480,61873803481,1
61200000000,64800000000,61873803481,61874629642,826161
61200000000,64800000000,61874629642,61874629706,64
61200000000,64800000000,61874629706,61876665914,2036208
61200000000,64800000000,61876665914,61876665941,27
61200000000,64800000000,61876665941,61876665946,5
61200000000,64800000000,61876665946,61885056204,8390258
61200000000,64800000000,61885056204,61886780628,1724424
61200000000,64800000000,61886780628,61889472287,2691659
61200000000,64800000000,61889472287,61890505972,1033685
61200000000,64800000000,61890505972,61890510464,4492
61200000000,64800000000,61890510464,61892086608,1576144
61200000000,64800000000,61892086608,61892086612,4
61200000000,64800000000,61892086612,61892086613,1
61200000000,64800000000,61892086613,61892086624,11
61200000000,64800000000,61892086624,61892899766,813142
61200000000,64800000000,61892899766,61892899821,55
61200000000,64800000000,61892899821,61894932162,2032341
61200000000,64800000000,61894932162,61900448818,5516656
61200000000,64800000000,61900448818,61900448876,58
61200000000,64800000000,61900448876,61900448881,5
61200000000,64800000000,61900448881,61900448886,5
61200000000,64800000000,61900448886,61902214742,1765856
61200000000,64800000000,61902214742,61909853805,7639063
61200000000,64800000000,61909853805,61912488415,2634610
61200000000,64800000000,61912488415,61912495556,7141
61200000000,64800000000,61912495556,61913978386,1482830
61200000000,64800000000,61913978386,61913978397,11
61200000000,64800000000,61913978397,61914132423,154026
61200000000,64800000000,61914132423,61914132450,27
61200000000,64800000000,61914132450,61914132455,5
61200000000,64800000000,61914132455,61914879093,746638
61200000000,64800000000,61914879093,61916097558,1218465
61200000000,64800000000,61916097558,61916827057,729499
61200000000,64800000000,61916827057,61917711566,884509
61200000000,64800000000,61917711566,61918527426,815860
61200000000,64800000000,61918527426,61919355041,827615
61200000000,64800000000,61919355041,61920262039,906998
61200000000,64800000000,61920262039,61922015746,1753707
61200000000,64800000000,61922015746,61922050979,35233
61200000000,64800000000,61922050979,61923811602,1760623
61200000000,64800000000,61923811602,61925172500,1360898
61200000000,64800000000,61925172500,61925188355,15855
61200000000,64800000000,61925188355,61925191017,2662
61200000000,64800000000,61925191017,61925193886,2869
61200000000,64800000000,61925193886,61927089155,1895269
61200000000,64800000000,61927089155,61927089179,24
61200000000,64800000000,61927089179,61929844889,2755710
61200000000,64800000000,61929844889,61937619110,7774221
61200000000,64800000000,61937619110,61939226242,1607132
61200000000,64800000000,61939226242,61944100460,4874218
61200000000,64800000000,61944100460,61946154868,2054408
61200000000,64800000000,61946154868,61946154868,0
61200000000,64800000000,61946154868,61948077485,1922617
61200000000,64800000000,61948077485,61948920797,843312
61200000000,64800000000,61948920797,61948920801,4
61200000000,64800000000,61948920801,61948920816,15
61200000000,64800000000,61948920816,61949657876,737060
61200000000,64800000000,61949657876,61951144610,1486734
61200000000,64800000000,61951144610,61955032988,3888378
61200000000,64800000000,61955032988,61956697863,1664875
61200000000,64800000000,61956697863,61958781975,2084112
61200000000,64800000000,61958781975,61967654963,8872988
61200000000,64800000000,61967654963,61976852373,9197410
61200000000,64800000000,61976852373,61977586994,734621
61200000000,64800000000,61977586994,61979175925,1588931
61200000000,64800000000,61979175925,61979523888,347963
61200000000,64800000000,61979523888,61980371159,847271
61200000000,64800000000,61980371159,61981931420,1560261
61200000000,64800000000,61981931420,61984633307,2701887
61200000000,64800000000,61984633307,61987070358,2437051
61200000000,64800000000,61987070358,61989545677,2475319
61200000000,64800000000,61989545677,61989545677,0
61200000000,64800000000,61989545677,61990650130,1104453
61200000000,64800000000,61990650130,61990650130,0
61200000000,64800000000,61990650130,61991424311,774181
61200000000,64800000000,61991424311,61991424460,149
61200000000,64800000000,61991424460,61991424465,5
61200000000,64800000000,61991424465,61992299590,875125
61200000000,64800000000,61992299590,61992302117,2527
61200000000,64800000000,61992302117,61992305168,3051
61200000000,64800000000,61992305168,61993929700,1624532
61200000000,64800000000,61993929700,61993929724,24
61200000000,64800000000,61993929724,61993953971,24247
61200000000,64800000000,61993953971,61995558459,1604488
61200000000,64800000000,61995558459,61995576780,18321
61200000000,64800000000,61995576780,62004924243,9347463
61200000000,64800000000,62004924243,62006605270,1681027
61200000000,64800000000,62006605270,62006623965,18695
61200000000,64800000000,62006623965,62006631564,7599
61200000000,64800000000,62006631564,62006632106,542
61200000000,64800000000,62006632106,62008345330,1713224
61200000000,64800000000,62008345330,62009232599,887269
61200000000,64800000000,62009232599,62010800665,1568066
61200000000,64800000000,62010800665,62012076849,1276184
61200000000,64800000000,62012076849,62012104495,27646
61200000000,64800000000,62012104495,62012116562,12067
61200000000,64800000000,62012116562,62012125438,8876
61200000000,64800000000,62012125438,62014544337,2418899
61200000000,64800000000,62014544337,62014544361,24
61200000000,64800000000,62014544361,62014544372,11
61200000000,64800000000,62014544372,62014550201,5829
61200000000,64800000000,62014550201,62018779324,4229123
61200000000,64800000000,62018779324,62020441364,1662040
61200000000,64800000000,62020441364,62036135239,15693875
61200000000,64800000000,62036135239,62036135467,228
61200000000,64800000000,62036135467,62036135472,5
61200000000,64800000000,62036135472,62036135479,7
61200000000,64800000000,62036135479,62043401505,7266026
61200000000,64800000000,62043401505,62044311843,910338
61200000000,64800000000,62044311843,62044329670,17827
61200000000,64800000000,62044329670,62044332542,2872
61200000000,64800000000,62044332542,62044332641,99
61200000000,64800000000,62044332641,62044332646,5
61200000000,64800000000,62044332646,62044332651,5
61200000000,64800000000,62044332651,62045256280,923629
61200000000,64800000000,62045256280,62045290325,34045
61200000000,64800000000,62045290325,62045679197,388872
61200000000,64800000000,62045679197,62046463909,784712
61200000000,64800000000,62046463909,62046463920,11
61200000000,64800000000,62046463920,62047377061,913141
61200000000,64800000000,62047377061,62053391148,6014087
61200000000,64800000000,62053391148,62053391726,578
61200000000,64800000000,62053391726,62053391731,5
61200000000,64800000000,62053391731,62053391740,9
61200000000,64800000000,62053391740,62056047788,2656048
61200000000,64800000000,62056047788,62056402119,354331
61200000000,64800000000,62056402119,62056402123,4
61200000000,64800000000,62056402123,62058041566,1639443
61200000000,64800000000,62058041566,62058041584,18
61200000000,64800000000,62058041584,62058072300,30716
61200000000,64800000000,62058072300,62058074766,2466
61200000000,64800000000,62058074766,62058919754,844988
61200000000,64800000000,62058919754,62059681677,761923
61200000000,64800000000,62059681677,62059681706,29
61200000000,64800000000,62059681706,62060514486,832780
61200000000,64800000000,62060514486,62065713047,5198561
61200000000,64800000000,62065713047,62067586111,1873064
61200000000,64800000000,62067586111,62068431960,845849
61200000000,64800000000,62068431960,62075227695,6795735
61200000000,64800000000,62075227695,62075231063,3368
61200000000,64800000000,62075231063,62075239946,8883
61200000000,64800000000,62075239946,62075242322,2376
61200000000,64800000000,62075242322,62076857311,1614989
61200000000,64800000000,62076857311,62076857323,12
61200000000,64800000000,62076857323,62076857347,24
61200000000,64800000000,62076857347,62076857351,4
61200000000,64800000000,62076857351,62076857413,62
61200000000,64800000000,62076857413,62077989162,1131749
61200000000,64800000000,62077989162,62079700046,1710884
61200000000,64800000000,62079700046,62081235411,1535365
61200000000,64800000000,62081235411,62082018787,783376
61200000000,64800000000,62082018787,62083608828,1590041
61200000000,64800000000,62083608828,62089732405,6123577
61200000000,64800000000,62089732405,62092211055,2478650
61200000000,64800000000,62092211055,62093022193,811138
61200000000,64800000000,62093022193,62094363533,1341340
61200000000,64800000000,62094363533,62098616300,4252767
61200000000,64800000000,62098616300,62098616304,4
61200000000,64800000000,62098616304,62098636258,19954
61200000000,64800000000,62098636258,62098656310,20052
61200000000,64800000000,62098656310,62101401669,2745359
61200000000,64800000000,62101401669,62101463203,61534
61200000000,64800000000,62101463203,62101476427,13224
61200000000,64800000000,62101476427,62102180271,703844
61200000000,64800000000,62102180271,62102214880,34609
61200000000,64800000000,62102214880,62102594644,379764
61200000000,64800000000,62102594644,62103325005,730361
61200000000,64800000000,62103325005,62103348475,23470
61200000000,64800000000,62103348475,62104105623,757148
61200000000,64800000000,62104105623,62105951888,1846265
61200000000,64800000000,62105951888,62107934161,1982273
61200000000,64800000000,62107934161,62108968745,1034584
61200000000,64800000000,62108968745,62108968804,59
61200000000,64800000000,62108968804,62108968809,5
61200000000,64800000000,62108968809,62111537361,2568552
61200000000,64800000000,62111537361,62111553362,16001
61200000000,64800000000,62111553362,62111554457,1095
61200000000,64800000000,62111554457,62113753107,2198650
61200000000,64800000000,62113753107,62116079391,2326284
61200000000,64800000000,62116079391,62117483349,1403958
61200000000,64800000000,62117483349,62120461744,2978395
61200000000,64800000000,62120461744,62123378902,2917158
61200000000,64800000000,62123378902,62123399189,20287
61200000000,64800000000,62123399189,62123402355,3166
61200000000,64800000000,62123402355,62123419724,17369
61200000000,64800000000,62123419724,62125757762,2338038
61200000000,64800000000,62125757762,62125757766,4
61200000000,64800000000,62125757766,62125757834,68
61200000000,64800000000,62125757834,62125757859,25
61200000000,64800000000,62125757859,62126625494,867635
61200000000,64800000000,62126625494,62126672945,47451
61200000000,64800000000,62126672945,62127661222,988277
61200000000,64800000000,62127661222,62127661222,0
61200000000,64800000000,62127661222,62131091703,3430481
61200000000,64800000000,62131091703,62131091705,2
61200000000,64800000000,62131091705,62132864334,1772629
61200000000,64800000000,62132864334,62133530902,666568
61200000000,64800000000,62133530902,62133531042,140
61200000000,64800000000,62133531042,62134219734,688692
61200000000,64800000000,62134219734,62137060985,2841251
61200000000,64800000000,62137060985,62140878425,3817440
61200000000,64800000000,62140878425,62141844345,965920
61200000000,64800000000,62141844345,62141844757,412
61200000000,64800000000,62141844757,62141844776,19
61200000000,64800000000,62141844776,62142857277,1012501
61200000000,64800000000,62142857277,62161254587,18397310
61200000000,64800000000,62161254587,62161254817,230
61200000000,64800000000,62161254817,62161254822,5
61200000000,64800000000,62161254822,62161254827,5
61200000000,64800000000,62161254827,62163809180,2554353
61200000000,64800000000,62163809180,62166449945,2640765
61200000000,64800000000,62166449945,62166449961,16
61200000000,64800000000,62166449961,62169883393,3433432
61200000000,64800000000,62169883393,62169883397,4
61200000000,64800000000,62169883397,62169883725,328
61200000000,64800000000,62169883725,62169883730,5
61200000000,64800000000,62169883730,62171696427,1812697
61200000000,64800000000,62171696427,62173368061,1671634
61200000000,64800000000,62173368061,62173368065,4
61200000000,64800000000,62173368065,62173368066,1
61200000000,64800000000,62173368066,62174128135,760069
61200000000,64800000000,62174128135,62174128188,53
61200000000,64800000000,62174128188,62174866542,738354
61200000000,64800000000,62174866542,62174876743,10201
61200000000,64800000000,62174876743,62174876893,150
61200000000,64800000000,62174876893,62176765952,1889059
61200000000,64800000000,62176765952,62176790000,24048
61200000000,64800000000,62176790000,62176790003,3
61200000000,64800000000,62176790003,62177520550,730547
61200000000,64800000000,62177520550,62178204353,683803
61200000000,64800000000,62178204353,62178887760,683407
61200000000,64800000000,62178887760,62178941858,54098
61200000000,64800000000,62178941858,62179629150,687292
61200000000,64800000000,62179629150,62180434527,805377
61200000000,64800000000,62180434527,62181141890,707363
61200000000,64800000000,62181141890,62181889125,747235
61200000000,64800000000,62181889125,62183532757,1643632
61200000000,64800000000,62183532757,62185654848,2122091
61200000000,64800000000,62185654848,62187635363,1980515
61200000000,64800000000,62187635363,62189168536,1533173
61200000000,64800000000,62189168536,62189190632,22096
61200000000,64800000000,62189190632,62190634158,1443526
61200000000,64800000000,62190634158,62193657707,3023549
61200000000,64800000000,62193657707,62203310421,9652714
61200000000,64800000000,62203310421,62205728192,2417771
61200000000,64800000000,62205728192,62209060808,3332616
61200000000,64800000000,62209060808,62210549892,1489084
61200000000,64800000000,62210549892,62215595275,5045383
61200000000,64800000000,62215595275,62217105424,1510149
61200000000,64800000000,62217105424,62226941229,9835805
61200000000,64800000000,62226941229,62235794543,8853314
61200000000,64800000000,62235794543,62235794546,3
61200000000,64800000000,62235794546,62236656985,862439
61200000000,64800000000,62236656985,62236657092,107
61200000000,64800000000,62236657092,62236657097,5
61200000000,64800000000,62236657097,62236657106,9
61200000000,64800000000,62236657106,62237596634,939528
61200000000,64800000000,62237596634,62246143928,8547294
61200000000,64800000000,62246143928,62247740933,1597005
61200000000,64800000000,62247740933,62247740936,3
61200000000,64800000000,62247740936,62248572542,831606
61200000000,64800000000,62248572542,62248682391,109849
61200000000,64800000000,62248682391,62250231202,1548811
61200000000,64800000000,62250231202,62253673375,3442173
61200000000,64800000000,62253673375,62256992741,3319366
61200000000,64800000000,62256992741,62256992898,157
61200000000,64800000000,62256992898,62256992903,5
61200000000,64800000000,62256992903,62258730813,1737910
61200000000,64800000000,62258730813,62258730870,57
61200000000,64800000000,62258730870,62258730875,5
61200000000,64800000000,62258730875,62260357772,1626897
61200000000,64800000000,62260357772,62261738265,1380493
61200000000,64800000000,62261738265,62263924011,2185746
61200000000,64800000000,62263924011,62263928272,4261
61200000000,64800000000,62263928272,62263931926,3654
61200000000,64800000000,62263931926,62263936612,4686
61200000000,64800000000,62263936612,62263942723,6111
61200000000,64800000000,62263942723,62263948273,5550
61200000000,64800000000,62263948273,62266178002,2229729
61200000000,64800000000,62266178002,62267783382,1605380
61200000000,64800000000,62267783382,62267783386,4
61200000000,64800000000,62267783386,62267783387,1
61200000000,64800000000,62267783387,62267783443,56
61200000000,64800000000,62267783443,62267783446,3
61200000000,64800000000,62267783446,62267783447,1
61200000000,64800000000,62267783447,62267783582,135
61200000000,64800000000,62267783582,62267783585,3
61200000000,64800000000,62267783585,62267783586,1
61200000000,64800000000,62267783586,62267783640,54
61200000000,64800000000,62267783640,62267783643,3
61200000000,64800000000,62267783643,62267783678,35
61200000000,64800000000,62267783678,62267813532,29854
61200000000,64800000000,62267813532,62268539199,725667
61200000000,64800000000,62268539199,62269243886,704687
61200000000,64800000000,62269243886,62269244495,609
61200000000,64800000000,62269244495,62270042305,797810
61200000000,64800000000,62270042305,62270042764,459
61200000000,64800000000,62270042764,62270045831,3067
61200000000,64800000000,62270045831,62270046314,483
61200000000,64800000000,62270046314,62270046326,12
61200000000,64800000000,62270046326,62270046338,12
61200000000,64800000000,62270046338,62270046350,12
61200000000,64800000000,62270046350,62270046362,12
61200000000,64800000000,62270046362,62270046513,151
61200000000,64800000000,62270046513,62270170496,123983
61200000000,64800000000,62270170496,62270986966,816470
61200000000,64800000000,62270986966,62271709300,722334
61200000000,64800000000,62271709300,62271721473,12173
61200000000,64800000000,62271721473,62273220664,1499191
61200000000,64800000000,62273220664,62274369254,1148590
61200000000,64800000000,62274369254,62275946138,1576884
61200000000,64800000000,62275946138,62280295072,4348934
61200000000,64800000000,62280295072,62282142390,1847318
61200000000,64800000000,62282142390,62282155255,12865
61200000000,64800000000,62282155255,62282161824,6569
61200000000,64800000000,62282161824,62282166448,4624
61200000000,64800000000,62282166448,62282168722,2274
61200000000,64800000000,62282168722,62282172284,3562
61200000000,64800000000,62282172284,62286171925,3999641
61200000000,64800000000,62286171925,62286171928,3
61200000000,64800000000,62286171928,62286171929,1
61200000000,64800000000,62286171929,62286171983,54
61200000000,64800000000,62286171983,62286171986,3
61200000000,64800000000,62286171986,62286171987,1
61200000000,64800000000,62286171987,62286172055,68
61200000000,64800000000,62286172055,62286172080,25
61200000000,64800000000,62286172080,62286172133,53
61200000000,64800000000,62286172133,62288292607,2120474
61200000000,64800000000,62288292607,62288293040,433
61200000000,64800000000,62288293040,62288294472,1432
61200000000,64800000000,62288294472,62288294484,12
61200000000,64800000000,62288294484,62289163078,868594
61200000000,64800000000,62289163078,62290890320,1727242
61200000000,64800000000,62290890320,62295027193,4136873
61200000000,64800000000,62295027193,62295030620,3427
61200000000,64800000000,62295030620,62296975281,1944661
61200000000,64800000000,62296975281,62296975292,11
61200000000,64800000000,62296975292,62306648922,9673630
61200000000,64800000000,62306648922,62309481851,2832929
61200000000,64800000000,62309481851,62313756332,4274481
61200000000,64800000000,62313756332,62315415258,1658926
61200000000,64800000000,62315415258,62319435270,4020012
61200000000,64800000000,62319435270,62336614739,17179469
61200000000,64800000000,62336614739,62338127951,1513212
61200000000,64800000000,62338127951,62343770376,5642425
61200000000,64800000000,62343770376,62345148160,1377784
61200000000,64800000000,62345148160,62354143166,8995006
61200000000,64800000000,62354143166,62354172476,29310
61200000000,64800000000,62354172476,62355687527,1515051
61200000000,64800000000,62355687527,62355687577,50
61200000000,64800000000,62355687577,62355704294,16717
61200000000,64800000000,62355704294,62357265641,1561347
61200000000,64800000000,62357265641,62357314285,48644
61200000000,64800000000,62357314285,62358112718,798433
61200000000,64800000000,62358112718,62358884156,771438
61200000000,64800000000,62358884156,62358884213,57
61200000000,64800000000,62358884213,62358884218,5
61200000000,64800000000,62358884218,62359701013,816795
61200000000,64800000000,62359701013,62359722125,21112
61200000000,64800000000,62359722125,62362314022,2591897
61200000000,64800000000,62362314022,62371910241,9596219
61200000000,64800000000,62371910241,62373704598,1794357
61200000000,64800000000,62373704598,62373704602,4
61200000000,64800000000,62373704602,62373704603,1
61200000000,64800000000,62373704603,62374474308,769705
61200000000,64800000000,62374474308,62374475204,896
61200000000,64800000000,62374475204,62378184279,3709075
61200000000,64800000000,62378184279,62381986808,3802529
61200000000,64800000000,62381986808,62383075461,1088653
61200000000,64800000000,62383075461,62385485508,2410047
61200000000,64800000000,62385485508,62385485511,3
61200000000,64800000000,62385485511,62386943234,1457723
61200000000,64800000000,62386943234,62394360983,7417749
61200000000,64800000000,62394360983,62396135176,1774193
61200000000,64800000000,62396135176,62403048347,6913171
61200000000,64800000000,62403048347,62404722627,1674280
61200000000,64800000000,62404722627,62404722631,4
61200000000,64800000000,62404722631,62404722632,1
61200000000,64800000000,62404722632,62404722633,1
61200000000,64800000000,62404722633,62405803883,1081250
61200000000,64800000000,62405803883,62405804048,165
61200000000,64800000000,62405804048,62405804191,143
61200000000,64800000000,62405804191,62406598914,794723
61200000000,64800000000,62406598914,62406601687,2773
61200000000,64800000000,62406601687,62407338667,736980
61200000000,64800000000,62407338667,62407361550,22883
61200000000,64800000000,62407361550,62408148210,786660
61200000000,64800000000,62408148210,62408148239,29
61200000000,64800000000,62408148239,62408167106,18867
61200000000,64800000000,62408167106,62410994887,2827781
61200000000,64800000000,62410994887,62410994908,21
61200000000,64800000000,62410994908,62414179581,3184673
61200000000,64800000000,62414179581,62414179678,97
61200000000,64800000000,62414179678,62416799007,2619329
61200000000,64800000000,62416799007,62419972819,3173812
61200000000,64800000000,62419972819,62419976910,4091
61200000000,64800000000,62419976910,62421505340,1528430
61200000000,64800000000,62421505340,62421526325,20985
61200000000,64800000000,62421526325,62421534231,7906
61200000000,64800000000,62421534231,62421536215,1984
61200000000,64800000000,62421536215,62423010342,1474127
61200000000,64800000000,62423010342,62423010347,5
61200000000,64800000000,62423010347,62423010355,8
61200000000,64800000000,62423010355,62423010367,12
61200000000,64800000000,62423010367,62423761114,750747
61200000000,64800000000,62423761114,62423761118,4
61200000000,64800000000,62423761118,62424593187,832069
61200000000,64800000000,62424593187,62425605671,1012484
61200000000,64800000000,62425605671,62425605758,87
61200000000,64800000000,62425605758,62425605763,5
61200000000,64800000000,62425605763,62432032746,6426983
61200000000,64800000000,62432032746,62432032748,2
61200000000,64800000000,62432032748,62433610091,1577343
61200000000,64800000000,62433610091,62436060397,2450306
61200000000,64800000000,62436060397,62437384467,1324070
61200000000,64800000000,62437384467,62438146160,761693
61200000000,64800000000,62438146160,62438174292,28132
61200000000,64800000000,62438174292,62439731242,1556950
61200000000,64800000000,62439731242,62439785671,54429
61200000000,64800000000,62439785671,62442005660,2219989
61200000000,64800000000,62442005660,62443612483,1606823
61200000000,64800000000,62443612483,62445097957,1485474
61200000000,64800000000,62445097957,62445956317,858360
61200000000,64800000000,62445956317,62447546050,1589733
61200000000,64800000000,62447546050,62451006043,3459993
61200000000,64800000000,62451006043,62451008743,2700
61200000000,64800000000,62451008743,62452568201,1559458
61200000000,64800000000,62452568201,62452597735,29534
61200000000,64800000000,62452597735,62456646786,4049051
61200000000,64800000000,62456646786,62456646883,97
61200000000,64800000000,62456646883,62456646888,5
61200000000,64800000000,62456646888,62458238857,1591969
61200000000,64800000000,62458238857,62463335983,5097126
61200000000,64800000000,62463335983,62464888019,1552036
61200000000,64800000000,62464888019,62465722407,834388
61200000000,64800000000,62465722407,62465722454,47
61200000000,64800000000,62465722454,62465722459,5
61200000000,64800000000,62465722459,62467264724,1542265
61200000000,64800000000,62467264724,62468043922,779198
61200000000,64800000000,62468043922,62468044123,201
61200000000,64800000000,62468044123,62468044132,9
61200000000,64800000000,62468044132,62468861986,817854
61200000000,64800000000,62468861986,62469325558,463572
61200000000,64800000000,62469325558,62469326020,462
61200000000,64800000000,62469326020,62469326033,13
61200000000,64800000000,62469326033,62470282756,956723
61200000000,64800000000,62470282756,62470283127,371
61200000000,64800000000,62470283127,62470283134,7
61200000000,64800000000,62470283134,62475626340,5343206
61200000000,64800000000,62475626340,62475626343,3
61200000000,64800000000,62475626343,62477227793,1601450
61200000000,64800000000,62477227793,62482417473,5189680
61200000000,64800000000,62482417473,62483280628,863155
61200000000,64800000000,62483280628,62485671585,2390957
61200000000,64800000000,62485671585,62489659938,3988353
61200000000,64800000000,62489659938,62491476431,1816493
61200000000,64800000000,62491476431,62492304967,828536
61200000000,64800000000,62492304967,62493832827,1527860
61200000000,64800000000,62493832827,62494671607,838780
61200000000,64800000000,62494671607,62496360070,1688463
61200000000,64800000000,62496360070,62496414952,54882
61200000000,64800000000,62496414952,62496415089,137
61200000000,64800000000,62496415089,62496415094,5
61200000000,64800000000,62496415094,62504265512,7850418
61200000000,64800000000,62504265512,62509557808,5292296
61200000000,64800000000,62509557808,62509557903,95
61200000000,64800000000,62509557903,62509557913,10
61200000000,64800000000,62509557913,62510434307,876394
61200000000,64800000000,62510434307,62512877827,2443520
61200000000,64800000000,62512877827,62513624818,746991
61200000000,64800000000,62513624818,62514429987,805169
61200000000,64800000000,62514429987,62515185471,755484
61200000000,64800000000,62515185471,62515338968,153497
61200000000,64800000000,62515338968,62516051298,712330
61200000000,64800000000,62516051298,62521415880,5364582
61200000000,64800000000,62521415880,62521420679,4799
61200000000,64800000000,62521420679,62522947102,1526423
61200000000,64800000000,62522947102,62522947133,31
61200000000,64800000000,62522947133,62528305451,5358318
61200000000,64800000000,62528305451,62529984474,1679023
61200000000,64800000000,62529984474,62530187150,202676
61200000000,64800000000,62530187150,62530190906,3756
61200000000,64800000000,62530190906,62531001640,810734
61200000000,64800000000,62531001640,62531015252,13612
61200000000,64800000000,62531015252,62531721284,706032
61200000000,64800000000,62531721284,62531740424,19140
61200000000,64800000000,62531740424,62532433123,692699
61200000000,64800000000,62532433123,62532433134,11
61200000000,64800000000,62532433134,62533292183,859049
61200000000,64800000000,62533292183,62540392244,7100061
61200000000,64800000000,62540392244,62541160185,767941
61200000000,64800000000,62541160185,62541905493,745308
61200000000,64800000000,62541905493,62542705332,799839
61200000000,64800000000,62542705332,62550861198,8155866
61200000000,64800000000,62550861198,62551639229,778031
61200000000,64800000000,62551639229,62553467198,1827969
61200000000,64800000000,62553467198,62553467202,4
61200000000,64800000000,62553467202,62553467238,36
61200000000,64800000000,62553467238,62558143950,4676712
61200000000,64800000000,62558143950,62558147386,3436
61200000000,64800000000,62558147386,62558149497,2111
61200000000,64800000000,62558149497,62558152181,2684
61200000000,64800000000,62558152181,62559784056,1631875
61200000000,64800000000,62559784056,62559784136,80
61200000000,64800000000,62559784136,62559784224,88
61200000000,64800000000,62559784224,62559784243,19
61200000000,64800000000,62559784243,62559784247,4
61200000000,64800000000,62559784247,62560622483,838236
61200000000,64800000000,62560622483,62560663307,40824
61200000000,64800000000,62560663307,62560672772,9465
61200000000,64800000000,62560672772,62562286878,1614106
61200000000,64800000000,62562286878,62562286911,33
61200000000,64800000000,62562286911,62563619000,1332089
61200000000,64800000000,62563619000,62565165011,1546011
61200000000,64800000000,62565165011,62570301459,5136448
61200000000,64800000000,62570301459,62570301499,40
61200000000,64800000000,62570301499,62570303368,1869
61200000000,64800000000,62570303368,62570303871,503
61200000000,64800000000,62570303871,62572125945,1822074
61200000000,64800000000,62572125945,62575354305,3228360
61200000000,64800000000,62575354305,62577752006,2397701
61200000000,64800000000,62577752006,62581352662,3600656
61200000000,64800000000,62581352662,62590455400,9102738
61200000000,64800000000,62590455400,62590455419,19
61200000000,64800000000,62590455419,62591515997,1060578
61200000000,64800000000,62591515997,62591660606,144609
61200000000,64800000000,62591660606,62591661971,1365
61200000000,64800000000,62591661971,62594331429,2669458
61200000000,64800000000,62594331429,62595159122,827693
61200000000,64800000000,62595159122,62595954121,794999
61200000000,64800000000,62595954121,62595975152,21031
61200000000,64800000000,62595975152,62598723940,2748788
61200000000,64800000000,62598723940,62599518239,794299
61200000000,64800000000,62599518239,62600625625,1107386
61200000000,64800000000,62600625625,62603938017,3312392
61200000000,64800000000,62603938017,62603938822,805
61200000000,64800000000,62603938822,62609310148,5371326
61200000000,64800000000,62609310148,62609315408,5260
61200000000,64800000000,62609315408,62609318090,2682
61200000000,64800000000,62609318090,62611075331,1757241
61200000000,64800000000,62611075331,62611075344,13
61200000000,64800000000,62611075344,62611075356,12
61200000000,64800000000,62611075356,62616776104,5700748
61200000000,64800000000,62616776104,62617920568,1144464
61200000000,64800000000,62617920568,62625188680,7268112
61200000000,64800000000,62625188680,62625189121,441
61200000000,64800000000,62625189121,62625189126,5
61200000000,64800000000,62625189126,62632028813,6839687
61200000000,64800000000,62632028813,62639173622,7144809
61200000000,64800000000,62639173622,62639965374,791752
61200000000,64800000000,62639965374,62639965957,583
61200000000,64800000000,62639965957,62639965964,7
61200000000,64800000000,62639965964,62639966029,65
61200000000,64800000000,62639966029,62641754155,1788126
61200000000,64800000000,62641754155,62647004723,5250568
61200000000,64800000000,62647004723,62648743248,1738525
61200000000,64800000000,62648743248,62650458853,1715605
61200000000,64800000000,62650458853,62650479419,20566
61200000000,64800000000,62650479419,62650479473,54
61200000000,64800000000,62650479473,62650479478,5
61200000000,64800000000,62650479478,62650479483,5
61200000000,64800000000,62650479483,62668019079,17539596
61200000000,64800000000,62668019079,62668021425,2346
61200000000,64800000000,62668021425,62668027356,5931
61200000000,64800000000,62668027356,62668031169,3813
61200000000,64800000000,62668031169,62668755214,724045
61200000000,64800000000,62668755214,62671367816,2612602
61200000000,64800000000,62671367816,62671367821,5
61200000000,64800000000,62671367821,62671367822,1
61200000000,64800000000,62671367822,62671367960,138
61200000000,64800000000,62671367960,62671367964,4
61200000000,64800000000,62671367964,62671367965,1
61200000000,64800000000,62671367965,62671367966,1
61200000000,64800000000,62671367966,62671367998,32
61200000000,64800000000,62671367998,62671368010,12
61200000000,64800000000,62671368010,62671368028,18
61200000000,64800000000,62671368028,62672318336,950308
61200000000,64800000000,62672318336,62672318742,406
61200000000,64800000000,62672318742,62672318841,99
61200000000,64800000000,62672318841,62672321256,2415
61200000000,64800000000,62672321256,62672321268,12
61200000000,64800000000,62672321268,62672420932,99664
61200000000,64800000000,62672420932,62672483904,62972
61200000000,64800000000,62672483904,62672484486,582
61200000000,64800000000,62672484486,62672484491,5
61200000000,64800000000,62672484491,62672484496,5
61200000000,64800000000,62672484496,62674312109,1827613
61200000000,64800000000,62674312109,62674361055,48946
61200000000,64800000000,62674361055,62675196403,835348
61200000000,64800000000,62675196403,62676832417,1636014
61200000000,64800000000,62676832417,62677741538,909121
61200000000,64800000000,62677741538,62677741655,117
61200000000,64800000000,62677741655,62677741660,5
61200000000,64800000000,62677741660,62678710129,968469
61200000000,64800000000,62678710129,62678710236,107
61200000000,64800000000,62678710236,62678710241,5
61200000000,64800000000,62678710241,62686247951,7537710
61200000000,64800000000,62686247951,62687953379,1705428
61200000000,64800000000,62687953379,62691529746,3576367
61200000000,64800000000,62691529746,62691547659,17913
61200000000,64800000000,62691547659,62691547963,304
61200000000,64800000000,62691547963,62691548046,83
61200000000,64800000000,62691548046,62691548145,99
61200000000,64800000000,62691548145,62691548150,5
61200000000,64800000000,62691548150,62691548155,5
61200000000,64800000000,62691548155,62693241500,1693345
61200000000,64800000000,62693241500,62694310096,1068596
61200000000,64800000000,62694310096,62695900226,1590130
61200000000,64800000000,62695900226,62696707247,807021
61200000000,64800000000,62696707247,62696711573,4326
61200000000,64800000000,62696711573,62698294633,1583060
61200000000,64800000000,62698294633,62698315815,21182
61200000000,64800000000,62698315815,62698315986,171
61200000000,64800000000,62698315986,62698316041,55
61200000000,64800000000,62698316041,62698316048,7
61200000000,64800000000,62698316048,62708649252,10333204
61200000000,64800000000,62708649252,62708649360,108
61200000000,64800000000,62708649360,62708649365,5
61200000000,64800000000,62708649365,62709508981,859616
61200000000,64800000000,62709508981,62713039829,3530848
61200000000,64800000000,62713039829,62714631590,1591761
61200000000,64800000000,62714631590,62715417951,786361
61200000000,64800000000,62715417951,62716178213,760262
61200000000,64800000000,62716178213,62716178213,0
61200000000,64800000000,62716178213,62716957540,779327
61200000000,64800000000,62716957540,62724847031,7889491
61200000000,64800000000,62724847031,62724860437,13406
61200000000,64800000000,62724860437,62724862629,2192
61200000000,64800000000,62724862629,62726679327,1816698
61200000000,64800000000,62726679327,62726679331,4
61200000000,64800000000,62726679331,62726679332,1
61200000000,64800000000,62726679332,62726679333,1
61200000000,64800000000,62726679333,62726679345,12
61200000000,64800000000,62726679345,62726679357,12
61200000000,64800000000,62726679357,62726726300,46943
61200000000,64800000000,62726726300,62727791374,1065074
61200000000,64800000000,62727791374,62727791399,25
61200000000,64800000000,62727791399,62727791446,47
61200000000,64800000000,62727791446,62728668036,876590
61200000000,64800000000,62728668036,62729460826,792790
61200000000,64800000000,62729460826,62731039462,1578636
61200000000,64800000000,62731039462,62736599803,5560341
61200000000,64800000000,62736599803,62738482735,1882932
61200000000,64800000000,62738482735,62740071900,1589165
61200000000,64800000000,62740071900,62741064364,992464
61200000000,64800000000,62741064364,62742539927,1475563
61200000000,64800000000,62742539927,62742553922,13995
61200000000,64800000000,62742553922,62742557965,4043
61200000000,64800000000,62742557965,62742560472,2507
61200000000,64800000000,62742560472,62744355095,1794623
61200000000,64800000000,62744355095,62744355107,12
61200000000,64800000000,62744355107,62744355120,13
61200000000,64800000000,62744355120,62747949338,3594218
61200000000,64800000000,62747949338,62747949340,2
61200000000,64800000000,62747949340,62749565423,1616083
61200000000,64800000000,62749565423,62760290349,10724926
61200000000,64800000000,62760290349,62760293909,3560
61200000000,64800000000,62760293909,62761876339,1582430
61200000000,64800000000,62761876339,62761876349,10
61200000000,64800000000,62761876349,62763441211,1564862
61200000000,64800000000,62763441211,62764933305,1492094
61200000000,64800000000,62764933305,62764958977,25672
61200000000,64800000000,62764958977,62774994556,10035579
61200000000,64800000000,62774994556,62774994559,3
61200000000,64800000000,62774994559,62776533527,1538968
61200000000,64800000000,62776533527,62776551258,17731
61200000000,64800000000,62776551258,62786031568,9480310
61200000000,64800000000,62786031568,62787012446,980878
61200000000,64800000000,62787012446,62787014713,2267
61200000000,64800000000,62787014713,62787014810,97
61200000000,64800000000,62787014810,62787014817,7
61200000000,64800000000,62787014817,62788606932,1592115
61200000000,64800000000,62788606932,62793417307,4810375
61200000000,64800000000,62793417307,62793455242,37935
61200000000,64800000000,62793455242,62794947926,1492684
61200000000,64800000000,62794947926,62794947957,31
61200000000,64800000000,62794947957,62794947961,4
61200000000,64800000000,62794947961,62794947962,1
61200000000,64800000000,62794947962,62795730460,782498
61200000000,64800000000,62795730460,62795730517,57
61200000000,64800000000,62795730517,62800479414,4748897
61200000000,64800000000,62800479414,62800480163,749
61200000000,64800000000,62800480163,62800480170,7
61200000000,64800000000,62800480170,62802117436,1637266
61200000000,64800000000,62802117436,62804440322,2322886
61200000000,64800000000,62804440322,62804461396,21074
61200000000,64800000000,62804461396,62805881142,1419746
61200000000,64800000000,62805881142,62806713171,832029
61200000000,64800000000,62806713171,62806735169,21998
61200000000,64800000000,62806735169,62806747517,12348
61200000000,64800000000,62806747517,62807571844,824327
61200000000,64800000000,62807571844,62807571883,39
61200000000,64800000000,62807571883,62807571888,5
61200000000,64800000000,62807571888,62807571893,5
61200000000,64800000000,62807571893,62807572285,392
61200000000,64800000000,62807572285,62807572290,5
61200000000,64800000000,62807572290,62807572291,1
61200000000,64800000000,62807572291,62808498204,925913
61200000000,64800000000,62808498204,62809422198,923994
61200000000,64800000000,62809422198,62811279223,1857025
61200000000,64800000000,62811279223,62811279242,19
61200000000,64800000000,62811279242,62812131859,852617
61200000000,64800000000,62812131859,62812132075,216
61200000000,64800000000,62812132075,62812132082,7
61200000000,64800000000,62812132082,62812132089,7
61200000000,64800000000,62812132089,62813923222,1791133
61200000000,64800000000,62813923222,62814706631,783409
61200000000,64800000000,62814706631,62822192116,7485485
61200000000,64800000000,62822192116,62822919109,726993
61200000000,64800000000,62822919109,62823636180,717071
61200000000,64800000000,62823636180,62823662734,26554
61200000000,64800000000,62823662734,62823671712,8978
61200000000,64800000000,62823671712,62824396978,725266
61200000000,64800000000,62824396978,62825184801,787823
61200000000,64800000000,62825184801,62828032012,2847211
61200000000,64800000000,62828032012,62829130890,1098878
61200000000,64800000000,62829130890,62831941104,2810214
61200000000,64800000000,62831941104,62836065975,4124871
61200000000,64800000000,62836065975,62837751601,1685626
61200000000,64800000000,62837751601,62837751606,5
61200000000,64800000000,62837751606,62837751607,1
61200000000,64800000000,62837751607,62838526686,775079
61200000000,64800000000,62838526686,62838527033,347
61200000000,64800000000,62838527033,62842663320,4136287
61200000000,64800000000,62842663320,62844504566,1841246
61200000000,64800000000,62844504566,62867935898,23431332
61200000000,64800000000,62867935898,62867940863,4965
61200000000,64800000000,62867940863,62867943456,2593
61200000000,64800000000,62867943456,62867946288,2832
61200000000,64800000000,62867946288,62869560184,1613896
61200000000,64800000000,62869560184,62869560207,23
61200000000,64800000000,62869560207,62869560224,17
61200000000,64800000000,62869560224,62869560241,17
61200000000,64800000000,62869560241,62869590170,29929
61200000000,64800000000,62869590170,62869592716,2546
61200000000,64800000000,62869592716,62869596862,4146
61200000000,64800000000,62869596862,62870349699,752837
61200000000,64800000000,62870349699,62871125423,775724
61200000000,64800000000,62871125423,62871125448,25
61200000000,64800000000,62871125448,62871125473,25
61200000000,64800000000,62871125473,62871159347,33874
61200000000,64800000000,62871159347,62871163547,4200
61200000000,64800000000,62871163547,62871167958,4411
61200000000,64800000000,62871167958,62871909866,741908
61200000000,64800000000,62871909866,62872755426,845560
61200000000,64800000000,62872755426,62872756014,588
61200000000,64800000000,62872756014,62872756671,657
61200000000,64800000000,62872756671,62872837066,80395
61200000000,64800000000,62872837066,62876127947,3290881
61200000000,64800000000,62876127947,62876967044,839097
61200000000,64800000000,62876967044,62877020514,53470
61200000000,64800000000,62877020514,62877020519,5
61200000000,64800000000,62877020519,62877020524,5
61200000000,64800000000,62877020524,62879264746,2244222
61200000000,64800000000,62879264746,62879298092,33346
61200000000,64800000000,62879298092,62880787222,1489130
61200000000,64800000000,62880787222,62881544810,757588
61200000000,64800000000,62881544810,62884285712,2740902
61200000000,64800000000,62884285712,62884285735,23
61200000000,64800000000,62884285735,62884285871,136
61200000000,64800000000,62884285871,62885175919,890048
61200000000,64800000000,62885175919,62886202152,1026233
61200000000,64800000000,62886202152,62887620535,1418383
61200000000,64800000000,62887620535,62887631812,11277
61200000000,64800000000,62887631812,62887634683,2871
61200000000,64800000000,62887634683,62888505175,870492
61200000000,64800000000,62888505175,62889379696,874521
61200000000,64800000000,62889379696,62892906844,3527148
61200000000,64800000000,62892906844,62892906901,57
61200000000,64800000000,62892906901,62892906906,5
61200000000,64800000000,62892906906,62893842836,935930
61200000000,64800000000,62893842836,62894776240,933404
61200000000,64800000000,62894776240,62895792086,1015846
61200000000,64800000000,62895792086,62895799806,7720
61200000000,64800000000,62895799806,62897516060,1716254
61200000000,64800000000,62897516060,62897565407,49347
61200000000,64800000000,62897565407,62897565419,12
61200000000,64800000000,62897565419,62897565431,12
61200000000,64800000000,62897565431,62897565443,12
61200000000,64800000000,62897565443,62898934176,1368733
61200000000,64800000000,62898934176,62900624612,1690436
61200000000,64800000000,62900624612,62903024513,2399901
61200000000,64800000000,62903024513,62903024530,17
61200000000,64800000000,62903024530,62903024547,17
61200000000,64800000000,62903024547,62903024557,10
61200000000,64800000000,62903024557,62904239905,1215348
61200000000,64800000000,62904239905,62904239917,12
61200000000,64800000000,62904239917,62907219111,2979194
61200000000,64800000000,62907219111,62907321309,102198
61200000000,64800000000,62907321309,62909583881,2262572
61200000000,64800000000,62909583881,62909583898,17
61200000000,64800000000,62909583898,62922548412,12964514
61200000000,64800000000,62922548412,62922564282,15870
61200000000,64800000000,62922564282,62923977244,1412962
61200000000,64800000000,62923977244,62925170033,1192789
61200000000,64800000000,62925170033,62925207462,37429
61200000000,64800000000,62925207462,62926166317,958855
61200000000,64800000000,62926166317,62926195686,29369
61200000000,64800000000,62926195686,62927232352,1036666
61200000000,64800000000,62927232352,62927293718,61366
61200000000,64800000000,62927293718,62927296646,2928
61200000000,64800000000,62927296646,62927304102,7456
61200000000,64800000000,62927304102,62928345711,1041609
61200000000,64800000000,62928345711,62928403385,57674
61200000000,64800000000,62928403385,62929457929,1054544
61200000000,64800000000,62929457929,62930447385,989456
61200000000,64800000000,62930447385,62931411793,964408
61200000000,64800000000,62931411793,62931451301,39508
61200000000,64800000000,62931451301,62932397296,945995
61200000000,64800000000,62932397296,62933437897,1040601
61200000000,64800000000,62933437897,62933437901,4
61200000000,64800000000,62933437901,62933437902,1
61200000000,64800000000,62933437902,62933437988,86
61200000000,64800000000,62933437988,62933519231,81243
61200000000,64800000000,62933519231,62936237038,2717807
61200000000,64800000000,62936237038,62936561294,324256
61200000000,64800000000,62936561294,62938105427,1544133
61200000000,64800000000,62938105427,62939071210,965783
61200000000,64800000000,62939071210,62939106508,35298
61200000000,64800000000,62939106508,62943107233,4000725
61200000000,64800000000,62943107233,62943132095,24862
61200000000,64800000000,62943132095,62943132099,4
61200000000,64800000000,62943132099,62947721077,4588978
61200000000,64800000000,62947721077,62948587135,866058
61200000000,64800000000,62948587135,62952886115,4298980
61200000000,64800000000,62952886115,62956276149,3390034
61200000000,64800000000,62956276149,62959570137,3293988
61200000000,64800000000,62959570137,62959739760,169623
61200000000,64800000000,62959739760,62959739866,106
61200000000,64800000000,62959739866,62970082070,10342204
61200000000,64800000000,62970082070,62970082070,0
61200000000,64800000000,62970082070,62979725960,9643890
61200000000,64800000000,62979725960,62983923798,4197838
61200000000,64800000000,62983923798,62987500394,3576596
61200000000,64800000000,62987500394,62987500398,4
61200000000,64800000000,62987500398,62987500399,1
61200000000,64800000000,62987500399,62990871668,3371269
61200000000,64800000000,62990871668,62992018458,1146790
61200000000,64800000000,62992018458,62997698608,5680150
61200000000,64800000000,62997698608,62997698608,0
61200000000,64800000000,62997698608,63003229460,5530852
61200000000,64800000000,63003229460,63003229671,211
61200000000,64800000000,63003229671,63006736770,3507099
61200000000,64800000000,63006736770,63006831705,94935
61200000000,64800000000,63006831705,63010172938,3341233
61200000000,64800000000,63010172938,63010172962,24
61200000000,64800000000,63010172962,63013618052,3445090
61200000000,64800000000,63013618052,63013618123,71
61200000000,64800000000,63013618123,63013618160,37
61200000000,64800000000,63013618160,63013618177,17
61200000000,64800000000,63013618177,63013724102,105925
61200000000,64800000000,63013724102,63013765497,41395
61200000000,64800000000,63013765497,63015120344,1354847
61200000000,64800000000,63015120344,63016079269,958925
61200000000,64800000000,63016079269,63017082450,1003181
61200000000,64800000000,63017082450,63017082475,25
61200000000,64800000000,63017082475,63017157286,74811
61200000000,64800000000,63017157286,63018268933,1111647
61200000000,64800000000,63018268933,63019347606,1078673
61200000000,64800000000,63019347606,63020321137,973531
61200000000,64800000000,63020321137,63020322530,1393
61200000000,64800000000,63020322530,63020322553,23
61200000000,64800000000,63020322553,63020322574,21
61200000000,64800000000,63020322574,63020322591,17
61200000000,64800000000,63020322591,63022289959,1967368
61200000000,64800000000,63022289959,63022289983,24
61200000000,64800000000,63022289983,63022290000,17
61200000000,64800000000,63022290000,63022364371,74371
61200000000,64800000000,63022364371,63023635945,1271574
61200000000,64800000000,63023635945,63024631889,995944
61200000000,64800000000,63024631889,63024881983,250094
61200000000,64800000000,63024881983,63024892235,10252
61200000000,64800000000,63024892235,63024894300,2065
61200000000,64800000000,63024894300,63024898214,3914
61200000000,64800000000,63024898214,63025822598,924384
61200000000,64800000000,63025822598,63025822601,3
61200000000,64800000000,63025822601,63027173319,1350718
61200000000,64800000000,63027173319,63027173362,43
61200000000,64800000000,63027173362,63027173381,19
61200000000,64800000000,63027173381,63027173405,24
61200000000,64800000000,63027173405,63027173597,192
61200000000,64800000000,63027173597,63035036037,7862440
61200000000,64800000000,63035036037,63035202446,166409
61200000000,64800000000,63035202446,63039342637,4140191
61200000000,64800000000,63039342637,63039342654,17
61200000000,64800000000,63039342654,63039364109,21455
61200000000,64800000000,63039364109,63039364407,298
61200000000,64800000000,63039364407,63039364412,5
61200000000,64800000000,63039364412,63044576267,5211855
61200000000,64800000000,63044576267,63046229486,1653219
61200000000,64800000000,63046229486,63052012868,5783382
61200000000,64800000000,63052012868,63052012870,2
61200000000,64800000000,63052012870,63052013197,327
61200000000,64800000000,63052013197,63052013200,3
61200000000,64800000000,63052013200,63053844005,1830805
61200000000,64800000000,63053844005,63053844084,79
61200000000,64800000000,63053844084,63057639758,3795674
61200000000,64800000000,63057639758,63057645830,6072
61200000000,64800000000,63057645830,63059203588,1557758
61200000000,64800000000,63059203588,63059203629,41
61200000000,64800000000,63059203629,63071577608,12373979
61200000000,64800000000,63071577608,63084915764,13338156
61200000000,64800000000,63084915764,63085741790,826026
61200000000,64800000000,63085741790,63086513622,771832
61200000000,64800000000,63086513622,63086548271,34649
61200000000,64800000000,63086548271,63089012234,2463963
61200000000,64800000000,63089012234,63089037956,25722
61200000000,64800000000,63089037956,63091467792,2429836
61200000000,64800000000,63091467792,63094456041,2988249
61200000000,64800000000,63094456041,63094456176,135
61200000000,64800000000,63094456176,63104795277,10339101
61200000000,64800000000,63104795277,63105663110,867833
61200000000,64800000000,63105663110,63106599668,936558
61200000000,64800000000,63106599668,63106607425,7757
61200000000,64800000000,63106607425,63107550799,943374
61200000000,64800000000,63107550799,63108378112,827313
61200000000,64800000000,63108378112,63108414790,36678
61200000000,64800000000,63108414790,63108445680,30890
61200000000,64800000000,63108445680,63108445787,107
61200000000,64800000000,63108445787,63108445792,5
61200000000,64800000000,63108445792,63110303790,1857998
61200000000,64800000000,63110303790,63110303794,4
61200000000,64800000000,63110303794,63110304559,765
61200000000,64800000000,63110304559,63111304095,999536
61200000000,64800000000,63111304095,63111304319,224
61200000000,64800000000,63111304319,63115816333,4512014
61200000000,64800000000,63115816333,63115837403,21070
61200000000,64800000000,63115837403,63119184209,3346806
61200000000,64800000000,63119184209,63119184212,3
61200000000,64800000000,63119184212,63119184253,41
61200000000,64800000000,63119184253,63119184256,3
61200000000,64800000000,63119184256,63120025443,841187
61200000000,64800000000,63120025443,63120025702,259
61200000000,64800000000,63120025702,63120092628,66926
61200000000,64800000000,63120092628,63122480379,2387751
61200000000,64800000000,63122480379,63122573663,93284
61200000000,64800000000,63122573663,63122581479,7816
61200000000,64800000000,63122581479,63124303293,1721814
61200000000,64800000000,63124303293,63124303512,219
61200000000,64800000000,63124303512,63125213296,909784
61200000000,64800000000,63125213296,63126392806,1179510
61200000000,64800000000,63126392806,63127218084,825278
61200000000,64800000000,63127218084,63127313574,95490
61200000000,64800000000,63127313574,63127336554,22980
61200000000,64800000000,63127336554,63127336620,66
61200000000,64800000000,63127336620,63127336627,7
61200000000,64800000000,63127336627,63128316174,979547
61200000000,64800000000,63128316174,63129222215,906041
61200000000,64800000000,63129222215,63129229625,7410
61200000000,64800000000,63129229625,63130062171,832546
61200000000,64800000000,63130062171,63130139338,77167
61200000000,64800000000,63130139338,63130139365,27
61200000000,64800000000,63130139365,63130139370,5
61200000000,64800000000,63130139370,63131096636,957266
61200000000,64800000000,63131096636,63132044416,947780
61200000000,64800000000,63132044416,63132054552,10136
61200000000,64800000000,63132054552,63132054556,4
61200000000,64800000000,63132054556,63132054571,15
61200000000,64800000000,63132054571,63133022999,968428
61200000000,64800000000,63133022999,63133025815,2816
61200000000,64800000000,63133025815,63133865143,839328
61200000000,64800000000,63133865143,63133865503,360
61200000000,64800000000,63133865503,63135573999,1708496
61200000000,64800000000,63135573999,63135574013,14
61200000000,64800000000,63135574013,63135574269,256
61200000000,64800000000,63135574269,63136848263,1273994
61200000000,64800000000,63136848263,63138761944,1913681
61200000000,64800000000,63138761944,63138806841,44897
61200000000,64800000000,63138806841,63138814393,7552
61200000000,64800000000,63138814393,63140589328,1774935
61200000000,64800000000,63140589328,63140626644,37316
61200000000,64800000000,63140626644,63140631472,4828
61200000000,64800000000,63140631472,63140634417,2945
61200000000,64800000000,63140634417,63141503748,869331
61200000000,64800000000,63141503748,63142414321,910573
61200000000,64800000000,63142414321,63143289827,875506
61200000000,64800000000,63143289827,63143289844,17
61200000000,64800000000,63143289844,63143289861,17
61200000000,64800000000,63143289861,63144183228,893367
61200000000,64800000000,63144183228,63148055988,3872760
61200000000,64800000000,63148055988,63149015863,959875
61200000000,64800000000,63149015863,63149026985,11122
61200000000,64800000000,63149026985,63149026988,3
61200000000,64800000000,63149026988,63149027459,471
61200000000,64800000000,63149027459,63149892387,864928
61200000000,64800000000,63149892387,63150878531,986144
61200000000,64800000000,63150878531,63150887975,9444
61200000000,64800000000,63150887975,63150888347,372
61200000000,64800000000,63150888347,63151793099,904752
61200000000,64800000000,63151793099,63151793288,189
61200000000,64800000000,63151793288,63151825414,32126
61200000000,64800000000,63151825414,63155430034,3604620
61200000000,64800000000,63155430034,63157876515,2446481
61200000000,64800000000,63157876515,63157876519,4
61200000000,64800000000,63157876519,63157876520,1
61200000000,64800000000,63157876520,63157877347,827
61200000000,64800000000,63157877347,63157942480,65133
61200000000,64800000000,63157942480,63160801012,2858532
61200000000,64800000000,63160801012,63160801547,535
61200000000,64800000000,63160801547,63160801577,30
61200000000,64800000000,63160801577,63163787327,2985750
61200000000,64800000000,63163787327,63163957168,169841
61200000000,64800000000,63163957168,63165031172,1074004
61200000000,64800000000,63165031172,63169728014,4696842
61200000000,64800000000,63169728014,63169731153,3139
61200000000,64800000000,63169731153,63169734574,3421
61200000000,64800000000,63169734574,63171348609,1614035
61200000000,64800000000,63171348609,63171350034,1425
61200000000,64800000000,63171350034,63171350053,19
61200000000,64800000000,63171350053,63171350057,4
61200000000,64800000000,63171350057,63171350058,1
61200000000,64800000000,63171350058,63171412284,62226
61200000000,64800000000,63171412284,63172272835,860551
61200000000,64800000000,63172272835,63172273727,892
61200000000,64800000000,63172273727,63174320271,2046544
61200000000,64800000000,63174320271,63174320338,67
61200000000,64800000000,63174320338,63174320345,7
61200000000,64800000000,63174320345,63177126685,2806340
61200000000,64800000000,63177126685,63177126730,45
61200000000,64800000000,63177126730,63177126739,9
61200000000,64800000000,63177126739,63178135069,1008330
61200000000,64800000000,63178135069,63178135167,98
61200000000,64800000000,63178135167,63178135174,7
61200000000,64800000000,63178135174,63179407820,1272646
61200000000,64800000000,63179407820,63180178430,770610
61200000000,64800000000,63180178430,63180179119,689
61200000000,64800000000,63180179119,63182847280,2668161
61200000000,64800000000,63182847280,63182847386,106
61200000000,64800000000,63182847386,63182847395,9
61200000000,64800000000,63182847395,63183690837,843442
61200000000,64800000000,63183690837,63190722605,7031768
61200000000,64800000000,63190722605,63190725209,2604
61200000000,64800000000,63190725209,63190725214,5
61200000000,64800000000,63190725214,63190725219,5
61200000000,64800000000,63190725219,63191811407,1086188
61200000000,64800000000,63191811407,63192665722,854315
61200000000,64800000000,63192665722,63195362733,2697011
61200000000,64800000000,63195362733,63197156683,1793950
61200000000,64800000000,63197156683,63209401471,12244788
61200000000,64800000000,63209401471,63210306702,905231
61200000000,64800000000,63210306702,63212468891,2162189
61200000000,64800000000,63212468891,63214146479,1677588
61200000000,64800000000,63214146479,63214146483,4
61200000000,64800000000,63214146483,63214146484,1
61200000000,64800000000,63214146484,63214174071,27587
61200000000,64800000000,63214174071,63215820388,1646317
61200000000,64800000000,63215820388,63215825364,4976
61200000000,64800000000,63215825364,63216148757,323393
61200000000,64800000000,63216148757,63216148795,38
61200000000,64800000000,63216148795,63216148800,5
61200000000,64800000000,63216148800,63217005363,856563
61200000000,64800000000,63217005363,63217038793,33430
61200000000,64800000000,63217038793,63217038819,26
61200000000,64800000000,63217038819,63217038826,7
61200000000,64800000000,63217038826,63217965003,926177
61200000000,64800000000,63217965003,63219783138,1818135
61200000000,64800000000,63219783138,63219783142,4
61200000000,64800000000,63219783142,63219783261,119
61200000000,64800000000,63219783261,63219783268,7
61200000000,64800000000,63219783268,63219783274,6
61200000000,64800000000,63219783274,63231191331,11408057
61200000000,64800000000,63231191331,63231191456,125
61200000000,64800000000,63231191456,63231191462,6
61200000000,64800000000,63231191462,63236503767,5312305
61200000000,64800000000,63236503767,63236503833,66
61200000000,64800000000,63236503833,63236503840,7
61200000000,64800000000,63236503840,63237523844,1020004
61200000000,64800000000,63237523844,63239449818,1925974
61200000000,64800000000,63239449818,63239450579,761
61200000000,64800000000,63239450579,63239450656,77
61200000000,64800000000,63239450656,63239450661,5
61200000000,64800000000,63239450661,63240464192,1013531
61200000000,64800000000,63240464192,63242293817,1829625
61200000000,64800000000,63242293817,63242315480,21663
61200000000,64800000000,63242315480,63243547437,1231957
61200000000,64800000000,63243547437,63244452901,905464
61200000000,64800000000,63244452901,63244488862,35961
61200000000,64800000000,63244488862,63244503381,14519
61200000000,64800000000,63244503381,63246147409,1644028
61200000000,64800000000,63246147409,63246147442,33
61200000000,64800000000,63246147442,63246147446,4
61200000000,64800000000,63246147446,63247031249,883803
61200000000,64800000000,63247031249,63255675285,8644036
61200000000,64800000000,63255675285,63257813356,2138071
61200000000,64800000000,63257813356,63258659371,846015
61200000000,64800000000,63258659371,63260413646,1754275
61200000000,64800000000,63260413646,63260606721,193075
61200000000,64800000000,63260606721,63262425647,1818926
61200000000,64800000000,63262425647,63262433214,7567
61200000000,64800000000,63262433214,63262442513,9299
61200000000,64800000000,63262442513,63266090999,3648486
61200000000,64800000000,63266090999,63266091950,951
61200000000,64800000000,63266091950,63266101806,9856
61200000000,64800000000,63266101806,63278557919,12456113
61200000000,64800000000,63278557919,63278558000,81
61200000000,64800000000,63278558000,63278558007,7
61200000000,64800000000,63278558007,63278558014,7
61200000000,64800000000,63278558014,63291020722,12462708
61200000000,64800000000,63291020722,63292664774,1644052
61200000000,64800000000,63292664774,63296158490,3493716
61200000000,64800000000,63296158490,63299090513,2932023
61200000000,64800000000,63299090513,63302559413,3468900
61200000000,64800000000,63302559413,63304511322,1951909
61200000000,64800000000,63304511322,63304540960,29638
61200000000,64800000000,63304540960,63304541029,69
61200000000,64800000000,63304541029,63304541034,5
61200000000,64800000000,63304541034,63304541039,5
61200000000,64800000000,63304541039,63308436206,3895167
61200000000,64800000000,63308436206,63310154194,1717988
61200000000,64800000000,63310154194,63313461935,3307741
61200000000,64800000000,63313461935,63314621034,1159099
61200000000,64800000000,63314621034,63315438565,817531
61200000000,64800000000,63315438565,63316369547,930982
61200000000,64800000000,63316369547,63318320218,1950671
61200000000,64800000000,63318320218,63319172461,852243
61200000000,64800000000,63319172461,63319182469,10008
61200000000,64800000000,63319182469,63319595808,413339
61200000000,64800000000,63319595808,63319595926,118
61200000000,64800000000,63319595926,63319595931,5
61200000000,64800000000,63319595931,63319595938,7
61200000000,64800000000,63319595938,63319596724,786
61200000000,64800000000,63319596724,63320646347,1049623
61200000000,64800000000,63320646347,63320654425,8078
61200000000,64800000000,63320654425,63324503612,3849187
61200000000,64800000000,63324503612,63324504548,936
61200000000,64800000000,63324504548,63326893829,2389281
61200000000,64800000000,63326893829,63326893832,3
61200000000,64800000000,63326893832,63327852109,958277
61200000000,64800000000,63327852109,63328732366,880257
61200000000,64800000000,63328732366,63330608010,1875644
61200000000,64800000000,63330608010,63332501101,1893091
61200000000,64800000000,63332501101,63332528914,27813
61200000000,64800000000,63332528914,63333574503,1045589
61200000000,64800000000,63333574503,63334584323,1009820
61200000000,64800000000,63334584323,63336893942,2309619
61200000000,64800000000,63336893942,63336937546,43604
61200000000,64800000000,63336937546,63336937593,47
61200000000,64800000000,63336937593,63339487774,2550181
61200000000,64800000000,63339487774,63340171595,683821
61200000000,64800000000,63340171595,63340259153,87558
61200000000,64800000000,63340259153,63340262962,3809
61200000000,64800000000,63340262962,63340263029,67
61200000000,64800000000,63340263029,63340263036,7
61200000000,64800000000,63340263036,63342050650,1787614
61200000000,64800000000,63342050650,63342050654,4
61200000000,64800000000,63342050654,63342050655,1
61200000000,64800000000,63342050655,63342050681,26
61200000000,64800000000,63342050681,63342871441,820760
61200000000,64800000000,63342871441,63342871674,233
61200000000,64800000000,63342871674,63343595532,723858
61200000000,64800000000,63343595532,63343595536,4
61200000000,64800000000,63343595536,63343595593,57
61200000000,64800000000,63343595593,63343595598,5
61200000000,64800000000,63343595598,63345352026,1756428
61200000000,64800000000,63345352026,63345352028,2
61200000000,64800000000,63345352028,63347427143,2075115
61200000000,64800000000,63347427143,63349301636,1874493
61200000000,64800000000,63349301636,63352507368,3205732
61200000000,64800000000,63352507368,63353313344,805976
61200000000,64800000000,63353313344,63358502902,5189558
61200000000,64800000000,63358502902,63358502905,3
61200000000,64800000000,63358502905,63358503050,145
61200000000,64800000000,63358503050,63360290442,1787392
61200000000,64800000000,63360290442,63362077964,1787522
61200000000,64800000000,63362077964,63365805312,3727348
61200000000,64800000000,63365805312,63373008451,7203139
61200000000,64800000000,63373008451,63374868055,1859604
61200000000,64800000000,63374868055,63386999429,12131374
61200000000,64800000000,63386999429,63389068677,2069248
61200000000,64800000000,63389068677,63389998022,929345
61200000000,64800000000,63389998022,63391866593,1868571
61200000000,64800000000,63391866593,63391927121,60528
61200000000,64800000000,63391927121,63393596618,1669497
61200000000,64800000000,63393596618,63404473704,10877086
61200000000,64800000000,63404473704,63406021321,1547617
61200000000,64800000000,63406021321,63407710599,1689278
61200000000,64800000000,63407710599,63408471379,760780
61200000000,64800000000,63408471379,63409229468,758089
61200000000,64800000000,63409229468,63411788583,2559115
61200000000,64800000000,63411788583,63415651161,3862578
61200000000,64800000000,63415651161,63415677892,26731
61200000000,64800000000,63415677892,63421728491,6050599
61200000000,64800000000,63421728491,63424262042,2533551
61200000000,64800000000,63424262042,63425909053,1647011
61200000000,64800000000,63425909053,63425909056,3
61200000000,64800000000,63425909056,63425909057,1
61200000000,64800000000,63425909057,63426699057,790000
61200000000,64800000000,63426699057,63426700042,985
61200000000,64800000000,63426700042,63427548741,848699
61200000000,64800000000,63427548741,63428392304,843563
61200000000,64800000000,63428392304,63428392409,105
61200000000,64800000000,63428392409,63428392440,31
61200000000,64800000000,63428392440,63428392445,5
61200000000,64800000000,63428392445,63428393617,1172
61200000000,64800000000,63428393617,63429279675,886058
61200000000,64800000000,63429279675,63429377995,98320
61200000000,64800000000,63429377995,63430630616,1252621
61200000000,64800000000,63430630616,63430630705,89
61200000000,64800000000,63430630705,63430630710,5
61200000000,64800000000,63430630710,63430630715,5
61200000000,64800000000,63430630715,63438165193,7534478
61200000000,64800000000,63438165193,63442230159,4064966
61200000000,64800000000,63442230159,63443019372,789213
61200000000,64800000000,63443019372,63443023906,4534
61200000000,64800000000,63443023906,63443029490,5584
61200000000,64800000000,63443029490,63443029546,56
61200000000,64800000000,63443029546,63443029553,7
61200000000,64800000000,63443029553,63443889366,859813
61200000000,64800000000,63443889366,63444764985,875619
61200000000,64800000000,63444764985,63444764989,4
61200000000,64800000000,63444764989,63444764990,1
61200000000,64800000000,63444764990,63444765051,61
61200000000,64800000000,63444765051,63444914056,149005
61200000000,64800000000,63444914056,63444920094,6038
61200000000,64800000000,63444920094,63445760125,840031
61200000000,64800000000,63445760125,63445761132,1007
61200000000,64800000000,63445761132,63445817408,56276
61200000000,64800000000,63445817408,63445843624,26216
61200000000,64800000000,63445843624,63446638602,794978
61200000000,64800000000,63446638602,63446638640,38
61200000000,64800000000,63446638640,63447535928,897288
61200000000,64800000000,63447535928,63447535945,17
61200000000,64800000000,63447535945,63447587985,52040
61200000000,64800000000,63447587985,63447598859,10874
61200000000,64800000000,63447598859,63448414131,815272
61200000000,64800000000,63448414131,63449262057,847926
61200000000,64800000000,63449262057,63449262074,17
61200000000,64800000000,63449262074,63449347239,85165
61200000000,64800000000,63449347239,63450206185,858946
61200000000,64800000000,63450206185,63450248687,42502
61200000000,64800000000,63450248687,63451026819,778132
61200000000,64800000000,63451026819,63451266015,239196
61200000000,64800000000,63451266015,63452140885,874870
61200000000,64800000000,63452140885,63452183309,42424
61200000000,64800000000,63452183309,63454234882,2051573
61200000000,64800000000,63454234882,63455203787,968905
61200000000,64800000000,63455203787,63455203894,107
61200000000,64800000000,63455203894,63455203899,5
61200000000,64800000000,63455203899,63456197978,994079
61200000000,64800000000,63456197978,63457095486,897508
61200000000,64800000000,63457095486,63457948155,852669
61200000000,64800000000,63457948155,63458792159,844004
61200000000,64800000000,63458792159,63458814434,22275
61200000000,64800000000,63458814434,63458826361,11927
61200000000,64800000000,63458826361,63458826364,3
61200000000,64800000000,63458826364,63459677267,850903
61200000000,64800000000,63459677267,63459690975,13708
61200000000,64800000000,63459690975,63460572359,881384
61200000000,64800000000,63460572359,63460572413,54
61200000000,64800000000,63460572413,63460596675,24262
61200000000,64800000000,63460596675,63462363338,1766663
61200000000,64800000000,63462363338,63463656951,1293613
61200000000,64800000000,63463656951,63463847424,190473
61200000000,64800000000,63463847424,63465867350,2019926
61200000000,64800000000,63465867350,63467680176,1812826
61200000000,64800000000,63467680176,63468552831,872655
61200000000,64800000000,63468552831,63469375229,822398
61200000000,64800000000,63469375229,63470195979,820750
61200000000,64800000000,63470195979,63474324093,4128114
61200000000,64800000000,63474324093,63475126557,802464
61200000000,64800000000,63475126557,63478463124,3336567
61200000000,64800000000,63478463124,63487592518,9129394
61200000000,64800000000,63487592518,63487598090,5572
61200000000,64800000000,63487598090,63489331924,1733834
61200000000,64800000000,63489331924,63489331954,30
61200000000,64800000000,63489331954,63493017795,3685841
61200000000,64800000000,63493017795,63493046898,29103
61200000000,64800000000,63493046898,63493057135,10237
61200000000,64800000000,63493057135,63493998347,941212
61200000000,64800000000,63493998347,63494007009,8662
61200000000,64800000000,63494007009,63495606167,1599158
61200000000,64800000000,63495606167,63495606435,268
61200000000,64800000000,63495606435,63495606453,18
61200000000,64800000000,63495606453,63496493617,887164
61200000000,64800000000,63496493617,63496493634,17
61200000000,64800000000,63496493634,63499434419,2940785
61200000000,64800000000,63499434419,63500992931,1558512
61200000000,64800000000,63500992931,63501068755,75824
61200000000,64800000000,63501068755,63502726135,1657380
61200000000,64800000000,63502726135,63504961320,2235185
61200000000,64800000000,63504961320,63506602330,1641010
61200000000,64800000000,63506602330,63506693286,90956
61200000000,64800000000,63506693286,63508542726,1849440
61200000000,64800000000,63508542726,63510187145,1644419
61200000000,64800000000,63510187145,63511887545,1700400
61200000000,64800000000,63511887545,63511887572,27
61200000000,64800000000,63511887572,63511887577,5
61200000000,64800000000,63511887577,63514560449,2672872
61200000000,64800000000,63514560449,63516348565,1788116
61200000000,64800000000,63516348565,63518189352,1840787
61200000000,64800000000,63518189352,63520441180,2251828
61200000000,64800000000,63520441180,63523649782,3208602
61200000000,64800000000,63523649782,63526150948,2501166
61200000000,64800000000,63526150948,63526159633,8685
61200000000,64800000000,63526159633,63526159703,70
61200000000,64800000000,63526159703,63527957931,1798228
61200000000,64800000000,63527957931,63527957935,4
61200000000,64800000000,63527957935,63527993054,35119
61200000000,64800000000,63527993054,63527993090,36
61200000000,64800000000,63527993090,63527993097,7
61200000000,64800000000,63527993097,63528891051,897954
61200000000,64800000000,63528891051,63535165673,6274622
61200000000,64800000000,63535165673,63536941981,1776308
61200000000,64800000000,63536941981,63541214749,4272768
61200000000,64800000000,63541214749,63543396267,2181518
61200000000,64800000000,63543396267,63545252074,1855807
61200000000,64800000000,63545252074,63546986326,1734252
61200000000,64800000000,63546986326,63547826127,839801
61200000000,64800000000,63547826127,63547826131,4
61200000000,64800000000,63547826131,63547826146,15
61200000000,64800000000,63547826146,63549546036,1719890
61200000000,64800000000,63549546036,63558806646,9260610
61200000000,64800000000,63558806646,63559668956,862310
61200000000,64800000000,63559668956,63559684812,15856
61200000000,64800000000,63559684812,63559688520,3708
61200000000,64800000000,63559688520,63561276906,1588386
61200000000,64800000000,63561276906,63561276960,54
61200000000,64800000000,63561276960,63561327994,51034
61200000000,64800000000,63561327994,63563333455,2005461
61200000000,64800000000,63563333455,63563333470,15
61200000000,64800000000,63563333470,63566550565,3217095
61200000000,64800000000,63566550565,63571799877,5249312
61200000000,64800000000,63571799877,63573483864,1683987
61200000000,64800000000,63573483864,63577247274,3763410
61200000000,64800000000,63577247274,63584494230,7246956
61200000000,64800000000,63584494230,63586434619,1940389
61200000000,64800000000,63586434619,63597943050,11508431
61200000000,64800000000,63597943050,63602907380,4964330
61200000000,64800000000,63602907380,63607243072,4335692
61200000000,64800000000,63607243072,63610368298,3125226
61200000000,64800000000,63610368298,63614021136,3652838
61200000000,64800000000,63614021136,63620009013,5987877
61200000000,64800000000,63620009013,63621511045,1502032
61200000000,64800000000,63621511045,63626480802,4969757
61200000000,64800000000,63626480802,63630267749,3786947
61200000000,64800000000,63630267749,63631116612,848863
61200000000,64800000000,63631116612,63632608265,1491653
61200000000,64800000000,63632608265,63632630079,21814
61200000000,64800000000,63632630079,63634121355,1491276
61200000000,64800000000,63634121355,63637673876,3552521
61200000000,64800000000,63637673876,63638994165,1320289
61200000000,64800000000,63638994165,63639000729,6564
61200000000,64800000000,63639000729,63640459980,1459251
61200000000,64800000000,63640459980,63641198642,738662
61200000000,64800000000,63641198642,63641198654,12
61200000000,64800000000,63641198654,63643575698,2377044
61200000000,64800000000,63643575698,63643575741,43
61200000000,64800000000,63643575741,63643575748,7
61200000000,64800000000,63643575748,63645197599,1621851
61200000000,64800000000,63645197599,63646797571,1599972
61200000000,64800000000,63646797571,63652347896,5550325
61200000000,64800000000,63652347896,63657301251,4953355
61200000000,64800000000,63657301251,63657309443,8192
61200000000,64800000000,63657309443,63659838781,2529338
61200000000,64800000000,63659838781,63659838784,3
61200000000,64800000000,63659838784,63659838785,1
61200000000,64800000000,63659838785,63659839682,897
61200000000,64800000000,63659839682,63659839686,4
61200000000,64800000000,63659839686,63659839687,1
61200000000,64800000000,63659839687,63662670022,2830335
61200000000,64800000000,63662670022,63662693687,23665
61200000000,64800000000,63662693687,63662694670,983
61200000000,64800000000,63662694670,63662694688,18
61200000000,64800000000,63662694688,63666455216,3760528
61200000000,64800000000,63666455216,63666455219,3
61200000000,64800000000,63666455219,63668069570,1614351
61200000000,64800000000,63668069570,63674034108,5964538
61200000000,64800000000,63674034108,63674034110,2
61200000000,64800000000,63674034110,63674034618,508
61200000000,64800000000,63674034618,63676043599,2008981
61200000000,64800000000,63676043599,63677045883,1002284
61200000000,64800000000,63677045883,63677054317,8434
61200000000,64800000000,63677054317,63677057042,2725
61200000000,64800000000,63677057042,63677059374,2332
61200000000,64800000000,63677059374,63677061630,2256
61200000000,64800000000,63677061630,63679071903,2010273
61200000000,64800000000,63679071903,63679072016,113
61200000000,64800000000,63679072016,63679072048,32
61200000000,64800000000,63679072048,63679072058,10
61200000000,64800000000,63679072058,63679072108,50
61200000000,64800000000,63679072108,63679115564,43456
61200000000,64800000000,63679115564,63680047900,932336
61200000000,64800000000,63680047900,63681045302,997402
61200000000,64800000000,63681045302,63682026869,981567
61200000000,64800000000,63682026869,63683309100,1282231
61200000000,64800000000,63683309100,63683358036,48936
61200000000,64800000000,63683358036,63684937546,1579510
61200000000,64800000000,63684937546,63684937944,398
61200000000,64800000000,63684937944,63684937949,5
61200000000,64800000000,63684937949,63686055836,1117887
61200000000,64800000000,63686055836,63689632728,3576892
61200000000,64800000000,63689632728,63689633235,507
61200000000,64800000000,63689633235,63689633244,9
61200000000,64800000000,63689633244,63690599871,966627
61200000000,64800000000,63690599871,63690605312,5441
61200000000,64800000000,63690605312,63690607987,2675
61200000000,64800000000,63690607987,63690610158,2171
61200000000,64800000000,63690610158,63692381538,1771380
61200000000,64800000000,63692381538,63692381579,41
61200000000,64800000000,63692381579,63692381619,40
61200000000,64800000000,63692381619,63692381650,31
61200000000,64800000000,63692381650,63695647034,3265384
61200000000,64800000000,63695647034,63697574674,1927640
61200000000,64800000000,63697574674,63697655267,80593
61200000000,64800000000,63697655267,63700555128,2899861
61200000000,64800000000,63700555128,63700555267,139
61200000000,64800000000,63700555267,63700555273,6
61200000000,64800000000,63700555273,63700555285,12
61200000000,64800000000,63700555285,63704697979,4142694
61200000000,64800000000,63704697979,63704706282,8303
61200000000,64800000000,63704706282,63704708949,2667
61200000000,64800000000,63704708949,63704711904,2955
61200000000,64800000000,63704711904,63706452139,1740235
61200000000,64800000000,63706452139,63706452163,24
61200000000,64800000000,63706452163,63706452187,24
61200000000,64800000000,63706452187,63709970056,3517869
61200000000,64800000000,63709970056,63719811227,9841171
61200000000,64800000000,63719811227,63723329368,3518141
61200000000,64800000000,63723329368,63729787108,6457740
61200000000,64800000000,63729787108,63738322638,8535530
61200000000,64800000000,63738322638,63738322735,97
61200000000,64800000000,63738322735,63738322740,5
61200000000,64800000000,63738322740,63749624879,11302139
61200000000,64800000000,63749624879,63751354469,1729590
61200000000,64800000000,63751354469,63751354473,4
61200000000,64800000000,63751354473,63751354474,1
61200000000,64800000000,63751354474,63752280876,926402
61200000000,64800000000,63752280876,63752281198,322
61200000000,64800000000,63752281198,63752331708,50510
61200000000,64800000000,63752331708,63752478103,146395
61200000000,64800000000,63752478103,63753335156,857053
61200000000,64800000000,63753335156,63753335223,67
61200000000,64800000000,63753335223,63753335228,5
61200000000,64800000000,63753335228,63754227707,892479
61200000000,64800000000,63754227707,63755244020,1016313
61200000000,64800000000,63755244020,63755999654,755634
61200000000,64800000000,63755999654,63756001089,1435
61200000000,64800000000,63756001089,63756001134,45
61200000000,64800000000,63756001134,63756001140,6
61200000000,64800000000,63756001140,63757019230,1018090
61200000000,64800000000,63757019230,63758319080,1299850
61200000000,64800000000,63758319080,63758516332,197252
61200000000,64800000000,63758516332,63760229044,1712712
61200000000,64800000000,63760229044,63760229148,104
61200000000,64800000000,63760229148,63767989264,7760116
61200000000,64800000000,63767989264,63770039513,2050249
61200000000,64800000000,63770039513,63774406912,4367399
61200000000,64800000000,63774406912,63776110572,1703660
61200000000,64800000000,63776110572,63786255145,10144573
61200000000,64800000000,63786255145,63787894960,1639815
61200000000,64800000000,63787894960,63787894964,4
61200000000,64800000000,63787894964,63787894965,1
61200000000,64800000000,63787894965,63788736217,841252
61200000000,64800000000,63788736217,63788736486,269
61200000000,64800000000,63788736486,63793041434,4304948
61200000000,64800000000,63793041434,63794653296,1611862
61200000000,64800000000,63794653296,63798795343,4142047
61200000000,64800000000,63798795343,63800526401,1731058
61200000000,64800000000,63800526401,63800564805,38404
61200000000,64800000000,63800564805,63800568296,3491
61200000000,64800000000,63800568296,63802209726,1641430
61200000000,64800000000,63802209726,63802209736,10
61200000000,64800000000,63802209736,63805940857,3731121
61200000000,64800000000,63805940857,63808714229,2773372
61200000000,64800000000,63808714229,63808728833,14604
61200000000,64800000000,63808728833,63810514812,1785979
61200000000,64800000000,63810514812,63810514812,0
61200000000,64800000000,63810514812,63815231920,4717108
61200000000,64800000000,63815231920,63826778028,11546108
61200000000,64800000000,63826778028,63830370230,3592202
61200000000,64800000000,63830370230,63830370233,3
61200000000,64800000000,63830370233,63831976333,1606100
61200000000,64800000000,63831976333,63831998632,22299
61200000000,64800000000,63831998632,63832009682,11050
61200000000,64800000000,63832009682,63833676313,1666631
61200000000,64800000000,63833676313,63833676317,4
61200000000,64800000000,63833676317,63833676318,1
61200000000,64800000000,63833676318,63833676545,227
61200000000,64800000000,63833676545,63833676549,4
61200000000,64800000000,63833676549,63835186263,1509714
61200000000,64800000000,63835186263,63835186417,154
61200000000,64800000000,63835186417,63835192230,5813
61200000000,64800000000,63835192230,63840203436,5011206
61200000000,64800000000,63840203436,63840203459,23
61200000000,64800000000,63840203459,63840204762,1303
61200000000,64800000000,63840204762,63840204767,5
61200000000,64800000000,63840204767,63840204772,5
61200000000,64800000000,63840204772,63841177517,972745
61200000000,64800000000,63841177517,63842028898,851381
61200000000,64800000000,63842028898,63842869430,840532
61200000000,64800000000,63842869430,63847577024,4707594
61200000000,64800000000,63847577024,63848515852,938828
61200000000,64800000000,63848515852,63849307376,791524
61200000000,64800000000,63849307376,63849334955,27579
61200000000,64800000000,63849334955,63850182631,847676
61200000000,64800000000,63850182631,63850985377,802746
61200000000,64800000000,63850985377,63851851370,865993
61200000000,64800000000,63851851370,63854792374,2941004
61200000000,64800000000,63854792374,63855637293,844919
61200000000,64800000000,63855637293,63857496361,1859068
61200000000,64800000000,63857496361,63860046383,2550022
61200000000,64800000000,63860046383,63862664480,2618097
61200000000,64800000000,63862664480,63863446267,781787
61200000000,64800000000,63863446267,63867573246,4126979
61200000000,64800000000,63867573246,63873579014,6005768
61200000000,64800000000,63873579014,63873588237,9223
61200000000,64800000000,63873588237,63874662952,1074715
61200000000,64800000000,63874662952,63875663035,1000083
61200000000,64800000000,63875663035,63875663039,4
61200000000,64800000000,63875663039,63875663040,1
61200000000,64800000000,63875663040,63875663041,1
61200000000,64800000000,63875663041,63875663306,265
61200000000,64800000000,63875663306,63875663311,5
61200000000,64800000000,63875663311,63875663312,1
61200000000,64800000000,63875663312,63875711673,48361
61200000000,64800000000,63875711673,63875899480,187807
61200000000,64800000000,63875899480,63875903419,3939
61200000000,64800000000,63875903419,63877947790,2044371
61200000000,64800000000,63877947790,63877947944,154
61200000000,64800000000,63877947944,63877953827,5883
61200000000,64800000000,63877953827,63877953973,146
61200000000,64800000000,63877953973,63877959553,5580
61200000000,64800000000,63877959553,63877959571,18
61200000000,64800000000,63877959571,63880723134,2763563
61200000000,64800000000,63880723134,63880723145,11
61200000000,64800000000,63880723145,63880723181,36
61200000000,64800000000,63880723181,63886027897,5304716
61200000000,64800000000,63886027897,63886997359,969462
61200000000,64800000000,63886997359,63890312052,3314693
61200000000,64800000000,63890312052,63892553730,2241678
61200000000,64800000000,63892553730,63892558580,4850
61200000000,64800000000,63892558580,63892568635,10055
61200000000,64800000000,63892568635,63895291924,2723289
61200000000,64800000000,63895291924,63895291928,4
61200000000,64800000000,63895291928,63895291929,1
61200000000,64800000000,63895291929,63895292150,221
61200000000,64800000000,63895292150,63895292154,4
61200000000,64800000000,63895292154,63895292166,12
61200000000,64800000000,63895292166,63896342690,1050524
61200000000,64800000000,63896342690,63896342913,223
61200000000,64800000000,63896342913,63896343051,138
61200000000,64800000000,63896343051,63896507269,164218
61200000000,64800000000,63896507269,63896507272,3
61200000000,64800000000,63896507272,63898531520,2024248
61200000000,64800000000,63898531520,63899528940,997420
61200000000,64800000000,63899528940,63900496765,967825
61200000000,64800000000,63900496765,63901409380,912615
61200000000,64800000000,63901409380,63902738038,1328658
61200000000,64800000000,63902738038,63903723803,985765
61200000000,64800000000,63903723803,63903723862,59
61200000000,64800000000,63903723862,63903723867,5
61200000000,64800000000,63903723867,63903723872,5
61200000000,64800000000,63903723872,63905862758,2138886
61200000000,64800000000,63905862758,63905862794,36
61200000000,64800000000,63905862794,63907804887,1942093
61200000000,64800000000,63907804887,63907814087,9200
61200000000,64800000000,63907814087,63907814235,148
61200000000,64800000000,63907814235,63907814240,5
61200000000,64800000000,63907814240,63908970446,1156206
61200000000,64800000000,63908970446,63910024382,1053936
61200000000,64800000000,63910024382,63911012500,988118
61200000000,64800000000,63911012500,63914292061,3279561
61200000000,64800000000,63914292061,63919159664,4867603
61200000000,64800000000,63919159664,63920087377,927713
61200000000,64800000000,63920087377,63920094294,6917
61200000000,64800000000,63920094294,63921816360,1722066
61200000000,64800000000,63921816360,63922719522,903162
61200000000,64800000000,63922719522,63922744806,25284
61200000000,64800000000,63922744806,63924973472,2228666
61200000000,64800000000,63924973472,63924973743,271
61200000000,64800000000,63924973743,63928226197,3252454
61200000000,64800000000,63928226197,63929305293,1079096
61200000000,64800000000,63929305293,63929305711,418
61200000000,64800000000,63929305711,63929305716,5
61200000000,64800000000,63929305716,63935692742,6387026
61200000000,64800000000,63935692742,63937375734,1682992
61200000000,64800000000,63937375734,63937657703,281969
61200000000,64800000000,63937657703,63939526923,1869220
61200000000,64800000000,63939526923,63940501737,974814
61200000000,64800000000,63940501737,63941338453,836716
61200000000,64800000000,63941338453,63941348038,9585
61200000000,64800000000,63941348038,63941348233,195
61200000000,64800000000,63941348233,63942668168,1319935
61200000000,64800000000,63942668168,63957288181,14620013
61200000000,64800000000,63957288181,63957296343,8162
61200000000,64800000000,63957296343,63957299085,2742
61200000000,64800000000,63957299085,63959046714,1747629
61200000000,64800000000,63959046714,63959046732,18
61200000000,64800000000,63959046732,63959046742,10
61200000000,64800000000,63959046742,63961723468,2676726
61200000000,64800000000,63961723468,63963497945,1774477
61200000000,64800000000,63963497945,63963498614,669
61200000000,64800000000,63963498614,63963498616,2
61200000000,64800000000,63963498616,63965277920,1779304
61200000000,64800000000,63965277920,63967401381,2123461
61200000000,64800000000,63967401381,63969045786,1644405
61200000000,64800000000,63969045786,63971234023,2188237
61200000000,64800000000,63971234023,63973069810,1835787
61200000000,64800000000,63973069810,63973963074,893264
61200000000,64800000000,63973963074,63973973572,10498
61200000000,64800000000,63973973572,63974785484,811912
61200000000,64800000000,63974785484,63974829094,43610
61200000000,64800000000,63974829094,63976484220,1655126
61200000000,64800000000,63976484220,63976484231,11
61200000000,64800000000,63976484231,63976531359,47128
61200000000,64800000000,63976531359,63977343257,811898
61200000000,64800000000,63977343257,63978432632,1089375
61200000000,64800000000,63978432632,63980665470,2232838
61200000000,64800000000,63980665470,63980665544,74
61200000000,64800000000,63980665544,63981489082,823538
61200000000,64800000000,63981489082,63981489086,4
61200000000,64800000000,63981489086,63981489087,1
61200000000,64800000000,63981489087,63981489088,1
61200000000,64800000000,63981489088,63983131125,1642037
61200000000,64800000000,63983131125,63983131325,200
61200000000,64800000000,63983131325,63984157954,1026629
61200000000,64800000000,63984157954,63984157969,15
61200000000,64800000000,63984157969,63990004146,5846177
61200000000,64800000000,63990004146,63990004263,117
61200000000,64800000000,63990004263,63990004268,5
61200000000,64800000000,63990004268,63994966921,4962653
61200000000,64800000000,63994966921,63995048610,81689
61200000000,64800000000,63995048610,63996086043,1037433
61200000000,64800000000,63996086043,63997039691,953648
61200000000,64800000000,63997039691,63997975902,936211
61200000000,64800000000,63997975902,63997975906,4
61200000000,64800000000,63997975906,63998921101,945195
61200000000,64800000000,63998921101,64000185706,1264605
61200000000,64800000000,64000185706,64001032154,846448
61200000000,64800000000,64001032154,64002672706,1640552
61200000000,64800000000,64002672706,64009198392,6525686
61200000000,64800000000,64009198392,64009209618,11226
61200000000,64800000000,64009209618,64011456660,2247042
61200000000,64800000000,64011456660,64014569524,3112864
61200000000,64800000000,64014569524,64016378521,1808997
61200000000,64800000000,64016378521,64019001809,2623288
61200000000,64800000000,64019001809,64020696392,1694583
61200000000,64800000000,64020696392,64020723777,27385
61200000000,64800000000,64020723777,64022763555,2039778
61200000000,64800000000,64022763555,64022788800,25245
61200000000,64800000000,64022788800,64023656739,867939
61200000000,64800000000,64023656739,64024600151,943412
61200000000,64800000000,64024600151,64025534959,934808
61200000000,64800000000,64025534959,64025562859,27900
61200000000,64800000000,64025562859,64025573046,10187
61200000000,64800000000,64025573046,64025573117,71
61200000000,64800000000,64025573117,64025573127,10
61200000000,64800000000,64025573127,64025573460,333
61200000000,64800000000,64025573460,64026562417,988957
61200000000,64800000000,64026562417,64027462030,899613
61200000000,64800000000,64027462030,64028378435,916405
61200000000,64800000000,64028378435,64029320407,941972
61200000000,64800000000,64029320407,64030924624,1604217
61200000000,64800000000,64030924624,64030955520,30896
61200000000,64800000000,64030955520,64032942233,1986713
61200000000,64800000000,64032942233,64032974429,32196
61200000000,64800000000,64032974429,64034511233,1536804
61200000000,64800000000,64034511233,64039495586,4984353
61200000000,64800000000,64039495586,64040336890,841304
61200000000,64800000000,64040336890,64040344342,7452
61200000000,64800000000,64040344342,64041139642,795300
61200000000,64800000000,64041139642,64044198104,3058462
61200000000,64800000000,64044198104,64044198122,18
61200000000,64800000000,64044198122,64044198126,4
61200000000,64800000000,64044198126,64046045283,1847157
61200000000,64800000000,64046045283,64046045287,4
61200000000,64800000000,64046045287,64046992106,946819
61200000000,64800000000,64046992106,64048884332,1892226
61200000000,64800000000,64048884332,64049743631,859299
61200000000,64800000000,64049743631,64050540862,797231
61200000000,64800000000,64050540862,64050564776,23914
61200000000,64800000000,64050564776,64052347844,1783068
61200000000,64800000000,64052347844,64052489420,141576
61200000000,64800000000,64052489420,64059826941,7337521
61200000000,64800000000,64059826941,64061733961,1907020
61200000000,64800000000,64061733961,64061777512,43551
61200000000,64800000000,64061777512,64063607491,1829979
61200000000,64800000000,64063607491,64064488151,880660
61200000000,64800000000,64064488151,64064516641,28490
61200000000,64800000000,64064516641,64065601244,1084603
61200000000,64800000000,64065601244,64066510618,909374
61200000000,64800000000,64066510618,64066538368,27750
61200000000,64800000000,64066538368,64068624527,2086159
61200000000,64800000000,64068624527,64069669806,1045279
61200000000,64800000000,64069669806,64069670366,560
61200000000,64800000000,64069670366,64071719370,2049004
61200000000,64800000000,64071719370,64071772518,53148
61200000000,64800000000,64071772518,64073712665,1940147
61200000000,64800000000,64073712665,64073712669,4
61200000000,64800000000,64073712669,64075321162,1608493
61200000000,64800000000,64075321162,64079650177,4329015
61200000000,64800000000,64079650177,64079665908,15731
61200000000,64800000000,64079665908,64080957382,1291474
61200000000,64800000000,64080957382,64081922780,965398
61200000000,64800000000,64081922780,64081954352,31572
61200000000,64800000000,64081954352,64083857232,1902880
61200000000,64800000000,64083857232,64084818162,960930
61200000000,64800000000,64084818162,64084823445,5283
61200000000,64800000000,64084823445,64086552160,1728715
61200000000,64800000000,64086552160,64086593729,41569
61200000000,64800000000,64086593729,64088346749,1753020
61200000000,64800000000,64088346749,64088373761,27012
61200000000,64800000000,64088373761,64090514531,2140770
61200000000,64800000000,64090514531,64093313254,2798723
61200000000,64800000000,64093313254,64093325355,12101
61200000000,64800000000,64093325355,64095134885,1809530
61200000000,64800000000,64095134885,64095134897,12
61200000000,64800000000,64095134897,64102336201,7201304
61200000000,64800000000,64102336201,64104887231,2551030
61200000000,64800000000,64104887231,64104913978,26747
61200000000,64800000000,64104913978,64104917150,3172
61200000000,64800000000,64104917150,64104922794,5644
61200000000,64800000000,64104922794,64108136104,3213310
61200000000,64800000000,64108136104,64110130471,1994367
61200000000,64800000000,64110130471,64110130491,20
61200000000,64800000000,64110130491,64110130651,160
61200000000,64800000000,64110130651,64110136473,5822
61200000000,64800000000,64110136473,64111541360,1404887
61200000000,64800000000,64111541360,64122133868,10592508
61200000000,64800000000,64122133868,64123593151,1459283
61200000000,64800000000,64123593151,64124547919,954768
61200000000,64800000000,64124547919,64124572478,24559
61200000000,64800000000,64124572478,64124572482,4
61200000000,64800000000,64124572482,64124572497,15
61200000000,64800000000,64124572497,64125602707,1030210
61200000000,64800000000,64125602707,64137589972,11987265
61200000000,64800000000,64137589972,64143249909,5659937
61200000000,64800000000,64143249909,64143255900,5991
61200000000,64800000000,64143255900,64143259605,3705
61200000000,64800000000,64143259605,64145238202,1978597
61200000000,64800000000,64145238202,64145238213,11
61200000000,64800000000,64145238213,64145238226,13
61200000000,64800000000,64145238226,64146194963,956737
61200000000,64800000000,64146194963,64146194990,27
61200000000,64800000000,64146194990,64146194995,5
61200000000,64800000000,64146194995,64148393200,2198205
61200000000,64800000000,64148393200,64148393227,27
61200000000,64800000000,64148393227,64148393232,5
61200000000,64800000000,64148393232,64149504921,1111689
61200000000,64800000000,64149504921,64149504948,27
61200000000,64800000000,64149504948,64149504953,5
61200000000,64800000000,64149504953,64152857670,3352717
61200000000,64800000000,64152857670,64153882910,1025240
61200000000,64800000000,64153882910,64155774947,1892037
61200000000,64800000000,64155774947,64158832457,3057510
61200000000,64800000000,64158832457,64161932636,3100179
61200000000,64800000000,64161932636,64164939850,3007214
61200000000,64800000000,64164939850,64166801050,1861200
61200000000,64800000000,64166801050,64166801054,4
61200000000,64800000000,64166801054,64167772716,971662
61200000000,64800000000,64167772716,64171141856,3369140
61200000000,64800000000,64171141856,64174036143,2894287
61200000000,64800000000,64174036143,64175408941,1372798
61200000000,64800000000,64175408941,64175408944,3
61200000000,64800000000,64175408944,64177194050,1785106
61200000000,64800000000,64177194050,64178304881,1110831
61200000000,64800000000,64178304881,64180176049,1871168
61200000000,64800000000,64180176049,64183593556,3417507
61200000000,64800000000,64183593556,64183600338,6782
61200000000,64800000000,64183600338,64183602695,2357
61200000000,64800000000,64183602695,64185867073,2264378
61200000000,64800000000,64185867073,64185867143,70
61200000000,64800000000,64185867143,64185867456,313
61200000000,64800000000,64185867456,64186779712,912256
61200000000,64800000000,64186779712,64188744895,1965183
61200000000,64800000000,64188744895,64190657984,1913089
61200000000,64800000000,64190657984,64190823834,165850
61200000000,64800000000,64190823834,64191780879,957045
61200000000,64800000000,64191780879,64195304962,3524083
61200000000,64800000000,64195304962,64198761827,3456865
61200000000,64800000000,64198761827,64198770549,8722
61200000000,64800000000,64198770549,64202016704,3246155
61200000000,64800000000,64202016704,64203203417,1186713
61200000000,64800000000,64203203417,64203203956,539
61200000000,64800000000,64203203956,64208098366,4894410
61200000000,64800000000,64208098366,64208113937,15571
61200000000,64800000000,64208113937,64209142373,1028436
61200000000,64800000000,64209142373,64210193058,1050685
61200000000,64800000000,64210193058,64211215798,1022740
61200000000,64800000000,64211215798,64212181432,965634
61200000000,64800000000,64212181432,64213184727,1003295
61200000000,64800000000,64213184727,64214169568,984841
61200000000,64800000000,64214169568,64214169572,4
61200000000,64800000000,64214169572,64214198691,29119
61200000000,64800000000,64214198691,64215187674,988983
61200000000,64800000000,64215187674,64215187678,4
61200000000,64800000000,64215187678,64216121920,934242
61200000000,64800000000,64216121920,64220582424,4460504
61200000000,64800000000,64220582424,64222624905,2042481
61200000000,64800000000,64222624905,64224832082,2207177
61200000000,64800000000,64224832082,64225084389,252307
61200000000,64800000000,64225084389,64227165901,2081512
61200000000,64800000000,64227165901,64228593535,1427634
61200000000,64800000000,64228593535,64234292219,5698684
61200000000,64800000000,64234292219,64234295548,3329
61200000000,64800000000,64234295548,64234297837,2289
61200000000,64800000000,64234297837,64235313688,1015851
61200000000,64800000000,64235313688,64236303646,989958
61200000000,64800000000,64236303646,64236303674,28
61200000000,64800000000,64236303674,64236303779,105
61200000000,64800000000,64236303779,64236346388,42609
61200000000,64800000000,64236346388,64236360278,13890
61200000000,64800000000,64236360278,64236364074,3796
61200000000,64800000000,64236364074,64238152294,1788220
61200000000,64800000000,64238152294,64238152313,19
61200000000,64800000000,64238152313,64241392345,3240032
61200000000,64800000000,64241392345,64243610726,2218381
61200000000,64800000000,64243610726,64245707642,2096916
61200000000,64800000000,64245707642,64249083612,3375970
61200000000,64800000000,64249083612,64249086925,3313
61200000000,64800000000,64249086925,64251560891,2473966
61200000000,64800000000,64251560891,64251561032,141
61200000000,64800000000,64251561032,64254323061,2762029
61200000000,64800000000,64254323061,64254333100,10039
61200000000,64800000000,64254333100,64254338265,5165
61200000000,64800000000,64254338265,64254350269,12004
61200000000,64800000000,64254350269,64255219470,869201
61200000000,64800000000,64255219470,64258792594,3573124
61200000000,64800000000,64258792594,64258792665,71
61200000000,64800000000,64258792665,64258799229,6564
61200000000,64800000000,64258799229,64258799564,335
61200000000,64800000000,64258799564,64268573976,9774412
61200000000,64800000000,64268573976,64268574082,106
61200000000,64800000000,64268574082,64268574089,7
61200000000,64800000000,64268574089,64268574141,52
61200000000,64800000000,64268574141,64269705586,1131445
61200000000,64800000000,64269705586,64270777501,1071915
61200000000,64800000000,64270777501,64273117315,2339814
61200000000,64800000000,64273117315,64276281663,3164348
61200000000,64800000000,64276281663,64276285417,3754
61200000000,64800000000,64276285417,64278070097,1784680
61200000000,64800000000,64278070097,64278070109,12
61200000000,64800000000,64278070109,64278108434,38325
61200000000,64800000000,64278108434,64279054912,946478
61200000000,64800000000,64279054912,64281853489,2798577
61200000000,64800000000,64281853489,64283207854,1354365
61200000000,64800000000,64283207854,64283207856,2
61200000000,64800000000,64283207856,64284959398,1751542
61200000000,64800000000,64284959398,64284959571,173
61200000000,64800000000,64284959571,64284959630,59
61200000000,64800000000,64284959630,64288107865,3148235
61200000000,64800000000,64288107865,64288180977,73112
61200000000,64800000000,64288180977,64300099220,11918243
61200000000,64800000000,64300099220,64302167416,2068196
61200000000,64800000000,64302167416,64303073894,906478
61200000000,64800000000,64303073894,64307903924,4830030
61200000000,64800000000,64307903924,64308902866,998942
61200000000,64800000000,64308902866,64310012458,1109592
61200000000,64800000000,64310012458,64319027327,9014869
61200000000,64800000000,64319027327,64322105633,3078306
61200000000,64800000000,64322105633,64322136364,30731
61200000000,64800000000,64322136364,64325830689,3694325
61200000000,64800000000,64325830689,64325830692,3
61200000000,64800000000,64325830692,64326764880,934188
61200000000,64800000000,64326764880,64330267925,3503045
61200000000,64800000000,64330267925,64337855879,7587954
61200000000,64800000000,64337855879,64337858791,2912
61200000000,64800000000,64337858791,64339856252,1997461
61200000000,64800000000,64339856252,64339856264,12
61200000000,64800000000,64339856264,64341428112,1571848
61200000000,64800000000,64341428112,64346113753,4685641
61200000000,64800000000,64346113753,64352326167,6212414
61200000000,64800000000,64352326167,64354565475,2239308
61200000000,64800000000,64354565475,64359342588,4777113
61200000000,64800000000,64359342588,64359349951,7363
61200000000,64800000000,64359349951,64361264459,1914508
61200000000,64800000000,64361264459,64361264463,4
61200000000,64800000000,64361264463,64361264464,1
61200000000,64800000000,64361264464,64361264465,1
61200000000,64800000000,64361264465,64361264515,50
61200000000,64800000000,64361264515,64361264520,5
61200000000,64800000000,64361264520,64361264521,1
61200000000,64800000000,64361264521,64362582001,1317480
61200000000,64800000000,64362582001,64362582101,100
61200000000,64800000000,64362582101,64362583118,1017
61200000000,64800000000,64362583118,64362583355,237
61200000000,64800000000,64362583355,64362583391,36
61200000000,64800000000,64362583391,64374449880,11866489
61200000000,64800000000,64374449880,64374450188,308
61200000000,64800000000,64374450188,64374450195,7
61200000000,64800000000,64374450195,64374450204,9
61200000000,64800000000,64374450204,64376895613,2445409
61200000000,64800000000,64376895613,64379399729,2504116
61200000000,64800000000,64379399729,64380375485,975756
61200000000,64800000000,64380375485,64380386422,10937
61200000000,64800000000,64380386422,64380386511,89
61200000000,64800000000,64380386511,64380386516,5
61200000000,64800000000,64380386516,64380386521,5
61200000000,64800000000,64380386521,64380387300,779
61200000000,64800000000,64380387300,64381553007,1165707
61200000000,64800000000,64381553007,64381559271,6264
61200000000,64800000000,64381559271,64381561897,2626
61200000000,64800000000,64381561897,64381564204,2307
61200000000,64800000000,64381564204,64381570535,6331
61200000000,64800000000,64381570535,64382427673,857138
61200000000,64800000000,64382427673,64383454000,1026327
61200000000,64800000000,64383454000,64383454004,4
61200000000,64800000000,64383454004,64383454005,1
61200000000,64800000000,64383454005,64383454127,122
61200000000,64800000000,64383454127,64383454131,4
61200000000,64800000000,64383454131,64383454132,1
61200000000,64800000000,64383454132,64383454175,43
61200000000,64800000000,64383454175,64383454188,13
61200000000,64800000000,64383454188,64383454201,13
61200000000,64800000000,64383454201,64384691242,1237041
61200000000,64800000000,64384691242,64384693677,2435
61200000000,64800000000,64384693677,64384694453,776
61200000000,64800000000,64384694453,64384694465,12
61200000000,64800000000,64384694465,64384806928,112463
61200000000,64800000000,64384806928,64386640721,1833793
61200000000,64800000000,64386640721,64390465366,3824645
61200000000,64800000000,64390465366,64390465534,168
61200000000,64800000000,64390465534,64390465539,5
61200000000,64800000000,64390465539,64391415459,949920
61200000000,64800000000,64391415459,64396878644,5463185
61200000000,64800000000,64396878644,64396879097,453
61200000000,64800000000,64396879097,64396879104,7
61200000000,64800000000,64396879104,64396879113,9
61200000000,64800000000,64396879113,64399018104,2138991
61200000000,64800000000,64399018104,64400923440,1905336
61200000000,64800000000,64400923440,64400923787,347
61200000000,64800000000,64400923787,64400923792,5
61200000000,64800000000,64400923792,64401968177,1044385
61200000000,64800000000,64401968177,64402015193,47016
61200000000,64800000000,64402015193,64402017355,2162
61200000000,64800000000,64402017355,64402058695,41340
61200000000,64800000000,64402058695,64402058834,139
61200000000,64800000000,64402058834,64402058839,5
61200000000,64800000000,64402058839,64403939615,1880776
61200000000,64800000000,64403939615,64403939705,90
61200000000,64800000000,64403939705,64404085393,145688
61200000000,64800000000,64404085393,64406299084,2213691
61200000000,64800000000,64406299084,64407244172,945088
61200000000,64800000000,64407244172,64409223122,1978950
61200000000,64800000000,64409223122,64410227598,1004476
61200000000,64800000000,64410227598,64412140161,1912563
61200000000,64800000000,64412140161,64413247310,1107149
61200000000,64800000000,64413247310,64415096626,1849316
61200000000,64800000000,64415096626,64415201067,104441
61200000000,64800000000,64415201067,64415212295,11228
61200000000,64800000000,64415212295,64416188816,976521
61200000000,64800000000,64416188816,64416188926,110
61200000000,64800000000,64416188926,64416189333,407
61200000000,64800000000,64416189333,64416189340,7
61200000000,64800000000,64416189340,64416189347,7
61200000000,64800000000,64416189347,64417578183,1388836
61200000000,64800000000,64417578183,64417578246,63
61200000000,64800000000,64417578246,64418685944,1107698
61200000000,64800000000,64418685944,64422674839,3988895
61200000000,64800000000,64422674839,64425630723,2955884
61200000000,64800000000,64425630723,64427338495,1707772
61200000000,64800000000,64427338495,64432537110,5198615
61200000000,64800000000,64432537110,64434347741,1810631
61200000000,64800000000,64434347741,64435229837,882096
61200000000,64800000000,64435229837,64435257740,27903
61200000000,64800000000,64435257740,64436174889,917149
61200000000,64800000000,64436174889,64437228342,1053453
61200000000,64800000000,64437228342,64441302721,4074379
61200000000,64800000000,64441302721,64442238139,935418
61200000000,64800000000,64442238139,64444034139,1796000
61200000000,64800000000,64444034139,64446878760,2844621
61200000000,64800000000,64446878760,64447788242,909482
61200000000,64800000000,64447788242,64447814705,26463
61200000000,64800000000,64447814705,64448722447,907742
61200000000,64800000000,64448722447,64450008708,1286261
61200000000,64800000000,64450008708,64450008772,64
61200000000,64800000000,64450008772,64450008784,12
61200000000,64800000000,64450008784,64450008790,6
61200000000,64800000000,64450008790,64451134261,1125471
61200000000,64800000000,64451134261,64451134279,18
61200000000,64800000000,64451134279,64452172466,1038187
61200000000,64800000000,64452172466,64452172483,17
61200000000,64800000000,64452172483,64461811387,9638904
61200000000,64800000000,64461811387,64461811708,321
61200000000,64800000000,64461811708,64461811715,7
61200000000,64800000000,64461811715,64461811722,7
61200000000,64800000000,64461811722,64463892633,2080911
61200000000,64800000000,64463892633,64463893164,531
61200000000,64800000000,64463893164,64463893173,9
61200000000,64800000000,64463893173,64463893194,21
61200000000,64800000000,64463893194,64474821755,10928561
61200000000,64800000000,64474821755,64476572150,1750395
61200000000,64800000000,64476572150,64476599197,27047
61200000000,64800000000,64476599197,64478630051,2030854
61200000000,64800000000,64478630051,64485877379,7247328
61200000000,64800000000,64485877379,64489281413,3404034
61200000000,64800000000,64489281413,64490076717,795304
61200000000,64800000000,64490076717,64490076782,65
61200000000,64800000000,64490076782,64490076792,10
61200000000,64800000000,64490076792,64490988147,911355
61200000000,64800000000,64490988147,64493246148,2258001
61200000000,64800000000,64493246148,64493246196,48
61200000000,64800000000,64493246196,64493246201,5
61200000000,64800000000,64493246201,64495379155,2132954
61200000000,64800000000,64495379155,64496327053,947898
61200000000,64800000000,64496327053,64496327057,4
61200000000,64800000000,64496327057,64496327072,15
61200000000,64800000000,64496327072,64497399858,1072786
61200000000,64800000000,64497399858,64501218775,3818917
61200000000,64800000000,64501218775,64503029900,1811125
61200000000,64800000000,64503029900,64504200496,1170596
61200000000,64800000000,64504200496,64504206791,6295
61200000000,64800000000,64504206791,64506799186,2592395
61200000000,64800000000,64506799186,64506829110,29924
61200000000,64800000000,64506829110,64509545903,2716793
61200000000,64800000000,64509545903,64511489475,1943572
61200000000,64800000000,64511489475,64513306414,1816939
61200000000,64800000000,64513306414,64513340077,33663
61200000000,64800000000,64513340077,64513365741,25664
61200000000,64800000000,64513365741,64513389368,23627
61200000000,64800000000,64513389368,64513389371,3
61200000000,64800000000,64513389371,64514325261,935890
61200000000,64800000000,64514325261,64515591030,1265769
61200000000,64800000000,64515591030,64515591041,11
61200000000,64800000000,64515591041,64515591052,11
61200000000,64800000000,64515591052,64515642809,51757
61200000000,64800000000,64515642809,64515644927,2118
61200000000,64800000000,64515644927,64515652223,7296
61200000000,64800000000,64515652223,64516573044,920821
61200000000,64800000000,64516573044,64516573366,322
61200000000,64800000000,64516573366,64516573373,7
61200000000,64800000000,64516573373,64516573380,7
61200000000,64800000000,64516573380,64517563602,990222
61200000000,64800000000,64517563602,64517563613,11
61200000000,64800000000,64517563613,64518540914,977301
61200000000,64800000000,64518540914,64520311983,1771069
61200000000,64800000000,64520311983,64520351299,39316
61200000000,64800000000,64520351299,64521214960,863661
61200000000,64800000000,64521214960,64522111060,896100
61200000000,64800000000,64522111060,64522143378,32318
61200000000,64800000000,64522143378,64523032263,888885
61200000000,64800000000,64523032263,64524014374,982111
61200000000,64800000000,64524014374,64527440581,3426207
61200000000,64800000000,64527440581,64531371989,3931408
61200000000,64800000000,64531371989,64532708584,1336595
61200000000,64800000000,64532708584,64533642818,934234
61200000000,64800000000,64533642818,64534706193,1063375
61200000000,64800000000,64534706193,64534714417,8224
61200000000,64800000000,64534714417,64534716947,2530
61200000000,64800000000,64534716947,64534719450,2503
61200000000,64800000000,64534719450,64534727602,8152
61200000000,64800000000,64534727602,64534737575,9973
61200000000,64800000000,64534737575,64534740310,2735
61200000000,64800000000,64534740310,64535653255,912945
61200000000,64800000000,64535653255,64535653282,27
61200000000,64800000000,64535653282,64535653287,5
61200000000,64800000000,64535653287,64536594037,940750
61200000000,64800000000,64536594037,64536594084,47
61200000000,64800000000,64536594084,64536594089,5
61200000000,64800000000,64536594089,64536594090,1
61200000000,64800000000,64536594090,64536594091,1
61200000000,64800000000,64536594091,64536594328,237
61200000000,64800000000,64536594328,64536594377,49
61200000000,64800000000,64536594377,64536594389,12
61200000000,64800000000,64536594389,64536594404,15
61200000000,64800000000,64536594404,64536594417,13
61200000000,64800000000,64536594417,64537882895,1288478
61200000000,64800000000,64537882895,64537883703,808
61200000000,64800000000,64537883703,64537888081,4378
61200000000,64800000000,64537888081,64540864264,2976183
61200000000,64800000000,64540864264,64550572324,9708060
61200000000,64800000000,64550572324,64551527381,955057
61200000000,64800000000,64551527381,64551527887,506
61200000000,64800000000,64551527887,64551527889,2
61200000000,64800000000,64551527889,64552616171,1088282
61200000000,64800000000,64552616171,64553464884,848713
61200000000,64800000000,64553464884,64554326215,861331
61200000000,64800000000,64554326215,64557909870,3583655
61200000000,64800000000,64557909870,64564914829,7004959
61200000000,64800000000,64564914829,64572275254,7360425
61200000000,64800000000,64572275254,64574074045,1798791
61200000000,64800000000,64574074045,64574997873,923828
61200000000,64800000000,64574997873,64580329409,5331536
61200000000,64800000000,64580329409,64582492074,2162665
61200000000,64800000000,64582492074,64583428831,936757
61200000000,64800000000,64583428831,64587628690,4199859
61200000000,64800000000,64587628690,64593123198,5494508
61200000000,64800000000,64593123198,64593123201,3
61200000000,64800000000,64593123201,64593123317,116
61200000000,64800000000,64593123317,64594939044,1815727
61200000000,64800000000,64594939044,64594967265,28221
61200000000,64800000000,64594967265,64595918127,950862
61200000000,64800000000,64595918127,64596912637,994510
61200000000,64800000000,64596912637,64598741764,1829127
61200000000,64800000000,64598741764,64602127554,3385790
61200000000,64800000000,64602127554,64603919000,1791446
61200000000,64800000000,64603919000,64603919313,313
61200000000,64800000000,64603919313,64603919320,7
61200000000,64800000000,64603919320,64603919327,7
61200000000,64800000000,64603919327,64604801077,881750
61200000000,64800000000,64604801077,64604801081,4
61200000000,64800000000,64604801081,64604801082,1
61200000000,64800000000,64604801082,64605767996,966914
61200000000,64800000000,64605767996,64605769648,1652
61200000000,64800000000,64605769648,64607604889,1835241
61200000000,64800000000,64607604889,64611522814,3917925
61200000000,64800000000,64611522814,64616552226,5029412
61200000000,64800000000,64616552226,64621361796,4809570
61200000000,64800000000,64621361796,64621370274,8478
61200000000,64800000000,64621370274,64622388027,1017753
61200000000,64800000000,64622388027,64622567783,179756
61200000000,64800000000,64622567783,64623495467,927684
61200000000,64800000000,64623495467,64623535740,40273
61200000000,64800000000,64623535740,64623545781,10041
61200000000,64800000000,64623545781,64624823107,1277326
61200000000,64800000000,64624823107,64624823112,5
61200000000,64800000000,64624823112,64624823153,41
61200000000,64800000000,64624823153,64624823157,4
61200000000,64800000000,64624823157,64624823158,1
61200000000,64800000000,64624823158,64626149440,1326282
61200000000,64800000000,64626149440,64626149477,37
61200000000,64800000000,64626149477,64626149482,5
61200000000,64800000000,64626149482,64627076013,926531
61200000000,64800000000,64627076013,64627977711,901698
61200000000,64800000000,64627977711,64627977934,223
61200000000,64800000000,64627977934,64627984045,6111
61200000000,64800000000,64627984045,64628158747,174702
61200000000,64800000000,64628158747,64629882916,1724169
61200000000,64800000000,64629882916,64631748540,1865624
61200000000,64800000000,64631748540,64633648668,1900128
61200000000,64800000000,64633648668,64637023262,3374594
61200000000,64800000000,64637023262,64637582371,559109
61200000000,64800000000,64637582371,64639518466,1936095
61200000000,64800000000,64639518466,64640619104,1100638
61200000000,64800000000,64640619104,64641558945,939841
61200000000,64800000000,64641558945,64641567219,8274
61200000000,64800000000,64641567219,64641570568,3349
61200000000,64800000000,64641570568,64643224553,1653985
61200000000,64800000000,64643224553,64643224825,272
61200000000,64800000000,64643224825,64643224848,23
61200000000,64800000000,64643224848,64643268067,43219
61200000000,64800000000,64643268067,64644973274,1705207
61200000000,64800000000,64644973274,64646782008,1808734
61200000000,64800000000,64646782008,64651017351,4235343
61200000000,64800000000,64651017351,64659670504,8653153
61200000000,64800000000,64659670504,64660657205,986701
61200000000,64800000000,64660657205,64660664673,7468
61200000000,64800000000,64660664673,64662331339,1666666
61200000000,64800000000,64662331339,64663253395,922056
61200000000,64800000000,64663253395,64663253399,4
61200000000,64800000000,64663253399,64663253408,9
61200000000,64800000000,64663253408,64664396601,1143193
61200000000,64800000000,64664396601,64664396605,4
61200000000,64800000000,64664396605,64665414518,1017913
61200000000,64800000000,64665414518,64676790544,11376026
61200000000,64800000000,64676790544,64676790720,176
61200000000,64800000000,64676790720,64676790727,7
61200000000,64800000000,64676790727,64677811840,1021113
61200000000,64800000000,64677811840,64677811897,57
61200000000,64800000000,64677811897,64677811902,5
61200000000,64800000000,64677811902,64682006897,4194995
61200000000,64800000000,64682006897,64682012875,5978
61200000000,64800000000,64682012875,64682015263,2388
61200000000,64800000000,64682015263,64684536230,2520967
61200000000,64800000000,64684536230,64684536233,3
61200000000,64800000000,64684536233,64684536291,58
61200000000,64800000000,64684536291,64684536304,13
61200000000,64800000000,64684536304,64685475729,939425
61200000000,64800000000,64685475729,64688266888,2791159
61200000000,64800000000,64688266888,64688283234,16346
61200000000,64800000000,64688283234,64688283839,605
61200000000,64800000000,64688283839,64689372115,1088276
61200000000,64800000000,64689372115,64690762155,1390040
61200000000,64800000000,64690762155,64690800955,38800
61200000000,64800000000,64690800955,64696575543,5774588
61200000000,64800000000,64696575543,64696575547,4
61200000000,64800000000,64696575547,64696622803,47256
61200000000,64800000000,64696622803,64696628664,5861
61200000000,64800000000,64696628664,64696628891,227
61200000000,64800000000,64696628891,64696628896,5
61200000000,64800000000,64696628896,64697580811,951915
61200000000,64800000000,64697580811,64698547117,966306
61200000000,64800000000,64698547117,64700397936,1850819
61200000000,64800000000,64700397936,64701593929,1195993
61200000000,64800000000,64701593929,64701609862,15933
61200000000,64800000000,64701609862,64702442098,832236
61200000000,64800000000,64702442098,64704213421,1771323
61200000000,64800000000,64704213421,64704213424,3
61200000000,64800000000,64704213424,64704213425,1
61200000000,64800000000,64704213425,64704213537,112
61200000000,64800000000,64704213537,64704213540,3
61200000000,64800000000,64704213540,64704213541,1
61200000000,64800000000,64704213541,64706010760,1797219
61200000000,64800000000,64706010760,64706012271,1511
61200000000,64800000000,64706012271,64706012865,594
61200000000,64800000000,64706012865,64706012877,12
61200000000,64800000000,64706012877,64706090733,77856
61200000000,64800000000,64706090733,64708902889,2812156
61200000000,64800000000,64708902889,64710602311,1699422
61200000000,64800000000,64710602311,64711545524,943213
61200000000,64800000000,64711545524,64712741008,1195484
61200000000,64800000000,64712741008,64712741592,584
61200000000,64800000000,64712741592,64713759002,1017410
61200000000,64800000000,64713759002,64714635670,876668
61200000000,64800000000,64714635670,64715486618,850948
61200000000,64800000000,64715486618,64715572010,85392
61200000000,64800000000,64715572010,64717309465,1737455
61200000000,64800000000,64717309465,64720101040,2791575
61200000000,64800000000,64720101040,64721728138,1627098
61200000000,64800000000,64721728138,64746459196,24731058
61200000000,64800000000,64746459196,64750233520,3774324
61200000000,64800000000,64750233520,64751143763,910243
61200000000,64800000000,64751143763,64752059568,915805
61200000000,64800000000,64752059568,64752092625,33057
61200000000,64800000000,64752092625,64752092722,97
61200000000,64800000000,64752092722,64752092727,5
61200000000,64800000000,64752092727,64752911566,818839
61200000000,64800000000,64752911566,64753775459,863893
61200000000,64800000000,64753775459,64753775506,47
61200000000,64800000000,64753775506,64753775511,5
61200000000,64800000000,64753775511,64756762748,2987237
61200000000,64800000000,64756762748,64756767523,4775
61200000000,64800000000,64756767523,64758493214,1725691
61200000000,64800000000,64758493214,64758493337,123
61200000000,64800000000,64758493337,64759423204,929867
61200000000,64800000000,64759423204,64759423281,77
61200000000,64800000000,64759423281,64759423286,5
61200000000,64800000000,64759423286,64769891717,10468431
61200000000,64800000000,64769891717,64769900525,8808
61200000000,64800000000,64769900525,64778627558,8727033
61200000000,64800000000,64778627558,64779615781,988223
61200000000,64800000000,64779615781,64779633195,17414
61200000000,64800000000,64779633195,64782652422,3019227
61200000000,64800000000,64782652422,64782652574,152
61200000000,64800000000,64782652574,64782652767,193
61200000000,64800000000,64782652767,64782811268,158501
61200000000,64800000000,64782811268,64783702306,891038
61200000000,64800000000,64783702306,64783854649,152343
61200000000,64800000000,64783854649,64784779622,924973
61200000000,64800000000,64784779622,64785832408,1052786
61200000000,64800000000,64785832408,64786754046,921638
61200000000,64800000000,64786754046,64786760157,6111
61200000000,64800000000,64786760157,64788318503,1558346
61200000000,64800000000,64788318503,64788318515,12
61200000000,64800000000,64788318515,64789215733,897218
61200000000,64800000000,64789215733,64789216209,476
61200000000,64800000000,64789216209,64789216216,7
61200000000,64800000000,64789216216,64790947516,1731300
61200000000,64800000000,64790947516,64790956294,8778
61200000000,64800000000,64790956294,64790968684,12390
61200000000,64800000000,64790968684,64793018496,2049812
61200000000,64800000000,64793018496,64793018507,11
61200000000,64800000000,64793018507,64793042515,24008
61200000000,64800000000,64793042515,64793964767,922252
61200000000,64800000000,64793964767,64795700631,1735864
61200000000,64800000000,64795700631,64796619971,919340
64800000000,68400000000,64800615230,64803729173,3113943
64800000000,68400000000,64803729173,64808120209,4391036
64800000000,68400000000,64808120209,64810008035,1887826
64800000000,68400000000,64810008035,64811025407,1017372
64800000000,68400000000,64811025407,64814406117,3380710
64800000000,68400000000,64814406117,64816348874,1942757
64800000000,68400000000,64816348874,64816384783,35909
64800000000,68400000000,64816384783,64816394402,9619
64800000000,68400000000,64816394402,64818359961,1965559
64800000000,68400000000,64818359961,64820199057,1839096
64800000000,68400000000,64820199057,64822002484,1803427
64800000000,68400000000,64822002484,64838774282,16771798
64800000000,68400000000,64838774282,64838779559,5277
64800000000,68400000000,64838779559,64838782113,2554
64800000000,68400000000,64838782113,64838787117,5004
64800000000,68400000000,64838787117,64840584773,1797656
64800000000,68400000000,64840584773,64840584785,12
64800000000,68400000000,64840584785,64840584797,12
64800000000,68400000000,64840584797,64842338570,1753773
64800000000,68400000000,64842338570,64844448214,2109644
64800000000,68400000000,64844448214,64844475359,27145
64800000000,68400000000,64844475359,64844475398,39
64800000000,68400000000,64844475398,64844475403,5
64800000000,68400000000,64844475403,64844475408,5
64800000000,68400000000,64844475408,64851031257,6555849
64800000000,68400000000,64851031257,64855826157,4794900
64800000000,68400000000,64855826157,64857948492,2122335
64800000000,68400000000,64857948492,64859501194,1552702
64800000000,68400000000,64859501194,64862709185,3207991
64800000000,68400000000,64862709185,64863507954,798769
64800000000,68400000000,64863507954,64864332319,824365
64800000000,68400000000,64864332319,64864361683,29364
64800000000,68400000000,64864361683,64864361685,2
64800000000,68400000000,64864361685,64865936815,1575130
64800000000,68400000000,64865936815,64866779456,842641
64800000000,68400000000,64866779456,64866779456,0
64800000000,68400000000,64866779456,64866785687,6231
64800000000,68400000000,64866785687,64867951268,1165581
64800000000,68400000000,64867951268,64868785058,833790
64800000000,68400000000,64868785058,64870729471,1944413
64800000000,68400000000,64870729471,64870751828,22357
64800000000,68400000000,64870751828,64872622637,1870809
64800000000,68400000000,64872622637,64873540051,917414
64800000000,68400000000,64873540051,64873549910,9859
64800000000,68400000000,64873549910,64875368691,1818781
64800000000,68400000000,64875368691,64877218657,1849966
64800000000,68400000000,64877218657,64880883197,3664540
64800000000,68400000000,64880883197,64880892335,9138
64800000000,68400000000,64880892335,64880892461,126
64800000000,68400000000,64880892461,64880892471,10
64800000000,68400000000,64880892471,64880892687,216
64800000000,68400000000,64880892687,64882708464,1815777
64800000000,68400000000,64882708464,64891447972,8739508
64800000000,68400000000,64891447972,64891447972,0
64800000000,68400000000,64891447972,64891452999,5027
64800000000,68400000000,64891452999,64892512146,1059147
64800000000,68400000000,64892512146,64892512173,27
64800000000,68400000000,64892512173,64892512178,5
64800000000,68400000000,64892512178,64896095638,3583460
64800000000,68400000000,64896095638,64896096233,595
64800000000,68400000000,64896096233,64896096256,23
64800000000,68400000000,64896096256,64897040205,943949
64800000000,68400000000,64897040205,64899516186,2475981
64800000000,68400000000,64899516186,64899516190,4
64800000000,68400000000,64899516190,64899516191,1
64800000000,68400000000,64899516191,64900394031,877840
64800000000,68400000000,64900394031,64900394469,438
64800000000,68400000000,64900394469,64904088639,3694170
64800000000,68400000000,64904088639,64904088642,3
64800000000,68400000000,64904088642,64905816877,1728235
64800000000,68400000000,64905816877,64906710023,893146
64800000000,68400000000,64906710023,64912927259,6217236
64800000000,68400000000,64912927259,64915541187,2613928
64800000000,68400000000,64915541187,64917221357,1680170
64800000000,68400000000,64917221357,64922367089,5145732
64800000000,68400000000,64922367089,64925652473,3285384
64800000000,68400000000,64925652473,64925660995,8522
64800000000,68400000000,64925660995,64925661037,42
64800000000,68400000000,64925661037,64925661042,5
64800000000,68400000000,64925661042,64925661047,5
64800000000,68400000000,64925661047,64926617809,956762
64800000000,68400000000,64926617809,64926639299,21490
64800000000,68400000000,64926639299,64926660826,21527
64800000000,68400000000,64926660826,64928291268,1630442
64800000000,68400000000,64928291268,64929981528,1690260
64800000000,68400000000,64929981528,64929981542,14
64800000000,68400000000,64929981542,64931897432,1915890
64800000000,68400000000,64931897432,64933690790,1793358
64800000000,68400000000,64933690790,64935589965,1899175
64800000000,68400000000,64935589965,64935595739,5774
64800000000,68400000000,64935595739,64935598209,2470
64800000000,68400000000,64935598209,64935940057,341848
64800000000,68400000000,64935940057,64935940061,4
64800000000,68400000000,64935940061,64935940118,57
64800000000,68400000000,64935940118,64935940123,5
64800000000,68400000000,64935940123,64937869602,1929479
64800000000,68400000000,64937869602,64937869614,12
64800000000,68400000000,64937869614,64937869626,12
64800000000,68400000000,64937869626,64937901650,32024
64800000000,68400000000,64937901650,64939630485,1728835
64800000000,68400000000,64939630485,64948438180,8807695
64800000000,68400000000,64948438180,64948438269,89
64800000000,68400000000,64948438269,64948438274,5
64800000000,68400000000,64948438274,64948438279,5
64800000000,68400000000,64948438279,64949371618,933339
64800000000,68400000000,64949371618,64951062773,1691155
64800000000,68400000000,64951062773,64952588064,1525291
64800000000,68400000000,64952588064,64954542921,1954857
64800000000,68400000000,64954542921,64954600622,57701
64800000000,68400000000,64954600622,64954603324,2702
64800000000,68400000000,64954603324,64954605713,2389
64800000000,68400000000,64954605713,64954607918,2205
64800000000,68400000000,64954607918,64954611873,3955
64800000000,68400000000,64954611873,64954614173,2300
64800000000,68400000000,64954614173,64954616177,2004
64800000000,68400000000,64954616177,64956369160,1752983
64800000000,68400000000,64956369160,64956369164,4
64800000000,68400000000,64956369164,64956369173,9
64800000000,68400000000,64956369173,64956369186,13
64800000000,68400000000,64956369186,64956369199,13
64800000000,68400000000,64956369199,64956369261,62
64800000000,68400000000,64956369261,64956369282,21
64800000000,68400000000,64956369282,64956369295,13
64800000000,68400000000,64956369295,64956398881,29586
64800000000,68400000000,64956398881,64957215959,817078
64800000000,68400000000,64957215959,64957215963,4
64800000000,68400000000,64957215963,64958377673,1161710
64800000000,68400000000,64958377673,64958379181,1508
64800000000,68400000000,64958379181,64961886136,3506955
64800000000,68400000000,64961886136,64963634432,1748296
64800000000,68400000000,64963634432,64965425535,1791103
64800000000,68400000000,64965425535,64968679635,3254100
64800000000,68400000000,64968679635,64968679720,85
64800000000,68400000000,64968679720,64968679728,8
64800000000,68400000000,64968679728,64970495242,1815514
64800000000,68400000000,64970495242,64971360724,865482
64800000000,68400000000,64971360724,64976034528,4673804
64800000000,68400000000,64976034528,64980693369,4658841
64800000000,68400000000,64980693369,64981530983,837614
64800000000,68400000000,64981530983,64982408744,877761
64800000000,68400000000,64982408744,64982408748,4
64800000000,68400000000,64982408748,64982597070,188322
64800000000,68400000000,64982597070,64983448602,851532
64800000000,68400000000,64983448602,64984298875,850273
64800000000,68400000000,64984298875,64984322069,23194
64800000000,68400000000,64984322069,64988179286,3857217
64800000000,68400000000,64988179286,64989878633,1699347
64800000000,68400000000,64989878633,64989883247,4614
64800000000,68400000000,64989883247,64991026717,1143470
64800000000,68400000000,64991026717,64991825795,799078
64800000000,68400000000,64991825795,64992696853,871058
64800000000,68400000000,64992696853,64994310224,1613371
64800000000,68400000000,64994310224,64997007777,2697553
64800000000,68400000000,64997007777,64997823007,815230
64800000000,68400000000,64997823007,64998704860,881853
64800000000,68400000000,64998704860,64998737225,32365
64800000000,68400000000,64998737225,64998737441,216
64800000000,68400000000,64998737441,64998737444,3
64800000000,68400000000,64998737444,64999801358,1063914
64800000000,68400000000,64999801358,65001838141,2036783
64800000000,68400000000,65001838141,65001910045,71904
64800000000,68400000000,65001910045,65001923216,13171
64800000000,68400000000,65001923216,65001926665,3449
64800000000,68400000000,65001926665,65003590334,1663669
64800000000,68400000000,65003590334,65003590351,17
64800000000,68400000000,65003590351,65003590376,25
64800000000,68400000000,65003590376,65004450289,859913
64800000000,68400000000,65004450289,65006148003,1697714
64800000000,68400000000,65006148003,65009835481,3687478
64800000000,68400000000,65009835481,65011497800,1662319
64800000000,68400000000,65011497800,65015367869,3870069
64800000000,68400000000,65015367869,65016250993,883124
64800000000,68400000000,65016250993,65017159164,908171
64800000000,68400000000,65017159164,65018090161,930997
64800000000,68400000000,65018090161,65023734114,5643953
64800000000,68400000000,65023734114,65027948981,4214867
64800000000,68400000000,65027948981,65029756168,1807187
64800000000,68400000000,65029756168,65029787945,31777
64800000000,68400000000,65029787945,65031459891,1671946
64800000000,68400000000,65031459891,65031483323,23432
64800000000,68400000000,65031483323,65031491805,8482
64800000000,68400000000,65031491805,65033257324,1765519
64800000000,68400000000,65033257324,65033282551,25227
64800000000,68400000000,65033282551,65034638815,1356264
64800000000,68400000000,65034638815,65035449021,810206
64800000000,68400000000,65035449021,65036252361,803340
64800000000,68400000000,65036252361,65040478810,4226449
64800000000,68400000000,65040478810,65042097747,1618937
64800000000,68400000000,65042097747,65051440162,9342415
64800000000,68400000000,65051440162,65052975189,1535027
64800000000,68400000000,65052975189,65054651916,1676727
64800000000,68400000000,65054651916,65056721019,2069103
64800000000,68400000000,65056721019,65069694194,12973175
64800000000,68400000000,65069694194,65071266458,1572264
64800000000,68400000000,65071266458,65071266462,4
64800000000,68400000000,65071266462,65071293432,26970
64800000000,68400000000,65071293432,65072123602,830170
64800000000,68400000000,65072123602,65072123607,5
64800000000,68400000000,65072123607,65072910163,786556
64800000000,68400000000,65072910163,65077500388,4590225
64800000000,68400000000,65077500388,65077500605,217
64800000000,68400000000,65077500605,65077500611,6
64800000000,68400000000,65077500611,65077500619,8
64800000000,68400000000,65077500619,65085216130,7715511
64800000000,68400000000,65085216130,65086065269,849139
64800000000,68400000000,65086065269,65086925203,859934
64800000000,68400000000,65086925203,65089025845,2100642
64800000000,68400000000,65089025845,65090724466,1698621
64800000000,68400000000,65090724466,65093296564,2572098
64800000000,68400000000,65093296564,65093296633,69
64800000000,68400000000,65093296633,65093296638,5
64800000000,68400000000,65093296638,65093296643,5
64800000000,68400000000,65093296643,65098497341,5200698
64800000000,68400000000,65098497341,65098497907,566
64800000000,68400000000,65098497907,65098637625,139718
64800000000,68400000000,65098637625,65098637647,22
64800000000,68400000000,65098637647,65099543426,905779
64800000000,68400000000,65099543426,65101383786,1840360
64800000000,68400000000,65101383786,65101383845,59
64800000000,68400000000,65101383845,65101383850,5
64800000000,68400000000,65101383850,65101383855,5
64800000000,68400000000,65101383855,65103246709,1862854
64800000000,68400000000,65103246709,65103246950,241
64800000000,68400000000,65103246950,65103246955,5
64800000000,68400000000,65103246955,65103246960,5
64800000000,68400000000,65103246960,65105425564,2178604
64800000000,68400000000,65105425564,65105425723,159
64800000000,68400000000,65105425723,65105425730,7
64800000000,68400000000,65105425730,65105425735,5
64800000000,68400000000,65105425735,65106312221,886486
64800000000,68400000000,65106312221,65113214745,6902524
64800000000,68400000000,65113214745,65113216654,1909
64800000000,68400000000,65113216654,65114157323,940669
64800000000,68400000000,65114157323,65114157604,281
64800000000,68400000000,65114157604,65115095385,937781
64800000000,68400000000,65115095385,65115095397,12
64800000000,68400000000,65115095397,65115141828,46431
64800000000,68400000000,65115141828,65118010004,2868176
64800000000,68400000000,65118010004,65120226407,2216403
64800000000,68400000000,65120226407,65120229214,2807
64800000000,68400000000,65120229214,65120234908,5694
64800000000,68400000000,65120234908,65122915390,2680482
64800000000,68400000000,65122915390,65122915393,3
64800000000,68400000000,65122915393,65122915394,1
64800000000,68400000000,65122915394,65122915503,109
64800000000,68400000000,65122915503,65123801120,885617
64800000000,68400000000,65123801120,65124708785,907665
64800000000,68400000000,65124708785,65124712681,3896
64800000000,68400000000,65124712681,65131404788,6692107
64800000000,68400000000,65131404788,65133230424,1825636
64800000000,68400000000,65133230424,65133237179,6755
64800000000,68400000000,65133237179,65133241207,4028
64800000000,68400000000,65133241207,65134999849,1758642
64800000000,68400000000,65134999849,65134999887,38
64800000000,68400000000,65134999887,65134999891,4
64800000000,68400000000,65134999891,65134999900,9
64800000000,68400000000,65134999900,65135867470,867570
64800000000,68400000000,65135867470,65135867474,4
64800000000,68400000000,65135867474,65136863084,995610
64800000000,68400000000,65136863084,65139731876,2868792
64800000000,68400000000,65139731876,65141811342,2079466
64800000000,68400000000,65141811342,65141811439,97
64800000000,68400000000,65141811439,65141811444,5
64800000000,68400000000,65141811444,65143625548,1814104
64800000000,68400000000,65143625548,65143625550,2
64800000000,68400000000,65143625550,65145504706,1879156
64800000000,68400000000,65145504706,65145540307,35601
64800000000,68400000000,65145540307,65147229006,1688699
64800000000,68400000000,65147229006,65157110324,9881318
64800000000,68400000000,65157110324,65157116926,6602
64800000000,68400000000,65157116926,65158940696,1823770
64800000000,68400000000,65158940696,65158940713,17
64800000000,68400000000,65158940713,65158969611,28898
64800000000,68400000000,65158969611,65159804701,835090
64800000000,68400000000,65159804701,65159813518,8817
64800000000,68400000000,65159813518,65161563019,1749501
64800000000,68400000000,65161563019,65161564789,1770
64800000000,68400000000,65161564789,65162963117,1398328
64800000000,68400000000,65162963117,65164588736,1625619
64800000000,68400000000,65164588736,65164588740,4
64800000000,68400000000,65164588740,65165449951,861211
64800000000,68400000000,65165449951,65168769407,3319456
64800000000,68400000000,65168769407,65168775948,6541
64800000000,68400000000,65168775948,65170586535,1810587
64800000000,68400000000,65170586535,65184030232,13443697
64800000000,68400000000,65184030232,65184034009,3777
64800000000,68400000000,65184034009,65184042781,8772
64800000000,68400000000,65184042781,65184042784,3
64800000000,68400000000,65184042784,65185094976,1052192
64800000000,68400000000,65185094976,65185095542,566
64800000000,68400000000,65185095542,65186116732,1021190
64800000000,68400000000,65186116732,65186116745,13
64800000000,68400000000,65186116745,65186116947,202
64800000000,68400000000,65186116947,65186149185,32238
64800000000,68400000000,65186149185,65186225121,75936
64800000000,68400000000,65186225121,65202253706,16028585
64800000000,68400000000,65202253706,65202264116,10410
64800000000,68400000000,65202264116,65205546747,3282631
64800000000,68400000000,65205546747,65205546752,5
64800000000,68400000000,65205546752,65205546787,35
64800000000,68400000000,65205546787,65205546791,4
64800000000,68400000000,65205546791,65205546792,1
64800000000,68400000000,65205546792,65205546793,1
64800000000,68400000000,65205546793,65205569086,22293
64800000000,68400000000,65205569086,65205576711,7625
64800000000,68400000000,65205576711,65205581491,4780
64800000000,68400000000,65205581491,65207374526,1793035
64800000000,68400000000,65207374526,65207374551,25
64800000000,68400000000,65207374551,65207374719,168
64800000000,68400000000,65207374719,65207375240,521
64800000000,68400000000,65207375240,65208257800,882560
64800000000,68400000000,65208257800,65212683847,4426047
64800000000,68400000000,65212683847,65213564485,880638
64800000000,68400000000,65213564485,65219243693,5679208
64800000000,68400000000,65219243693,65219257303,13610
64800000000,68400000000,65219257303,65220954324,1697021
64800000000,68400000000,65220954324,65223495318,2540994
64800000000,68400000000,65223495318,65229196874,5701556
64800000000,68400000000,65229196874,65230211446,1014572
64800000000,68400000000,65230211446,65230211544,98
64800000000,68400000000,65230211544,65230211549,5
64800000000,68400000000,65230211549,65230211556,7
64800000000,68400000000,65230211556,65231113471,901915
64800000000,68400000000,65231113471,65231996478,883007
64800000000,68400000000,65231996478,65233922761,1926283
64800000000,68400000000,65233922761,65233922765,4
64800000000,68400000000,65233922765,65233922766,1
64800000000,68400000000,65233922766,65234722268,799502
64800000000,68400000000,65234722268,65234722460,192
64800000000,68400000000,65234722460,65235594046,871586
64800000000,68400000000,65235594046,65239535011,3940965
64800000000,68400000000,65239535011,65239578375,43364
64800000000,68400000000,65239578375,65241562921,1984546
64800000000,68400000000,65241562921,65249324703,7761782
64800000000,68400000000,65249324703,65249328029,3326
64800000000,68400000000,65249328029,65251404389,2076360
64800000000,68400000000,65251404389,65251404393,4
64800000000,68400000000,65251404393,65251404425,32
64800000000,68400000000,65251404425,65252297308,892883
64800000000,68400000000,65252297308,65257764910,5467602
64800000000,68400000000,65257764910,65267982533,10217623
64800000000,68400000000,65267982533,65271497062,3514529
64800000000,68400000000,65271497062,65273217433,1720371
64800000000,68400000000,65273217433,65302688907,29471474
64800000000,68400000000,65302688907,65309917723,7228816
64800000000,68400000000,65309917723,65309917782,59
64800000000,68400000000,65309917782,65309917787,5
64800000000,68400000000,65309917787,65309917792,5
64800000000,68400000000,65309917792,65311091513,1173721
64800000000,68400000000,65311091513,65312251239,1159726
64800000000,68400000000,65312251239,65312275750,24511
64800000000,68400000000,65312275750,65312276407,657
64800000000,68400000000,65312276407,65312276439,32
64800000000,68400000000,65312276439,65313325326,1048887
64800000000,68400000000,65313325326,65314396973,1071647
64800000000,68400000000,65314396973,65314403092,6119
64800000000,68400000000,65314403092,65314403219,127
64800000000,68400000000,65314403219,65314403230,11
64800000000,68400000000,65314403230,65315491793,1088563
64800000000,68400000000,65315491793,65316805031,1313238
64800000000,68400000000,65316805031,65321428913,4623882
64800000000,68400000000,65321428913,65323202913,1774000
64800000000,68400000000,65323202913,65325422115,2219202
64800000000,68400000000,65325422115,65325422734,619
64800000000,68400000000,65325422734,65325422739,5
64800000000,68400000000,65325422739,65325422744,5
64800000000,68400000000,65325422744,65329674155,4251411
64800000000,68400000000,65329674155,65331449509,1775354
64800000000,68400000000,65331449509,65332294087,844578
64800000000,68400000000,65332294087,65334352465,2058378
64800000000,68400000000,65334352465,65339558656,5206191
64800000000,68400000000,65339558656,65339558662,6
64800000000,68400000000,65339558662,65341357519,1798857
64800000000,68400000000,65341357519,65342833001,1475482
64800000000,68400000000,65342833001,65342833067,66
64800000000,68400000000,65342833067,65343839415,1006348
64800000000,68400000000,65343839415,65344750310,910895
64800000000,68400000000,65344750310,65344755142,4832
64800000000,68400000000,65344755142,65344765043,9901
64800000000,68400000000,65344765043,65344766916,1873
64800000000,68400000000,65344766916,65345674855,907939
64800000000,68400000000,65345674855,65347326017,1651162
64800000000,68400000000,65347326017,65347326030,13
64800000000,68400000000,65347326030,65347326043,13
64800000000,68400000000,65347326043,65347326075,32
64800000000,68400000000,65347326075,65348129505,803430
64800000000,68400000000,65348129505,65354297850,6168345
64800000000,68400000000,65354297850,65357016639,2718789
64800000000,68400000000,65357016639,65360808099,3791460
64800000000,68400000000,65360808099,65361674079,865980
64800000000,68400000000,65361674079,65365473980,3799901
64800000000,68400000000,65365473980,65374363298,8889318
64800000000,68400000000,65374363298,65382759478,8396180
64800000000,68400000000,65382759478,65384477508,1718030
64800000000,68400000000,65384477508,65384477511,3
64800000000,68400000000,65384477511,65390419289,5941778
64800000000,68400000000,65390419289,65400407379,9988090
64800000000,68400000000,65400407379,65402349675,1942296
64800000000,68400000000,65402349675,65403538909,1189234
64800000000,68400000000,65403538909,65403543484,4575
64800000000,68400000000,65403543484,65404419877,876393
64800000000,68400000000,65404419877,65404442056,22179
64800000000,68400000000,65404442056,65404611998,169942
64800000000,68400000000,65404611998,65405553880,941882
64800000000,68400000000,65405553880,65405553897,17
64800000000,68400000000,65405553897,65405553901,4
64800000000,68400000000,65405553901,65405553902,1
64800000000,68400000000,65405553902,65405581693,27791
64800000000,68400000000,65405581693,65405588756,7063
64800000000,68400000000,65405588756,65406444521,855765
64800000000,68400000000,65406444521,65406447918,3397
64800000000,68400000000,65406447918,65407304002,856084
64800000000,68400000000,65407304002,65407304121,119
64800000000,68400000000,65407304121,65407304254,133
64800000000,68400000000,65407304254,65407304271,17
64800000000,68400000000,65407304271,65407681675,377404
64800000000,68400000000,65407681675,65408460544,778869
64800000000,68400000000,65408460544,65408460650,106
64800000000,68400000000,65408460650,65408461949,1299
64800000000,68400000000,65408461949,65408763053,301104
64800000000,68400000000,65408763053,65409573314,810261
64800000000,68400000000,65409573314,65410392849,819535
64800000000,68400000000,65410392849,65414423622,4030773
64800000000,68400000000,65414423622,65414429914,6292
64800000000,68400000000,65414429914,65414432568,2654
64800000000,68400000000,65414432568,65414434549,1981
64800000000,68400000000,65414434549,65414436734,2185
64800000000,68400000000,65414436734,65414439043,2309
64800000000,68400000000,65414439043,65414441084,2041
64800000000,68400000000,65414441084,65417127059,2685975
64800000000,68400000000,65417127059,65417127071,12
64800000000,68400000000,65417127071,65417127115,44
64800000000,68400000000,65417127115,65417127127,12
64800000000,68400000000,65417127127,65417127166,39
64800000000,68400000000,65417127166,65417127175,9
64800000000,68400000000,65417127175,65417127202,27
64800000000,68400000000,65417127202,65437742889,20615687
64800000000,68400000000,65437742889,65437742891,2
64800000000,68400000000,65437742891,65439572821,1829930
64800000000,68400000000,65439572821,65439636897,64076
64800000000,68400000000,65439636897,65440681849,1044952
64800000000,68400000000,65440681849,65440681888,39
64800000000,68400000000,65440681888,65440681893,5
64800000000,68400000000,65440681893,65440681898,5
64800000000,68400000000,65440681898,65444545512,3863614
64800000000,68400000000,65444545512,65446245706,1700194
64800000000,68400000000,65446245706,65446619242,373536
64800000000,68400000000,65446619242,65450054372,3435130
64800000000,68400000000,65450054372,65452485100,2430728
64800000000,68400000000,65452485100,65452485163,63
64800000000,68400000000,65452485163,65452485171,8
64800000000,68400000000,65452485171,65452485177,6
64800000000,68400000000,65452485177,65454388129,1902952
64800000000,68400000000,65454388129,65458165042,3776913
64800000000,68400000000,65458165042,65459019193,854151
64800000000,68400000000,65459019193,65460816390,1797197
64800000000,68400000000,65460816390,65465132377,4315987
64800000000,68400000000,65465132377,65466784717,1652340
64800000000,68400000000,65466784717,65468746446,1961729
64800000000,68400000000,65468746446,65470479331,1732885
64800000000,68400000000,65470479331,65471330715,851384
64800000000,68400000000,65471330715,65471330754,39
64800000000,68400000000,65471330754,65471330759,5
64800000000,68400000000,65471330759,65471330764,5
64800000000,68400000000,65471330764,65473284142,1953378
64800000000,68400000000,65473284142,65476715678,3431536
64800000000,68400000000,65476715678,65476720698,5020
64800000000,68400000000,65476720698,65477639085,918387
64800000000,68400000000,65477639085,65478424054,784969
64800000000,68400000000,65478424054,65478424864,810
64800000000,68400000000,65478424864,65478480051,55187
64800000000,68400000000,65478480051,65479624002,1143951
64800000000,68400000000,65479624002,65479653613,29611
64800000000,68400000000,65479653613,65479662529,8916
64800000000,68400000000,65479662529,65480487459,824930
64800000000,68400000000,65480487459,65480517926,30467
64800000000,68400000000,65480517926,65481374997,857071
64800000000,68400000000,65481374997,65481375062,65
64800000000,68400000000,65481375062,65481413297,38235
64800000000,68400000000,65481413297,65482272240,858943
64800000000,68400000000,65482272240,65482294268,22028
64800000000,68400000000,65482294268,65483147438,853170
64800000000,68400000000,65483147438,65484017515,870077
64800000000,68400000000,65484017515,65484975906,958391
64800000000,68400000000,65484975906,65485842831,866925
64800000000,68400000000,65485842831,65485851094,8263
64800000000,68400000000,65485851094,65485851097,3
64800000000,68400000000,65485851097,65487668186,1817089
64800000000,68400000000,65487668186,65487668240,54
64800000000,68400000000,65487668240,65487700077,31837
64800000000,68400000000,65487700077,65488560994,860917
64800000000,68400000000,65488560994,65491840129,3279135
64800000000,68400000000,65491840129,65499048159,7208030
64800000000,68400000000,65499048159,65499053057,4898
64800000000,68400000000,65499053057,65499059130,6073
64800000000,68400000000,65499059130,65499061613,2483
64800000000,68400000000,65499061613,65500834199,1772586
64800000000,68400000000,65500834199,65500834224,25
64800000000,68400000000,65500834224,65500834228,4
64800000000,68400000000,65500834228,65500834238,10
64800000000,68400000000,65500834238,65500834263,25
64800000000,68400000000,65500834263,65500834267,4
64800000000,68400000000,65500834267,65500834268,1
64800000000,68400000000,65500834268,65501751145,916877
64800000000,68400000000,65501751145,65501751170,25
64800000000,68400000000,65501751170,65501752140,970
64800000000,68400000000,65501752140,65507492783,5740643
64800000000,68400000000,65507492783,65508384386,891603
64800000000,68400000000,65508384386,65510094145,1709759
64800000000,68400000000,65510094145,65517344920,7250775
64800000000,68400000000,65517344920,65517347608,2688
64800000000,68400000000,65517347608,65517350795,3187
64800000000,68400000000,65517350795,65518209310,858515
64800000000,68400000000,65518209310,65519050339,841029
64800000000,68400000000,65519050339,65519050352,13
64800000000,68400000000,65519050352,65519979393,929041
64800000000,68400000000,65519979393,65520035609,56216
64800000000,68400000000,65520035609,65520035791,182
64800000000,68400000000,65520035791,65520035882,91
64800000000,68400000000,65520035882,65520035887,5
64800000000,68400000000,65520035887,65533865535,13829648
64800000000,68400000000,65533865535,65534714414,848879
64800000000,68400000000,65534714414,65535574021,859607
64800000000,68400000000,65535574021,65535605235,31214
64800000000,68400000000,65535605235,65535613439,8204
64800000000,68400000000,65535613439,65535618858,5419
64800000000,68400000000,65535618858,65535621052,2194
64800000000,68400000000,65535621052,65536523218,902166
64800000000,68400000000,65536523218,65538504600,1981382
64800000000,68400000000,65538504600,65538504605,5
64800000000,68400000000,65538504605,65538504606,1
64800000000,68400000000,65538504606,65538504654,48
64800000000,68400000000,65538504654,65538504657,3
64800000000,68400000000,65538504657,65538504678,21
64800000000,68400000000,65538504678,65538504682,4
64800000000,68400000000,65538504682,65538504683,1
64800000000,68400000000,65538504683,65538504684,1
64800000000,68400000000,65538504684,65538504711,27
64800000000,68400000000,65538504711,65539371546,866835
64800000000,68400000000,65539371546,65539388150,16604
64800000000,68400000000,65539388150,65541105403,1717253
64800000000,68400000000,65541105403,65541105428,25
64800000000,68400000000,65541105428,65541105605,177
64800000000,68400000000,65541105605,65541106188,583
64800000000,68400000000,65541106188,65541106200,12
64800000000,68400000000,65541106200,65541106273,73
64800000000,68400000000,65541106273,65541960045,853772
64800000000,68400000000,65541960045,65541960057,12
64800000000,68400000000,65541960057,65557656058,15696001
64800000000,68400000000,65557656058,65557656106,48
64800000000,68400000000,65557656106,65561880869,4224763
64800000000,68400000000,65561880869,65561890257,9388
64800000000,68400000000,65561890257,65561892604,2347
64800000000,68400000000,65561892604,65561895005,2401
64800000000,68400000000,65561895005,65561900154,5149
64800000000,68400000000,65561900154,65561909746,9592
64800000000,68400000000,65561909746,65564492025,2582279
64800000000,68400000000,65564492025,65564500238,8213
64800000000,68400000000,65564500238,65566326585,1826347
64800000000,68400000000,65566326585,65566326588,3
64800000000,68400000000,65566326588,65566326670,82
64800000000,68400000000,65566326670,65566326673,3
64800000000,68400000000,65566326673,65566326714,41
64800000000,68400000000,65566326714,65566326719,5
64800000000,68400000000,65566326719,65566326720,1
64800000000,68400000000,65566326720,65566326721,1
64800000000,68400000000,65566326721,65566326759,38
64800000000,68400000000,65566326759,65566326798,39
64800000000,68400000000,65566326798,65566327228,430
64800000000,68400000000,65566327228,65566327232,4
64800000000,68400000000,65566327232,65566327233,1
64800000000,68400000000,65566327233,65566368786,41553
64800000000,68400000000,65566368786,65569807848,3439062
64800000000,68400000000,65569807848,65569808048,200
64800000000,68400000000,65569808048,65569808279,231
64800000000,68400000000,65569808279,65569808599,320
64800000000,68400000000,65569808599,65569809565,966
64800000000,68400000000,65569809565,65569809920,355
64800000000,68400000000,65569809920,65569810186,266
64800000000,68400000000,65569810186,65569810197,11
64800000000,68400000000,65569810197,65572755111,2944914
64800000000,68400000000,65572755111,65572755719,608
64800000000,68400000000,65572755719,65574363131,1607412
64800000000,68400000000,65574363131,65577373647,3010516
64800000000,68400000000,65577373647,65577398177,24530
64800000000,68400000000,65577398177,65580381826,2983649
64800000000,68400000000,65580381826,65580381838,12
64800000000,68400000000,65580381838,65580763276,381438
64800000000,68400000000,65580763276,65581636146,872870
64800000000,68400000000,65581636146,65581643101,6955
64800000000,68400000000,65581643101,65581647012,3911
64800000000,68400000000,65581647012,65581649323,2311
64800000000,68400000000,65581649323,65581653653,4330
64800000000,68400000000,65581653653,65581674986,21333
64800000000,68400000000,65581674986,65585047587,3372601
64800000000,68400000000,65585047587,65585047590,3
64800000000,68400000000,65585047590,65585047643,53
64800000000,68400000000,65585047643,65585047646,3
64800000000,68400000000,65585047646,65585047647,1
64800000000,68400000000,65585047647,65585047702,55
64800000000,68400000000,65585047702,65585047721,19
64800000000,68400000000,65585047721,65585047741,20
64800000000,68400000000,65585047741,65585080884,33143
64800000000,68400000000,65585080884,65586775305,1694421
64800000000,68400000000,65586775305,65587712890,937585
64800000000,68400000000,65587712890,65587713323,433
64800000000,68400000000,65587713323,65587713913,590
64800000000,68400000000,65587713913,65587764450,50537
64800000000,68400000000,65587764450,65589450337,1685887
64800000000,68400000000,65589450337,65590333493,883156
64800000000,68400000000,65590333493,65593282986,2949493
64800000000,68400000000,65593282986,65594138384,855398
64800000000,68400000000,65594138384,65594951460,813076
64800000000,68400000000,65594951460,65595771047,819587
64800000000,68400000000,65595771047,65596552102,781055
64800000000,68400000000,65596552102,65596568932,16830
64800000000,68400000000,65596568932,65598102091,1533159
64800000000,68400000000,65598102091,65598127212,25121
64800000000,68400000000,65598127212,65598962856,835644
64800000000,68400000000,65598962856,65601406392,2443536
64800000000,68400000000,65601406392,65601406441,49
64800000000,68400000000,65601406441,65601406446,5
64800000000,68400000000,65601406446,65601406451,5
64800000000,68400000000,65601406451,65602393317,986866
64800000000,68400000000,65602393317,65604461051,2067734
64800000000,68400000000,65604461051,65604530445,69394
64800000000,68400000000,65604530445,65605394118,863673
64800000000,68400000000,65605394118,65605394205,87
64800000000,68400000000,65605394205,65605394210,5
64800000000,68400000000,65605394210,65606258802,864592
64800000000,68400000000,65606258802,65606394640,135838
64800000000,68400000000,65606394640,65612555073,6160433
64800000000,68400000000,65612555073,65622125499,9570426
64800000000,68400000000,65622125499,65623602292,1476793
64800000000,68400000000,65623602292,65624458145,855853
64800000000,68400000000,65624458145,65625725505,1267360
64800000000,68400000000,65625725505,65627483122,1757617
64800000000,68400000000,65627483122,65627578250,95128
64800000000,68400000000,65627578250,65630136104,2557854
64800000000,68400000000,65630136104,65632812120,2676016
64800000000,68400000000,65632812120,65634356305,1544185
64800000000,68400000000,65634356305,65634363925,7620
64800000000,68400000000,65634363925,65636459818,2095893
64800000000,68400000000,65636459818,65636488959,29141
64800000000,68400000000,65636488959,65639110854,2621895
64800000000,68400000000,65639110854,65639110993,139
64800000000,68400000000,65639110993,65639110998,5
64800000000,68400000000,65639110998,65641056159,1945161
64800000000,68400000000,65641056159,65641188485,132326
64800000000,68400000000,65641188485,65643067423,1878938
64800000000,68400000000,65643067423,65643067436,13
64800000000,68400000000,65643067436,65643093155,25719
64800000000,68400000000,65643093155,65644831150,1737995
64800000000,68400000000,65644831150,65645665479,834329
64800000000,68400000000,65645665479,65646861520,1196041
64800000000,68400000000,65646861520,65646861524,4
64800000000,68400000000,65646861524,65646861554,30
64800000000,68400000000,65646861554,65646861559,5
64800000000,68400000000,65646861559,65648752338,1890779
64800000000,68400000000,65648752338,65655675872,6923534
64800000000,68400000000,65655675872,65656578019,902147
64800000000,68400000000,65656578019,65656587580,9561
64800000000,68400000000,65656587580,65657664564,1076984
64800000000,68400000000,65657664564,65657685183,20619
64800000000,68400000000,65657685183,65657693619,8436
64800000000,68400000000,65657693619,65660163889,2470270
64800000000,68400000000,65660163889,65660163906,17
64800000000,68400000000,65660163906,65661721811,1557905
64800000000,68400000000,65661721811,65667467328,5745517
64800000000,68400000000,65667467328,65667541200,73872
64800000000,68400000000,65667541200,65668765242,1224042
64800000000,68400000000,65668765242,65668765360,118
64800000000,68400000000,65668765360,65668765376,16
64800000000,68400000000,65668765376,65669723346,957970
64800000000,68400000000,65669723346,65671504534,1781188
64800000000,68400000000,65671504534,65671508436,3902
64800000000,68400000000,65671508436,65671510317,1881
64800000000,68400000000,65671510317,65671512146,1829
64800000000,68400000000,65671512146,65673179614,1667468
64800000000,68400000000,65673179614,65673179626,12
64800000000,68400000000,65673179626,65673179700,74
64800000000,68400000000,65673179700,65673179719,19
64800000000,68400000000,65673179719,65674015624,835905
64800000000,68400000000,65674015624,65674863878,848254
64800000000,68400000000,65674863878,65683635863,8771985
64800000000,68400000000,65683635863,65684567084,931221
64800000000,68400000000,65684567084,65684567151,67
64800000000,68400000000,65684567151,65684567156,5
64800000000,68400000000,65684567156,65685403088,835932
64800000000,68400000000,65685403088,65686326085,922997
64800000000,68400000000,65686326085,65688115152,1789067
64800000000,68400000000,65688115152,65688137016,21864
64800000000,68400000000,65688137016,65689839334,1702318
64800000000,68400000000,65689839334,65691862505,2023171
64800000000,68400000000,65691862505,65691862578,73
64800000000,68400000000,65691862578,65691862628,50
64800000000,68400000000,65691862628,65695163472,3300844
64800000000,68400000000,65695163472,65695163576,104
64800000000,68400000000,65695163576,65695163587,11
64800000000,68400000000,65695163587,65696226751,1063164
64800000000,68400000000,65696226751,65696227035,284
64800000000,68400000000,65696227035,65696227042,7
64800000000,68400000000,65696227042,65696227053,11
64800000000,68400000000,65696227053,65697262684,1035631
64800000000,68400000000,65697262684,65698050556,787872
64800000000,68400000000,65698050556,65698866158,815602
64800000000,68400000000,65698866158,65699631495,765337
64800000000,68400000000,65699631495,65699655938,24443
64800000000,68400000000,65699655938,65699656118,180
64800000000,68400000000,65699656118,65699656125,7
64800000000,68400000000,65699656125,65700597998,941873
64800000000,68400000000,65700597998,65701454061,856063
64800000000,68400000000,65701454061,65701468023,13962
64800000000,68400000000,65701468023,65702303586,835563
64800000000,68400000000,65702303586,65703446388,1142802
64800000000,68400000000,65703446388,65703447031,643
64800000000,68400000000,65703447031,65703510337,63306
64800000000,68400000000,65703510337,65704362028,851691
64800000000,68400000000,65704362028,65704385752,23724
64800000000,68400000000,65704385752,65705285639,899887
64800000000,68400000000,65705285639,65706121270,835631
64800000000,68400000000,65706121270,65707163476,1042206
64800000000,68400000000,65707163476,65708144736,981260
64800000000,68400000000,65708144736,65709014718,869982
64800000000,68400000000,65709014718,65709909678,894960
64800000000,68400000000,65709909678,65710949014,1039336
64800000000,68400000000,65710949014,65712071511,1122497
64800000000,68400000000,65712071511,65712943605,872094
64800000000,68400000000,65712943605,65714122753,1179148
64800000000,68400000000,65714122753,65714141441,18688
64800000000,68400000000,65714141441,65716510613,2369172
64800000000,68400000000,65716510613,65716510681,68
64800000000,68400000000,65716510681,65718319932,1809251
64800000000,68400000000,65718319932,65718325594,5662
64800000000,68400000000,65718325594,65718469519,143925
64800000000,68400000000,65718469519,65718474380,4861
64800000000,68400000000,65718474380,65719271999,797619
64800000000,68400000000,65719271999,65719282003,10004
64800000000,68400000000,65719282003,65719649385,367382
64800000000,68400000000,65719649385,65719649521,136
64800000000,68400000000,65719649521,65720576853,927332
64800000000,68400000000,65720576853,65720576857,4
64800000000,68400000000,65720576857,65720576931,74
64800000000,68400000000,65720576931,65720576935,4
64800000000,68400000000,65720576935,65720576957,22
64800000000,68400000000,65720576957,65720576967,10
64800000000,68400000000,65720576967,65723098173,2521206
64800000000,68400000000,65723098173,65723099340,1167
64800000000,68400000000,65723099340,65724042736,943396
64800000000,68400000000,65724042736,65724400926,358190
64800000000,68400000000,65724400926,65724401248,322
64800000000,68400000000,65724401248,65724401255,7
64800000000,68400000000,65724401255,65724401264,9
64800000000,68400000000,65724401264,65725873343,1472079
64800000000,68400000000,65725873343,65725903537,30194
64800000000,68400000000,65725903537,65726860070,956533
64800000000,68400000000,65726860070,65727672826,812756
64800000000,68400000000,65727672826,65728566795,893969
64800000000,68400000000,65728566795,65728597279,30484
64800000000,68400000000,65728597279,65730481519,1884240
64800000000,68400000000,65730481519,65733335603,2854084
64800000000,68400000000,65733335603,65735248645,1913042
64800000000,68400000000,65735248645,65737638276,2389631
64800000000,68400000000,65737638276,65737640569,2293
64800000000,68400000000,65737640569,65737642798,2229
64800000000,68400000000,65737642798,65738468725,825927
64800000000,68400000000,65738468725,65739295662,826937
64800000000,68400000000,65739295662,65739295675,13
64800000000,68400000000,65739295675,65739296024,349
64800000000,68400000000,65739296024,65739395846,99822
64800000000,68400000000,65739395846,65740255028,859182
64800000000,68400000000,65740255028,65743295971,3040943
64800000000,68400000000,65743295971,65743552108,256137
64800000000,68400000000,65743552108,65743584562,32454
64800000000,68400000000,65743584562,65746767543,3182981
64800000000,68400000000,65746767543,65746835413,67870
64800000000,68400000000,65746835413,65746835415,2
64800000000,68400000000,65746835415,65748805980,1970565
64800000000,68400000000,65748805980,65748840867,34887
64800000000,68400000000,65748840867,65748841052,185
64800000000,68400000000,65748841052,65748841065,13
64800000000,68400000000,65748841065,65749935325,1094260
64800000000,68400000000,65749935325,65751970058,2034733
64800000000,68400000000,65751970058,65752015188,45130
64800000000,68400000000,65752015188,65757303441,5288253
64800000000,68400000000,65757303441,65757333867,30426
64800000000,68400000000,65757333867,65758976522,1642655
64800000000,68400000000,65758976522,65758998024,21502
64800000000,68400000000,65758998024,65760714307,1716283
64800000000,68400000000,65760714307,65760736041,21734
64800000000,68400000000,65760736041,65762389321,1653280
64800000000,68400000000,65762389321,65765280002,2890681
64800000000,68400000000,65765280002,65765293231,13229
64800000000,68400000000,65765293231,65767067916,1774685
64800000000,68400000000,65767067916,65767099758,31842
64800000000,68400000000,65767099758,65769307552,2207794
64800000000,68400000000,65769307552,65779455875,10148323
64800000000,68400000000,65779455875,65779468554,12679
64800000000,68400000000,65779468554,65781095221,1626667
64800000000,68400000000,65781095221,65781095225,4
64800000000,68400000000,65781095225,65781095246,21
64800000000,68400000000,65781095246,65781095250,4
64800000000,68400000000,65781095250,65781095251,1
64800000000,68400000000,65781095251,65781095252,1
64800000000,68400000000,65781095252,65781144201,48949
64800000000,68400000000,65781144201,65782013423,869222
64800000000,68400000000,65782013423,65782013427,4
64800000000,68400000000,65782013427,65782013485,58
64800000000,68400000000,65782013485,65782013722,237
64800000000,68400000000,65782013722,65782014046,324
64800000000,68400000000,65782014046,65782852759,838713
64800000000,68400000000,65782852759,65785911302,3058543
64800000000,68400000000,65785911302,65785911305,3
64800000000,68400000000,65785911305,65787665269,1753964
64800000000,68400000000,65787665269,65788612697,947428
64800000000,68400000000,65788612697,65788612724,27
64800000000,68400000000,65788612724,65788612729,5
64800000000,68400000000,65788612729,65789950036,1337307
64800000000,68400000000,65789950036,65789950211,175
64800000000,68400000000,65789950211,65789950218,7
64800000000,68400000000,65789950218,65791789856,1839638
64800000000,68400000000,65791789856,65791790322,466
64800000000,68400000000,65791790322,65791790329,7
64800000000,68400000000,65791790329,65796142244,4351915
64800000000,68400000000,65796142244,65806559421,10417177
64800000000,68400000000,65806559421,65811763112,5203691
64800000000,68400000000,65811763112,65813722034,1958922
64800000000,68400000000,65813722034,65816266680,2544646
64800000000,68400000000,65816266680,65816266721,41
64800000000,68400000000,65816266721,65816266727,6
64800000000,68400000000,65816266727,65816266755,28
64800000000,68400000000,65816266755,65821409423,5142668
64800000000,68400000000,65821409423,65822557113,1147690
64800000000,68400000000,65822557113,65824197369,1640256
64800000000,68400000000,65824197369,65824197459,90
64800000000,68400000000,65824197459,65824197464,5
64800000000,68400000000,65824197464,65824197469,5
64800000000,68400000000,65824197469,65825125777,928308
64800000000,68400000000,65825125777,65825125814,37
64800000000,68400000000,65825125814,65825125819,5
64800000000,68400000000,65825125819,65831143162,6017343
64800000000,68400000000,65831143162,65831988571,845409
64800000000,68400000000,65831988571,65832876171,887600
64800000000,68400000000,65832876171,65834019305,1143134
64800000000,68400000000,65834019305,65836589976,2570671
64800000000,68400000000,65836589976,65837425353,835377
64800000000,68400000000,65837425353,65838167574,742221
64800000000,68400000000,65838167574,65839011304,843730
64800000000,68400000000,65839011304,65839965760,954456
64800000000,68400000000,65839965760,65840776302,810542
64800000000,68400000000,65840776302,65840808183,31881
64800000000,68400000000,65840808183,65841568404,760221
64800000000,68400000000,65841568404,65841585549,17145
64800000000,68400000000,65841585549,65843193445,1607896
64800000000,68400000000,65843193445,65843207691,14246
64800000000,68400000000,65843207691,65843212161,4470
64800000000,68400000000,65843212161,65846025635,2813474
64800000000,68400000000,65846025635,65847740238,1714603
64800000000,68400000000,65847740238,65847765997,25759
64800000000,68400000000,65847765997,65847770851,4854
64800000000,68400000000,65847770851,65847774927,4076
64800000000,68400000000,65847774927,65850253012,2478085
64800000000,68400000000,65850253012,65850253023,11
64800000000,68400000000,65850253023,65850253035,12
64800000000,68400000000,65850253035,65850253054,19
64800000000,68400000000,65850253054,65855376346,5123292
64800000000,68400000000,65855376346,65857370543,1994197
64800000000,68400000000,65857370543,65863260363,5889820
64800000000,68400000000,65863260363,65864213452,953089
64800000000,68400000000,65864213452,65872513831,8300379
64800000000,68400000000,65872513831,65872513874,43
64800000000,68400000000,65872513874,65872513881,7
64800000000,68400000000,65872513881,65874285794,1771913
64800000000,68400000000,65874285794,65875932281,1646487
64800000000,68400000000,65875932281,65878416274,2483993
64800000000,68400000000,65878416274,65879546316,1130042
64800000000,68400000000,65879546316,65880287846,741530
64800000000,68400000000,65880287846,65880287850,4
64800000000,68400000000,65880287850,65880316859,29009
64800000000,68400000000,65880316859,65881118810,801951
64800000000,68400000000,65881118810,65881118927,117
64800000000,68400000000,65881118927,65882895405,1776478
64800000000,68400000000,65882895405,65884448577,1553172
64800000000,68400000000,65884448577,65897374930,12926353
64800000000,68400000000,65897374930,65897378496,3566
64800000000,68400000000,65897378496,65899011029,1632533
64800000000,68400000000,65899011029,65899011033,4
64800000000,68400000000,65899011033,65899011081,48
64800000000,68400000000,65899011081,65899814550,803469
64800000000,68400000000,65899814550,65915654025,15839475
64800000000,68400000000,65915654025,65916511155,857130
64800000000,68400000000,65916511155,65916522454,11299
64800000000,68400000000,65916522454,65916524823,2369
64800000000,68400000000,65916524823,65918122708,1597885
64800000000,68400000000,65918122708,65918122732,24
64800000000,68400000000,65918122732,65918122736,4
64800000000,68400000000,65918122736,65918122789,53
64800000000,68400000000,65918122789,65918941049,818260
64800000000,68400000000,65918941049,65934406122,15465073
64800000000,68400000000,65934406122,65936475727,2069605
64800000000,68400000000,65936475727,65936475727,0
64800000000,68400000000,65936475727,65945229494,8753767
64800000000,68400000000,65945229494,65946310901,1081407
64800000000,68400000000,65946310901,65946310944,43
64800000000,68400000000,65946310944,65946310960,16
64800000000,68400000000,65946310960,65947128216,817256
64800000000,68400000000,65947128216,65948987045,1858829
64800000000,68400000000,65948987045,65948990785,3740
64800000000,68400000000,65948990785,65948990816,31
64800000000,68400000000,65948990816,65948990823,7
64800000000,68400000000,65948990823,65950684834,1694011
64800000000,68400000000,65950684834,65950707811,22977
64800000000,68400000000,65950707811,65951567253,859442
64800000000,68400000000,65951567253,65952418341,851088
64800000000,68400000000,65952418341,65952437214,18873
64800000000,68400000000,65952437214,65953290780,853566
64800000000,68400000000,65953290780,65954144407,853627
64800000000,68400000000,65954144407,65955038275,893868
64800000000,68400000000,65955038275,65957058505,2020230
64800000000,68400000000,65957058505,65964916244,7857739
64800000000,68400000000,65964916244,65964916247,3
64800000000,68400000000,65964916247,65966480512,1564265
64800000000,68400000000,65966480512,65966497337,16825
64800000000,68400000000,65966497337,65968501254,2003917
64800000000,68400000000,65968501254,65970927529,2426275
64800000000,68400000000,65970927529,65970935438,7909
64800000000,68400000000,65970935438,65972600302,1664864
64800000000,68400000000,65972600302,65972615993,15691
64800000000,68400000000,65972615993,65974227209,1611216
64800000000,68400000000,65974227209,65974227220,11
64800000000,68400000000,65974227220,65977576776,3349556
64800000000,68400000000,65977576776,65977576944,168
64800000000,68400000000,65977576944,65977576991,47
64800000000,68400000000,65977576991,65977576996,5
64800000000,68400000000,65977576996,65997531030,19954034
64800000000,68400000000,65997531030,66001844661,4313631
64800000000,68400000000,66001844661,66006921530,5076869
64800000000,68400000000,66006921530,66006921534,4
64800000000,68400000000,66006921534,66006921561,27
64800000000,68400000000,66006921561,66006921566,5
64800000000,68400000000,66006921566,66012251870,5330304
64800000000,68400000000,66012251870,66012252425,555
64800000000,68400000000,66012252425,66012252435,10
64800000000,68400000000,66012252435,66013959707,1707272
64800000000,68400000000,66013959707,66023661806,9702099
64800000000,68400000000,66023661806,66026743774,3081968
64800000000,68400000000,66026743774,66028491299,1747525
64800000000,68400000000,66028491299,66029430718,939419
64800000000,68400000000,66029430718,66029450000,19282
64800000000,68400000000,66029450000,66029450027,27
64800000000,68400000000,66029450027,66029450032,5
64800000000,68400000000,66029450032,66031319062,1869030
64800000000,68400000000,66031319062,66032562407,1243345
64800000000,68400000000,66032562407,66032576184,13777
64800000000,68400000000,66032576184,66032579757,3573
64800000000,68400000000,66032579757,66032587317,7560
64800000000,68400000000,66032587317,66034362435,1775118
64800000000,68400000000,66034362435,66034362469,34
64800000000,68400000000,66034362469,66034362473,4
64800000000,68400000000,66034362473,66034362474,1
64800000000,68400000000,66034362474,66034362475,1
64800000000,68400000000,66034362475,66034362512,37
64800000000,68400000000,66034362512,66034362523,11
64800000000,68400000000,66034362523,66034396967,34444
64800000000,68400000000,66034396967,66034401359,4392
64800000000,68400000000,66034401359,66035289185,887826
64800000000,68400000000,66035289185,66035289356,171
64800000000,68400000000,66035289356,66035289572,216
64800000000,68400000000,66035289572,66036201966,912394
64800000000,68400000000,66036201966,66036221766,19800
64800000000,68400000000,66036221766,66044463499,8241733
64800000000,68400000000,66044463499,66045493048,1029549
64800000000,68400000000,66045493048,66046374161,881113
64800000000,68400000000,66046374161,66046407320,33159
64800000000,68400000000,66046407320,66047203816,796496
64800000000,68400000000,66047203816,66047229648,25832
64800000000,68400000000,66047229648,66048126475,896827
64800000000,68400000000,66048126475,66048954270,827795
64800000000,68400000000,66048954270,66050871336,1917066
64800000000,68400000000,66050871336,66050875991,4655
64800000000,68400000000,66050875991,66050880075,4084
64800000000,68400000000,66050880075,66050883107,3032
64800000000,68400000000,66050883107,66052473465,1590358
64800000000,68400000000,66052473465,66052473509,44
64800000000,68400000000,66052473509,66052473513,4
64800000000,68400000000,66052473513,66052473514,1
64800000000,68400000000,66052473514,66052473591,77
64800000000,68400000000,66052473591,66052474180,589
64800000000,68400000000,66052474180,66053486410,1012230
64800000000,68400000000,66053486410,66053487315,905
64800000000,68400000000,66053487315,66056507009,3019694
64800000000,68400000000,66056507009,66056507106,97
64800000000,68400000000,66056507106,66056543996,36890
64800000000,68400000000,66056543996,66056550458,6462
64800000000,68400000000,66056550458,66057291850,741392
64800000000,68400000000,66057291850,66058180257,888407
64800000000,68400000000,66058180257,66058218058,37801
64800000000,68400000000,66058218058,66058220283,2225
64800000000,68400000000,66058220283,66059857141,1636858
64800000000,68400000000,66059857141,66059857164,23
64800000000,68400000000,66059857164,66059879895,22731
64800000000,68400000000,66059879895,66059890832,10937
64800000000,68400000000,66059890832,66061713472,1822640
64800000000,68400000000,66061713472,66063927082,2213610
64800000000,68400000000,66063927082,66064751899,824817
64800000000,68400000000,66064751899,66064751936,37
64800000000,68400000000,66064751936,66064751943,7
64800000000,68400000000,66064751943,66068242604,3490661
64800000000,68400000000,66068242604,66069125460,882856
64800000000,68400000000,66069125460,66069260933,135473
64800000000,68400000000,66069260933,66069309251,48318
64800000000,68400000000,66069309251,66069313121,3870
64800000000,68400000000,66069313121,66071888001,2574880
64800000000,68400000000,66071888001,66074507385,2619384
64800000000,68400000000,66074507385,66074824701,317316
64800000000,68400000000,66074824701,66078156210,3331509
64800000000,68400000000,66078156210,66078157517,1307
64800000000,68400000000,66078157517,66078157529,12
64800000000,68400000000,66078157529,66078157542,13
64800000000,68400000000,66078157542,66086946592,8789050
64800000000,68400000000,66086946592,66086946788,196
64800000000,68400000000,66086946788,66086946791,3
64800000000,68400000000,66086946791,66086946792,1
64800000000,68400000000,66086946792,66087015469,68677
64800000000,68400000000,66087015469,66087894658,879189
64800000000,68400000000,66087894658,66090021985,2127327
64800000000,68400000000,66090021985,66090021987,2
64800000000,68400000000,66090021987,66091100169,1078182
64800000000,68400000000,66091100169,66091114978,14809
64800000000,68400000000,66091114978,66093763043,2648065
64800000000,68400000000,66093763043,66094860042,1096999
64800000000,68400000000,66094860042,66095929381,1069339
64800000000,68400000000,66095929381,66099453593,3524212
64800000000,68400000000,66099453593,66110088484,10634891
64800000000,68400000000,66110088484,66131967070,21878586
64800000000,68400000000,66131967070,66131967330,260
64800000000,68400000000,66131967330,66131967335,5
64800000000,68400000000,66131967335,66133333556,1366221
64800000000,68400000000,66133333556,66134495292,1161736
64800000000,68400000000,66134495292,66134555575,60283
64800000000,68400000000,66134555575,66134568478,12903
64800000000,68400000000,66134568478,66134577680,9202
64800000000,68400000000,66134577680,66134577725,45
64800000000,68400000000,66134577725,66134577731,6
64800000000,68400000000,66134577731,66134577737,6
64800000000,68400000000,66134577737,66136998598,2420861
64800000000,68400000000,66136998598,66136998601,3
64800000000,68400000000,66136998601,66138169931,1171330
64800000000,68400000000,66138169931,66138197167,27236
64800000000,68400000000,66138197167,66148335042,10137875
64800000000,68400000000,66148335042,66148335104,62
64800000000,68400000000,66148335104,66152728813,4393709
64800000000,68400000000,66152728813,66154161822,1433009
64800000000,68400000000,66154161822,66157115316,2953494
64800000000,68400000000,66157115316,66157115320,4
64800000000,68400000000,66157115320,66159788869,2673549
64800000000,68400000000,66159788869,66159789017,148
64800000000,68400000000,66159789017,66159789022,5
64800000000,68400000000,66159789022,66161330095,1541073
64800000000,68400000000,66161330095,66161330099,4
64800000000,68400000000,66161330099,66163119030,1788931
64800000000,68400000000,66163119030,66163119034,4
64800000000,68400000000,66163119034,66163119124,90
64800000000,68400000000,66163119124,66163119129,5
64800000000,68400000000,66163119129,66164714516,1595387
64800000000,68400000000,66164714516,66166969507,2254991
64800000000,68400000000,66166969507,66166969507,0
64800000000,68400000000,66166969507,66168092326,1122819
64800000000,68400000000,66168092326,66168158026,65700
64800000000,68400000000,66168158026,66168158026,0
64800000000,68400000000,66168158026,66169423495,1265469
64800000000,68400000000,66169423495,66170668315,1244820
64800000000,68400000000,66170668315,66173256466,2588151
64800000000,68400000000,66173256466,66174447867,1191401
64800000000,68400000000,66174447867,66177267075,2819208
64800000000,68400000000,66177267075,66177267086,11
64800000000,68400000000,66177267086,66177267128,42
64800000000,68400000000,66177267128,66177267147,19
64800000000,68400000000,66177267147,66177267165,18
64800000000,68400000000,66177267165,66177390285,123120
64800000000,68400000000,66177390285,66177392838,2553
64800000000,68400000000,66177392838,66177395289,2451
64800000000,68400000000,66177395289,66177397735,2446
64800000000,68400000000,66177397735,66177400216,2481
64800000000,68400000000,66177400216,66177403243,3027
64800000000,68400000000,66177403243,66177406269,3026
64800000000,68400000000,66177406269,66177409288,3019
64800000000,68400000000,66177409288,66178982731,1573443
64800000000,68400000000,66178982731,66182546014,3563283
64800000000,68400000000,66182546014,66182546027,13
64800000000,68400000000,66182546027,66182546039,12
64800000000,68400000000,66182546039,66182546064,25
64800000000,68400000000,66182546064,66182546254,190
64800000000,68400000000,66182546254,66182546266,12
64800000000,68400000000,66182546266,66182546281,15
64800000000,68400000000,66182546281,66182547178,897
64800000000,68400000000,66182547178,66182547182,4
64800000000,68400000000,66182547182,66182547183,1
64800000000,68400000000,66182547183,66183948341,1401158
64800000000,68400000000,66183948341,66183949687,1346
64800000000,68400000000,66183949687,66188506448,4556761
64800000000,68400000000,66188506448,66188507620,1172
64800000000,68400000000,66188507620,66191213377,2705757
64800000000,68400000000,66191213377,66192438943,1225566
64800000000,68400000000,66192438943,66192441264,2321
64800000000,68400000000,66192441264,66192442009,745
64800000000,68400000000,66192442009,66193604097,1162088
64800000000,68400000000,66193604097,66193659275,55178
64800000000,68400000000,66193659275,66194663805,1004530
64800000000,68400000000,66194663805,66195799297,1135492
64800000000,68400000000,66195799297,66195848341,49044
64800000000,68400000000,66195848341,66205014261,9165920
64800000000,68400000000,66205014261,66205014261,0
64800000000,68400000000,66205014261,66206048452,1034191
64800000000,68400000000,66206048452,66206048452,0
64800000000,68400000000,66206048452,66207035877,987425
64800000000,68400000000,66207035877,66209147950,2112073
64800000000,68400000000,66209147950,66209148105,155
64800000000,68400000000,66209148105,66209148116,11
64800000000,68400000000,66209148116,66210092486,944370
64800000000,68400000000,66210092486,66214518807,4426321
64800000000,68400000000,66214518807,66214526139,7332
64800000000,68400000000,66214526139,66214535353,9214
64800000000,68400000000,66214535353,66216439520,1904167
64800000000,68400000000,66216439520,66216439556,36
64800000000,68400000000,66216439556,66216496539,56983
64800000000,68400000000,66216496539,66216497107,568
64800000000,68400000000,66216497107,66217645886,1148779
64800000000,68400000000,66217645886,66219550710,1904824
64800000000,68400000000,66219550710,66223629128,4078418
64800000000,68400000000,66223629128,66227201824,3572696
64800000000,68400000000,66227201824,66227201824,0
64800000000,68400000000,66227201824,66229856864,2655040
64800000000,68400000000,66229856864,66231937367,2080503
64800000000,68400000000,66231937367,66240521129,8583762
64800000000,68400000000,66240521129,66244423081,3901952
64800000000,68400000000,66244423081,66246616331,2193250
64800000000,68400000000,66246616331,66248433689,1817358
64800000000,68400000000,66248433689,66249287452,853763
64800000000,68400000000,66249287452,66249294934,7482
64800000000,68400000000,66249294934,66250119464,824530
64800000000,68400000000,66250119464,66250955046,835582
64800000000,68400000000,66250955046,66250955085,39
64800000000,68400000000,66250955085,66250989633,34548
64800000000,68400000000,66250989633,66250989900,267
64800000000,68400000000,66250989900,66252012883,1022983
64800000000,68400000000,66252012883,66253742097,1729214
64800000000,68400000000,66253742097,66265694718,11952621
64800000000,68400000000,66265694718,66267628622,1933904
64800000000,68400000000,66267628622,66267628624,2
64800000000,68400000000,66267628624,66267628654,30
64800000000,68400000000,66267628654,66267718901,90247
64800000000,68400000000,66267718901,66267737608,18707
64800000000,68400000000,66267737608,66267737727,119
64800000000,68400000000,66267737727,66267737732,5
64800000000,68400000000,66267737732,66267737737,5
64800000000,68400000000,66267737737,66269691752,1954015
64800000000,68400000000,66269691752,66269691978,226
64800000000,68400000000,66269691978,66270534742,842764
64800000000,68400000000,66270534742,66274281848,3747106
64800000000,68400000000,66274281848,66278245270,3963422
64800000000,68400000000,66278245270,66280001196,1755926
64800000000,68400000000,66280001196,66287123532,7122336
64800000000,68400000000,66287123532,66289222436,2098904
64800000000,68400000000,66289222436,66290955297,1732861
64800000000,68400000000,66290955297,66290955566,269
64800000000,68400000000,66290955566,66294348205,3392639
64800000000,68400000000,66294348205,66295216536,868331
64800000000,68400000000,66295216536,66295223289,6753
64800000000,68400000000,66295223289,66296039919,816630
64800000000,68400000000,66296039919,66296897556,857637
64800000000,68400000000,66296897556,66296928969,31413
64800000000,68400000000,66296928969,66308804043,11875074
64800000000,68400000000,66308804043,66312396804,3592761
64800000000,68400000000,66312396804,66312408941,12137
64800000000,68400000000,66312408941,66313344949,936008
64800000000,68400000000,66313344949,66314166510,821561
64800000000,68400000000,66314166510,66314166529,19
64800000000,68400000000,66314166529,66314193184,26655
64800000000,68400000000,66314193184,66316044696,1851512
64800000000,68400000000,66316044696,66316074513,29817
64800000000,68400000000,66316074513,66316116608,42095
64800000000,68400000000,66316116608,66317935777,1819169
64800000000,68400000000,66317935777,66318159801,224024
64800000000,68400000000,66318159801,66318159801,0
64800000000,68400000000,66318159801,66318210558,50757
64800000000,68400000000,66318210558,66320437408,2226850
64800000000,68400000000,66320437408,66320437997,589
64800000000,68400000000,66320437997,66320438002,5
64800000000,68400000000,66320438002,66320438007,5
64800000000,68400000000,66320438007,66324326419,3888412
64800000000,68400000000,66324326419,66325893227,1566808
64800000000,68400000000,66325893227,66325896755,3528
64800000000,68400000000,66325896755,66325899480,2725
64800000000,68400000000,66325899480,66325901678,2198
64800000000,68400000000,66325901678,66325994332,92654
64800000000,68400000000,66325994332,66327625816,1631484
64800000000,68400000000,66327625816,66327625828,12
64800000000,68400000000,66327625828,66327625854,26
64800000000,68400000000,66327625854,66327625883,29
64800000000,68400000000,66327625883,66327626059,176
64800000000,68400000000,66327626059,66327658490,32431
64800000000,68400000000,66327658490,66332660198,5001708
64800000000,68400000000,66332660198,66334918277,2258079
64800000000,68400000000,66334918277,66334918688,411
64800000000,68400000000,66334918688,66334918709,21
64800000000,68400000000,66334918709,66337023105,2104396
64800000000,68400000000,66337023105,66338107779,1084674
64800000000,68400000000,66338107779,66338480064,372285
64800000000,68400000000,66338480064,66338491912,11848
64800000000,68400000000,66338491912,66339442178,950266
64800000000,68400000000,66339442178,66339601124,158946
64800000000,68400000000,66339601124,66339608743,7619
64800000000,68400000000,66339608743,66341547882,1939139
64800000000,68400000000,66341547882,66341547907,25
64800000000,68400000000,66341547907,66342629562,1081655
64800000000,68400000000,66342629562,66342669501,39939
64800000000,68400000000,66342669501,66342669503,2
64800000000,68400000000,66342669503,66344785187,2115684
64800000000,68400000000,66344785187,66345709358,924171
64800000000,68400000000,66345709358,66346617124,907766
64800000000,68400000000,66346617124,66346617948,824
64800000000,68400000000,66346617948,66346617963,15
64800000000,68400000000,66346617963,66351738152,5120189
64800000000,68400000000,66351738152,66351746532,8380
64800000000,68400000000,66351746532,66352852799,1106267
64800000000,68400000000,66352852799,66353902401,1049602
64800000000,68400000000,66353902401,66355547272,1644871
64800000000,68400000000,66355547272,66355582236,34964
64800000000,68400000000,66355582236,66357625197,2042961
64800000000,68400000000,66357625197,66358651736,1026539
64800000000,68400000000,66358651736,66359652170,1000434
64800000000,68400000000,66359652170,66359655421,3251
64800000000,68400000000,66359655421,66360508126,852705
64800000000,68400000000,66360508126,66361564667,1056541
64800000000,68400000000,66361564667,66361564686,19
64800000000,68400000000,66361564686,66361564690,4
64800000000,68400000000,66361564690,66361600957,36267
64800000000,68400000000,66361600957,66362342125,741168
64800000000,68400000000,66362342125,66363459839,1117714
64800000000,68400000000,66363459839,66363459844,5
64800000000,68400000000,66363459844,66363488185,28341
64800000000,68400000000,66363488185,66364312799,824614
64800000000,68400000000,66364312799,66364352768,39969
64800000000,68400000000,66364352768,66364388987,36219
64800000000,68400000000,66364388987,66365210177,821190
64800000000,68400000000,66365210177,66366428724,1218547
64800000000,68400000000,66366428724,66370987879,4559155
64800000000,68400000000,66370987879,66370988009,130
64800000000,68400000000,66370988009,66370988014,5
64800000000,68400000000,66370988014,66370988019,5
64800000000,68400000000,66370988019,66377572785,6584766
64800000000,68400000000,66377572785,66379607239,2034454
64800000000,68400000000,66379607239,66379656450,49211
64800000000,68400000000,66379656450,66379656453,3
64800000000,68400000000,66379656453,66380702425,1045972
64800000000,68400000000,66380702425,66380708328,5903
64800000000,68400000000,66380708328,66380713347,5019
64800000000,68400000000,66380713347,66381652244,938897
64800000000,68400000000,66381652244,66382781926,1129682
64800000000,68400000000,66382781926,66384742261,1960335
64800000000,68400000000,66384742261,66384742266,5
64800000000,68400000000,66384742266,66384742329,63
64800000000,68400000000,66384742329,66384742332,3
64800000000,68400000000,66384742332,66384742419,87
64800000000,68400000000,66384742419,66385905085,1162666
64800000000,68400000000,66385905085,66388197374,2292289
64800000000,68400000000,66388197374,66388197412,38
64800000000,68400000000,66388197412,66388197916,504
64800000000,68400000000,66388197916,66393004101,4806185
64800000000,68400000000,66393004101,66394891701,1887600
64800000000,68400000000,66394891701,66396797657,1905956
64800000000,68400000000,66396797657,66397845998,1048341
64800000000,68400000000,66397845998,66399884205,2038207
64800000000,68400000000,66399884205,66399909575,25370
64800000000,68400000000,66399909575,66399913950,4375
64800000000,68400000000,66399913950,66399920642,6692
64800000000,68400000000,66399920642,66402459069,2538427
64800000000,68400000000,66402459069,66403274613,815544
64800000000,68400000000,66403274613,66403274616,3
64800000000,68400000000,66403274616,66403274684,68
64800000000,68400000000,66403274684,66403274687,3
64800000000,68400000000,66403274687,66403274763,76
64800000000,68400000000,66403274763,66403611362,336599
64800000000,68400000000,66403611362,66404438608,827246
64800000000,68400000000,66404438608,66404438755,147
64800000000,68400000000,66404438755,66404438760,5
64800000000,68400000000,66404438760,66405426677,987917
64800000000,68400000000,66405426677,66406357948,931271
64800000000,68400000000,66406357948,66406358317,369
64800000000,68400000000,66406358317,66406358979,662
64800000000,68400000000,66406358979,66408230112,1871133
64800000000,68400000000,66408230112,66408288731,58619
64800000000,68400000000,66408288731,66408295462,6731
64800000000,68400000000,66408295462,66408296073,611
64800000000,68400000000,66408296073,66408753458,457385
64800000000,68400000000,66408753458,66408753462,4
64800000000,68400000000,66408753462,66408753477,15
64800000000,68400000000,66408753477,66409675392,921915
64800000000,68400000000,66409675392,66411812723,2137331
64800000000,68400000000,66411812723,66412776536,963813
64800000000,68400000000,66412776536,66412776539,3
64800000000,68400000000,66412776539,66413662395,885856
64800000000,68400000000,66413662395,66413722509,60114
64800000000,68400000000,66413722509,66414545652,823143
64800000000,68400000000,66414545652,66414545697,45
64800000000,68400000000,66414545697,66414569504,23807
64800000000,68400000000,66414569504,66414579498,9994
64800000000,68400000000,66414579498,66414596488,16990
64800000000,68400000000,66414596488,66416346051,1749563
64800000000,68400000000,66416346051,66416346163,112
64800000000,68400000000,66416346163,66417190407,844244
64800000000,68400000000,66417190407,66418024379,833972
64800000000,68400000000,66418024379,66420056565,2032186
64800000000,68400000000,66420056565,66420056568,3
64800000000,68400000000,66420056568,66420056569,1
64800000000,68400000000,66420056569,66420084800,28231
64800000000,68400000000,66420084800,66421728378,1643578
64800000000,68400000000,66421728378,66421728846,468
64800000000,68400000000,66421728846,66422602901,874055
64800000000,68400000000,66422602901,66423492533,889632
64800000000,68400000000,66423492533,66423502420,9887
64800000000,68400000000,66423502420,66424354873,852453
64800000000,68400000000,66424354873,66424382794,27921
64800000000,68400000000,66424382794,66425157936,775142
64800000000,68400000000,66425157936,66425157947,11
64800000000,68400000000,66425157947,66426027294,869347
64800000000,68400000000,66426027294,66426889491,862197
64800000000,68400000000,66426889491,66428830388,1940897
64800000000,68400000000,66428830388,66436843989,8013601
64800000000,68400000000,66436843989,66438498625,1654636
64800000000,68400000000,66438498625,66440247724,1749099
64800000000,68400000000,66440247724,66455237101,14989377
64800000000,68400000000,66455237101,66457944016,2706915
64800000000,68400000000,66457944016,66459760563,1816547
64800000000,68400000000,66459760563,66461375710,1615147
64800000000,68400000000,66461375710,66463067251,1691541
64800000000,68400000000,66463067251,66463072715,5464
64800000000,68400000000,66463072715,66463075868,3153
64800000000,68400000000,66463075868,66463079317,3449
64800000000,68400000000,66463079317,66464878326,1799009
64800000000,68400000000,66464878326,66464878349,23
64800000000,68400000000,66464878349,66464878366,17
64800000000,68400000000,66464878366,66464878376,10
64800000000,68400000000,66464878376,66464908081,29705
64800000000,68400000000,66464908081,66464910883,2802
64800000000,68400000000,66464910883,66464914471,3588
64800000000,68400000000,66464914471,66466952063,2037592
64800000000,68400000000,66466952063,66466952098,35
64800000000,68400000000,66466952098,66466952123,25
64800000000,68400000000,66466952123,66466988060,35937
64800000000,68400000000,66466988060,66466991482,3422
64800000000,68400000000,66466991482,66466995506,4024
64800000000,68400000000,66466995506,66468696952,1701446
64800000000,68400000000,66468696952,66468697573,621
64800000000,68400000000,66468697573,66468698222,649
64800000000,68400000000,66468698222,66468808448,110226
64800000000,68400000000,66468808448,66470355392,1546944
64800000000,68400000000,66470355392,66470409271,53879
64800000000,68400000000,66470409271,66472099249,1689978
64800000000,68400000000,66472099249,66472128442,29193
64800000000,68400000000,66472128442,66473720159,1591717
64800000000,68400000000,66473720159,66474345508,625349
64800000000,68400000000,66474345508,66475991473,1645965
64800000000,68400000000,66475991473,66477180901,1189428
64800000000,68400000000,66477180901,66477988027,807126
64800000000,68400000000,66477988027,66478056836,68809
64800000000,68400000000,66478056836,66478059183,2347
64800000000,68400000000,66478059183,66478902546,843363
64800000000,68400000000,66478902546,66478927645,25099
64800000000,68400000000,66478927645,66479744861,817216
64800000000,68400000000,66479744861,66479744885,24
64800000000,68400000000,66479744885,66479796528,51643
64800000000,68400000000,66479796528,66480700548,904020
64800000000,68400000000,66480700548,66481576300,875752
64800000000,68400000000,66481576300,66484366490,2790190
64800000000,68400000000,66484366490,66486020591,1654101
64800000000,68400000000,66486020591,66486038096,17505
64800000000,68400000000,66486038096,66486050523,12427
64800000000,68400000000,66486050523,66486055197,4674
64800000000,68400000000,66486055197,66487243579,1188382
64800000000,68400000000,66487243579,66487244985,1406
64800000000,68400000000,66487244985,66487244992,7
64800000000,68400000000,66487244992,66487245041,49
64800000000,68400000000,66487245041,66488145468,900427
64800000000,68400000000,66488145468,66488145472,4
64800000000,68400000000,66488145472,66488145473,1
64800000000,68400000000,66488145473,66488145894,421
64800000000,68400000000,66488145894,66490107551,1961657
64800000000,68400000000,66490107551,66490118007,10456
64800000000,68400000000,66490118007,66490364723,246716
64800000000,68400000000,66490364723,66491317582,952859
64800000000,68400000000,66491317582,66495338490,4020908
64800000000,68400000000,66495338490,66506952380,11613890
64800000000,68400000000,66506952380,66506974477,22097
64800000000,68400000000,66506974477,66510428106,3453629
64800000000,68400000000,66510428106,66510428143,37
64800000000,68400000000,66510428143,66512982184,2554041
64800000000,68400000000,66512982184,66514880465,1898281
64800000000,68400000000,66514880465,66514880568,103
64800000000,68400000000,66514880568,66514880575,7
64800000000,68400000000,66514880575,66520962903,6082328
64800000000,68400000000,66520962903,66522831405,1868502
64800000000,68400000000,66522831405,66523601785,770380
64800000000,68400000000,66523601785,66523601822,37
64800000000,68400000000,66523601822,66523601827,5
64800000000,68400000000,66523601827,66529400008,5798181
64800000000,68400000000,66529400008,66529400012,4
64800000000,68400000000,66529400012,66529400027,15
64800000000,68400000000,66529400027,66532452728,3052701
64800000000,68400000000,66532452728,66533404407,951679
64800000000,68400000000,66533404407,66534316404,911997
64800000000,68400000000,66534316404,66535297175,980771
64800000000,68400000000,66535297175,66535297180,5
64800000000,68400000000,66535297180,66535316324,19144
64800000000,68400000000,66535316324,66536190612,874288
64800000000,68400000000,66536190612,66536190616,4
64800000000,68400000000,66536190616,66537082963,892347
64800000000,68400000000,66537082963,66537084153,1190
64800000000,68400000000,66537084153,66538175717,1091564
64800000000,68400000000,66538175717,66540005105,1829388
64800000000,68400000000,66540005105,66543915843,3910738
64800000000,68400000000,66543915843,66544868519,952676
64800000000,68400000000,66544868519,66545744081,875562
64800000000,68400000000,66545744081,66546678228,934147
64800000000,68400000000,66546678228,66546678760,532
64800000000,68400000000,66546678760,66546678765,5
64800000000,68400000000,66546678765,66546679864,1099
64800000000,68400000000,66546679864,66546679948,84
64800000000,68400000000,66546679948,66546679955,7
64800000000,68400000000,66546679955,66548628312,1948357
64800000000,68400000000,66548628312,66549506108,877796
64800000000,68400000000,66549506108,66549506226,118
64800000000,68400000000,66549506226,66549506233,7
64800000000,68400000000,66549506233,66559343892,9837659
64800000000,68400000000,66559343892,66561090707,1746815
64800000000,68400000000,66561090707,66562398772,1308065
64800000000,68400000000,66562398772,66562398980,208
64800000000,68400000000,66562398980,66562398987,7
64800000000,68400000000,66562398987,66562398992,5
64800000000,68400000000,66562398992,66564235830,1836838
64800000000,68400000000,66564235830,66566041612,1805782
64800000000,68400000000,66566041612,66574600164,8558552
64800000000,68400000000,66574600164,66574610188,10024
64800000000,68400000000,66574610188,66576708224,2098036
64800000000,68400000000,66576708224,66578609240,1901016
64800000000,68400000000,66578609240,66579607064,997824
64800000000,68400000000,66579607064,66581208057,1600993
64800000000,68400000000,66581208057,66582137612,929555
64800000000,68400000000,66582137612,66583970137,1832525
64800000000,68400000000,66583970137,66584854896,884759
64800000000,68400000000,66584854896,66585809082,954186
64800000000,68400000000,66585809082,66587634942,1825860
64800000000,68400000000,66587634942,66589441842,1806900
64800000000,68400000000,66589441842,66592284410,2842568
64800000000,68400000000,66592284410,66596881548,4597138
64800000000,68400000000,66596881548,66602725492,5843944
64800000000,68400000000,66602725492,66603761700,1036208
64800000000,68400000000,66603761700,66603773241,11541
64800000000,68400000000,66603773241,66603787352,14111
64800000000,68400000000,66603787352,66603787379,27
64800000000,68400000000,66603787379,66603787384,5
64800000000,68400000000,66603787384,66604818927,1031543
64800000000,68400000000,66604818927,66604880323,61396
64800000000,68400000000,66604880323,66604882895,2572
64800000000,68400000000,66604882895,66605928397,1045502
64800000000,68400000000,66605928397,66605928401,4
64800000000,68400000000,66605928401,66605928521,120
64800000000,68400000000,66605928521,66605963923,35402
64800000000,68400000000,66605963923,66605969547,5624
64800000000,68400000000,66605969547,66605981926,12379
64800000000,68400000000,66605981926,66605986870,4944
64800000000,68400000000,66605986870,66607391178,1404308
64800000000,68400000000,66607391178,66607393597,2419
64800000000,68400000000,66607393597,66609452866,2059269
64800000000,68400000000,66609452866,66609453004,138
64800000000,68400000000,66609453004,66609453022,18
64800000000,68400000000,66609453022,66609453032,10
64800000000,68400000000,66609453032,66614003347,4550315
64800000000,68400000000,66614003347,66614003347,0
64800000000,68400000000,66614003347,66617256226,3252879
64800000000,68400000000,66617256226,66620738307,3482081
64800000000,68400000000,66620738307,66620738495,188
64800000000,68400000000,66620738495,66620738502,7
64800000000,68400000000,66620738502,66621741011,1002509
64800000000,68400000000,66621741011,66621783322,42311
64800000000,68400000000,66621783322,66625971146,4187824
64800000000,68400000000,66625971146,66626034306,63160
64800000000,68400000000,66626034306,66626046712,12406
64800000000,68400000000,66626046712,66626053325,6613
64800000000,68400000000,66626053325,66629550762,3497437
64800000000,68400000000,66629550762,66629550774,12
64800000000,68400000000,66629550774,66629550808,34
64800000000,68400000000,66629550808,66629550818,10
64800000000,68400000000,66629550818,66633364095,3813277
64800000000,68400000000,66633364095,66635040242,1676147
64800000000,68400000000,66635040242,66636090452,1050210
64800000000,68400000000,66636090452,66636090452,0
64800000000,68400000000,66636090452,66638094091,2003639
64800000000,68400000000,66638094091,66638094266,175
64800000000,68400000000,66638094266,66638094273,7
64800000000,68400000000,66638094273,66641088093,2993820
64800000000,68400000000,66641088093,66641088095,2
64800000000,68400000000,66641088095,66642983901,1895806
64800000000,68400000000,66642983901,66649998229,7014328
64800000000,68400000000,66649998229,66652150684,2152455
64800000000,68400000000,66652150684,66654338324,2187640
64800000000,68400000000,66654338324,66663738546,9400222
64800000000,68400000000,66663738546,66672561321,8822775
64800000000,68400000000,66672561321,66672561324,3
64800000000,68400000000,66672561324,66674218396,1657072
64800000000,68400000000,66674218396,66674245443,27047
64800000000,68400000000,66674245443,66674254582,9139
64800000000,68400000000,66674254582,66674254809,227
64800000000,68400000000,66674254809,66674254814,5
64800000000,68400000000,66674254814,66676146513,1891699
64800000000,68400000000,66676146513,66677867697,1721184
64800000000,68400000000,66677867697,66680473981,2606284
64800000000,68400000000,66680473981,66680474080,99
64800000000,68400000000,66680474080,66687770649,7296569
64800000000,68400000000,66687770649,66687773224,2575
64800000000,68400000000,66687773224,66687773334,110
64800000000,68400000000,66687773334,66687773445,111
64800000000,68400000000,66687773445,66687773582,137
64800000000,68400000000,66687773582,66687773587,5
64800000000,68400000000,66687773587,66698078634,10305047
64800000000,68400000000,66698078634,66700742436,2663802
64800000000,68400000000,66700742436,66703583045,2840609
64800000000,68400000000,66703583045,66705215476,1632431
64800000000,68400000000,66705215476,66710708914,5493438
64800000000,68400000000,66710708914,66710709510,596
64800000000,68400000000,66710709510,66713390904,2681394
64800000000,68400000000,66713390904,66715191097,1800193
64800000000,68400000000,66715191097,66719658791,4467694
64800000000,68400000000,66719658791,66721332287,1673496
64800000000,68400000000,66721332287,66721332291,4
64800000000,68400000000,66721332291,66721332292,1
64800000000,68400000000,66721332292,66722218101,885809
64800000000,68400000000,66722218101,66722219010,909
64800000000,68400000000,66722219010,66731190790,8971780
64800000000,68400000000,66731190790,66732124527,933737
64800000000,68400000000,66732124527,66732969938,845411
64800000000,68400000000,66732969938,66733826744,856806
64800000000,68400000000,66733826744,66734658285,831541
64800000000,68400000000,66734658285,66738148243,3489958
64800000000,68400000000,66738148243,66740271190,2122947
64800000000,68400000000,66740271190,66740301680,30490
64800000000,68400000000,66740301680,66742932637,2630957
64800000000,68400000000,66742932637,66743758830,826193
64800000000,68400000000,66743758830,66747258839,3500009
64800000000,68400000000,66747258839,66747258991,152
64800000000,68400000000,66747258991,66747258998,7
64800000000,68400000000,66747258998,66750162026,2903028
64800000000,68400000000,66750162026,66752360067,2198041
64800000000,68400000000,66752360067,66752508721,148654
64800000000,68400000000,66752508721,66754337802,1829081
64800000000,68400000000,66754337802,66758368924,4031122
64800000000,68400000000,66758368924,66758379532,10608
64800000000,68400000000,66758379532,66759416478,1036946
64800000000,68400000000,66759416478,66760450021,1033543
64800000000,68400000000,66760450021,66761489473,1039452
64800000000,68400000000,66761489473,66764739869,3250396
64800000000,68400000000,66764739869,66765755737,1015868
64800000000,68400000000,66765755737,66771333785,5578048
64800000000,68400000000,66771333785,66773617439,2283654
64800000000,68400000000,66773617439,66774345160,727721
64800000000,68400000000,66774345160,66774345164,4
64800000000,68400000000,66774345164,66774345240,76
64800000000,68400000000,66774345240,66774345245,5
64800000000,68400000000,66774345245,66780239430,5894185
64800000000,68400000000,66780239430,66789060271,8820841
64800000000,68400000000,66789060271,66789882727,822456
64800000000,68400000000,66789882727,66795494326,5611599
64800000000,68400000000,66795494326,66795494663,337
64800000000,68400000000,66795494663,66795494668,5
64800000000,68400000000,66795494668,66799131632,3636964
64800000000,68400000000,66799131632,66800079992,948360
64800000000,68400000000,66800079992,66800080079,87
64800000000,68400000000,66800080079,66800080084,5
64800000000,68400000000,66800080084,66803900578,3820494
64800000000,68400000000,66803900578,66806190374,2289796
64800000000,68400000000,66806190374,66806221043,30669
64800000000,68400000000,66806221043,66806221142,99
64800000000,68400000000,66806221142,66806221147,5
64800000000,68400000000,66806221147,66806221152,5
64800000000,68400000000,66806221152,66814353981,8132829
64800000000,68400000000,66814353981,66814354088,107
64800000000,68400000000,66814354088,66814354093,5
64800000000,68400000000,66814354093,66817302623,2948530
64800000000,68400000000,66817302623,66818166901,864278
64800000000,68400000000,66818166901,66819012449,845548
64800000000,68400000000,66819012449,66819035337,22888
64800000000,68400000000,66819035337,66819046653,11316
64800000000,68400000000,66819046653,66820009948,963295
64800000000,68400000000,66820009948,66820849804,839856
64800000000,68400000000,66820849804,66821720731,870927
64800000000,68400000000,66821720731,66821789299,68568
64800000000,68400000000,66821789299,66822683966,894667
64800000000,68400000000,66822683966,66823551716,867750
64800000000,68400000000,66823551716,66824667248,1115532
64800000000,68400000000,66824667248,66824737594,70346
64800000000,68400000000,66824737594,66824750289,12695
64800000000,68400000000,66824750289,66825575412,825123
64800000000,68400000000,66825575412,66825582799,7387
64800000000,68400000000,66825582799,66825582911,112
64800000000,68400000000,66825582911,66825582917,6
64800000000,68400000000,66825582917,66826519751,936834
64800000000,68400000000,66826519751,66827675562,1155811
64800000000,68400000000,66827675562,66830293411,2617849
64800000000,68400000000,66830293411,66831183233,889822
64800000000,68400000000,66831183233,66832072835,889602
64800000000,68400000000,66832072835,66832980706,907871
64800000000,68400000000,66832980706,66833004236,23530
64800000000,68400000000,66833004236,66834278656,1274420
64800000000,68400000000,66834278656,66835123725,845069
64800000000,68400000000,66835123725,66836069787,946062
64800000000,68400000000,66836069787,66836095434,25647
64800000000,68400000000,66836095434,66838228676,2133242
64800000000,68400000000,66838228676,66840019413,1790737
64800000000,68400000000,66840019413,66840026150,6737
64800000000,68400000000,66840026150,66841815531,1789381
64800000000,68400000000,66841815531,66841815563,32
64800000000,68400000000,66841815563,66842672354,856791
64800000000,68400000000,66842672354,66842677204,4850
64800000000,68400000000,66842677204,66843593104,915900
64800000000,68400000000,66843593104,66844437467,844363
64800000000,68400000000,66844437467,66845419051,981584
64800000000,68400000000,66845419051,66847184361,1765310
64800000000,68400000000,66847184361,66847362109,177748
64800000000,68400000000,66847362109,66847366595,4486
64800000000,68400000000,66847366595,66847366982,387
64800000000,68400000000,66847366982,66847367002,20
64800000000,68400000000,66847367002,66848426828,1059826
64800000000,68400000000,66848426828,66849759109,1332281
64800000000,68400000000,66849759109,66850740026,980917
64800000000,68400000000,66850740026,66850783591,43565
64800000000,68400000000,66850783591,66852505357,1721766
64800000000,68400000000,66852505357,66852592228,86871
64800000000,68400000000,66852592228,66853548525,956297
64800000000,68400000000,66853548525,66853548601,76
64800000000,68400000000,66853548601,66854518416,969815
64800000000,68400000000,66854518416,66854607872,89456
64800000000,68400000000,66854607872,66855513516,905644
64800000000,68400000000,66855513516,66855525154,11638
64800000000,68400000000,66855525154,66855525241,87
64800000000,68400000000,66855525241,66855525246,5
64800000000,68400000000,66855525246,66856396297,871051
64800000000,68400000000,66856396297,66856480318,84021
64800000000,68400000000,66856480318,66857487688,1007370
64800000000,68400000000,66857487688,66858439515,951827
64800000000,68400000000,66858439515,66858469421,29906
64800000000,68400000000,66858469421,66858481071,11650
64800000000,68400000000,66858481071,66858484253,3182
64800000000,68400000000,66858484253,66861731330,3247077
64800000000,68400000000,66861731330,66861731355,25
64800000000,68400000000,66861731355,66861735516,4161
64800000000,68400000000,66861735516,66868897131,7161615
64800000000,68400000000,66868897131,66871987980,3090849
64800000000,68400000000,66871987980,66871988089,109
64800000000,68400000000,66871988089,66871988094,5
64800000000,68400000000,66871988094,66871988099,5
64800000000,68400000000,66871988099,66872925238,937139
64800000000,68400000000,66872925238,66873078000,152762
64800000000,68400000000,66873078000,66875335029,2257029
64800000000,68400000000,66875335029,66877991664,2656635
64800000000,68400000000,66877991664,66878149964,158300
64800000000,68400000000,66878149964,66879930682,1780718
64800000000,68400000000,66879930682,66879965644,34962
64800000000,68400000000,66879965644,66879968477,2833
64800000000,68400000000,66879968477,66879979647,11170
64800000000,68400000000,66879979647,66880828095,848448
64800000000,68400000000,66880828095,66880883056,54961
64800000000,68400000000,66880883056,66881685856,802800
64800000000,68400000000,66881685856,66881685892,36
64800000000,68400000000,66881685892,66881685896,4
64800000000,68400000000,66881685896,66881685897,1
64800000000,68400000000,66881685897,66881685953,56
64800000000,68400000000,66881685953,66883575506,1889553
64800000000,68400000000,66883575506,66883576618,1112
64800000000,68400000000,66883576618,66883576634,16
64800000000,68400000000,66883576634,66885848117,2271483
64800000000,68400000000,66885848117,66888705048,2856931
64800000000,68400000000,66888705048,66902093834,13388786
64800000000,68400000000,66902093834,66903868108,1774274
64800000000,68400000000,66903868108,66905718843,1850735
64800000000,68400000000,66905718843,66906845578,1126735
64800000000,68400000000,66906845578,66907724117,878539
64800000000,68400000000,66907724117,66908608684,884567
64800000000,68400000000,66908608684,66910394389,1785705
64800000000,68400000000,66910394389,66913024869,2630480
64800000000,68400000000,66913024869,66914655254,1630385
64800000000,68400000000,66914655254,66917633733,2978479
64800000000,68400000000,66917633733,66919293823,1660090
64800000000,68400000000,66919293823,66922035594,2741771
64800000000,68400000000,66922035594,66923996015,1960421
64800000000,68400000000,66923996015,66928866225,4870210
64800000000,68400000000,66928866225,66934706109,5839884
64800000000,68400000000,66934706109,66934706385,276
64800000000,68400000000,66934706385,66934706416,31
64800000000,68400000000,66934706416,66945983455,11277039
64800000000,68400000000,66945983455,66945983457,2
64800000000,68400000000,66945983457,66947670756,1687299
64800000000,68400000000,66947670756,66947691785,21029
64800000000,68400000000,66947691785,66951398928,3707143
64800000000,68400000000,66951398928,66952185703,786775
64800000000,68400000000,66952185703,66955806143,3620440
64800000000,68400000000,66955806143,66955806161,18
64800000000,68400000000,66955806161,66955806165,4
64800000000,68400000000,66955806165,66955834446,28281
64800000000,68400000000,66955834446,66956645979,811533
64800000000,68400000000,66956645979,66957558296,912317
64800000000,68400000000,66957558296,66960017695,2459399
64800000000,68400000000,66960017695,66971236265,11218570
64800000000,68400000000,66971236265,66973395887,2159622
64800000000,68400000000,66973395887,66974350791,954904
64800000000,68400000000,66974350791,66974350794,3
64800000000,68400000000,66974350794,66975929823,1579029
64800000000,68400000000,66975929823,66978398849,2469026
64800000000,68400000000,66978398849,66983724719,5325870
64800000000,68400000000,66983724719,66983724735,16
64800000000,68400000000,66983724735,66986545661,2820926
64800000000,68400000000,66986545661,66986545664,3
64800000000,68400000000,66986545664,66988337674,1792010
64800000000,68400000000,66988337674,66991045266,2707592
64800000000,68400000000,66991045266,66992662921,1617655
64800000000,68400000000,66992662921,66994713776,2050855
64800000000,68400000000,66994713776,67000272086,5558310
64800000000,68400000000,67000272086,67001740584,1468498
64800000000,68400000000,67001740584,67014152902,12412318
64800000000,68400000000,67014152902,67024245969,10093067
64800000000,68400000000,67024245969,67026190685,1944716
64800000000,68400000000,67026190685,67027093733,903048
64800000000,68400000000,67027093733,67027094502,769
64800000000,68400000000,67027094502,67027094507,5
64800000000,68400000000,67027094507,67027937569,843062
64800000000,68400000000,67027937569,67028809653,872084
64800000000,68400000000,67028809653,67034880661,6071008
64800000000,68400000000,67034880661,67034880747,86
64800000000,68400000000,67034880747,67034880754,7
64800000000,68400000000,67034880754,67037083275,2202521
64800000000,68400000000,67037083275,67037083650,375
64800000000,68400000000,67037083650,67037083669,19
64800000000,68400000000,67037083669,67037999844,916175
64800000000,68400000000,67037999844,67039608930,1609086
64800000000,68400000000,67039608930,67041337804,1728874
64800000000,68400000000,67041337804,67042160814,823010
64800000000,68400000000,67042160814,67042163373,2559
64800000000,68400000000,67042163373,67043029306,865933
64800000000,68400000000,67043029306,67043832168,802862
64800000000,68400000000,67043832168,67043832172,4
64800000000,68400000000,67043832172,67043832208,36
64800000000,68400000000,67043832208,67043852762,20554
64800000000,68400000000,67043852762,67044677429,824667
64800000000,68400000000,67044677429,67045739841,1062412
64800000000,68400000000,67045739841,67046739780,999939
64800000000,68400000000,67046739780,67048872129,2132349
64800000000,68400000000,67048872129,67053280726,4408597
64800000000,68400000000,67053280726,67061022280,7741554
64800000000,68400000000,67061022280,67062607551,1585271
64800000000,68400000000,67062607551,67081742118,19134567
64800000000,68400000000,67081742118,67082811021,1068903
64800000000,68400000000,67082811021,67083615528,804507
64800000000,68400000000,67083615528,67083642817,27289
64800000000,68400000000,67083642817,67083653021,10204
64800000000,68400000000,67083653021,67084492773,839752
64800000000,68400000000,67084492773,67086179436,1686663
64800000000,68400000000,67086179436,67086179454,18
64800000000,68400000000,67086179454,67086179472,18
64800000000,68400000000,67086179472,67086179482,10
64800000000,68400000000,67086179482,67087051577,872095
64800000000,68400000000,67087051577,67091236300,4184723
64800000000,68400000000,67091236300,67094140901,2904601
64800000000,68400000000,67094140901,67097063434,2922533
64800000000,68400000000,67097063434,67097063450,16
64800000000,68400000000,67097063450,67100511592,3448142
64800000000,68400000000,67100511592,67101394910,883318
64800000000,68400000000,67101394910,67102234461,839551
64800000000,68400000000,67102234461,67109336029,7101568
64800000000,68400000000,67109336029,67110226364,890335
64800000000,68400000000,67110226364,67110232985,6621
64800000000,68400000000,67110232985,67110240313,7328
64800000000,68400000000,67110240313,67113527314,3287001
64800000000,68400000000,67113527314,67113527317,3
64800000000,68400000000,67113527317,67113527318,1
64800000000,68400000000,67113527318,67113527360,42
64800000000,68400000000,67113527360,67113527363,3
64800000000,68400000000,67113527363,67113527364,1
64800000000,68400000000,67113527364,67113527388,24
64800000000,68400000000,67113527388,67113527413,25
64800000000,68400000000,67113527413,67113527417,4
64800000000,68400000000,67113527417,67114427980,900563
64800000000,68400000000,67114427980,67117223460,2795480
64800000000,68400000000,67117223460,67117223824,364
64800000000,68400000000,67117223824,67118526264,1302440
64800000000,68400000000,67118526264,67119393810,867546
64800000000,68400000000,67119393810,67119393822,12
64800000000,68400000000,67119393822,67119393834,12
64800000000,68400000000,67119393834,67119393985,151
64800000000,68400000000,67119393985,67125499256,6105271
64800000000,68400000000,67125499256,67127622491,2123235
64800000000,68400000000,67127622491,67130291789,2669298
64800000000,68400000000,67130291789,67130334413,42624
64800000000,68400000000,67130334413,67130345813,11400
64800000000,68400000000,67130345813,67132138019,1792206
64800000000,68400000000,67132138019,67132139631,1612
64800000000,68400000000,67132139631,67132139794,163
64800000000,68400000000,67132139794,67132139808,14
64800000000,68400000000,67132139808,67134128722,1988914
64800000000,68400000000,67134128722,67134128725,3
64800000000,68400000000,67134128725,67134128726,1
64800000000,68400000000,67134128726,67134128796,70
64800000000,68400000000,67134128796,67134128799,3
64800000000,68400000000,67134128799,67137277755,3148956
64800000000,68400000000,67137277755,67137278560,805
64800000000,68400000000,67137278560,67137278577,17
64800000000,68400000000,67137278577,67141744997,4466420
64800000000,68400000000,67141744997,67142680531,935534
64800000000,68400000000,67142680531,67145067485,2386954
64800000000,68400000000,67145067485,67146145188,1077703
64800000000,68400000000,67146145188,67148160982,2015794
64800000000,68400000000,67148160982,67148198068,37086
64800000000,68400000000,67148198068,67148201418,3350
64800000000,68400000000,67148201418,67149051657,850239
64800000000,68400000000,67149051657,67150947394,1895737
64800000000,68400000000,67150947394,67150947397,3
64800000000,68400000000,67150947397,67150947398,1
64800000000,68400000000,67150947398,67150947450,52
64800000000,68400000000,67150947450,67151838377,890927
64800000000,68400000000,67151838377,67153647376,1808999
64800000000,68400000000,67153647376,67153647861,485
64800000000,68400000000,67153647861,67153647878,17
64800000000,68400000000,67153647878,67155482929,1835051
64800000000,68400000000,67155482929,67155548583,65654
64800000000,68400000000,67155548583,67155561303,12720
64800000000,68400000000,67155561303,67157387407,1826104
64800000000,68400000000,67157387407,67159590624,2203217
64800000000,68400000000,67159590624,67161197266,1606642
64800000000,68400000000,67161197266,67161224033,26767
64800000000,68400000000,67161224033,67162068570,844537
64800000000,68400000000,67162068570,67162069184,614
64800000000,68400000000,67162069184,67162180689,111505
64800000000,68400000000,67162180689,67163956032,1775343
64800000000,68400000000,67163956032,67165794650,1838618
64800000000,68400000000,67165794650,67165802215,7565
64800000000,68400000000,67165802215,67168219360,2417145
64800000000,68400000000,67168219360,67168219363,3
64800000000,68400000000,67168219363,67168219364,1
64800000000,68400000000,67168219364,67168219387,23
64800000000,68400000000,67168219387,67168286048,66661
64800000000,68400000000,67168286048,67168628616,342568
64800000000,68400000000,67168628616,67169473141,844525
64800000000,68400000000,67169473141,67170498153,1025012
64800000000,68400000000,67170498153,67170498641,488
64800000000,68400000000,67170498641,67171470676,972035
64800000000,68400000000,67171470676,67175216192,3745516
64800000000,68400000000,67175216192,67179910558,4694366
64800000000,68400000000,67179910558,67181422127,1511569
64800000000,68400000000,67181422127,67188331446,6909319
64800000000,68400000000,67188331446,67188331656,210
64800000000,68400000000,67188331656,67188331661,5
64800000000,68400000000,67188331661,67188331666,5
64800000000,68400000000,67188331666,67191264050,2932384
64800000000,68400000000,67191264050,67191264087,37
64800000000,68400000000,67191264087,67191264096,9
64800000000,68400000000,67191264096,67198141359,6877263
64800000000,68400000000,67198141359,67200185894,2044535
64800000000,68400000000,67200185894,67200186470,576
64800000000,68400000000,67200186470,67201203349,1016879
64800000000,68400000000,67201203349,67201209696,6347
64800000000,68400000000,67201209696,67203143602,1933906
64800000000,68400000000,67203143602,67203143612,10
64800000000,68400000000,67203143612,67203945187,801575
64800000000,68400000000,67203945187,67204836909,891722
64800000000,68400000000,67204836909,67204872609,35700
64800000000,68400000000,67204872609,67204891277,18668
64800000000,68400000000,67204891277,67204895762,4485
64800000000,68400000000,67204895762,67205706259,810497
64800000000,68400000000,67205706259,67205747717,41458
64800000000,68400000000,67205747717,67206626104,878387
64800000000,68400000000,67206626104,67206626142,38
64800000000,68400000000,67206626142,67206626151,9
64800000000,68400000000,67206626151,67206706386,80235
64800000000,68400000000,67206706386,67206710200,3814
64800000000,68400000000,67206710200,67207501681,791481
64800000000,68400000000,67207501681,67207530394,28713
64800000000,68400000000,67207530394,67208314754,784360
64800000000,68400000000,67208314754,67209142070,827316
64800000000,68400000000,67209142070,67210916461,1774391
64800000000,68400000000,67210916461,67210957926,41465
64800000000,68400000000,67210957926,67213765836,2807910
64800000000,68400000000,67213765836,67213765863,27
64800000000,68400000000,67213765863,67222668334,8902471
64800000000,68400000000,67222668334,67225719079,3050745
64800000000,68400000000,67225719079,67225719254,175
64800000000,68400000000,67225719254,67225719261,7
64800000000,68400000000,67225719261,67231010042,5290781
64800000000,68400000000,67231010042,67234779250,3769208
64800000000,68400000000,67234779250,67248936780,14157530
64800000000,68400000000,67248936780,67248944543,7763
64800000000,68400000000,67248944543,67248946929,2386
64800000000,68400000000,67248946929,67248949210,2281
64800000000,68400000000,67248949210,67248951946,2736
64800000000,68400000000,67248951946,67248954508,2562
64800000000,68400000000,67248954508,67248974727,20219
64800000000,68400000000,67248974727,67250559176,1584449
64800000000,68400000000,67250559176,67250559178,2
64800000000,68400000000,67250559178,67253014671,2455493
64800000000,68400000000,67253014671,67253014681,10
64800000000,68400000000,67253014681,67253014708,27
64800000000,68400000000,67253014708,67253014718,10
64800000000,68400000000,67253014718,67253014731,13
64800000000,68400000000,67253014731,67253040818,26087
64800000000,68400000000,67253040818,67253040830,12
64800000000,68400000000,67253040830,67257147759,4106929
64800000000,68400000000,67257147759,67257985340,837581
64800000000,68400000000,67257985340,67257985546,206
64800000000,68400000000,67257985546,67257985553,7
64800000000,68400000000,67257985553,67260594063,2608510
64800000000,68400000000,67260594063,67274022059,13427996
64800000000,68400000000,67274022059,67274022396,337
64800000000,68400000000,67274022396,67274022401,5
64800000000,68400000000,67274022401,67276287180,2264779
64800000000,68400000000,67276287180,67277122146,834966
64800000000,68400000000,67277122146,67277122347,201
64800000000,68400000000,67277122347,67277122356,9
64800000000,68400000000,67277122356,67277122371,15
64800000000,68400000000,67277122371,67279259197,2136826
64800000000,68400000000,67279259197,67280096964,837767
64800000000,68400000000,67280096964,67280196992,100028
64800000000,68400000000,67280196992,67280205632,8640
64800000000,68400000000,67280205632,67280205632,0
64800000000,68400000000,67280205632,67283981268,3775636
64800000000,68400000000,67283981268,67283981272,4
64800000000,68400000000,67283981272,67283981273,1
64800000000,68400000000,67283981273,67284050053,68780
64800000000,68400000000,67284050053,67285200287,1150234
64800000000,68400000000,67285200287,67287608161,2407874
64800000000,68400000000,67287608161,67287611443,3282
64800000000,68400000000,67287611443,67287769090,157647
64800000000,68400000000,67287769090,67287769381,291
64800000000,68400000000,67287769381,67287769384,3
64800000000,68400000000,67287769384,67290663850,2894466
64800000000,68400000000,67290663850,67290720950,57100
64800000000,68400000000,67290720950,67292896073,2175123
64800000000,68400000000,67292896073,67294182814,1286741
64800000000,68400000000,67294182814,67296490751,2307937
64800000000,68400000000,67296490751,67297888602,1397851
64800000000,68400000000,67297888602,67299260603,1372001
64800000000,68400000000,67299260603,67299276312,15709
64800000000,68400000000,67299276312,67300199340,923028
64800000000,68400000000,67300199340,67300238938,39598
64800000000,68400000000,67300238938,67302234097,1995159
64800000000,68400000000,67302234097,67302234101,4
64800000000,68400000000,67302234101,67302234102,1
64800000000,68400000000,67302234102,67302234103,1
64800000000,68400000000,67302234103,67302234172,69
64800000000,68400000000,67302234172,67303341887,1107715
64800000000,68400000000,67303341887,67303342302,415
64800000000,68400000000,67303342302,67303343676,1374
64800000000,68400000000,67303343676,67311938710,8595034
64800000000,68400000000,67311938710,67311939024,314
64800000000,68400000000,67311939024,67314877032,2938008
64800000000,68400000000,67314877032,67314877220,188
64800000000,68400000000,67314877220,67314877227,7
64800000000,68400000000,67314877227,67322027725,7150498
64800000000,68400000000,67322027725,67322027912,187
64800000000,68400000000,67322027912,67322027919,7
64800000000,68400000000,67322027919,67336117551,14089632
64800000000,68400000000,67336117551,67336141995,24444
64800000000,68400000000,67336141995,67336147800,5805
64800000000,68400000000,67336147800,67338000274,1852474
64800000000,68400000000,67338000274,67338000285,11
64800000000,68400000000,67338000285,67338000308,23
64800000000,68400000000,67338000308,67344902779,6902471
64800000000,68400000000,67344902779,67347741554,2838775
64800000000,68400000000,67347741554,67347741933,379
64800000000,68400000000,67347741933,67347741938,5
64800000000,68400000000,67347741938,67347741943,5
64800000000,68400000000,67347741943,67352664829,4922886
64800000000,68400000000,67352664829,67353635996,971167
64800000000,68400000000,67353635996,67355647937,2011941
64800000000,68400000000,67355647937,67366457858,10809921
64800000000,68400000000,67366457858,67385474789,19016931
64800000000,68400000000,67385474789,67385474916,127
64800000000,68400000000,67385474916,67385474923,7
64800000000,68400000000,67385474923,67391882847,6407924
64800000000,68400000000,67391882847,67391882923,76
64800000000,68400000000,67391882923,67397682775,5799852
64800000000,68400000000,67397682775,67401948538,4265763
64800000000,68400000000,67401948538,67403655751,1707213
64800000000,68400000000,67403655751,67404915927,1260176
64800000000,68400000000,67404915927,67406710387,1794460
64800000000,68400000000,67406710387,67406710444,57
64800000000,68400000000,67406710444,67406710449,5
64800000000,68400000000,67406710449,67408976521,2266072
64800000000,68400000000,67408976521,67410635255,1658734
64800000000,68400000000,67410635255,67411476182,840927
64800000000,68400000000,67411476182,67414300490,2824308
64800000000,68400000000,67414300490,67416039522,1739032
64800000000,68400000000,67416039522,67416939734,900212
64800000000,68400000000,67416939734,67418562649,1622915
64800000000,68400000000,67418562649,67419342499,779850
64800000000,68400000000,67419342499,67420546545,1204046
64800000000,68400000000,67420546545,67421304337,757792
64800000000,68400000000,67421304337,67422230631,926294
64800000000,68400000000,67422230631,67423627569,1396938
64800000000,68400000000,67423627569,67425285316,1657747
64800000000,68400000000,67425285316,67427045450,1760134
64800000000,68400000000,67427045450,67427048047,2597
64800000000,68400000000,67427048047,67427052670,4623
64800000000,68400000000,67427052670,67428789898,1737228
64800000000,68400000000,67428789898,67428790804,906
64800000000,68400000000,67428790804,67428790808,4
64800000000,68400000000,67428790808,67428790809,1
64800000000,68400000000,67428790809,67428790886,77
64800000000,68400000000,67428790886,67428842232,51346
64800000000,68400000000,67428842232,67429621450,779218
64800000000,68400000000,67429621450,67429622385,935
64800000000,68400000000,67429622385,67435190402,5568017
64800000000,68400000000,67435190402,67435193043,2641
64800000000,68400000000,67435193043,67439032854,3839811
64800000000,68400000000,67439032854,67439922950,890096
64800000000,68400000000,67439922950,67441628156,1705206
64800000000,68400000000,67441628156,67446273769,4645613
64800000000,68400000000,67446273769,67448072614,1798845
64800000000,68400000000,67448072614,67448078552,5938
64800000000,68400000000,67448078552,67448079408,856
64800000000,68400000000,67448079408,67448079424,16
64800000000,68400000000,67448079424,67449888225,1808801
64800000000,68400000000,67449888225,67451310155,1421930
64800000000,68400000000,67451310155,67457919935,6609780
64800000000,68400000000,67457919935,67459716978,1797043
64800000000,68400000000,67459716978,67461381400,1664422
64800000000,68400000000,67461381400,67469993423,8612023
64800000000,68400000000,67469993423,67471777440,1784017
64800000000,68400000000,67471777440,67483598856,11821416
64800000000,68400000000,67483598856,67485240865,1642009
64800000000,68400000000,67485240865,67490323821,5082956
64800000000,68400000000,67490323821,67491967720,1643899
64800000000,68400000000,67491967720,67500960987,8993267
64800000000,68400000000,67500960987,67500966491,5504
64800000000,68400000000,67500966491,67502489297,1522806
64800000000,68400000000,67502489297,67505508113,3018816
64800000000,68400000000,67505508113,67507034250,1526137
64800000000,68400000000,67507034250,67509889580,2855330
64800000000,68400000000,67509889580,67515134008,5244428
64800000000,68400000000,67515134008,67515828785,694777
64800000000,68400000000,67515828785,67516528590,699805
64800000000,68400000000,67516528590,67522442616,5914026
64800000000,68400000000,67522442616,67522442768,152
64800000000,68400000000,67522442768,67522442775,7
64800000000,68400000000,67522442775,67533310917,10868142
64800000000,68400000000,67533310917,67533310919,2
64800000000,68400000000,67533310919,67534964306,1653387
64800000000,68400000000,67534964306,67535902619,938313
64800000000,68400000000,67535902619,67545258892,9356273
64800000000,68400000000,67545258892,67545258961,69
64800000000,68400000000,67545258961,67545258966,5
64800000000,68400000000,67545258966,67551314258,6055292
64800000000,68400000000,67551314258,67556318963,5004705
64800000000,68400000000,67556318963,67558826366,2507403
64800000000,68400000000,67558826366,67558826369,3
64800000000,68400000000,67558826369,67560387224,1560855
64800000000,68400000000,67560387224,67566124804,5737580
64800000000,68400000000,67566124804,67567803417,1678613
64800000000,68400000000,67567803417,67568643203,839786
64800000000,68400000000,67568643203,67569385132,741929
64800000000,68400000000,67569385132,67569410530,25398
64800000000,68400000000,67569410530,67569422076,11546
64800000000,68400000000,67569422076,67570207432,785356
64800000000,68400000000,67570207432,67570234726,27294
64800000000,68400000000,67570234726,67571006040,771314
64800000000,68400000000,67571006040,67571006058,18
64800000000,68400000000,67571006058,67571856367,850309
64800000000,68400000000,67571856367,67571877839,21472
64800000000,68400000000,67571877839,67573519711,1641872
64800000000,68400000000,67573519711,67573552385,32674
64800000000,68400000000,67573552385,67576486721,2934336
64800000000,68400000000,67576486721,67577996273,1509552
64800000000,68400000000,67577996273,67579613500,1617227
64800000000,68400000000,67579613500,67584943987,5330487
64800000000,68400000000,67584943987,67587030273,2086286
64800000000,68400000000,67587030273,67600021946,12991673
64800000000,68400000000,67600021946,67610283986,10262040
64800000000,68400000000,67610283986,67612589400,2305414
64800000000,68400000000,67612589400,67612589404,4
64800000000,68400000000,67612589404,67613413472,824068
64800000000,68400000000,67613413472,67613413476,4
64800000000,68400000000,67613413476,67613428350,14874
64800000000,68400000000,67613428350,67613428407,57
64800000000,68400000000,67613428407,67613428412,5
64800000000,68400000000,67613428412,67614312373,883961
64800000000,68400000000,67614312373,67622595183,8282810
64800000000,68400000000,67622595183,67631926802,9331619
64800000000,68400000000,67631926802,67636340024,4413222
64800000000,68400000000,67636340024,67636340061,37
64800000000,68400000000,67636340061,67636340066,5
64800000000,68400000000,67636340066,67639005258,2665192
64800000000,68400000000,67639005258,67639349826,344568
64800000000,68400000000,67639349826,67640161934,812108
64800000000,68400000000,67640161934,67641070039,908105
64800000000,68400000000,67641070039,67641136471,66432
64800000000,68400000000,67641136471,67641137032,561
64800000000,68400000000,67641137032,67642050763,913731
64800000000,68400000000,67642050763,67642842921,792158
64800000000,68400000000,67642842921,67642896352,53431
64800000000,68400000000,67642896352,67644540018,1643666
64800000000,68400000000,67644540018,67657405569,12865551
64800000000,68400000000,67657405569,67659998804,2593235
64800000000,68400000000,67659998804,67660843163,844359
64800000000,68400000000,67660843163,67662794148,1950985
64800000000,68400000000,67662794148,67662794166,18
64800000000,68400000000,67662794166,67664388618,1594452
64800000000,68400000000,67664388618,67666100816,1712198
64800000000,68400000000,67666100816,67666935229,834413
64800000000,68400000000,67666935229,67666954672,19443
64800000000,68400000000,67666954672,67667811383,856711
64800000000,68400000000,67667811383,67668677003,865620
64800000000,68400000000,67668677003,67668677060,57
64800000000,68400000000,67668677060,67669547125,870065
64800000000,68400000000,67669547125,67669564144,17019
64800000000,68400000000,67669564144,67671290359,1726215
64800000000,68400000000,67671290359,67672446953,1156594
64800000000,68400000000,67672446953,67679229187,6782234
64800000000,68400000000,67679229187,67679229604,417
64800000000,68400000000,67679229604,67679229609,5
64800000000,68400000000,67679229609,67683353818,4124209
64800000000,68400000000,67683353818,67685067523,1713705
64800000000,68400000000,67685067523,67692280773,7213250
64800000000,68400000000,67692280773,67695039373,2758600
64800000000,68400000000,67695039373,67709155043,14115670
64800000000,68400000000,67709155043,67710811930,1656887
64800000000,68400000000,67710811930,67710833789,21859
64800000000,68400000000,67710833789,67710834077,288
64800000000,68400000000,67710834077,67710834082,5
64800000000,68400000000,67710834082,67723573850,12739768
64800000000,68400000000,67723573850,67726212816,2638966
64800000000,68400000000,67726212816,67728246243,2033427
64800000000,68400000000,67728246243,67741195124,12948881
64800000000,68400000000,67741195124,67742832533,1637409
64800000000,68400000000,67742832533,67752210641,9378108
64800000000,68400000000,67752210641,67780834408,28623767
64800000000,68400000000,67780834408,67782472132,1637724
64800000000,68400000000,67782472132,67782472137,5
64800000000,68400000000,67782472137,67783286847,814710
64800000000,68400000000,67783286847,67793662221,10375374
64800000000,68400000000,67793662221,67795380753,1718532
64800000000,68400000000,67795380753,67795380753,0
64800000000,68400000000,67795380753,67795387556,6803
64800000000,68400000000,67795387556,67795387604,48
64800000000,68400000000,67795387604,67795387609,5
64800000000,68400000000,67795387609,67797223954,1836345
64800000000,68400000000,67797223954,67797224012,58
64800000000,68400000000,67797224012,67797224017,5
64800000000,68400000000,67797224017,67797224024,7
64800000000,68400000000,67797224024,67798048211,824187
64800000000,68400000000,67798048211,67799607397,1559186
64800000000,68400000000,67799607397,67802590232,2982835
64800000000,68400000000,67802590232,67802592978,2746
64800000000,68400000000,67802592978,67803441139,848161
64800000000,68400000000,67803441139,67803443464,2325
64800000000,68400000000,67803443464,67804215743,772279
64800000000,68400000000,67804215743,67805059440,843697
64800000000,68400000000,67805059440,67805850518,791078
64800000000,68400000000,67805850518,67805850529,11
64800000000,68400000000,67805850529,67805850559,30
64800000000,68400000000,67805850559,67806667219,816660
64800000000,68400000000,67806667219,67811055510,4388291
64800000000,68400000000,67811055510,67811064646,9136
64800000000,68400000000,67811064646,67811848139,783493
64800000000,68400000000,67811848139,67814055514,2207375
64800000000,68400000000,67814055514,67814055851,337
64800000000,68400000000,67814055851,67815206172,1150321
64800000000,68400000000,67815206172,67815206197,25
64800000000,68400000000,67815206197,67815995376,789179
64800000000,68400000000,67815995376,67817916606,1921230
64800000000,68400000000,67817916606,67819602203,1685597
64800000000,68400000000,67819602203,67819641695,39492
64800000000,68400000000,67819641695,67819644299,2604
64800000000,68400000000,67819644299,67819647539,3240
64800000000,68400000000,67819647539,67819649531,1992
64800000000,68400000000,67819649531,67820423470,773939
64800000000,68400000000,67820423470,67821225517,802047
64800000000,68400000000,67821225517,67821225529,12
64800000000,68400000000,67821225529,67821225541,12
64800000000,68400000000,67821225541,67821225553,12
64800000000,68400000000,67821225553,67821998517,772964
64800000000,68400000000,67821998517,67822946251,947734
64800000000,68400000000,67822946251,67824563866,1617615
64800000000,68400000000,67824563866,67835212821,10648955
64800000000,68400000000,67835212821,67837186833,1974012
64800000000,68400000000,67837186833,67838037229,850396
64800000000,68400000000,67838037229,67839725225,1687996
64800000000,68400000000,67839725225,67839725228,3
64800000000,68400000000,67839725228,67841430125,1704897
64800000000,68400000000,67841430125,67845140588,3710463
64800000000,68400000000,67845140588,67845947972,807384
64800000000,68400000000,67845947972,67845948053,81
64800000000,68400000000,67845948053,67845948055,2
64800000000,68400000000,67845948055,67846832413,884358
64800000000,68400000000,67846832413,67848015455,1183042
64800000000,68400000000,67848015455,67848035642,20187
64800000000,68400000000,67848035642,67848131365,95723
64800000000,68400000000,67848131365,67849803119,1671754
64800000000,68400000000,67849803119,67850703133,900014
64800000000,68400000000,67850703133,67855374346,4671213
64800000000,68400000000,67855374346,67856970077,1595731
64800000000,68400000000,67856970077,67858870672,1900595
64800000000,68400000000,67858870672,67858875911,5239
64800000000,68400000000,67858875911,67859637985,762074
64800000000,68400000000,67859637985,67860457307,819322
64800000000,68400000000,67860457307,67873384859,12927552
64800000000,68400000000,67873384859,67873384862,3
64800000000,68400000000,67873384862,67873385275,413
64800000000,68400000000,67873385275,67873385278,3
64800000000,68400000000,67873385278,67874136269,750991
64800000000,68400000000,67874136269,67877070231,2933962
64800000000,68400000000,67877070231,67877070262,31
64800000000,68400000000,67877070262,67877140908,70646
64800000000,68400000000,67877140908,67879580776,2439868
64800000000,68400000000,67879580776,67881803301,2222525
64800000000,68400000000,67881803301,67882549975,746674
64800000000,68400000000,67882549975,67883183178,633203
64800000000,68400000000,67883183178,67883210009,26831
64800000000,68400000000,67883210009,67884039788,829779
64800000000,68400000000,67884039788,67884084147,44359
64800000000,68400000000,67884084147,67884881144,796997
64800000000,68400000000,67884881144,67885781964,900820
64800000000,68400000000,67885781964,67885850208,68244
64800000000,68400000000,67885850208,67887611987,1761779
64800000000,68400000000,67887611987,67888548019,936032
64800000000,68400000000,67888548019,67890659808,2111789
64800000000,68400000000,67890659808,67895175713,4515905
64800000000,68400000000,67895175713,67895971093,795380
64800000000,68400000000,67895971093,67895971097,4
64800000000,68400000000,67895971097,67895971234,137
64800000000,68400000000,67895971234,67895971239,5
64800000000,68400000000,67895971239,67898662274,2691035
64800000000,68400000000,67898662274,67902544463,3882189
64800000000,68400000000,67902544463,67904331308,1786845
64800000000,68400000000,67904331308,67904376131,44823
64800000000,68400000000,67904376131,67905387342,1011211
64800000000,68400000000,67905387342,67906240416,853074
64800000000,68400000000,67906240416,67907072509,832093
64800000000,68400000000,67907072509,67907863607,791098
64800000000,68400000000,67907863607,67907881701,18094
64800000000,68400000000,67907881701,67908657176,775475
64800000000,68400000000,67908657176,67909449687,792511
64800000000,68400000000,67909449687,67909467966,18279
64800000000,68400000000,67909467966,67910344693,876727
64800000000,68400000000,67910344693,67911135030,790337
64800000000,68400000000,67911135030,67912923346,1788316
64800000000,68400000000,67912923346,67913740055,816709
64800000000,68400000000,67913740055,67913747883,7828
64800000000,68400000000,67913747883,67915333072,1585189
64800000000,68400000000,67915333072,67916236639,903567
64800000000,68400000000,67916236639,67917797098,1560459
64800000000,68400000000,67917797098,67918834979,1037881
64800000000,68400000000,67918834979,67920366306,1531327
64800000000,68400000000,67920366306,67923295374,2929068
64800000000,68400000000,67923295374,67926656999,3361625
64800000000,68400000000,67926656999,67928386206,1729207
64800000000,68400000000,67928386206,67930962951,2576745
64800000000,68400000000,67930962951,67932630166,1667215
64800000000,68400000000,67932630166,67932651172,21006
64800000000,68400000000,67932651172,67933425927,774755
64800000000,68400000000,67933425927,67933432645,6718
64800000000,68400000000,67933432645,67934511013,1078368
64800000000,68400000000,67934511013,67935277808,766795
64800000000,68400000000,67935277808,67935277820,12
64800000000,68400000000,67935277820,67935296658,18838
64800000000,68400000000,67935296658,67936814595,1517937
64800000000,68400000000,67936814595,67939826277,3011682
64800000000,68400000000,67939826277,67952650735,12824458
64800000000,68400000000,67952650735,67953578863,928128
64800000000,68400000000,67953578863,67954480107,901244
64800000000,68400000000,67954480107,67955411788,931681
64800000000,68400000000,67955411788,67968000619,12588831
64800000000,68400000000,67968000619,67969754557,1753938
64800000000,68400000000,67969754557,67969774429,19872
64800000000,68400000000,67969774429,67971406938,1632509
64800000000,68400000000,67971406938,67971424951,18013
64800000000,68400000000,67971424951,67972300532,875581
64800000000,68400000000,67972300532,67973086644,786112
64800000000,68400000000,67973086644,67974017038,930394
64800000000,68400000000,67974017038,67974274849,257811
64800000000,68400000000,67974274849,67974281636,6787
64800000000,68400000000,67974281636,67974285548,3912
64800000000,68400000000,67974285548,67975822491,1536943
64800000000,68400000000,67975822491,67976670460,847969
64800000000,68400000000,67976670460,67976670502,42
64800000000,68400000000,67976670502,67976670520,18
64800000000,68400000000,67976670520,67977786479,1115959
64800000000,68400000000,67977786479,67978603185,816706
64800000000,68400000000,67978603185,67979372549,769364
64800000000,68400000000,67979372549,67980228844,856295
64800000000,68400000000,67980228844,67980249906,21062
64800000000,68400000000,67980249906,67981892838,1642932
64800000000,68400000000,67981892838,67981921677,28839
64800000000,68400000000,67981921677,67983574475,1652798
64800000000,68400000000,67983574475,67983585455,10980
64800000000,68400000000,67983585455,67985269426,1683971
64800000000,68400000000,67985269426,67985298415,28989
64800000000,68400000000,67985298415,67986992024,1693609
64800000000,68400000000,67986992024,67987024790,32766
64800000000,68400000000,67987024790,67987024827,37
64800000000,68400000000,67987024827,67987024832,5
64800000000,68400000000,67987024832,67987919693,894861
64800000000,68400000000,67987919693,67989832780,1913087
64800000000,68400000000,67989832780,67989859717,26937
64800000000,68400000000,67989859717,67991448134,1588417
64800000000,68400000000,67991448134,67991467201,19067
64800000000,68400000000,67991467201,67993057573,1590372
64800000000,68400000000,67993057573,67993902134,844561
64800000000,68400000000,67993902134,67995507007,1604873
64800000000,68400000000,67995507007,68008111142,12604135
64800000000,68400000000,68008111142,68011825802,3714660
64800000000,68400000000,68011825802,68020617297,8791495
64800000000,68400000000,68020617297,68020629319,12022
64800000000,68400000000,68020629319,68022558943,1929624
64800000000,68400000000,68022558943,68023573157,1014214
64800000000,68400000000,68023573157,68024501544,928387
64800000000,68400000000,68024501544,68025340584,839040
64800000000,68400000000,68025340584,68025340584,0
64800000000,68400000000,68025340584,68026164790,824206
64800000000,68400000000,68026164790,68028460220,2295430
64800000000,68400000000,68028460220,68028485070,24850
64800000000,68400000000,68028485070,68029311854,826784
64800000000,68400000000,68029311854,68030872485,1560631
64800000000,68400000000,68030872485,68033598223,2725738
64800000000,68400000000,68033598223,68036244943,2646720
64800000000,68400000000,68036244943,68036245020,77
64800000000,68400000000,68036245020,68036245025,5
64800000000,68400000000,68036245025,68037163280,918255
64800000000,68400000000,68037163280,68038011938,848658
64800000000,68400000000,68038011938,68038011953,15
64800000000,68400000000,68038011953,68048311707,10299754
64800000000,68400000000,68048311707,68048317249,5542
64800000000,68400000000,68048317249,68048317435,186
64800000000,68400000000,68048317435,68049126243,808808
64800000000,68400000000,68049126243,68049968945,842702
64800000000,68400000000,68049968945,68050114730,145785
64800000000,68400000000,68050114730,68050121971,7241
64800000000,68400000000,68050121971,68050880951,758980
64800000000,68400000000,68050880951,68051690866,809915
64800000000,68400000000,68051690866,68051690890,24
64800000000,68400000000,68051690890,68051707509,16619
64800000000,68400000000,68051707509,68053636319,1928810
64800000000,68400000000,68053636319,68053651246,14927
64800000000,68400000000,68053651246,68066116491,12465245
64800000000,68400000000,68066116491,68068161111,2044620
64800000000,68400000000,68068161111,68069012959,851848
64800000000,68400000000,68069012959,68070783740,1770781
64800000000,68400000000,68070783740,68074240941,3457201
64800000000,68400000000,68074240941,68074240998,57
64800000000,68400000000,68074240998,68074241003,5
64800000000,68400000000,68074241003,68082558238,8317235
64800000000,68400000000,68082558238,68083607504,1049266
64800000000,68400000000,68083607504,68083610820,3316
64800000000,68400000000,68083610820,68084507137,896317
64800000000,68400000000,68084507137,68085284294,777157
64800000000,68400000000,68085284294,68092090438,6806144
64800000000,68400000000,68092090438,68102183894,10093456
64800000000,68400000000,68102183894,68102985537,801643
64800000000,68400000000,68102985537,68103762097,776560
64800000000,68400000000,68103762097,68106948078,3185981
64800000000,68400000000,68106948078,68108502062,1553984
64800000000,68400000000,68108502062,68112198076,3696014
64800000000,68400000000,68112198076,68113807531,1609455
64800000000,68400000000,68113807531,68113829739,22208
64800000000,68400000000,68113829739,68115441450,1611711
64800000000,68400000000,68115441450,68121503842,6062392
64800000000,68400000000,68121503842,68121503882,40
64800000000,68400000000,68121503882,68121503888,6
64800000000,68400000000,68121503888,68124919383,3415495
64800000000,68400000000,68124919383,68128118353,3198970
64800000000,68400000000,68128118353,68129724874,1606521
64800000000,68400000000,68129724874,68132524040,2799166
64800000000,68400000000,68132524040,68132527949,3909
64800000000,68400000000,68132527949,68132530993,3044
64800000000,68400000000,68132530993,68132534910,3917
64800000000,68400000000,68132534910,68134226812,1691902
64800000000,68400000000,68134226812,68134226850,38
64800000000,68400000000,68134226850,68134226867,17
64800000000,68400000000,68134226867,68146752425,12525558
64800000000,68400000000,68146752425,68148353797,1601372
64800000000,68400000000,68148353797,68148415417,61620
64800000000,68400000000,68148415417,68149986125,1570708
64800000000,68400000000,68149986125,68150003349,17224
64800000000,68400000000,68150003349,68150008658,5309
64800000000,68400000000,68150008658,68150012514,3856
64800000000,68400000000,68150012514,68150783309,770795
64800000000,68400000000,68150783309,68150783311,2
64800000000,68400000000,68150783311,68151518543,735232
64800000000,68400000000,68151518543,68151518574,31
64800000000,68400000000,68151518574,68151538880,20306
64800000000,68400000000,68151538880,68152322744,783864
64800000000,68400000000,68152322744,68153104840,782096
64800000000,68400000000,68153104840,68154933666,1828826
64800000000,68400000000,68154933666,68155042575,108909
64800000000,68400000000,68155042575,68156622726,1580151
64800000000,68400000000,68156622726,68164176264,7553538
64800000000,68400000000,68164176264,68165674504,1498240
64800000000,68400000000,68165674504,68166416701,742197
64800000000,68400000000,68166416701,68166443355,26654
64800000000,68400000000,68166443355,68168036428,1593073
64800000000,68400000000,68168036428,68170344531,2308103
64800000000,68400000000,68170344531,68176189238,5844707
64800000000,68400000000,68176189238,68182660505,6471267
64800000000,68400000000,68182660505,68191738824,9078319
64800000000,68400000000,68191738824,68191738827,3
64800000000,68400000000,68191738827,68193972509,2233682
64800000000,68400000000,68193972509,68198535987,4563478
64800000000,68400000000,68198535987,68200139716,1603729
64800000000,68400000000,68200139716,68205255334,5115618
64800000000,68400000000,68205255334,68207139023,1883689
64800000000,68400000000,68207139023,68216264104,9125081
64800000000,68400000000,68216264104,68217072644,808540
64800000000,68400000000,68217072644,68217111450,38806
64800000000,68400000000,68217111450,68219071449,1959999
64800000000,68400000000,68219071449,68221534240,2462791
64800000000,68400000000,68221534240,68223198636,1664396
64800000000,68400000000,68223198636,68228173391,4974755
64800000000,68400000000,68228173391,68228173480,89
64800000000,68400000000,68228173480,68228173485,5
64800000000,68400000000,68228173485,68228173490,5
64800000000,68400000000,68228173490,68228995904,822414
64800000000,68400000000,68228995904,68231381876,2385972
64800000000,68400000000,68231381876,68232989492,1607616
64800000000,68400000000,68232989492,68232989496,4
64800000000,68400000000,68232989496,68232989586,90
64800000000,68400000000,68232989586,68232989591,5
64800000000,68400000000,68232989591,68242949404,9959813
64800000000,68400000000,68242949404,68243767151,817747
64800000000,68400000000,68243767151,68243771546,4395
64800000000,68400000000,68243771546,68243788151,16605
64800000000,68400000000,68243788151,68245679401,1891250
64800000000,68400000000,68245679401,68245679418,17
64800000000,68400000000,68245679418,68246430950,751532
64800000000,68400000000,68246430950,68248046238,1615288
64800000000,68400000000,68248046238,68248945537,899299
64800000000,68400000000,68248945537,68250790331,1844794
64800000000,68400000000,68250790331,68255402450,4612119
64800000000,68400000000,68255402450,68256971819,1569369
64800000000,68400000000,68256971819,68275041718,18069899
64800000000,68400000000,68275041718,68279935403,4893685
64800000000,68400000000,68279935403,68281680613,1745210
64800000000,68400000000,68281680613,68282566075,885462
64800000000,68400000000,68282566075,68284341334,1775259
64800000000,68400000000,68284341334,68284341337,3
64800000000,68400000000,68284341337,68284341338,1
64800000000,68400000000,68284341338,68286793539,2452201
64800000000,68400000000,68286793539,68286815712,22173
64800000000,68400000000,68286815712,68311327459,24511747
64800000000,68400000000,68311327459,68312186721,859262
64800000000,68400000000,68312186721,68313299437,1112716
64800000000,68400000000,68313299437,68317261533,3962096
64800000000,68400000000,68317261533,68317261560,27
64800000000,68400000000,68317261560,68317261565,5
64800000000,68400000000,68317261565,68318926482,1664917
64800000000,68400000000,68318926482,68320953765,2027283
64800000000,68400000000,68320953765,68320953862,97
64800000000,68400000000,68320953862,68320953867,5
64800000000,68400000000,68320953867,68329366904,8413037
64800000000,68400000000,68329366904,68333017863,3650959
64800000000,68400000000,68333017863,68334599573,1581710
64800000000,68400000000,68334599573,68334616733,17160
64800000000,68400000000,68334616733,68336329102,1712369
64800000000,68400000000,68336329102,68337064405,735303
64800000000,68400000000,68337064405,68338594225,1529820
64800000000,68400000000,68338594225,68339477395,883170
64800000000,68400000000,68339477395,68340338217,860822
64800000000,68400000000,68340338217,68340338479,262
64800000000,68400000000,68340338479,68340338485,6
64800000000,68400000000,68340338485,68340338491,6
64800000000,68400000000,68340338491,68341150066,811575
64800000000,68400000000,68341150066,68341492002,341936
64800000000,68400000000,68341492002,68343757407,2265405
64800000000,68400000000,68343757407,68343799138,41731
64800000000,68400000000,68343799138,68345612731,1813593
64800000000,68400000000,68345612731,68352755246,7142515
64800000000,68400000000,68352755246,68353701427,946181
64800000000,68400000000,68353701427,68355770840,2069413
64800000000,68400000000,68355770840,68357585594,1814754
64800000000,68400000000,68357585594,68359279624,1694030
64800000000,68400000000,68359279624,68359297140,17516
64800000000,68400000000,68359297140,68361834038,2536898
64800000000,68400000000,68361834038,68361834110,72
64800000000,68400000000,68361834110,68361834115,5
64800000000,68400000000,68361834115,68361834120,5
64800000000,68400000000,68361834120,68367019084,5184964
64800000000,68400000000,68367019084,68367019243,159
64800000000,68400000000,68367019243,68367928227,908984
64800000000,68400000000,68367928227,68371560940,3632713
64800000000,68400000000,68371560940,68371560940,0
64800000000,68400000000,68371560940,68379414484,7853544
64800000000,68400000000,68379414484,68381161078,1746594
64800000000,68400000000,68381161078,68384365812,3204734
64800000000,68400000000,68384365812,68385920618,1554806
64800000000,68400000000,68385920618,68391493746,5573128
64800000000,68400000000,68391493746,68393360031,1866285
64800000000,68400000000,68393360031,68394971153,1611122
64800000000,68400000000,68394971153,68395044133,72980
64800000000,68400000000,68395044133,68395806145,762012
64800000000,68400000000,68395806145,68396666395,860250
64800000000,68400000000,68396666395,68397476634,810239
64800000000,68400000000,68397476634,68397492175,15541
64800000000,68400000000,68397492175,68399453410,1961235
64800000000,68400000000,68399453410,68399480523,27113
64800000000,68400000000,68399480523,68399493176,12653
64800000000,68400000000,68399493176,68399502289,9113
64800000000,68400000000,68399502289,68399502289,0
68400000000,72000000000,68401303134,68401303163,29
68400000000,72000000000,68401303163,68401338733,35570
68400000000,72000000000,68401338733,68403061115,1722382
68400000000,72000000000,68403061115,68406309600,3248485
68400000000,72000000000,68406309600,68411751851,5442251
68400000000,72000000000,68411751851,68411791386,39535
68400000000,72000000000,68411791386,68412665943,874557
68400000000,72000000000,68412665943,68412676280,10337
68400000000,72000000000,68412676280,68413453526,777246
68400000000,72000000000,68413453526,68413453537,11
68400000000,72000000000,68413453537,68413478314,24777
68400000000,72000000000,68413478314,68413483975,5661
68400000000,72000000000,68413483975,68413493422,9447
68400000000,72000000000,68413493422,68413493857,435
68400000000,72000000000,68413493857,68414671866,1178009
68400000000,72000000000,68414671866,68416408669,1736803
68400000000,72000000000,68416408669,68420068944,3660275
68400000000,72000000000,68420068944,68420069183,239
68400000000,72000000000,68420069183,68420069188,5
68400000000,72000000000,68420069188,68420069193,5
68400000000,72000000000,68420069193,68421650606,1581413
68400000000,72000000000,68421650606,68421684030,33424
68400000000,72000000000,68421684030,68421700808,16778
68400000000,72000000000,68421700808,68423402445,1701637
68400000000,72000000000,68423402445,68423402457,12
68400000000,72000000000,68423402457,68423402469,12
68400000000,72000000000,68423402469,68431645462,8242993
68400000000,72000000000,68431645462,68432505614,860152
68400000000,72000000000,68432505614,68433344891,839277
68400000000,72000000000,68433344891,68436424847,3079956
68400000000,72000000000,68436424847,68443544209,7119362
68400000000,72000000000,68443544209,68443544224,15
68400000000,72000000000,68443544224,68447667784,4123560
68400000000,72000000000,68447667784,68447667863,79
68400000000,72000000000,68447667863,68447667868,5
68400000000,72000000000,68447667868,68447667873,5
68400000000,72000000000,68447667873,68448480824,812951
68400000000,72000000000,68448480824,68448506163,25339
68400000000,72000000000,68448506163,68448506165,2
68400000000,72000000000,68448506165,68449341717,835552
68400000000,72000000000,68449341717,68450109699,767982
68400000000,72000000000,68450109699,68450109710,11
68400000000,72000000000,68450109710,68454282826,4173116
68400000000,72000000000,68454282826,68455112563,829737
68400000000,72000000000,68455112563,68455112638,75
68400000000,72000000000,68455112638,68455112705,67
68400000000,72000000000,68455112705,68455112710,5
68400000000,72000000000,68455112710,68456008264,895554
68400000000,72000000000,68456008264,68456008371,107
68400000000,72000000000,68456008371,68456008376,5
68400000000,72000000000,68456008376,68459973864,3965488
68400000000,72000000000,68459973864,68461590573,1616709
68400000000,72000000000,68461590573,68462322878,732305
68400000000,72000000000,68462322878,68463488590,1165712
68400000000,72000000000,68463488590,68463488594,4
68400000000,72000000000,68463488594,68463488609,15
68400000000,72000000000,68463488609,68468966151,5477542
68400000000,72000000000,68468966151,68469829378,863227
68400000000,72000000000,68469829378,68470662791,833413
68400000000,72000000000,68470662791,68470687005,24214
68400000000,72000000000,68470687005,68471485350,798345
68400000000,72000000000,68471485350,68471507705,22355
68400000000,72000000000,68471507705,68472333077,825372
68400000000,72000000000,68472333077,68472350963,17886
68400000000,72000000000,68472350963,68472350966,3
68400000000,72000000000,68472350966,68473117861,766895
68400000000,72000000000,68473117861,68473184273,66412
68400000000,72000000000,68473184273,68473974188,789915
68400000000,72000000000,68473974188,68473990710,16522
68400000000,72000000000,68473990710,68475070273,1079563
68400000000,72000000000,68475070273,68476730946,1660673
68400000000,72000000000,68476730946,68490639834,13908888
68400000000,72000000000,68490639834,68491397017,757183
68400000000,72000000000,68491397017,68492149287,752270
68400000000,72000000000,68492149287,68492952226,802939
68400000000,72000000000,68492952226,68492978913,26687
68400000000,72000000000,68492978913,68493842971,864058
68400000000,72000000000,68493842971,68494638214,795243
68400000000,72000000000,68494638214,68495393890,755676
68400000000,72000000000,68495393890,68495414608,20718
68400000000,72000000000,68495414608,68496516793,1102185
68400000000,72000000000,68496516793,68497304414,787621
68400000000,72000000000,68497304414,68498321787,1017373
68400000000,72000000000,68498321787,68507811798,9490011
68400000000,72000000000,68507811798,68507815844,4046
68400000000,72000000000,68507815844,68507823566,7722
68400000000,72000000000,68507823566,68507825965,2399
68400000000,72000000000,68507825965,68508567253,741288
68400000000,72000000000,68508567253,68509336586,769333
68400000000,72000000000,68509336586,68510106121,769535
68400000000,72000000000,68510106121,68510106133,12
68400000000,72000000000,68510106133,68510106151,18
68400000000,72000000000,68510106151,68510106168,17
68400000000,72000000000,68510106168,68510132377,26209
68400000000,72000000000,68510132377,68510891084,758707
68400000000,72000000000,68510891084,68510891108,24
68400000000,72000000000,68510891108,68519761298,8870190
68400000000,72000000000,68519761298,68521546615,1785317
68400000000,72000000000,68521546615,68525628054,4081439
68400000000,72000000000,68525628054,68525632300,4246
68400000000,72000000000,68525632300,68525636725,4425
68400000000,72000000000,68525636725,68525639592,2867
68400000000,72000000000,68525639592,68527284047,1644455
68400000000,72000000000,68527284047,68527284060,13
68400000000,72000000000,68527284060,68527284086,26
68400000000,72000000000,68527284086,68532646740,5362654
68400000000,72000000000,68532646740,68532651079,4339
68400000000,72000000000,68532651079,68532669169,18090
68400000000,72000000000,68532669169,68533472368,803199
68400000000,72000000000,68533472368,68533492689,20321
68400000000,72000000000,68533492689,68534312972,820283
68400000000,72000000000,68534312972,68534312994,22
68400000000,72000000000,68534312994,68534313005,11
68400000000,72000000000,68534313005,68534344220,31215
68400000000,72000000000,68534344220,68535151147,806927
68400000000,72000000000,68535151147,68535151158,11
68400000000,72000000000,68535151158,68535932033,780875
68400000000,72000000000,68535932033,68535948806,16773
68400000000,72000000000,68535948806,68537499422,1550616
68400000000,72000000000,68537499422,68537525115,25693
68400000000,72000000000,68537525115,68537537538,12423
68400000000,72000000000,68537537538,68539469332,1931794
68400000000,72000000000,68539469332,68543303000,3833668
68400000000,72000000000,68543303000,68543322083,19083
68400000000,72000000000,68543322083,68545588454,2266371
68400000000,72000000000,68545588454,68545588466,12
68400000000,72000000000,68545588466,68549912191,4323725
68400000000,72000000000,68549912191,68551407266,1495075
68400000000,72000000000,68551407266,68555332316,3925050
68400000000,72000000000,68555332316,68556862241,1529925
68400000000,72000000000,68556862241,68559236687,2374446
68400000000,72000000000,68559236687,68561098862,1862175
68400000000,72000000000,68561098862,68561838738,739876
68400000000,72000000000,68561838738,68563315315,1476577
68400000000,72000000000,68563315315,68563587997,272682
68400000000,72000000000,68563587997,68567460340,3872343
68400000000,72000000000,68567460340,68567460344,4
68400000000,72000000000,68567460344,68568171861,711517
68400000000,72000000000,68568171861,68571585300,3413439
68400000000,72000000000,68571585300,68572381427,796127
68400000000,72000000000,68572381427,68573212763,831336
68400000000,72000000000,68573212763,68578376314,5163551
68400000000,72000000000,68578376314,68579239045,862731
68400000000,72000000000,68579239045,68580850793,1611748
68400000000,72000000000,68580850793,68584338630,3487837
68400000000,72000000000,68584338630,68585906054,1567424
68400000000,72000000000,68585906054,68593345890,7439836
68400000000,72000000000,68593345890,68593346059,169
68400000000,72000000000,68593346059,68593346064,5
68400000000,72000000000,68593346064,68593346069,5
68400000000,72000000000,68593346069,68597426349,4080280
68400000000,72000000000,68597426349,68598963712,1537363
68400000000,72000000000,68598963712,68598980371,16659
68400000000,72000000000,68598980371,68600604425,1624054
68400000000,72000000000,68600604425,68600620836,16411
68400000000,72000000000,68600620836,68602130652,1509816
68400000000,72000000000,68602130652,68602144206,13554
68400000000,72000000000,68602144206,68604059228,1915022
68400000000,72000000000,68604059228,68606521377,2462149
68400000000,72000000000,68606521377,68606530822,9445
68400000000,72000000000,68606530822,68608173001,1642179
68400000000,72000000000,68608173001,68608173022,21
68400000000,72000000000,68608173022,68608205455,32433
68400000000,72000000000,68608205455,68609049776,844321
68400000000,72000000000,68609049776,68609056036,6260
68400000000,72000000000,68609056036,68610612613,1556577
68400000000,72000000000,68610612613,68610612634,21
68400000000,72000000000,68610612634,68610668887,56253
68400000000,72000000000,68610668887,68613634210,2965323
68400000000,72000000000,68613634210,68614366719,732509
68400000000,72000000000,68614366719,68615949650,1582931
68400000000,72000000000,68615949650,68618635340,2685690
68400000000,72000000000,68618635340,68620420964,1785624
68400000000,72000000000,68620420964,68620420991,27
68400000000,72000000000,68620420991,68620420996,5
68400000000,72000000000,68620420996,68626437268,6016272
68400000000,72000000000,68626437268,68630233062,3795794
68400000000,72000000000,68630233062,68630263001,29939
68400000000,72000000000,68630263001,68631050868,787867
68400000000,72000000000,68631050868,68631856211,805343
68400000000,72000000000,68631856211,68638227365,6371154
68400000000,72000000000,68638227365,68639178474,951109
68400000000,72000000000,68639178474,68639178725,251
68400000000,72000000000,68639178725,68641753031,2574306
68400000000,72000000000,68641753031,68642579534,826503
68400000000,72000000000,68642579534,68642579550,16
68400000000,72000000000,68642579550,68644363070,1783520
68400000000,72000000000,68644363070,68644363097,27
68400000000,72000000000,68644363097,68644363102,5
68400000000,72000000000,68644363102,68647322303,2959201
68400000000,72000000000,68647322303,68648157419,835116
68400000000,72000000000,68648157419,68648927863,770444
68400000000,72000000000,68648927863,68660154872,11227009
68400000000,72000000000,68660154872,68660154923,51
68400000000,72000000000,68660154923,68660154926,3
68400000000,72000000000,68660154926,68661676757,1521831
68400000000,72000000000,68661676757,68661695227,18470
68400000000,72000000000,68661695227,68662449130,753903
68400000000,72000000000,68662449130,68663919773,1470643
68400000000,72000000000,68663919773,68669943667,6023894
68400000000,72000000000,68669943667,68680361001,10417334
68400000000,72000000000,68680361001,68680361801,800
68400000000,72000000000,68680361801,68680361806,5
68400000000,72000000000,68680361806,68680361811,5
68400000000,72000000000,68680361811,68681277589,915778
68400000000,72000000000,68681277589,68684337038,3059449
68400000000,72000000000,68684337038,68684344584,7546
68400000000,72000000000,68684344584,68685168250,823666
68400000000,72000000000,68685168250,68685932653,764403
68400000000,72000000000,68685932653,68686708216,775563
68400000000,72000000000,68686708216,68699002467,12294251
68400000000,72000000000,68699002467,68699002504,37
68400000000,72000000000,68699002504,68701893115,2890611
68400000000,72000000000,68701893115,68703588043,1694928
68400000000,72000000000,68703588043,68703608669,20626
68400000000,72000000000,68703608669,68703622353,13684
68400000000,72000000000,68703622353,68703622356,3
68400000000,72000000000,68703622356,68705321320,1698964
68400000000,72000000000,68705321320,68705321331,11
68400000000,72000000000,68705321331,68709545503,4224172
68400000000,72000000000,68709545503,68710691902,1146399
68400000000,72000000000,68710691902,68711505090,813188
68400000000,72000000000,68711505090,68712243605,738515
68400000000,72000000000,68712243605,68712243610,5
68400000000,72000000000,68712243610,68713011401,767791
68400000000,72000000000,68713011401,68713011405,4
68400000000,72000000000,68713011405,68713789000,777595
68400000000,72000000000,68713789000,68714653116,864116
68400000000,72000000000,68714653116,68719546255,4893139
68400000000,72000000000,68719546255,68723273550,3727295
68400000000,72000000000,68723273550,68725657873,2384323
68400000000,72000000000,68725657873,68728104276,2446403
68400000000,72000000000,68728104276,68728104278,2
68400000000,72000000000,68728104278,68729686001,1581723
68400000000,72000000000,68729686001,68731719775,2033774
68400000000,72000000000,68731719775,68738541929,6822154
68400000000,72000000000,68738541929,68740173188,1631259
68400000000,72000000000,68740173188,68740173756,568
68400000000,72000000000,68740173756,68741077166,903410
68400000000,72000000000,68741077166,68741079362,2196
68400000000,72000000000,68741079362,68741082012,2650
68400000000,72000000000,68741082012,68743041367,1959355
68400000000,72000000000,68743041367,68743041380,13
68400000000,72000000000,68743041380,68760734380,17693000
68400000000,72000000000,68760734380,68760736905,2525
68400000000,72000000000,68760736905,68760738663,1758
68400000000,72000000000,68760738663,68760743157,4494
68400000000,72000000000,68760743157,68760743160,3
68400000000,72000000000,68760743160,68762275396,1532236
68400000000,72000000000,68762275396,68762275408,12
68400000000,72000000000,68762275408,68762275421,13
68400000000,72000000000,68762275421,68762275433,12
68400000000,72000000000,68762275433,68763134426,858993
68400000000,72000000000,68763134426,68765681746,2547320
68400000000,72000000000,68765681746,68767802046,2120300
68400000000,72000000000,68767802046,68776479299,8677253
68400000000,72000000000,68776479299,68778508877,2029578
68400000000,72000000000,68778508877,68778528297,19420
68400000000,72000000000,68778528297,68779334865,806568
68400000000,72000000000,68779334865,68779342634,7769
68400000000,72000000000,68779342634,68780168760,826126
68400000000,72000000000,68780168760,68780188376,19616
68400000000,72000000000,68780188376,68780931735,743359
68400000000,72000000000,68780931735,68780931739,4
68400000000,72000000000,68780931739,68780931740,1
68400000000,72000000000,68780931740,68780931741,1
68400000000,72000000000,68780931741,68780931775,34
68400000000,72000000000,68780931775,68782632121,1700346
68400000000,72000000000,68782632121,68782632320,199
68400000000,72000000000,68782632320,68782632557,237
68400000000,72000000000,68782632557,68782632575,18
68400000000,72000000000,68782632575,68782712486,79911
68400000000,72000000000,68782712486,68784406891,1694405
68400000000,72000000000,68784406891,68788569207,4162316
68400000000,72000000000,68788569207,68788569210,3
68400000000,72000000000,68788569210,68790095322,1526112
68400000000,72000000000,68790095322,68792635691,2540369
68400000000,72000000000,68792635691,68798785109,6149418
68400000000,72000000000,68798785109,68799602254,817145
68400000000,72000000000,68799602254,68799602303,49
68400000000,72000000000,68799602303,68799602308,5
68400000000,72000000000,68799602308,68799602313,5
68400000000,72000000000,68799602313,68806031062,6428749
68400000000,72000000000,68806031062,68807752155,1721093
68400000000,72000000000,68807752155,68807752222,67
68400000000,72000000000,68807752222,68807752227,5
68400000000,72000000000,68807752227,68826616642,18864415
68400000000,72000000000,68826616642,68831117779,4501137
68400000000,72000000000,68831117779,68832841386,1723607
68400000000,72000000000,68832841386,68834321541,1480155
68400000000,72000000000,68834321541,68835130279,808738
68400000000,72000000000,68835130279,68836835026,1704747
68400000000,72000000000,68836835026,68837867590,1032564
68400000000,72000000000,68837867590,68839885301,2017711
68400000000,72000000000,68839885301,68842410956,2525655
68400000000,72000000000,68842410956,68846939065,4528109
68400000000,72000000000,68846939065,68848574040,1634975
68400000000,72000000000,68848574040,68856460253,7886213
68400000000,72000000000,68856460253,68856489363,29110
68400000000,72000000000,68856489363,68857401845,912482
68400000000,72000000000,68857401845,68858229762,827917
68400000000,72000000000,68858229762,68859022159,792397
68400000000,72000000000,68859022159,68868286464,9264305
68400000000,72000000000,68868286464,68873703972,5417508
68400000000,72000000000,68873703972,68876936507,3232535
68400000000,72000000000,68876936507,68880038238,3101731
68400000000,72000000000,68880038238,68881649605,1611367
68400000000,72000000000,68881649605,68881684559,34954
68400000000,72000000000,68881684559,68883330499,1645940
68400000000,72000000000,68883330499,68896192371,12861872
68400000000,72000000000,68896192371,68896194917,2546
68400000000,72000000000,68896194917,68897016373,821456
68400000000,72000000000,68897016373,68897791677,775304
68400000000,72000000000,68897791677,68898621258,829581
68400000000,72000000000,68898621258,68898643904,22646
68400000000,72000000000,68898643904,68900262893,1618989
68400000000,72000000000,68900262893,68903503035,3240142
68400000000,72000000000,68903503035,68906830584,3327549
68400000000,72000000000,68906830584,68906830780,196
68400000000,72000000000,68906830780,68906830786,6
68400000000,72000000000,68906830786,68906830792,6
68400000000,72000000000,68906830792,68906830808,16
68400000000,72000000000,68906830808,68908491883,1661075
68400000000,72000000000,68908491883,68908491997,114
68400000000,72000000000,68908491997,68910767119,2275122
68400000000,72000000000,68910767119,68910773447,6328
68400000000,72000000000,68910773447,68910773506,59
68400000000,72000000000,68910773506,68910773511,5
68400000000,72000000000,68910773511,68910773516,5
68400000000,72000000000,68910773516,68912396722,1623206
68400000000,72000000000,68912396722,68913306722,910000
68400000000,72000000000,68913306722,68914844652,1537930
68400000000,72000000000,68914844652,68915627429,782777
68400000000,72000000000,68915627429,68917538077,1910648
68400000000,72000000000,68917538077,68917667307,129230
68400000000,72000000000,68917667307,68917681005,13698
68400000000,72000000000,68917681005,68919242842,1561837
68400000000,72000000000,68919242842,68920039588,796746
68400000000,72000000000,68920039588,68924344447,4304859
68400000000,72000000000,68924344447,68925948012,1603565
68400000000,72000000000,68925948012,68925955701,7689
68400000000,72000000000,68925955701,68927441562,1485861
68400000000,72000000000,68927441562,68927441580,18
68400000000,72000000000,68927441580,68930828415,3386835
68400000000,72000000000,68930828415,68931652306,823891
68400000000,72000000000,68931652306,68932468790,816484
68400000000,72000000000,68932468790,68940510662,8041872
68400000000,72000000000,68940510662,68958918679,18408017
68400000000,72000000000,68958918679,68958929526,10847
68400000000,72000000000,68958929526,68958931771,2245
68400000000,72000000000,68958931771,68958946987,15216
68400000000,72000000000,68958946987,68959668663,721676
68400000000,72000000000,68959668663,68960657553,988890
68400000000,72000000000,68960657553,68960657557,4
68400000000,72000000000,68960657557,68960657558,1
68400000000,72000000000,68960657558,68960657591,33
68400000000,72000000000,68960657591,68960657611,20
68400000000,72000000000,68960657611,68960675602,17991
68400000000,72000000000,68960675602,68961357293,681691
68400000000,72000000000,68961357293,68961357514,221
68400000000,72000000000,68961357514,68961414086,56572
68400000000,72000000000,68961414086,68961414192,106
68400000000,72000000000,68961414192,68961414199,7
68400000000,72000000000,68961414199,68961414846,647
68400000000,72000000000,68961414846,68962197519,782673
68400000000,72000000000,68962197519,68963031645,834126
68400000000,72000000000,68963031645,68966125739,3094094
68400000000,72000000000,68966125739,68966125754,15
68400000000,72000000000,68966125754,68967189308,1063554
68400000000,72000000000,68967189308,68975576852,8387544
68400000000,72000000000,68975576852,68977136504,1559652
68400000000,72000000000,68977136504,68977174681,38177
68400000000,72000000000,68977174681,68977992693,818012
68400000000,72000000000,68977992693,68978778217,785524
68400000000,72000000000,68978778217,68979643110,864893
68400000000,72000000000,68979643110,68980448996,805886
68400000000,72000000000,68980448996,68980459362,10366
68400000000,72000000000,68980459362,68982354319,1894957
68400000000,72000000000,68982354319,68990336214,7981895
68400000000,72000000000,68990336214,68990336271,57
68400000000,72000000000,68990336271,68990336276,5
68400000000,72000000000,68990336276,68995927147,5590871
68400000000,72000000000,68995927147,68996715314,788167
68400000000,72000000000,68996715314,68997534710,819396
68400000000,72000000000,68997534710,68997534714,4
68400000000,72000000000,68997534714,68997534715,1
68400000000,72000000000,68997534715,68998344286,809571
68400000000,72000000000,68998344286,68998345163,877
68400000000,72000000000,68998345163,68998345175,12
68400000000,72000000000,68998345175,69004323178,5978003
68400000000,72000000000,69004323178,69005919795,1596617
68400000000,72000000000,69005919795,69006789563,869768
68400000000,72000000000,69006789563,69008348975,1559412
68400000000,72000000000,69008348975,69008367755,18780
68400000000,72000000000,69008367755,69008367773,18
68400000000,72000000000,69008367773,69008367897,124
68400000000,72000000000,69008367897,69008367902,5
68400000000,72000000000,69008367902,69009217367,849465
68400000000,72000000000,69009217367,69010077953,860586
68400000000,72000000000,69010077953,69010081079,3126
68400000000,72000000000,69010081079,69010081086,7
68400000000,72000000000,69010081086,69011087009,1005923
68400000000,72000000000,69011087009,69011930786,843777
68400000000,72000000000,69011930786,69014133502,2202716
68400000000,72000000000,69014133502,69014156070,22568
68400000000,72000000000,69014156070,69014525684,369614
68400000000,72000000000,69014525684,69018375564,3849880
68400000000,72000000000,69018375564,69020822619,2447055
68400000000,72000000000,69020822619,69020828788,6169
68400000000,72000000000,69020828788,69022447061,1618273
68400000000,72000000000,69022447061,69022447072,11
68400000000,72000000000,69022447072,69028901920,6454848
68400000000,72000000000,69028901920,69028907066,5146
68400000000,72000000000,69028907066,69028909794,2728
68400000000,72000000000,69028909794,69030686033,1776239
68400000000,72000000000,69030686033,69030686045,12
68400000000,72000000000,69030686045,69030686057,12
68400000000,72000000000,69030686057,69039895251,9209194
68400000000,72000000000,69039895251,69039906862,11611
68400000000,72000000000,69039906862,69040722220,815358
68400000000,72000000000,69040722220,69041549919,827699
68400000000,72000000000,69041549919,69041549943,24
68400000000,72000000000,69041549943,69041666357,116414
68400000000,72000000000,69041666357,69041666436,79
68400000000,72000000000,69041666436,69041666441,5
68400000000,72000000000,69041666441,69041666446,5
68400000000,72000000000,69041666446,69042659218,992772
68400000000,72000000000,69042659218,69046936787,4277569
68400000000,72000000000,69046936787,69046941988,5201
68400000000,72000000000,69046941988,69046944263,2275
68400000000,72000000000,69046944263,69048002766,1058503
68400000000,72000000000,69048002766,69048714393,711627
68400000000,72000000000,69048714393,69048714404,11
68400000000,72000000000,69048714404,69048714416,12
68400000000,72000000000,69048714416,69048750698,36282
68400000000,72000000000,69048750698,69049550407,799709
68400000000,72000000000,69049550407,69049586218,35811
68400000000,72000000000,69049586218,69051053571,1467353
68400000000,72000000000,69051053571,69051801799,748228
68400000000,72000000000,69051801799,69051823046,21247
68400000000,72000000000,69051823046,69051823048,2
68400000000,72000000000,69051823048,69053287316,1464268
68400000000,72000000000,69053287316,69053287334,18
68400000000,72000000000,69053287334,69054016148,728814
68400000000,72000000000,69054016148,69054299872,283724
68400000000,72000000000,69054299872,69056009424,1709552
68400000000,72000000000,69056009424,69059845644,3836220
68400000000,72000000000,69059845644,69059847998,2354
68400000000,72000000000,69059847998,69059850656,2658
68400000000,72000000000,69059850656,69061569626,1718970
68400000000,72000000000,69061569626,69061569638,12
68400000000,72000000000,69061569638,69061569707,69
68400000000,72000000000,69061569707,69062384006,814299
68400000000,72000000000,69062384006,69063987926,1603920
68400000000,72000000000,69063987926,69064710305,722379
68400000000,72000000000,69064710305,69065517562,807257
68400000000,72000000000,69065517562,69066920204,1402642
68400000000,72000000000,69066920204,69068470398,1550194
68400000000,72000000000,69068470398,69068533984,63586
68400000000,72000000000,69068533984,69071231129,2697145
68400000000,72000000000,69071231129,69072862200,1631071
68400000000,72000000000,69072862200,69076003569,3141369
68400000000,72000000000,69076003569,69076003765,196
68400000000,72000000000,69076003765,69076003770,5
68400000000,72000000000,69076003770,69076003775,5
68400000000,72000000000,69076003775,69077580141,1576366
68400000000,72000000000,69077580141,69080475166,2895025
68400000000,72000000000,69080475166,69080477315,2149
68400000000,72000000000,69080477315,69082301484,1824169
68400000000,72000000000,69082301484,69082301495,11
68400000000,72000000000,69082301495,69082316264,14769
68400000000,72000000000,69082316264,69082316372,108
68400000000,72000000000,69082316372,69082316377,5
68400000000,72000000000,69082316377,69084216864,1900487
68400000000,72000000000,69084216864,69085232971,1016107
68400000000,72000000000,69085232971,69086259033,1026062
68400000000,72000000000,69086259033,69087176384,917351
68400000000,72000000000,69087176384,69091334696,4158312
68400000000,72000000000,69091334696,69091335335,639
68400000000,72000000000,69091335335,69091335454,119
68400000000,72000000000,69091335454,69091335481,27
68400000000,72000000000,69091335481,69091335500,19
68400000000,72000000000,69091335500,69093373424,2037924
68400000000,72000000000,69093373424,69093373427,3
68400000000,72000000000,69093373427,69095054190,1680763
68400000000,72000000000,69095054190,69103630505,8576315
68400000000,72000000000,69103630505,69103639235,8730
68400000000,72000000000,69103639235,69105530374,1891139
68400000000,72000000000,69105530374,69108704060,3173686
68400000000,72000000000,69108704060,69109740989,1036929
68400000000,72000000000,69109740989,69109741006,17
68400000000,72000000000,69109741006,69109741010,4
68400000000,72000000000,69109741010,69109741011,1
68400000000,72000000000,69109741011,69109741012,1
68400000000,72000000000,69109741012,69109741038,26
68400000000,72000000000,69109741038,69109741042,4
68400000000,72000000000,69109741042,69111811157,2070115
68400000000,72000000000,69111811157,69112722499,911342
68400000000,72000000000,69112722499,69112722555,56
68400000000,72000000000,69112722555,69112820976,98421
68400000000,72000000000,69112820976,69114045639,1224663
68400000000,72000000000,69114045639,69116092047,2046408
68400000000,72000000000,69116092047,69117153133,1061086
68400000000,72000000000,69117153133,69117153150,17
68400000000,72000000000,69117153150,69117153343,193
68400000000,72000000000,69117153343,69118143573,990230
68400000000,72000000000,69118143573,69119986586,1843013
68400000000,72000000000,69119986586,69125582750,5596164
68400000000,72000000000,69125582750,69127706022,2123272
68400000000,72000000000,69127706022,69133294137,5588115
68400000000,72000000000,69133294137,69136175782,2881645
68400000000,72000000000,69136175782,69137912840,1737058
68400000000,72000000000,69137912840,69137947394,34554
68400000000,72000000000,69137947394,69138828599,881205
68400000000,72000000000,69138828599,69139814236,985637
68400000000,72000000000,69139814236,69142987230,3172994
68400000000,72000000000,69142987230,69147426187,4438957
68400000000,72000000000,69147426187,69149363106,1936919
68400000000,72000000000,69149363106,69150360146,997040
68400000000,72000000000,69150360146,69151996936,1636790
68400000000,72000000000,69151996936,69153684821,1687885
68400000000,72000000000,69153684821,69153685296,475
68400000000,72000000000,69153685296,69163764910,10079614
68400000000,72000000000,69163764910,69165389632,1624722
68400000000,72000000000,69165389632,69166263502,873870
68400000000,72000000000,69166263502,69169239530,2976028
68400000000,72000000000,69169239530,69170771731,1532201
68400000000,72000000000,69170771731,69170771735,4
68400000000,72000000000,69170771735,69170771736,1
68400000000,72000000000,69170771736,69170771737,1
68400000000,72000000000,69170771737,69171638294,866557
68400000000,72000000000,69171638294,69171638359,65
68400000000,72000000000,69171638359,69171645705,7346
68400000000,72000000000,69171645705,69181870723,10225018
68400000000,72000000000,69181870723,69182736803,866080
68400000000,72000000000,69182736803,69183549879,813076
68400000000,72000000000,69183549879,69184388110,838231
68400000000,72000000000,69184388110,69184442318,54208
68400000000,72000000000,69184442318,69192005135,7562817
68400000000,72000000000,69192005135,69200179630,8174495
68400000000,72000000000,69200179630,69200182296,2666
68400000000,72000000000,69200182296,69200184270,1974
68400000000,72000000000,69200184270,69201659998,1475728
68400000000,72000000000,69201659998,69201660013,15
68400000000,72000000000,69201660013,69201660026,13
68400000000,72000000000,69201660026,69201679220,19194
68400000000,72000000000,69201679220,69201679319,99
68400000000,72000000000,69201679319,69201679324,5
68400000000,72000000000,69201679324,69201679329,5
68400000000,72000000000,69201679329,69216811432,15132103
68400000000,72000000000,69216811432,69216811469,37
68400000000,72000000000,69216811469,69216811474,5
68400000000,72000000000,69216811474,69222405483,5594009
68400000000,72000000000,69222405483,69222405487,4
68400000000,72000000000,69222405487,69222405524,37
68400000000,72000000000,69222405524,69222405529,5
68400000000,72000000000,69222405529,69229362396,6956867
68400000000,72000000000,69229362396,69230186754,824358
68400000000,72000000000,69230186754,69232119913,1933159
68400000000,72000000000,69232119913,69232119917,4
68400000000,72000000000,69232119917,69232119918,1
68400000000,72000000000,69232119918,69232139210,19292
68400000000,72000000000,69232139210,69232144861,5651
68400000000,72000000000,69232144861,69232946892,802031
68400000000,72000000000,69232946892,69232947144,252
68400000000,72000000000,69232947144,69233667566,720422
68400000000,72000000000,69233667566,69236881297,3213731
68400000000,72000000000,69236881297,69242748487,5867190
68400000000,72000000000,69242748487,69242763604,15117
68400000000,72000000000,69242763604,69244278096,1514492
68400000000,72000000000,69244278096,69244278114,18
68400000000,72000000000,69244278114,69249807971,5529857
68400000000,72000000000,69249807971,69249814133,6162
68400000000,72000000000,69249814133,69250684259,870126
68400000000,72000000000,69250684259,69251449516,765257
68400000000,72000000000,69251449516,69251449527,11
68400000000,72000000000,69251449527,69251465088,15561
68400000000,72000000000,69251465088,69252231154,766066
68400000000,72000000000,69252231154,69252247044,15890
68400000000,72000000000,69252247044,69253352150,1105106
68400000000,72000000000,69253352150,69253373299,21149
68400000000,72000000000,69253373299,69254156388,783089
68400000000,72000000000,69254156388,69270537443,16381055
68400000000,72000000000,69270537443,69271410839,873396
68400000000,72000000000,69271410839,69271411437,598
68400000000,72000000000,69271411437,69271411574,137
68400000000,72000000000,69271411574,69271411579,5
68400000000,72000000000,69271411579,69272378586,967007
68400000000,72000000000,69272378586,69273410015,1031429
68400000000,72000000000,69273410015,69274204425,794410
68400000000,72000000000,69274204425,69274206940,2515
68400000000,72000000000,69274206940,69274209214,2274
68400000000,72000000000,69274209214,69274211009,1795
68400000000,72000000000,69274211009,69274212927,1918
68400000000,72000000000,69274212927,69274527977,315050
68400000000,72000000000,69274527977,69275306295,778318
68400000000,72000000000,69275306295,69276169782,863487
68400000000,72000000000,69276169782,69276169793,11
68400000000,72000000000,69276169793,69276169805,12
68400000000,72000000000,69276169805,69276169817,12
68400000000,72000000000,69276169817,69276169829,12
68400000000,72000000000,69276169829,69284385461,8215632
68400000000,72000000000,69284385461,69288842996,4457535
68400000000,72000000000,69288842996,69288845637,2641
68400000000,72000000000,69288845637,69288845645,8
68400000000,72000000000,69288845645,69288845671,26
68400000000,72000000000,69288845671,69291523608,2677937
68400000000,72000000000,69291523608,69292303146,779538
68400000000,72000000000,69292303146,69292307155,4009
68400000000,72000000000,69292307155,69293921674,1614519
68400000000,72000000000,69293921674,69295069655,1147981
68400000000,72000000000,69295069655,69295069672,17
68400000000,72000000000,69295069672,69295095032,25360
68400000000,72000000000,69295095032,69296988929,1893897
68400000000,72000000000,69296988929,69302004510,5015581
68400000000,72000000000,69302004510,69303716960,1712450
68400000000,72000000000,69303716960,69303748487,31527
68400000000,72000000000,69303748487,69306880469,3131982
68400000000,72000000000,69306880469,69307995904,1115435
68400000000,72000000000,69307995904,69307995910,6
68400000000,72000000000,69307995910,69307995911,1
68400000000,72000000000,69307995911,69308994401,998490
68400000000,72000000000,69308994401,69309729569,735168
68400000000,72000000000,69309729569,69309729607,38
68400000000,72000000000,69309729607,69312139053,2409446
68400000000,72000000000,69312139053,69313765480,1626427
68400000000,72000000000,69313765480,69315413495,1648015
68400000000,72000000000,69315413495,69319132349,3718854
68400000000,72000000000,69319132349,69321549396,2417047
68400000000,72000000000,69321549396,69321552819,3423
68400000000,72000000000,69321552819,69321557302,4483
68400000000,72000000000,69321557302,69321559574,2272
68400000000,72000000000,69321559574,69322257649,698075
68400000000,72000000000,69322257649,69322959584,701935
68400000000,72000000000,69322959584,69322959588,4
68400000000,72000000000,69322959588,69322959610,22
68400000000,72000000000,69322959610,69322959694,84
68400000000,72000000000,69322959694,69322959720,26
68400000000,72000000000,69322959720,69323758864,799144
68400000000,72000000000,69323758864,69323773433,14569
68400000000,72000000000,69323773433,69323773540,107
68400000000,72000000000,69323773540,69323773545,5
68400000000,72000000000,69323773545,69324658540,884995
68400000000,72000000000,69324658540,69326071831,1413291
68400000000,72000000000,69326071831,69340520019,14448188
68400000000,72000000000,69340520019,69340556690,36671
68400000000,72000000000,69340556690,69342409957,1853267
68400000000,72000000000,69342409957,69342410337,380
68400000000,72000000000,69342410337,69343576264,1165927
68400000000,72000000000,69343576264,69344490100,913836
68400000000,72000000000,69344490100,69344490102,2
68400000000,72000000000,69344490102,69346089097,1598995
68400000000,72000000000,69346089097,69355652250,9563153
68400000000,72000000000,69355652250,69362582217,6929967
68400000000,72000000000,69362582217,69363653739,1071522
68400000000,72000000000,69363653739,69364438117,784378
68400000000,72000000000,69364438117,69364461632,23515
68400000000,72000000000,69364461632,69365280532,818900
68400000000,72000000000,69365280532,69366124513,843981
68400000000,72000000000,69366124513,69366953809,829296
68400000000,72000000000,69366953809,69366976917,23108
68400000000,72000000000,69366976917,69367671995,695078
68400000000,72000000000,69367671995,69368403110,731115
68400000000,72000000000,69368403110,69368422023,18913
68400000000,72000000000,69368422023,69369322569,900546
68400000000,72000000000,69369322569,69369326429,3860
68400000000,72000000000,69369326429,69370158422,831993
68400000000,72000000000,69370158422,69370183718,25296
68400000000,72000000000,69370183718,69370963376,779658
68400000000,72000000000,69370963376,69370985394,22018
68400000000,72000000000,69370985394,69372060618,1075224
68400000000,72000000000,69372060618,69372154875,94257
68400000000,72000000000,69372154875,69372471551,316676
68400000000,72000000000,69372471551,69373437988,966437
68400000000,72000000000,69373437988,69373564314,126326
68400000000,72000000000,69373564314,69374842156,1277842
68400000000,72000000000,69374842156,69374842181,25
68400000000,72000000000,69374842181,69376138665,1296484
68400000000,72000000000,69376138665,69376212658,73993
68400000000,72000000000,69376212658,69376212661,3
68400000000,72000000000,69376212661,69377804120,1591459
68400000000,72000000000,69377804120,69379474707,1670587
68400000000,72000000000,69379474707,69387199684,7724977
68400000000,72000000000,69387199684,69398029501,10829817
68400000000,72000000000,69398029501,69398033874,4373
68400000000,72000000000,69398033874,69399456083,1422209
68400000000,72000000000,69399456083,69399456087,4
68400000000,72000000000,69399456087,69399456088,1
68400000000,72000000000,69399456088,69399456197,109
68400000000,72000000000,69399456197,69400305342,849145
68400000000,72000000000,69400305342,69400307953,2611
68400000000,72000000000,69400307953,69403542745,3234792
68400000000,72000000000,69403542745,69406227644,2684899
68400000000,72000000000,69406227644,69408302022,2074378
68400000000,72000000000,69408302022,69409254706,952684
68400000000,72000000000,69409254706,69410118352,863646
68400000000,72000000000,69410118352,69411765422,1647070
68400000000,72000000000,69411765422,69411765426,4
68400000000,72000000000,69411765426,69412580926,815500
68400000000,72000000000,69412580926,69416748708,4167782
68400000000,72000000000,69416748708,69416748982,274
68400000000,72000000000,69416748982,69424554858,7805876
68400000000,72000000000,69424554858,69426983756,2428898
68400000000,72000000000,69426983756,69426987937,4181
68400000000,72000000000,69426987937,69428923958,1936021
68400000000,72000000000,69428923958,69428923970,12
68400000000,72000000000,69428923970,69444906013,15982043
68400000000,72000000000,69444906013,69444913308,7295
68400000000,72000000000,69444913308,69444930919,17611
68400000000,72000000000,69444930919,69447180186,2249267
68400000000,72000000000,69447180186,69447180190,4
68400000000,72000000000,69447180190,69447180191,1
68400000000,72000000000,69447180191,69447181012,821
68400000000,72000000000,69447181012,69447181016,4
68400000000,72000000000,69447181016,69447181017,1
68400000000,72000000000,69447181017,69447181018,1
68400000000,72000000000,69447181018,69448006051,825033
68400000000,72000000000,69448006051,69448006053,2
68400000000,72000000000,69448006053,69449967879,1961826
68400000000,72000000000,69449967879,69449968103,224
68400000000,72000000000,69449968103,69449968286,183
68400000000,72000000000,69449968286,69449989418,21132
68400000000,72000000000,69449989418,69449989436,18
68400000000,72000000000,69449989436,69452061135,2071699
68400000000,72000000000,69452061135,69455925340,3864205
68400000000,72000000000,69455925340,69456722911,797571
68400000000,72000000000,69456722911,69458375280,1652369
68400000000,72000000000,69458375280,69460451933,2076653
68400000000,72000000000,69460451933,69462089036,1637103
68400000000,72000000000,69462089036,69478571355,16482319
68400000000,72000000000,69478571355,69478574162,2807
68400000000,72000000000,69478574162,69478576442,2280
68400000000,72000000000,69478576442,69479372553,796111
68400000000,72000000000,69479372553,69479377018,4465
68400000000,72000000000,69479377018,69480174259,797241
68400000000,72000000000,69480174259,69480174272,13
68400000000,72000000000,69480174272,69480174285,13
68400000000,72000000000,69480174285,69481042834,868549
68400000000,72000000000,69481042834,69482036244,993410
68400000000,72000000000,69482036244,69484278521,2242277
68400000000,72000000000,69484278521,69485209763,931242
68400000000,72000000000,69485209763,69485226447,16684
68400000000,72000000000,69485226447,69485226474,27
68400000000,72000000000,69485226474,69485226479,5
68400000000,72000000000,69485226479,69486971085,1744606
68400000000,72000000000,69486971085,69487992721,1021636
68400000000,72000000000,69487992721,69489855815,1863094
68400000000,72000000000,69489855815,69490659192,803377
68400000000,72000000000,69490659192,69492327199,1668007
68400000000,72000000000,69492327199,69496686494,4359295
68400000000,72000000000,69496686494,69496703384,16890
68400000000,72000000000,69496703384,69498316724,1613340
68400000000,72000000000,69498316724,69498316735,11
68400000000,72000000000,69498316735,69498365596,48861
68400000000,72000000000,69498365596,69506825564,8459968
68400000000,72000000000,69506825564,69506825567,3
68400000000,72000000000,69506825567,69508586207,1760640
68400000000,72000000000,69508586207,69508614266,28059
68400000000,72000000000,69508614266,69508614356,90
68400000000,72000000000,69508614356,69508614365,9
68400000000,72000000000,69508614365,69509611364,996999
68400000000,72000000000,69509611364,69511312527,1701163
68400000000,72000000000,69511312527,69513100989,1788462
68400000000,72000000000,69513100989,69514916364,1815375
68400000000,72000000000,69514916364,69530852598,15936234
68400000000,72000000000,69530852598,69533144047,2291449
68400000000,72000000000,69533144047,69533144117,70
68400000000,72000000000,69533144117,69533144122,5
68400000000,72000000000,69533144122,69533144127,5
68400000000,72000000000,69533144127,69536245107,3100980
68400000000,72000000000,69536245107,69541666580,5421473
68400000000,72000000000,69541666580,69541672862,6282
68400000000,72000000000,69541672862,69541681335,8473
68400000000,72000000000,69541681335,69541681412,77
68400000000,72000000000,69541681412,69541681417,5
68400000000,72000000000,69541681417,69543463702,1782285
68400000000,72000000000,69543463702,69543463706,4
68400000000,72000000000,69543463706,69543463707,1
68400000000,72000000000,69543463707,69543463724,17
68400000000,72000000000,69543463724,69543486838,23114
68400000000,72000000000,69543486838,69543541352,54514
68400000000,72000000000,69543541352,69544430515,889163
68400000000,72000000000,69544430515,69544430548,33
68400000000,72000000000,69544430548,69545383145,952597
68400000000,72000000000,69545383145,69545383155,10
68400000000,72000000000,69545383155,69545443538,60383
68400000000,72000000000,69545443538,69546430639,987101
68400000000,72000000000,69546430639,69546442314,11675
68400000000,72000000000,69546442314,69547356614,914300
68400000000,72000000000,69547356614,69547620819,264205
68400000000,72000000000,69547620819,69547620916,97
68400000000,72000000000,69547620916,69547620921,5
68400000000,72000000000,69547620921,69548462657,841736
68400000000,72000000000,69548462657,69548486838,24181
68400000000,72000000000,69548486838,69549546174,1059336
68400000000,72000000000,69549546174,69550439603,893429
68400000000,72000000000,69550439603,69551404693,965090
68400000000,72000000000,69551404693,69552617474,1212781
68400000000,72000000000,69552617474,69554283804,1666330
68400000000,72000000000,69554283804,69557782135,3498331
68400000000,72000000000,69557782135,69558655973,873838
68400000000,72000000000,69558655973,69558665100,9127
68400000000,72000000000,69558665100,69558667001,1901
68400000000,72000000000,69558667001,69558669419,2418
68400000000,72000000000,69558669419,69560527584,1858165
68400000000,72000000000,69560527584,69560527596,12
68400000000,72000000000,69560527596,69560527615,19
68400000000,72000000000,69560527615,69560527829,214
68400000000,72000000000,69560527829,69560570969,43140
68400000000,72000000000,69560570969,69561456256,885287
68400000000,72000000000,69561456256,69562388423,932167
68400000000,72000000000,69562388423,69563586689,1198266
68400000000,72000000000,69563586689,69564532075,945386
68400000000,72000000000,69564532075,69565643485,1111410
68400000000,72000000000,69565643485,69567251712,1608227
68400000000,72000000000,69567251712,69572981322,5729610
68400000000,72000000000,69572981322,69574969039,1987717
68400000000,72000000000,69574969039,69574985203,16164
68400000000,72000000000,69574985203,69574991475,6272
68400000000,72000000000,69574991475,69574996598,5123
68400000000,72000000000,69574996598,69576779623,1783025
68400000000,72000000000,69576779623,69576779687,64
68400000000,72000000000,69576779687,69577679694,900007
68400000000,72000000000,69577679694,69581533801,3854107
68400000000,72000000000,69581533801,69581560391,26590
68400000000,72000000000,69581560391,69583086225,1525834
68400000000,72000000000,69583086225,69584727601,1641376
68400000000,72000000000,69584727601,69586426012,1698411
68400000000,72000000000,69586426012,69588111120,1685108
68400000000,72000000000,69588111120,69591644962,3533842
68400000000,72000000000,69591644962,69598103025,6458063
68400000000,72000000000,69598103025,69599663295,1560270
68400000000,72000000000,69599663295,69602796682,3133387
68400000000,72000000000,69602796682,69602800763,4081
68400000000,72000000000,69602800763,69603584522,783759
68400000000,72000000000,69603584522,69604396312,811790
68400000000,72000000000,69604396312,69604396316,4
68400000000,72000000000,69604396316,69604396317,1
68400000000,72000000000,69604396317,69604396334,17
68400000000,72000000000,69604396334,69605222218,825884
68400000000,72000000000,69605222218,69605222397,179
68400000000,72000000000,69605222397,69606118193,895796
68400000000,72000000000,69606118193,69607182893,1064700
68400000000,72000000000,69607182893,69607182990,97
68400000000,72000000000,69607182990,69608027655,844665
68400000000,72000000000,69608027655,69608810584,782929
68400000000,72000000000,69608810584,69612913628,4103044
68400000000,72000000000,69612913628,69612915494,1866
68400000000,72000000000,69612915494,69612923835,8341
68400000000,72000000000,69612923835,69613696665,772830
68400000000,72000000000,69613696665,69614438726,742061
68400000000,72000000000,69614438726,69614438737,11
68400000000,72000000000,69614438737,69620231557,5792820
68400000000,72000000000,69620231557,69620248386,16829
68400000000,72000000000,69620248386,69620251093,2707
68400000000,72000000000,69620251093,69620253563,2470
68400000000,72000000000,69620253563,69621052140,798577
68400000000,72000000000,69621052140,69621052144,4
68400000000,72000000000,69621052144,69621052159,15
68400000000,72000000000,69621052159,69621781203,729044
68400000000,72000000000,69621781203,69621781234,31
68400000000,72000000000,69621781234,69621781364,130
68400000000,72000000000,69621781364,69621781376,12
68400000000,72000000000,69621781376,69624096942,2315566
68400000000,72000000000,69624096942,69626414610,2317668
68400000000,72000000000,69626414610,69631600256,5185646
68400000000,72000000000,69631600256,69637813337,6213081
68400000000,72000000000,69637813337,69637817794,4457
68400000000,72000000000,69637817794,69637820325,2531
68400000000,72000000000,69637820325,69639803894,1983569
68400000000,72000000000,69639803894,69639803896,2
68400000000,72000000000,69639803896,69640624462,820566
68400000000,72000000000,69640624462,69640624491,29
68400000000,72000000000,69640624491,69640624534,43
68400000000,72000000000,69640624534,69644372904,3748370
68400000000,72000000000,69644372904,69645312228,939324
68400000000,72000000000,69645312228,69648518226,3205998
68400000000,72000000000,69648518226,69648518658,432
68400000000,72000000000,69648518658,69648518694,36
68400000000,72000000000,69648518694,69648518699,5
68400000000,72000000000,69648518699,69651308935,2790236
68400000000,72000000000,69651308935,69651308939,4
68400000000,72000000000,69651308939,69651308976,37
68400000000,72000000000,69651308976,69651308981,5
68400000000,72000000000,69651308981,69652187373,878392
68400000000,72000000000,69652187373,69653020485,833112
68400000000,72000000000,69653020485,69653065406,44921
68400000000,72000000000,69653065406,69655004612,1939206
68400000000,72000000000,69655004612,69655042676,38064
68400000000,72000000000,69655042676,69656742095,1699419
68400000000,72000000000,69656742095,69657606707,864612
68400000000,72000000000,69657606707,69657653112,46405
68400000000,72000000000,69657653112,69657653209,97
68400000000,72000000000,69657653209,69657653214,5
68400000000,72000000000,69657653214,69658452738,799524
68400000000,72000000000,69658452738,69663223910,4771172
68400000000,72000000000,69663223910,69664825361,1601451
68400000000,72000000000,69664825361,69665697672,872311
68400000000,72000000000,69665697672,69666553997,856325
68400000000,72000000000,69666553997,69667395277,841280
68400000000,72000000000,69667395277,69668241386,846109
68400000000,72000000000,69668241386,69668267424,26038
68400000000,72000000000,69668267424,69668268205,781
68400000000,72000000000,69668268205,69668268210,5
68400000000,72000000000,69668268210,69668268217,7
68400000000,72000000000,69668268217,69670148229,1880012
68400000000,72000000000,69670148229,69672368463,2220234
68400000000,72000000000,69672368463,69674147416,1778953
68400000000,72000000000,69674147416,69674179658,32242
68400000000,72000000000,69674179658,69674958610,778952
68400000000,72000000000,69674958610,69675773775,815165
68400000000,72000000000,69675773775,69676619816,846041
68400000000,72000000000,69676619816,69677540668,920852
68400000000,72000000000,69677540668,69679192636,1651968
68400000000,72000000000,69679192636,69682956373,3763737
68400000000,72000000000,69682956373,69683811799,855426
68400000000,72000000000,69683811799,69684898035,1086236
68400000000,72000000000,69684898035,69686791561,1893526
68400000000,72000000000,69686791561,69688408330,1616769
68400000000,72000000000,69688408330,69689203406,795076
68400000000,72000000000,69689203406,69689209595,6189
68400000000,72000000000,69689209595,69690979656,1770061
68400000000,72000000000,69690979656,69691841886,862230
68400000000,72000000000,69691841886,69693780684,1938798
68400000000,72000000000,69693780684,69693780688,4
68400000000,72000000000,69693780688,69693780689,1
68400000000,72000000000,69693780689,69693780690,1
68400000000,72000000000,69693780690,69694673365,892675
68400000000,72000000000,69694673365,69694673570,205
68400000000,72000000000,69694673570,69694673751,181
68400000000,72000000000,69694673751,69694717720,43969
68400000000,72000000000,69694717720,69696389641,1671921
68400000000,72000000000,69696389641,69696403614,13973
68400000000,72000000000,69696403614,69696403661,47
68400000000,72000000000,69696403661,69696403666,5
68400000000,72000000000,69696403666,69698098593,1694927
68400000000,72000000000,69698098593,69710379554,12280961
68400000000,72000000000,69710379554,69711954494,1574940
68400000000,72000000000,69711954494,69713580003,1625509
68400000000,72000000000,69713580003,69713580007,4
68400000000,72000000000,69713580007,69713580008,1
68400000000,72000000000,69713580008,69714413818,833810
68400000000,72000000000,69714413818,69714413993,175
68400000000,72000000000,69714413993,69714460436,46443
68400000000,72000000000,69714460436,69724162732,9702296
68400000000,72000000000,69724162732,69726229342,2066610
68400000000,72000000000,69726229342,69729344661,3115319
68400000000,72000000000,69729344661,69729344869,208
68400000000,72000000000,69729344869,69729344874,5
68400000000,72000000000,69729344874,69732761800,3416926
68400000000,72000000000,69732761800,69732774358,12558
68400000000,72000000000,69732774358,69732782337,7979
68400000000,72000000000,69732782337,69732789434,7097
68400000000,72000000000,69732789434,69733577901,788467
68400000000,72000000000,69733577901,69733581456,3555
68400000000,72000000000,69733581456,69733581554,98
68400000000,72000000000,69733581554,69733581559,5
68400000000,72000000000,69733581559,69733581566,7
68400000000,72000000000,69733581566,69735146339,1564773
68400000000,72000000000,69735146339,69735146350,11
68400000000,72000000000,69735146350,69735146361,11
68400000000,72000000000,69735146361,69735146372,11
68400000000,72000000000,69735146372,69735920453,774081
68400000000,72000000000,69735920453,69738278207,2357754
68400000000,72000000000,69738278207,69738278210,3
68400000000,72000000000,69738278210,69739780767,1502557
68400000000,72000000000,69739780767,69741878103,2097336
68400000000,72000000000,69741878103,69741880492,2389
68400000000,72000000000,69741880492,69741883395,2903
68400000000,72000000000,69741883395,69741885411,2016
68400000000,72000000000,69741885411,69741887287,1876
68400000000,72000000000,69741887287,69741891617,4330
68400000000,72000000000,69741891617,69741893708,2091
68400000000,72000000000,69741893708,69743596806,1703098
68400000000,72000000000,69743596806,69743596817,11
68400000000,72000000000,69743596817,69743596830,13
68400000000,72000000000,69743596830,69743596843,13
68400000000,72000000000,69743596843,69743596862,19
68400000000,72000000000,69743596862,69743596866,4
68400000000,72000000000,69743596866,69743596867,1
68400000000,72000000000,69743596867,69743596925,58
68400000000,72000000000,69743596925,69743596937,12
68400000000,72000000000,69743596937,69744436750,839813
68400000000,72000000000,69744436750,69744437621,871
68400000000,72000000000,69744437621,69745591754,1154133
68400000000,72000000000,69745591754,69747132454,1540700
68400000000,72000000000,69747132454,69748373441,1240987
68400000000,72000000000,69748373441,69749934423,1560982
68400000000,72000000000,69749934423,69750768118,833695
68400000000,72000000000,69750768118,69756670697,5902579
68400000000,72000000000,69756670697,69756671113,416
68400000000,72000000000,69756671113,69760697836,4026723
68400000000,72000000000,69760697836,69760704778,6942
68400000000,72000000000,69760704778,69763122348,2417570
68400000000,72000000000,69763122348,69763122351,3
68400000000,72000000000,69763122351,69763122386,35
68400000000,72000000000,69763122386,69763122390,4
68400000000,72000000000,69763122390,69763122391,1
68400000000,72000000000,69763122391,69764427774,1305383
68400000000,72000000000,69764427774,69765260385,832611
68400000000,72000000000,69765260385,69765260416,31
68400000000,72000000000,69765260416,69765260601,185
68400000000,72000000000,69765260601,69766917194,1656593
68400000000,72000000000,69766917194,69766936296,19102
68400000000,72000000000,69766936296,69774315151,7378855
68400000000,72000000000,69774315151,69774322211,7060
68400000000,72000000000,69774322211,69775177641,855430
68400000000,72000000000,69775177641,69775977613,799972
68400000000,72000000000,69775977613,69776775629,798016
68400000000,72000000000,69776775629,69779369505,2593876
68400000000,72000000000,69779369505,69780180175,810670
68400000000,72000000000,69780180175,69780180738,563
68400000000,72000000000,69780180738,69784216254,4035516
68400000000,72000000000,69784216254,69784216257,3
68400000000,72000000000,69784216257,69785937640,1721383
68400000000,72000000000,69785937640,69785966834,29194
68400000000,72000000000,69785966834,69792965891,6999057
68400000000,72000000000,69792965891,69794649295,1683404
68400000000,72000000000,69794649295,69794671782,22487
68400000000,72000000000,69794671782,69795555012,883230
68400000000,72000000000,69795555012,69796325747,770735
68400000000,72000000000,69796325747,69797164520,838773
68400000000,72000000000,69797164520,69798106623,942103
68400000000,72000000000,69798106623,69800827359,2720736
68400000000,72000000000,69800827359,69801635367,808008
68400000000,72000000000,69801635367,69803657756,2022389
68400000000,72000000000,69803657756,69804841760,1184004
68400000000,72000000000,69804841760,69804845181,3421
68400000000,72000000000,69804845181,69804847296,2115
68400000000,72000000000,69804847296,69806474061,1626765
68400000000,72000000000,69806474061,69806474088,27
68400000000,72000000000,69806474088,69806474127,39
68400000000,72000000000,69806474127,69810655076,4180949
68400000000,72000000000,69810655076,69812210128,1555052
68400000000,72000000000,69812210128,69818020669,5810541
68400000000,72000000000,69818020669,69819581723,1561054
68400000000,72000000000,69819581723,69822774586,3192863
68400000000,72000000000,69822774586,69830758196,7983610
68400000000,72000000000,69830758196,69830761583,3387
68400000000,72000000000,69830761583,69835380582,4618999
68400000000,72000000000,69835380582,69835380606,24
68400000000,72000000000,69835380606,69835386280,5674
68400000000,72000000000,69835386280,69839298430,3912150
68400000000,72000000000,69839298430,69839298516,86
68400000000,72000000000,69839298516,69839298523,7
68400000000,72000000000,69839298523,69839298774,251
68400000000,72000000000,69839298774,69845097271,5798497
68400000000,72000000000,69845097271,69847889100,2791829
68400000000,72000000000,69847889100,69847895244,6144
68400000000,72000000000,69847895244,69847898207,2963
68400000000,72000000000,69847898207,69847900869,2662
68400000000,72000000000,69847900869,69851798920,3898051
68400000000,72000000000,69851798920,69851798948,28
68400000000,72000000000,69851798948,69851798989,41
68400000000,72000000000,69851798989,69851799011,22
68400000000,72000000000,69851799011,69856524896,4725885
68400000000,72000000000,69856524896,69856524987,91
68400000000,72000000000,69856524987,69856524994,7
68400000000,72000000000,69856524994,69857824778,1299784
68400000000,72000000000,69857824778,69860160550,2335772
68400000000,72000000000,69860160550,69862489326,2328776
68400000000,72000000000,69862489326,69864887498,2398172
68400000000,72000000000,69864887498,69864887498,0
68400000000,72000000000,69864887498,69867817416,2929918
68400000000,72000000000,69867817416,69867817504,88
68400000000,72000000000,69867817504,69867817509,5
68400000000,72000000000,69867817509,69867817516,7
68400000000,72000000000,69867817516,69875211643,7394127
68400000000,72000000000,69875211643,69880252724,5041081
68400000000,72000000000,69880252724,69880259315,6591
68400000000,72000000000,69880259315,69881892173,1632858
68400000000,72000000000,69881892173,69881919180,27007
68400000000,72000000000,69881919180,69883575008,1655828
68400000000,72000000000,69883575008,69884344656,769648
68400000000,72000000000,69884344656,69885168194,823538
68400000000,72000000000,69885168194,69885198808,30614
68400000000,72000000000,69885198808,69886033578,834770
68400000000,72000000000,69886033578,69886880688,847110
68400000000,72000000000,69886880688,69887657696,777008
68400000000,72000000000,69887657696,69887686179,28483
68400000000,72000000000,69887686179,69887693412,7233
68400000000,72000000000,69887693412,69889272629,1579217
68400000000,72000000000,69889272629,69898758435,9485806
68400000000,72000000000,69898758435,69900433289,1674854
68400000000,72000000000,69900433289,69902274491,1841202
68400000000,72000000000,69902274491,69903012973,738482
68400000000,72000000000,69903012973,69903035180,22207
68400000000,72000000000,69903035180,69903858391,823211
68400000000,72000000000,69903858391,69904594965,736574
68400000000,72000000000,69904594965,69906132699,1537734
68400000000,72000000000,69906132699,69906148695,15996
68400000000,72000000000,69906148695,69907789046,1640351
68400000000,72000000000,69907789046,69907789115,69
68400000000,72000000000,69907789115,69907859787,70672
68400000000,72000000000,69907859787,69907871859,12072
68400000000,72000000000,69907871859,69907883366,11507
68400000000,72000000000,69907883366,69907888242,4876
68400000000,72000000000,69907888242,69907891052,2810
68400000000,72000000000,69907891052,69907893465,2413
68400000000,72000000000,69907893465,69907896317,2852
68400000000,72000000000,69907896317,69907898897,2580
68400000000,72000000000,69907898897,69907901978,3081
68400000000,72000000000,69907901978,69907910855,8877
68400000000,72000000000,69907910855,69907916045,5190
68400000000,72000000000,69907916045,69908740087,824042
68400000000,72000000000,69908740087,69908740847,760
68400000000,72000000000,69908740847,69908750478,9631
68400000000,72000000000,69908750478,69908750485,7
68400000000,72000000000,69908750485,69913045169,4294684
68400000000,72000000000,69913045169,69913045172,3
68400000000,72000000000,69913045172,69913045173,1
68400000000,72000000000,69913045173,69913045211,38
68400000000,72000000000,69913045211,69913045215,4
68400000000,72000000000,69913045215,69913045216,1
68400000000,72000000000,69913045216,69913045217,1
68400000000,72000000000,69913045217,69913045242,25
68400000000,72000000000,69913045242,69913045267,25
68400000000,72000000000,69913045267,69913062227,16960
68400000000,72000000000,69913062227,69913062281,54
68400000000,72000000000,69913062281,69913062331,50
68400000000,72000000000,69913062331,69913062362,31
68400000000,72000000000,69913062362,69913062387,25
68400000000,72000000000,69913062387,69913062710,323
68400000000,72000000000,69913062710,69913063053,343
68400000000,72000000000,69913063053,69914401367,1338314
68400000000,72000000000,69914401367,69916055567,1654200
68400000000,72000000000,69916055567,69916869486,813919
68400000000,72000000000,69916869486,69916869529,43
68400000000,72000000000,69916869529,69916869851,322
68400000000,72000000000,69916869851,69916870033,182
68400000000,72000000000,69916870033,69917755369,885336
68400000000,72000000000,69917755369,69917755432,63
68400000000,72000000000,69917755432,69917786479,31047
68400000000,72000000000,69917786479,69919679104,1892625
68400000000,72000000000,69919679104,69919705116,26012
68400000000,72000000000,69919705116,69920579770,874654
68400000000,72000000000,69920579770,69920579770,0
68400000000,72000000000,69920579770,69921773620,1193850
68400000000,72000000000,69921773620,69923033187,1259567
68400000000,72000000000,69923033187,69924954871,1921684
68400000000,72000000000,69924954871,69924974148,19277
68400000000,72000000000,69924974148,69926732631,1758483
68400000000,72000000000,69926732631,69928978248,2245617
68400000000,72000000000,69928978248,69928982085,3837
68400000000,72000000000,69928982085,69928984472,2387
68400000000,72000000000,69928984472,69928986585,2113
68400000000,72000000000,69928986585,69928988527,1942
68400000000,72000000000,69928988527,69930577464,1588937
68400000000,72000000000,69930577464,69930577474,10
68400000000,72000000000,69930577474,69930577486,12
68400000000,72000000000,69930577486,69930577506,20
68400000000,72000000000,69930577506,69930577517,11
68400000000,72000000000,69930577517,69932991747,2414230
68400000000,72000000000,69932991747,69932991751,4
68400000000,72000000000,69932991751,69932992064,313
68400000000,72000000000,69932992064,69932992099,35
68400000000,72000000000,69932992099,69935247030,2254931
68400000000,72000000000,69935247030,69935247479,449
68400000000,72000000000,69935247479,69939823701,4576222
68400000000,72000000000,69939823701,69939823701,0
68400000000,72000000000,69939823701,69943595378,3771677
68400000000,72000000000,69943595378,69944868775,1273397
68400000000,72000000000,69944868775,69944868777,2
68400000000,72000000000,69944868777,69946606522,1737745
68400000000,72000000000,69946606522,69948841540,2235018
68400000000,72000000000,69948841540,69948844444,2904
68400000000,72000000000,69948844444,69948846820,2376
68400000000,72000000000,69948846820,69948853679,6859
68400000000,72000000000,69948853679,69948856544,2865
68400000000,72000000000,69948856544,69950521416,1664872
68400000000,72000000000,69950521416,69950521429,13
68400000000,72000000000,69950521429,69950521442,13
68400000000,72000000000,69950521442,69950521454,12
68400000000,72000000000,69950521454,69952389209,1867755
68400000000,72000000000,69952389209,69953302462,913253
68400000000,72000000000,69953302462,69953303250,788
68400000000,72000000000,69953303250,69953303471,221
68400000000,72000000000,69953303471,69960567768,7264297
68400000000,72000000000,69960567768,69963394414,2826646
68400000000,72000000000,69963394414,69963394552,138
68400000000,72000000000,69963394552,69963394557,5
68400000000,72000000000,69963394557,69963394564,7
68400000000,72000000000,69963394564,69964249210,854646
68400000000,72000000000,69964249210,69965774646,1525436
68400000000,72000000000,69965774646,69968418168,2643522
68400000000,72000000000,69968418168,69970068626,1650458
68400000000,72000000000,69970068626,69974592882,4524256
68400000000,72000000000,69974592882,69974592885,3
68400000000,72000000000,69974592885,69976163966,1571081
68400000000,72000000000,69976163966,69978981491,2817525
68400000000,72000000000,69978981491,69981690629,2709138
68400000000,72000000000,69981690629,69989631737,7941108
68400000000,72000000000,69989631737,69994678171,5046434
68400000000,72000000000,69994678171,69994685438,7267
68400000000,72000000000,69994685438,69994685505,67
68400000000,72000000000,69994685505,69994685510,5
68400000000,72000000000,69994685510,69995600910,915400
68400000000,72000000000,69995600910,69996399161,798251
68400000000,72000000000,69996399161,69998452889,2053728
68400000000,72000000000,69998452889,69999216685,763796
68400000000,72000000000,69999216685,70000794347,1577662
68400000000,72000000000,70000794347,70003575189,2780842
68400000000,72000000000,70003575189,70012303035,8727846
68400000000,72000000000,70012303035,70012316355,13320
68400000000,72000000000,70012316355,70012381743,65388
68400000000,72000000000,70012381743,70012398861,17118
68400000000,72000000000,70012398861,70012401567,2706
68400000000,72000000000,70012401567,70012406045,4478
68400000000,72000000000,70012406045,70014053240,1647195
68400000000,72000000000,70014053240,70014053251,11
68400000000,72000000000,70014053251,70014053264,13
68400000000,72000000000,70014053264,70014053468,204
68400000000,72000000000,70014053468,70014053729,261
68400000000,72000000000,70014053729,70014085872,32143
68400000000,72000000000,70014085872,70014967861,881989
68400000000,72000000000,70014967861,70016605352,1637491
68400000000,72000000000,70016605352,70016605479,127
68400000000,72000000000,70016605479,70016605484,5
68400000000,72000000000,70016605484,70017580551,975067
68400000000,72000000000,70017580551,70017580708,157
68400000000,72000000000,70017580708,70017580715,7
68400000000,72000000000,70017580715,70023331145,5750430
68400000000,72000000000,70023331145,70023331302,157
68400000000,72000000000,70023331302,70023331307,5
68400000000,72000000000,70023331307,70025043174,1711867
68400000000,72000000000,70025043174,70025055353,12179
68400000000,72000000000,70025055353,70025079079,23726
68400000000,72000000000,70025079079,70025873024,793945
68400000000,72000000000,70025873024,70026632275,759251
68400000000,72000000000,70026632275,70026632286,11
68400000000,72000000000,70026632286,70026651374,19088
68400000000,72000000000,70026651374,70027482653,831279
68400000000,72000000000,70027482653,70028274214,791561
68400000000,72000000000,70028274214,70028297791,23577
68400000000,72000000000,70028297791,70028298083,292
68400000000,72000000000,70028298083,70037023943,8725860
68400000000,72000000000,70037023943,70046499990,9476047
68400000000,72000000000,70046499990,70048067851,1567861
68400000000,72000000000,70048067851,70054925659,6857808
68400000000,72000000000,70054925659,70058687955,3762296
68400000000,72000000000,70058687955,70060341170,1653215
68400000000,72000000000,70060341170,70070090573,9749403
68400000000,72000000000,70070090573,70070094917,4344
68400000000,72000000000,70070094917,70070100039,5122
68400000000,72000000000,70070100039,70070101930,1891
68400000000,72000000000,70070101930,70072009671,1907741
68400000000,72000000000,70072009671,70073668975,1659304
68400000000,72000000000,70073668975,70073668978,3
68400000000,72000000000,70073668978,70073669018,40
68400000000,72000000000,70073669018,70073669021,3
68400000000,72000000000,70073669021,70073669065,44
68400000000,72000000000,70073669065,70073669081,16
68400000000,72000000000,70073669081,70073669085,4
68400000000,72000000000,70073669085,70073669086,1
68400000000,72000000000,70073669086,70074322021,652935
68400000000,72000000000,70074322021,70074327366,5345
68400000000,72000000000,70074327366,70075081740,754374
68400000000,72000000000,70075081740,70075108816,27076
68400000000,72000000000,70075108816,70075960388,851572
68400000000,72000000000,70075960388,70075960423,35
68400000000,72000000000,70075960423,70075960440,17
68400000000,72000000000,70075960440,70075961437,997
68400000000,72000000000,70075961437,70076814265,852828
68400000000,72000000000,70076814265,70076814269,4
68400000000,72000000000,70076814269,70076814285,16
68400000000,72000000000,70076814285,70076814289,4
68400000000,72000000000,70076814289,70076814311,22
68400000000,72000000000,70076814311,70076840860,26549
68400000000,72000000000,70076840860,70076843674,2814
68400000000,72000000000,70076843674,70076843780,106
68400000000,72000000000,70076843780,70077747397,903617
68400000000,72000000000,70077747397,70077747428,31
68400000000,72000000000,70077747428,70077797402,49974
68400000000,72000000000,70077797402,70078551586,754184
68400000000,72000000000,70078551586,70078570028,18442
68400000000,72000000000,70078570028,70078580992,10964
68400000000,72000000000,70078580992,70079410190,829198
68400000000,72000000000,70079410190,70079460927,50737
68400000000,72000000000,70079460927,70080300228,839301
68400000000,72000000000,70080300228,70080300896,668
68400000000,72000000000,70080300896,70080357401,56505
68400000000,72000000000,70080357401,70080357450,49
68400000000,72000000000,70080357450,70080357455,5
68400000000,72000000000,70080357455,70080357460,5
68400000000,72000000000,70080357460,70085369805,5012345
68400000000,72000000000,70085369805,70085369832,27
68400000000,72000000000,70085369832,70085369837,5
68400000000,72000000000,70085369837,70087846165,2476328
68400000000,72000000000,70087846165,70087849781,3616
68400000000,72000000000,70087849781,70087854305,4524
68400000000,72000000000,70087854305,70089958020,2103715
68400000000,72000000000,70089958020,70089958044,24
68400000000,72000000000,70089958044,70089958065,21
68400000000,72000000000,70089958065,70090081191,123126
68400000000,72000000000,70090081191,70090090365,9174
68400000000,72000000000,70090090365,70090095619,5254
68400000000,72000000000,70090095619,70090882945,787326
68400000000,72000000000,70090882945,70090899490,16545
68400000000,72000000000,70090899490,70090899730,240
68400000000,72000000000,70090899730,70091633897,734167
68400000000,72000000000,70091633897,70091633914,17
68400000000,72000000000,70091633914,70091658270,24356
68400000000,72000000000,70091658270,70091666704,8434
68400000000,72000000000,70091666704,70092513825,847121
68400000000,72000000000,70092513825,70093354669,840844
68400000000,72000000000,70093354669,70094300689,946020
68400000000,72000000000,70094300689,70095586407,1285718
68400000000,72000000000,70095586407,70096493258,906851
68400000000,72000000000,70096493258,70099566158,3072900
68400000000,72000000000,70099566158,70099566361,203
68400000000,72000000000,70099566361,70108672986,9106625
68400000000,72000000000,70108672986,70108677218,4232
68400000000,72000000000,70108677218,70110296852,1619634
68400000000,72000000000,70110296852,70110296855,3
68400000000,72000000000,70110296855,70110296864,9
68400000000,72000000000,70110296864,70111112594,815730
68400000000,72000000000,70111112594,70123770233,12657639
68400000000,72000000000,70123770233,70125639190,1868957
68400000000,72000000000,70125639190,70125639264,74
68400000000,72000000000,70125639264,70125639269,5
68400000000,72000000000,70125639269,70126470789,831520
68400000000,72000000000,70126470789,70126501394,30605
68400000000,72000000000,70126501394,70126503937,2543
68400000000,72000000000,70126503937,70126515177,11240
68400000000,72000000000,70126515177,70126526052,10875
68400000000,72000000000,70126526052,70128500826,1974774
68400000000,72000000000,70128500826,70128500837,11
68400000000,72000000000,70128500837,70128500850,13
68400000000,72000000000,70128500850,70128500876,26
68400000000,72000000000,70128500876,70128500880,4
68400000000,72000000000,70128500880,70128500881,1
68400000000,72000000000,70128500881,70128500882,1
68400000000,72000000000,70128500882,70128501097,215
68400000000,72000000000,70128501097,70128501101,4
68400000000,72000000000,70128501101,70128501102,1
68400000000,72000000000,70128501102,70130830774,2329672
68400000000,72000000000,70130830774,70130830960,186
68400000000,72000000000,70130830960,70130836789,5829
68400000000,72000000000,70130836789,70130837766,977
68400000000,72000000000,70130837766,70130837777,11
68400000000,72000000000,70130837777,70138529606,7691829
68400000000,72000000000,70138529606,70140179450,1649844
68400000000,72000000000,70140179450,70140202913,23463
68400000000,72000000000,70140202913,70141165714,962801
68400000000,72000000000,70141165714,70142768596,1602882
68400000000,72000000000,70142768596,70143651841,883245
68400000000,72000000000,70143651841,70143655523,3682
68400000000,72000000000,70143655523,70147360522,3704999
68400000000,72000000000,70147360522,70147360635,113
68400000000,72000000000,70147360635,70151759023,4398388
68400000000,72000000000,70151759023,70153304652,1545629
68400000000,72000000000,70153304652,70153350820,46168
68400000000,72000000000,70153350820,70153353369,2549
68400000000,72000000000,70153353369,70162785343,9431974
68400000000,72000000000,70162785343,70164388120,1602777
68400000000,72000000000,70164388120,70164388124,4
68400000000,72000000000,70164388124,70164388125,1
68400000000,72000000000,70164388125,70164388126,1
68400000000,72000000000,70164388126,70164919673,531547
68400000000,72000000000,70164919673,70165733791,814118
68400000000,72000000000,70165733791,70165733791,0
68400000000,72000000000,70165733791,70165782295,48504
68400000000,72000000000,70165782295,70165782382,87
68400000000,72000000000,70165782382,70165782387,5
68400000000,72000000000,70165782387,70166604298,821911
68400000000,72000000000,70166604298,70166604486,188
68400000000,72000000000,70166604486,70166604702,216
68400000000,72000000000,70166604702,70167572178,967476
68400000000,72000000000,70167572178,70172138546,4566368
68400000000,72000000000,70172138546,70173805733,1667187
68400000000,72000000000,70173805733,70175425558,1619825
68400000000,72000000000,70175425558,70179713976,4288418
68400000000,72000000000,70179713976,70180835902,1121926
68400000000,72000000000,70180835902,70180848396,12494
68400000000,72000000000,70180848396,70180857539,9143
68400000000,72000000000,70180857539,70181597431,739892
68400000000,72000000000,70181597431,70183215578,1618147
68400000000,72000000000,70183215578,70183215583,5
68400000000,72000000000,70183215583,70183216156,573
68400000000,72000000000,70183216156,70183216160,4
68400000000,72000000000,70183216160,70183216161,1
68400000000,72000000000,70183216161,70183216162,1
68400000000,72000000000,70183216162,70183216194,32
68400000000,72000000000,70183216194,70183216198,4
68400000000,72000000000,70183216198,70183216199,1
68400000000,72000000000,70183216199,70183216200,1
68400000000,72000000000,70183216200,70183584201,368001
68400000000,72000000000,70183584201,70184355680,771479
68400000000,72000000000,70184355680,70184360161,4481
68400000000,72000000000,70184360161,70185924419,1564258
68400000000,72000000000,70185924419,70186722817,798398
68400000000,72000000000,70186722817,70186722848,31
68400000000,72000000000,70186722848,70186722885,37
68400000000,72000000000,70186722885,70186723074,189
68400000000,72000000000,70186723074,70186723251,177
68400000000,72000000000,70186723251,70186738314,15063
68400000000,72000000000,70186738314,70186738332,18
68400000000,72000000000,70186738332,70189600720,2862388
68400000000,72000000000,70189600720,70189600807,87
68400000000,72000000000,70189600807,70189600811,4
68400000000,72000000000,70189600811,70189600812,1
68400000000,72000000000,70189600812,70189601458,646
68400000000,72000000000,70189601458,70189603086,1628
68400000000,72000000000,70189603086,70189704282,101196
68400000000,72000000000,70189704282,70189704282,0
68400000000,72000000000,70189704282,70191328838,1624556
68400000000,72000000000,70191328838,70191328855,17
68400000000,72000000000,70191328855,70197692636,6363781
68400000000,72000000000,70197692636,70200310580,2617944
68400000000,72000000000,70200310580,70202118231,1807651
68400000000,72000000000,70202118231,70211629977,9511746
68400000000,72000000000,70211629977,70211629978,1
68400000000,72000000000,70211629978,70213271347,1641369
68400000000,72000000000,70213271347,70213271358,11
68400000000,72000000000,70213271358,70229742596,16471238
68400000000,72000000000,70229742596,70229742615,19
68400000000,72000000000,70229742615,70230728528,985913
68400000000,72000000000,70230728528,70234230026,3501498
68400000000,72000000000,70234230026,70234230045,19
68400000000,72000000000,70234230045,70237250452,3020407
68400000000,72000000000,70237250452,70238133509,883057
68400000000,72000000000,70238133509,70238144435,10926
68400000000,72000000000,70238144435,70239038754,894319
68400000000,72000000000,70239038754,70239062332,23578
68400000000,72000000000,70239062332,70239946483,884151
68400000000,72000000000,70239946483,70239946515,32
68400000000,72000000000,70239946515,70239968371,21856
68400000000,72000000000,70239968371,70239978611,10240
68400000000,72000000000,70239978611,70240788873,810262
68400000000,72000000000,70240788873,70241616000,827127
68400000000,72000000000,70241616000,70242530402,914402
68400000000,72000000000,70242530402,70242530419,17
68400000000,72000000000,70242530419,70242583200,52781
68400000000,72000000000,70242583200,70244473473,1890273
68400000000,72000000000,70244473473,70248610096,4136623
68400000000,72000000000,70248610096,70250244964,1634868
68400000000,72000000000,70250244964,70250277463,32499
68400000000,72000000000,70250277463,70250297181,19718
68400000000,72000000000,70250297181,70252785115,2487934
68400000000,72000000000,70252785115,70252785118,3
68400000000,72000000000,70252785118,70252785119,1
68400000000,72000000000,70252785119,70252785633,514
68400000000,72000000000,70252785633,70255084238,2298605
68400000000,72000000000,70255084238,70255084275,37
68400000000,72000000000,70255084275,70257287379,2203104
68400000000,72000000000,70257287379,70258197215,909836
68400000000,72000000000,70258197215,70258197217,2
68400000000,72000000000,70258197217,70259469413,1272196
68400000000,72000000000,70259469413,70259469460,47
68400000000,72000000000,70259469460,70259469465,5
68400000000,72000000000,70259469465,70260436607,967142
68400000000,72000000000,70260436607,70260487217,50610
68400000000,72000000000,70260487217,70262284691,1797474
68400000000,72000000000,70262284691,70265371341,3086650
68400000000,72000000000,70265371341,70266946661,1575320
68400000000,72000000000,70266946661,70269022171,2075510
68400000000,72000000000,70269022171,70269027227,5056
68400000000,72000000000,70269027227,70269033241,6014
68400000000,72000000000,70269033241,70269036802,3561
68400000000,72000000000,70269036802,70269038920,2118
68400000000,72000000000,70269038920,70269042716,3796
68400000000,72000000000,70269042716,70269045077,2361
68400000000,72000000000,70269045077,70269049154,4077
68400000000,72000000000,70269049154,70269404875,355721
68400000000,72000000000,70269404875,70269408838,3963
68400000000,72000000000,70269408838,70273827916,4419078
68400000000,72000000000,70273827916,70273827919,3
68400000000,72000000000,70273827919,70273827958,39
68400000000,72000000000,70273827958,70273827961,3
68400000000,72000000000,70273827961,70273828007,46
68400000000,72000000000,70273828007,70273828010,3
68400000000,72000000000,70273828010,70273828018,8
68400000000,72000000000,70273828018,70273828116,98
68400000000,72000000000,70273828116,70273828128,12
68400000000,72000000000,70273828128,70273828140,12
68400000000,72000000000,70273828140,70273828153,13
68400000000,72000000000,70273828153,70274714588,886435
68400000000,72000000000,70274714588,70274714696,108
68400000000,72000000000,70274714696,70274714701,5
68400000000,72000000000,70274714701,70274714712,11
68400000000,72000000000,70274714712,70274714848,136
68400000000,72000000000,70274714848,70274714887,39
68400000000,72000000000,70274714887,70274714892,5
68400000000,72000000000,70274714892,70274714897,5
68400000000,72000000000,70274714897,70276573985,1859088
68400000000,72000000000,70276573985,70276574017,32
68400000000,72000000000,70276574017,70276574475,458
68400000000,72000000000,70276574475,70278321681,1747206
68400000000,72000000000,70278321681,70279142813,821132
68400000000,72000000000,70279142813,70280370852,1228039
68400000000,72000000000,70280370852,70281263307,892455
68400000000,72000000000,70281263307,70283086446,1823139
68400000000,72000000000,70283086446,70286963278,3876832
68400000000,72000000000,70286963278,70286963280,2
68400000000,72000000000,70286963280,70286964610,1330
68400000000,72000000000,70286964610,70286964677,67
68400000000,72000000000,70286964677,70286964684,7
68400000000,72000000000,70286964684,70290818634,3853950
68400000000,72000000000,70290818634,70291269132,450498
68400000000,72000000000,70291269132,70292234992,965860
68400000000,72000000000,70292234992,70292235013,21
68400000000,72000000000,70292235013,70293222861,987848
68400000000,72000000000,70293222861,70295062749,1839888
68400000000,72000000000,70295062749,70297833175,2770426
68400000000,72000000000,70297833175,70298689912,856737
68400000000,72000000000,70298689912,70301702025,3012113
68400000000,72000000000,70301702025,70303566388,1864363
68400000000,72000000000,70303566388,70304502544,936156
68400000000,72000000000,70304502544,70304504406,1862
68400000000,72000000000,70304504406,70304504582,176
68400000000,72000000000,70304504582,70308119374,3614792
68400000000,72000000000,70308119374,70309801153,1681779
68400000000,72000000000,70309801153,70309835457,34304
68400000000,72000000000,70309835457,70310705091,869634
68400000000,72000000000,70310705091,70310707087,1996
68400000000,72000000000,70310707087,70310709600,2513
68400000000,72000000000,70310709600,70312588381,1878781
68400000000,72000000000,70312588381,70312588384,3
68400000000,72000000000,70312588384,70312588393,9
68400000000,72000000000,70312588393,70312588406,13
68400000000,72000000000,70312588406,70313698614,1110208
68400000000,72000000000,70313698614,70313726663,28049
68400000000,72000000000,70313726663,70319641087,5914424
68400000000,72000000000,70319641087,70320565856,924769
68400000000,72000000000,70320565856,70320565859,3
68400000000,72000000000,70320565859,70320566500,641
68400000000,72000000000,70320566500,70322249433,1682933
68400000000,72000000000,70322249433,70327121288,4871855
68400000000,72000000000,70327121288,70327918421,797133
68400000000,72000000000,70327918421,70327918488,67
68400000000,72000000000,70327918488,70327918493,5
68400000000,72000000000,70327918493,70328791254,872761
68400000000,72000000000,70328791254,70328972144,180890
68400000000,72000000000,70328972144,70328982000,9856
68400000000,72000000000,70328982000,70328986203,4203
68400000000,72000000000,70328986203,70330624814,1638611
68400000000,72000000000,70330624814,70330633028,8214
68400000000,72000000000,70330633028,70331474359,841331
68400000000,72000000000,70331474359,70331474362,3
68400000000,72000000000,70331474362,70331474402,40
68400000000,72000000000,70331474402,70331474405,3
68400000000,72000000000,70331474405,70331474440,35
68400000000,72000000000,70331474440,70331474444,4
68400000000,72000000000,70331474444,70331474445,1
68400000000,72000000000,70331474445,70331474446,1
68400000000,72000000000,70331474446,70333159898,1685452
68400000000,72000000000,70333159898,70333159901,3
68400000000,72000000000,70333159901,70336043685,2883784
68400000000,72000000000,70336043685,70336043697,12
68400000000,72000000000,70336043697,70336043722,25
68400000000,72000000000,70336043722,70336043905,183
68400000000,72000000000,70336043905,70336043927,22
68400000000,72000000000,70336043927,70336044367,440
68400000000,72000000000,70336044367,70337166781,1122414
68400000000,72000000000,70337166781,70340491707,3324926
68400000000,72000000000,70340491707,70341313821,822114
68400000000,72000000000,70341313821,70341319382,5561
68400000000,72000000000,70341319382,70341327166,7784
68400000000,72000000000,70341327166,70342992220,1665054
68400000000,72000000000,70342992220,70342992283,63
68400000000,72000000000,70342992283,70343009537,17254
68400000000,72000000000,70343009537,70343855469,845932
68400000000,72000000000,70343855469,70344705946,850477
68400000000,72000000000,70344705946,70345853460,1147514
68400000000,72000000000,70345853460,70345857917,4457
68400000000,72000000000,70345857917,70345857922,5
68400000000,72000000000,70345857922,70345858892,970
68400000000,72000000000,70345858892,70345859270,378
68400000000,72000000000,70345859270,70345859275,5
68400000000,72000000000,70345859275,70345860002,727
68400000000,72000000000,70345860002,70347330611,1470609
68400000000,72000000000,70347330611,70349424541,2093930
68400000000,72000000000,70349424541,70353787426,4362885
68400000000,72000000000,70353787426,70354627916,840490
68400000000,72000000000,70354627916,70355485839,857923
68400000000,72000000000,70355485839,70357143716,1657877
68400000000,72000000000,70357143716,70358309799,1166083
68400000000,72000000000,70358309799,70359953108,1643309
68400000000,72000000000,70359953108,70360780203,827095
68400000000,72000000000,70360780203,70361585870,805667
68400000000,72000000000,70361585870,70362462287,876417
68400000000,72000000000,70362462287,70362501749,39462
68400000000,72000000000,70362501749,70377490400,14988651
68400000000,72000000000,70377490400,70379219151,1728751
68400000000,72000000000,70379219151,70379219155,4
68400000000,72000000000,70379219155,70380289830,1070675
68400000000,72000000000,70380289830,70386208325,5918495
68400000000,72000000000,70386208325,70387832817,1624492
68400000000,72000000000,70387832817,70390943529,3110712
68400000000,72000000000,70390943529,70390947945,4416
68400000000,72000000000,70390947945,70392543434,1595489
68400000000,72000000000,70392543434,70392543456,22
68400000000,72000000000,70392543456,70398689430,6145974
68400000000,72000000000,70398689430,70398737975,48545
68400000000,72000000000,70398737975,70400268181,1530206
68400000000,72000000000,70400268181,70400268192,11
68400000000,72000000000,70400268192,70407274321,7006129
68400000000,72000000000,70407274321,70408941706,1667385
68400000000,72000000000,70408941706,70408946470,4764
68400000000,72000000000,70408946470,70410574406,1627936
68400000000,72000000000,70410574406,70418419160,7844754
68400000000,72000000000,70418419160,70421502121,3082961
68400000000,72000000000,70421502121,70422596738,1094617
68400000000,72000000000,70422596738,70422596797,59
68400000000,72000000000,70422596797,70422596802,5
68400000000,72000000000,70422596802,70422596807,5
68400000000,72000000000,70422596807,70427495694,4898887
68400000000,72000000000,70427495694,70431275231,3779537
68400000000,72000000000,70431275231,70431275827,596
68400000000,72000000000,70431275827,70431275832,5
68400000000,72000000000,70431275832,70431275837,5
68400000000,72000000000,70431275837,70438034321,6758484
68400000000,72000000000,70438034321,70438799795,765474
68400000000,72000000000,70438799795,70439553328,753533
68400000000,72000000000,70439553328,70444650007,5096679
68400000000,72000000000,70444650007,70447100902,2450895
68400000000,72000000000,70447100902,70448735152,1634250
68400000000,72000000000,70448735152,70448755787,20635
68400000000,72000000000,70448755787,70448756276,489
68400000000,72000000000,70448756276,70448756280,4
68400000000,72000000000,70448756280,70448756295,15
68400000000,72000000000,70448756295,70452031632,3275337
68400000000,72000000000,70452031632,70452031649,17
68400000000,72000000000,70452031649,70452931562,899913
68400000000,72000000000,70452931562,70454512790,1581228
68400000000,72000000000,70454512790,70463164596,8651806
68400000000,72000000000,70463164596,70466781051,3616455
68400000000,72000000000,70466781051,70466873483,92432
68400000000,72000000000,70466873483,70468348919,1475436
68400000000,72000000000,70468348919,70468348923,4
68400000000,72000000000,70468348923,70468348932,9
68400000000,72000000000,70468348932,70469202845,853913
68400000000,72000000000,70469202845,70469202849,4
68400000000,72000000000,70469202849,70470085608,882759
68400000000,72000000000,70470085608,70471900036,1814428
68400000000,72000000000,70471900036,70478576085,6676049
68400000000,72000000000,70478576085,70478576136,51
68400000000,72000000000,70478576136,70478576142,6
68400000000,72000000000,70478576142,70480283528,1707386
68400000000,72000000000,70480283528,70483647268,3363740
68400000000,72000000000,70483647268,70483651365,4097
68400000000,72000000000,70483651365,70485194714,1543349
68400000000,72000000000,70485194714,70485194739,25
68400000000,72000000000,70485194739,70485194743,4
68400000000,72000000000,70485194743,70485194744,1
68400000000,72000000000,70485194744,70485920181,725437
68400000000,72000000000,70485920181,70485920218,37
68400000000,72000000000,70485920218,70486735744,815526
68400000000,72000000000,70486735744,70488575685,1839941
68400000000,72000000000,70488575685,70501948666,13372981
68400000000,72000000000,70501948666,70502774122,825456
68400000000,72000000000,70502774122,70503597393,823271
68400000000,72000000000,70503597393,70512562098,8964705
68400000000,72000000000,70512562098,70512568966,6868
68400000000,72000000000,70512568966,70513339683,770717
68400000000,72000000000,70513339683,70514136534,796851
68400000000,72000000000,70514136534,70514136545,11
68400000000,72000000000,70514136545,70517516260,3379715
68400000000,72000000000,70517516260,70517516283,23
68400000000,72000000000,70517516283,70527355548,9839265
68400000000,72000000000,70527355548,70528802327,1446779
68400000000,72000000000,70528802327,70528802332,5
68400000000,72000000000,70528802332,70529629150,826818
68400000000,72000000000,70529629150,70532333488,2704338
68400000000,72000000000,70532333488,70534151415,1817927
68400000000,72000000000,70534151415,70535006417,855002
68400000000,72000000000,70535006417,70535913144,906727
68400000000,72000000000,70535913144,70539660203,3747059
68400000000,72000000000,70539660203,70539660207,4
68400000000,72000000000,70539660207,70539660222,15
68400000000,72000000000,70539660222,70541554987,1894765
68400000000,72000000000,70541554987,70541555056,69
68400000000,72000000000,70541555056,70541555061,5
68400000000,72000000000,70541555061,70541555066,5
68400000000,72000000000,70541555066,70545237186,3682120
68400000000,72000000000,70545237186,70545248319,11133
68400000000,72000000000,70545248319,70545252001,3682
68400000000,72000000000,70545252001,70547526129,2274128
68400000000,72000000000,70547526129,70547526132,3
68400000000,72000000000,70547526132,70547526676,544
68400000000,72000000000,70547526676,70547526700,24
68400000000,72000000000,70547526700,70547526704,4
68400000000,72000000000,70547526704,70547526705,1
68400000000,72000000000,70547526705,70547556469,29764
68400000000,72000000000,70547556469,70547556548,79
68400000000,72000000000,70547556548,70547556553,5
68400000000,72000000000,70547556553,70550018749,2462196
68400000000,72000000000,70550018749,70550018753,4
68400000000,72000000000,70550018753,70550018800,47
68400000000,72000000000,70550018800,70550018805,5
68400000000,72000000000,70550018805,70550786859,768054
68400000000,72000000000,70550786859,70550787805,946
68400000000,72000000000,70550787805,70550799595,11790
68400000000,72000000000,70550799595,70553045699,2246104
68400000000,72000000000,70553045699,70553045701,2
68400000000,72000000000,70553045701,70555061252,2015551
68400000000,72000000000,70555061252,70556522657,1461405
68400000000,72000000000,70556522657,70557500616,977959
68400000000,72000000000,70557500616,70558266943,766327
68400000000,72000000000,70558266943,70559923460,1656517
68400000000,72000000000,70559923460,70559923463,3
68400000000,72000000000,70559923463,70559923805,342
68400000000,72000000000,70559923805,70562865627,2941822
68400000000,72000000000,70562865627,70562872127,6500
68400000000,72000000000,70562872127,70562877285,5158
68400000000,72000000000,70562877285,70562882595,5310
68400000000,72000000000,70562882595,70567298445,4415850
68400000000,72000000000,70567298445,70567298448,3
68400000000,72000000000,70567298448,70567298470,22
68400000000,72000000000,70567298470,70567298473,3
68400000000,72000000000,70567298473,70567298509,36
68400000000,72000000000,70567298509,70567298512,3
68400000000,72000000000,70567298512,70567298534,22
68400000000,72000000000,70567298534,70568058553,760019
68400000000,72000000000,70568058553,70568058590,37
68400000000,72000000000,70568058590,70568058616,26
68400000000,72000000000,70568058616,70569019691,961075
68400000000,72000000000,70569019691,70570669907,1650216
68400000000,72000000000,70570669907,70574020037,3350130
68400000000,72000000000,70574020037,70574020106,69
68400000000,72000000000,70574020106,70574020111,5
68400000000,72000000000,70574020111,70574020116,5
68400000000,72000000000,70574020116,70576357144,2337028
68400000000,72000000000,70576357144,70578083636,1726492
68400000000,72000000000,70578083636,70579081472,997836
68400000000,72000000000,70579081472,70579081475,3
68400000000,72000000000,70579081475,70579815197,733722
68400000000,72000000000,70579815197,70580852685,1037488
68400000000,72000000000,70580852685,70580879066,26381
68400000000,72000000000,70580879066,70580885477,6411
68400000000,72000000000,70580885477,70580888070,2593
68400000000,72000000000,70580888070,70582614631,1726561
68400000000,72000000000,70582614631,70582614955,324
68400000000,72000000000,70582614955,70582615303,348
68400000000,72000000000,70582615303,70590478099,7862796
68400000000,72000000000,70590478099,70592181500,1703401
68400000000,72000000000,70592181500,70592233127,51627
68400000000,72000000000,70592233127,70593336842,1103715
68400000000,72000000000,70593336842,70593336858,16
68400000000,72000000000,70593336858,70594296652,959794
68400000000,72000000000,70594296652,70598545097,4248445
68400000000,72000000000,70598545097,70599350144,805047
68400000000,72000000000,70599350144,70599354644,4500
68400000000,72000000000,70599354644,70599373121,18477
68400000000,72000000000,70599373121,70599373168,47
68400000000,72000000000,70599373168,70599373173,5
68400000000,72000000000,70599373173,70601057244,1684071
68400000000,72000000000,70601057244,70601057261,17
68400000000,72000000000,70601057261,70601057265,4
68400000000,72000000000,70601057265,70601057266,1
68400000000,72000000000,70601057266,70601901454,844188
68400000000,72000000000,70601901454,70601902693,1239
68400000000,72000000000,70601902693,70605121174,3218481
68400000000,72000000000,70605121174,70605121229,55
68400000000,72000000000,70605121229,70605121236,7
68400000000,72000000000,70605121236,70609802983,4681747
68400000000,72000000000,70609802983,70609802999,16
68400000000,72000000000,70609802999,70610755112,952113
68400000000,72000000000,70610755112,70610755691,579
68400000000,72000000000,70610755691,70610755800,109
68400000000,72000000000,70610755800,70610755805,5
68400000000,72000000000,70610755805,70610755810,5
68400000000,72000000000,70610755810,70611787234,1031424
68400000000,72000000000,70611787234,70611789152,1918
68400000000,72000000000,70611789152,70611792711,3559
68400000000,72000000000,70611792711,70611867601,74890
68400000000,72000000000,70611867601,70613628111,1760510
68400000000,72000000000,70613628111,70613628138,27
68400000000,72000000000,70613628138,70613628149,11
68400000000,72000000000,70613628149,70620551793,6923644
68400000000,72000000000,70620551793,70623895472,3343679
68400000000,72000000000,70623895472,70624701153,805681
68400000000,72000000000,70624701153,70624706529,5376
68400000000,72000000000,70624706529,70625562327,855798
68400000000,72000000000,70625562327,70626327583,765256
68400000000,72000000000,70626327583,70626327610,27
68400000000,72000000000,70626327610,70626347738,20128
68400000000,72000000000,70626347738,70627919063,1571325
68400000000,72000000000,70627919063,70630942056,3022993
68400000000,72000000000,70630942056,70632610668,1668612
68400000000,72000000000,70632610668,70632610684,16
68400000000,72000000000,70632610684,70636880737,4270053
68400000000,72000000000,70636880737,70638432702,1551965
68400000000,72000000000,70638432702,70638450583,17881
68400000000,72000000000,70638450583,70640037097,1586514
68400000000,72000000000,70640037097,70651826041,11788944
68400000000,72000000000,70651826041,70655925194,4099153
68400000000,72000000000,70655925194,70655941837,16643
68400000000,72000000000,70655941837,70657535182,1593345
68400000000,72000000000,70657535182,70657535195,13
68400000000,72000000000,70657535195,70657651561,116366
68400000000,72000000000,70657651561,70659314861,1663300
68400000000,72000000000,70659314861,70659315025,164
68400000000,72000000000,70659315025,70659315030,5
68400000000,72000000000,70659315030,70659315167,137
68400000000,72000000000,70659315167,70662387183,3072016
68400000000,72000000000,70662387183,70662387360,177
68400000000,72000000000,70662387360,70662387365,5
68400000000,72000000000,70662387365,70665247335,2859970
68400000000,72000000000,70665247335,70665993704,746369
68400000000,72000000000,70665993704,70665993781,77
68400000000,72000000000,70665993781,70665993786,5
68400000000,72000000000,70665993786,70668546422,2552636
68400000000,72000000000,70668546422,70668546426,4
68400000000,72000000000,70668546426,70671015396,2468970
68400000000,72000000000,70671015396,70671766900,751504
68400000000,72000000000,70671766900,70671766903,3
68400000000,72000000000,70671766903,70672515365,748462
68400000000,72000000000,70672515365,70672878242,362877
68400000000,72000000000,70672878242,70672878426,184
68400000000,72000000000,70672878426,70672878433,7
68400000000,72000000000,70672878433,70673738852,860419
68400000000,72000000000,70673738852,70676720178,2981326
68400000000,72000000000,70676720178,70678334877,1614699
68400000000,72000000000,70678334877,70679187258,852381
68400000000,72000000000,70679187258,70679904910,717652
68400000000,72000000000,70679904910,70679907037,2127
68400000000,72000000000,70679907037,70680697426,790389
68400000000,72000000000,70680697426,70682342793,1645367
68400000000,72000000000,70682342793,70682342815,22
68400000000,72000000000,70682342815,70682364706,21891
68400000000,72000000000,70682364706,70684312404,1947698
68400000000,72000000000,70684312404,70697320152,13007748
68400000000,72000000000,70697320152,70697325408,5256
68400000000,72000000000,70697325408,70697328307,2899
68400000000,72000000000,70697328307,70697330846,2539
68400000000,72000000000,70697330846,70699719257,2388411
68400000000,72000000000,70699719257,70700527762,808505
68400000000,72000000000,70700527762,70700527784,22
68400000000,72000000000,70700527784,70700527890,106
68400000000,72000000000,70700527890,70700527894,4
68400000000,72000000000,70700527894,70700527979,85
68400000000,72000000000,70700527979,70702155697,1627718
68400000000,72000000000,70702155697,70702156691,994
68400000000,72000000000,70702156691,70702232944,76253
68400000000,72000000000,70702232944,70702236386,3442
68400000000,72000000000,70702236386,70702236445,59
68400000000,72000000000,70702236445,70702236450,5
68400000000,72000000000,70702236450,70702236455,5
68400000000,72000000000,70702236455,70703008032,771577
68400000000,72000000000,70703008032,70703077479,69447
68400000000,72000000000,70703077479,70703086356,8877
68400000000,72000000000,70703086356,70703867600,781244
68400000000,72000000000,70703867600,70703910444,42844
68400000000,72000000000,70703910444,70706068526,2158082
68400000000,72000000000,70706068526,70706068538,12
68400000000,72000000000,70706068538,70706068549,11
68400000000,72000000000,70706068549,70706119409,50860
68400000000,72000000000,70706119409,70706235014,115605
68400000000,72000000000,70706235014,70707995206,1760192
68400000000,72000000000,70707995206,70710920168,2924962
68400000000,72000000000,70710920168,70718152388,7232220
68400000000,72000000000,70718152388,70718154820,2432
68400000000,72000000000,70718154820,70718157491,2671
68400000000,72000000000,70718157491,70718162549,5058
68400000000,72000000000,70718162549,70718183555,21006
68400000000,72000000000,70718183555,70718197434,13879
68400000000,72000000000,70718197434,70718202426,4992
68400000000,72000000000,70718202426,70719055970,853544
68400000000,72000000000,70719055970,70720813295,1757325
68400000000,72000000000,70720813295,70724278116,3464821
68400000000,72000000000,70724278116,70724278157,41
68400000000,72000000000,70724278157,70724278176,19
68400000000,72000000000,70724278176,70724278706,530
68400000000,72000000000,70724278706,70724278709,3
68400000000,72000000000,70724278709,70724278748,39
68400000000,72000000000,70724278748,70724278801,53
68400000000,72000000000,70724278801,70724333275,54474
68400000000,72000000000,70724333275,70728825221,4491946
68400000000,72000000000,70728825221,70732139835,3314614
68400000000,72000000000,70732139835,70732155883,16048
68400000000,72000000000,70732155883,70732155887,4
68400000000,72000000000,70732155887,70732155888,1
68400000000,72000000000,70732155888,70732155974,86
68400000000,72000000000,70732155974,70732155990,16
68400000000,72000000000,70732155990,70732155994,4
68400000000,72000000000,70732155994,70732155995,1
68400000000,72000000000,70732155995,70735158866,3002871
68400000000,72000000000,70735158866,70735158934,68
68400000000,72000000000,70735158934,70735158939,5
68400000000,72000000000,70735158939,70736073838,914899
68400000000,72000000000,70736073838,70736163706,89868
68400000000,72000000000,70736163706,70736163840,134
68400000000,72000000000,70736163840,70738546483,2382643
68400000000,72000000000,70738546483,70738549357,2874
68400000000,72000000000,70738549357,70738556634,7277
68400000000,72000000000,70738556634,70738556650,16
68400000000,72000000000,70738556650,70739462242,905592
68400000000,72000000000,70739462242,70740422206,959964
68400000000,72000000000,70740422206,70740422224,18
68400000000,72000000000,70740422224,70740422249,25
68400000000,72000000000,70740422249,70741436357,1014108
68400000000,72000000000,70741436357,70741436357,0
68400000000,72000000000,70741436357,70742289249,852892
68400000000,72000000000,70742289249,70742289294,45
68400000000,72000000000,70742289294,70746401829,4112535
68400000000,72000000000,70746401829,70748310015,1908186
68400000000,72000000000,70748310015,70748310134,119
68400000000,72000000000,70748310134,70748310157,23
68400000000,72000000000,70748310157,70748310162,5
68400000000,72000000000,70748310162,70749379577,1069415
68400000000,72000000000,70749379577,70750778927,1399350
68400000000,72000000000,70750778927,70752587057,1808130
68400000000,72000000000,70752587057,70754898416,2311359
68400000000,72000000000,70754898416,70754898419,3
68400000000,72000000000,70754898419,70757311089,2412670
68400000000,72000000000,70757311089,70757311158,69
68400000000,72000000000,70757311158,70757311171,13
68400000000,72000000000,70757311171,70757311176,5
68400000000,72000000000,70757311176,70758569539,1258363
68400000000,72000000000,70758569539,70758572724,3185
68400000000,72000000000,70758572724,70758804159,231435
68400000000,72000000000,70758804159,70760052540,1248381
68400000000,72000000000,70760052540,70766182543,6130003
68400000000,72000000000,70766182543,70774374541,8191998
68400000000,72000000000,70774374541,70774377825,3284
68400000000,72000000000,70774377825,70775536885,1159060
68400000000,72000000000,70775536885,70776525088,988203
68400000000,72000000000,70776525088,70776525113,25
68400000000,72000000000,70776525113,70781785387,5260274
68400000000,72000000000,70781785387,70785025249,3239862
68400000000,72000000000,70785025249,70785025436,187
68400000000,72000000000,70785025436,70785025441,5
68400000000,72000000000,70785025441,70786195142,1169701
68400000000,72000000000,70786195142,70793130017,6934875
68400000000,72000000000,70793130017,70793140436,10419
68400000000,72000000000,70793140436,70793199919,59483
68400000000,72000000000,70793199919,70794339249,1139330
68400000000,72000000000,70794339249,70796341130,2001881
68400000000,72000000000,70796341130,70796341133,3
68400000000,72000000000,70796341133,70796341258,125
68400000000,72000000000,70796341258,70796341262,4
68400000000,72000000000,70796341262,70796341263,1
68400000000,72000000000,70796341263,70798190398,1849135
68400000000,72000000000,70798190398,70799170189,979791
68400000000,72000000000,70799170189,70799173930,3741
68400000000,72000000000,70799173930,70799176395,2465
68400000000,72000000000,70799176395,70800257250,1080855
68400000000,72000000000,70800257250,70801215996,958746
68400000000,72000000000,70801215996,70802163259,947263
68400000000,72000000000,70802163259,70803193735,1030476
68400000000,72000000000,70803193735,70803206413,12678
68400000000,72000000000,70803206413,70805076489,1870076
68400000000,72000000000,70805076489,70805120819,44330
68400000000,72000000000,70805120819,70806077979,957160
68400000000,72000000000,70806077979,70806083253,5274
68400000000,72000000000,70806083253,70807200356,1117103
68400000000,72000000000,70807200356,70808119424,919068
68400000000,72000000000,70808119424,70808119434,10
68400000000,72000000000,70808119434,70808972310,852876
68400000000,72000000000,70808972310,70809805532,833222
68400000000,72000000000,70809805532,70810687290,881758
68400000000,72000000000,70810687290,70816134396,5447106
68400000000,72000000000,70816134396,70818445561,2311165
68400000000,72000000000,70818445561,70819320117,874556
68400000000,72000000000,70819320117,70820222936,902819
68400000000,72000000000,70820222936,70822001664,1778728
68400000000,72000000000,70822001664,70822039727,38063
68400000000,72000000000,70822039727,70823790911,1751184
68400000000,72000000000,70823790911,70823810939,20028
68400000000,72000000000,70823810939,70824908492,1097553
68400000000,72000000000,70824908492,70825702478,793986
68400000000,72000000000,70825702478,70826560292,857814
68400000000,72000000000,70826560292,70826560296,4
68400000000,72000000000,70826560296,70827455773,895477
68400000000,72000000000,70827455773,70830573405,3117632
68400000000,72000000000,70830573405,70831437163,863758
68400000000,72000000000,70831437163,70831437465,302
68400000000,72000000000,70831437465,70833252668,1815203
68400000000,72000000000,70833252668,70837078478,3825810
68400000000,72000000000,70837078478,70838417647,1339169
68400000000,72000000000,70838417647,70838417803,156
68400000000,72000000000,70838417803,70838417812,9
68400000000,72000000000,70838417812,70839358817,941005
68400000000,72000000000,70839358817,70842967743,3608926
68400000000,72000000000,70842967743,70842971368,3625
68400000000,72000000000,70842971368,70842977366,5998
68400000000,72000000000,70842977366,70842980465,3099
68400000000,72000000000,70842980465,70842982880,2415
68400000000,72000000000,70842982880,70844821404,1838524
68400000000,72000000000,70844821404,70844821431,27
68400000000,72000000000,70844821431,70844821435,4
68400000000,72000000000,70844821435,70844821557,122
68400000000,72000000000,70844821557,70844821567,10
68400000000,72000000000,70844821567,70844821579,12
68400000000,72000000000,70844821579,70845703649,882070
68400000000,72000000000,70845703649,70845779042,75393
68400000000,72000000000,70845779042,70847636585,1857543
68400000000,72000000000,70847636585,70851430826,3794241
68400000000,72000000000,70851430826,70853081929,1651103
68400000000,72000000000,70853081929,70853111021,29092
68400000000,72000000000,70853111021,70854302296,1191275
68400000000,72000000000,70854302296,70855076311,774015
68400000000,72000000000,70855076311,70855076315,4
68400000000,72000000000,70855076315,70855931578,855263
68400000000,72000000000,70855931578,70855932103,525
68400000000,72000000000,70855932103,70855971750,39647
68400000000,72000000000,70855971750,70857007978,1036228
68400000000,72000000000,70857007978,70857800211,792233
68400000000,72000000000,70857800211,70858618973,818762
68400000000,72000000000,70858618973,70860005210,1386237
68400000000,72000000000,70860005210,70860005212,2
68400000000,72000000000,70860005212,70860005915,703
68400000000,72000000000,70860005915,70860005934,19
68400000000,72000000000,70860005934,70861222764,1216830
68400000000,72000000000,70861222764,70861225099,2335
68400000000,72000000000,70861225099,70861233007,7908
68400000000,72000000000,70861233007,70861236169,3162
68400000000,72000000000,70861236169,70862033054,796885
68400000000,72000000000,70862033054,70862056458,23404
68400000000,72000000000,70862056458,70863680885,1624427
68400000000,72000000000,70863680885,70863680889,4
68400000000,72000000000,70863680889,70863680890,1
68400000000,72000000000,70863680890,70863681015,125
68400000000,72000000000,70863681015,70863681019,4
68400000000,72000000000,70863681019,70863681190,171
68400000000,72000000000,70863681190,70863681195,5
68400000000,72000000000,70863681195,70863681328,133
68400000000,72000000000,70863681328,70863761301,79973
68400000000,72000000000,70863761301,70864606083,844782
68400000000,72000000000,70864606083,70864633020,26937
68400000000,72000000000,70864633020,70866246545,1613525
68400000000,72000000000,70866246545,70866248966,2421
68400000000,72000000000,70866248966,70866251558,2592
68400000000,72000000000,70866251558,70866254233,2675
68400000000,72000000000,70866254233,70866259657,5424
68400000000,72000000000,70866259657,70866518180,258523
68400000000,72000000000,70866518180,70868114996,1596816
68400000000,72000000000,70868114996,70869010300,895304
68400000000,72000000000,70869010300,70869876168,865868
68400000000,72000000000,70869876168,70872992843,3116675
68400000000,72000000000,70872992843,70874094207,1101364
68400000000,72000000000,70874094207,70875856989,1762782
68400000000,72000000000,70875856989,70876805380,948391
68400000000,72000000000,70876805380,70876828954,23574
68400000000,72000000000,70876828954,70876832219,3265
68400000000,72000000000,70876832219,70876832237,18
68400000000,72000000000,70876832237,70877989024,1156787
68400000000,72000000000,70877989024,70877997248,8224
68400000000,72000000000,70877997248,70878902734,905486
68400000000,72000000000,70878902734,70878902753,19
68400000000,72000000000,70878902753,70879853806,951053
68400000000,72000000000,70879853806,70879853952,146
68400000000,72000000000,70879853952,70880870428,1016476
68400000000,72000000000,70880870428,70880870875,447
68400000000,72000000000,70880870875,70880932500,61625
68400000000,72000000000,70880932500,70880935134,2634
68400000000,72000000000,70880935134,70880938148,3014
68400000000,72000000000,70880938148,70883270892,2332744
68400000000,72000000000,70883270892,70883270904,12
68400000000,72000000000,70883270904,70883270938,34
68400000000,72000000000,70883270938,70887789309,4518371
68400000000,72000000000,70887789309,70889505333,1716024
68400000000,72000000000,70889505333,70889538352,33019
68400000000,72000000000,70889538352,70890422851,884499
68400000000,72000000000,70890422851,70890423118,267
68400000000,72000000000,70890423118,70890423123,5
68400000000,72000000000,70890423123,70891428446,1005323
68400000000,72000000000,70891428446,70895247600,3819154
68400000000,72000000000,70895247600,70895248003,403
68400000000,72000000000,70895248003,70895248683,680
68400000000,72000000000,70895248683,70895251510,2827
68400000000,72000000000,70895251510,70902870885,7619375
68400000000,72000000000,70902870885,70903807591,936706
68400000000,72000000000,70903807591,70903835596,28005
68400000000,72000000000,70903835596,70903914020,78424
68400000000,72000000000,70903914020,70903931902,17882
68400000000,72000000000,70903931902,70903939160,7258
68400000000,72000000000,70903939160,70903943688,4528
68400000000,72000000000,70903943688,70903946780,3092
68400000000,72000000000,70903946780,70903949436,2656
68400000000,72000000000,70903949436,70903953844,4408
68400000000,72000000000,70903953844,70903956861,3017
68400000000,72000000000,70903956861,70903960736,3875
68400000000,72000000000,70903960736,70904324293,363557
68400000000,72000000000,70904324293,70904324361,68
68400000000,72000000000,70904324361,70904324366,5
68400000000,72000000000,70904324366,70907564576,3240210
68400000000,72000000000,70907564576,70907564581,5
68400000000,72000000000,70907564581,70907564602,21
68400000000,72000000000,70907564602,70907564606,4
68400000000,72000000000,70907564606,70907564607,1
68400000000,72000000000,70907564607,70907564608,1
68400000000,72000000000,70907564608,70907564678,70
68400000000,72000000000,70907564678,70907564682,4
68400000000,72000000000,70907564682,70907564683,1
68400000000,72000000000,70907564683,70907564684,1
68400000000,72000000000,70907564684,70907564761,77
68400000000,72000000000,70907564761,70907564785,24
68400000000,72000000000,70907564785,70907564816,31
68400000000,72000000000,70907564816,70907564851,35
68400000000,72000000000,70907564851,70907564889,38
68400000000,72000000000,70907564889,70907564913,24
68400000000,72000000000,70907564913,70907564944,31
68400000000,72000000000,70907564944,70907564968,24
68400000000,72000000000,70907564968,70907564972,4
68400000000,72000000000,70907564972,70907564973,1
68400000000,72000000000,70907564973,70907564974,1
68400000000,72000000000,70907564974,70908581930,1016956
68400000000,72000000000,70908581930,70908582326,396
68400000000,72000000000,70908582326,70911383608,2801282
68400000000,72000000000,70911383608,70911383631,23
68400000000,72000000000,70911383631,70911383753,122
68400000000,72000000000,70911383753,70911384094,341
68400000000,72000000000,70911384094,70911390488,6394
68400000000,72000000000,70911390488,70911391164,676
68400000000,72000000000,70911391164,70911391688,524
68400000000,72000000000,70911391688,70912980912,1589224
68400000000,72000000000,70912980912,70912982270,1358
68400000000,72000000000,70912982270,70914046255,1063985
68400000000,72000000000,70914046255,70914933316,887061
68400000000,72000000000,70914933316,70914933328,12
68400000000,72000000000,70914933328,70914933340,12
68400000000,72000000000,70914933340,70916409250,1475910
68400000000,72000000000,70916409250,70916409417,167
68400000000,72000000000,70916409417,70916409424,7
68400000000,72000000000,70916409424,70918538830,2129406
68400000000,72000000000,70918538830,70918558165,19335
68400000000,72000000000,70918558165,70920262137,1703972
68400000000,72000000000,70920262137,70921332129,1069992
68400000000,72000000000,70921332129,70923988897,2656768
68400000000,72000000000,70923988897,70924130561,141664
68400000000,72000000000,70924130561,70924135114,4553
68400000000,72000000000,70924135114,70927159710,3024596
68400000000,72000000000,70927159710,70927159713,3
68400000000,72000000000,70927159713,70927159764,51
68400000000,72000000000,70927159764,70928065669,905905
68400000000,72000000000,70928065669,70928119881,54212
68400000000,72000000000,70928119881,70928121432,1551
68400000000,72000000000,70928121432,70939184834,11063402
68400000000,72000000000,70939184834,70939198764,13930
68400000000,72000000000,70939198764,70939202369,3605
68400000000,72000000000,70939202369,70943367849,4165480
68400000000,72000000000,70943367849,70943370043,2194
68400000000,72000000000,70943370043,70943382434,12391
68400000000,72000000000,70943382434,70945077467,1695033
68400000000,72000000000,70945077467,70945077791,324
68400000000,72000000000,70945077791,70945077796,5
68400000000,72000000000,70945077796,70945077803,7
68400000000,72000000000,70945077803,70947193941,2116138
68400000000,72000000000,70947193941,70947246023,52082
68400000000,72000000000,70947246023,70949496586,2250563
68400000000,72000000000,70949496586,70949496591,5
68400000000,72000000000,70949496591,70949496609,18
68400000000,72000000000,70949496609,70949496640,31
68400000000,72000000000,70949496640,70951788876,2292236
68400000000,72000000000,70951788876,70952870757,1081881
68400000000,72000000000,70952870757,70955889921,3019164
68400000000,72000000000,70955889921,70959124406,3234485
68400000000,72000000000,70959124406,70963613534,4489128
68400000000,72000000000,70963613534,70967505651,3892117
68400000000,72000000000,70967505651,70967506038,387
68400000000,72000000000,70967506038,70967506045,7
68400000000,72000000000,70967506045,70975315393,7809348
68400000000,72000000000,70975315393,70975315396,3
68400000000,72000000000,70975315396,70977242371,1926975
68400000000,72000000000,70977242371,70998359056,21116685
68400000000,72000000000,70998359056,71000047470,1688414
68400000000,72000000000,71000047470,71000074751,27281
68400000000,72000000000,71000074751,71000078937,4186
68400000000,72000000000,71000078937,71000081748,2811
68400000000,72000000000,71000081748,71000086353,4605
68400000000,72000000000,71000086353,71000088730,2377
68400000000,72000000000,71000088730,71000093268,4538
68400000000,72000000000,71000093268,71000097458,4190
68400000000,72000000000,71000097458,71000113656,16198
68400000000,72000000000,71000113656,71000129844,16188
68400000000,72000000000,71000129844,71000137230,7386
68400000000,72000000000,71000137230,71000154278,17048
68400000000,72000000000,71000154278,71004502382,4348104
68400000000,72000000000,71004502382,71004502423,41
68400000000,72000000000,71004502423,71004502427,4
68400000000,72000000000,71004502427,71004502478,51
68400000000,72000000000,71004502478,71004502512,34
68400000000,72000000000,71004502512,71004502516,4
68400000000,72000000000,71004502516,71004502582,66
68400000000,72000000000,71004502582,71004502626,44
68400000000,72000000000,71004502626,71004502631,5
68400000000,72000000000,71004502631,71004503222,591
68400000000,72000000000,71004503222,71004503225,3
68400000000,72000000000,71004503225,71004503226,1
68400000000,72000000000,71004503226,71004504255,1029
68400000000,72000000000,71004504255,71004504260,5
68400000000,72000000000,71004504260,71004504261,1
68400000000,72000000000,71004504261,71004504810,549
68400000000,72000000000,71004504810,71010435100,5930290
68400000000,72000000000,71010435100,71010435284,184
68400000000,72000000000,71010435284,71010435461,177
68400000000,72000000000,71010435461,71010435481,20
68400000000,72000000000,71010435481,71010435504,23
68400000000,72000000000,71010435504,71010453474,17970
68400000000,72000000000,71010453474,71010453519,45
68400000000,72000000000,71010453519,71010453573,54
68400000000,72000000000,71010453573,71010465505,11932
68400000000,72000000000,71010465505,71012733569,2268064
68400000000,72000000000,71012733569,71021333464,8599895
68400000000,72000000000,71021333464,71021333982,518
68400000000,72000000000,71021333982,71021333987,5
68400000000,72000000000,71021333987,71022297284,963297
68400000000,72000000000,71022297284,71025443541,3146257
68400000000,72000000000,71025443541,71025443544,3
68400000000,72000000000,71025443544,71026975914,1532370
68400000000,72000000000,71026975914,71028705799,1729885
68400000000,72000000000,71028705799,71028865336,159537
68400000000,72000000000,71028865336,71028866878,1542
68400000000,72000000000,71028866878,71028867079,201
68400000000,72000000000,71028867079,71030099808,1232729
68400000000,72000000000,71030099808,71030102278,2470
68400000000,72000000000,71030102278,71030105150,2872
68400000000,72000000000,71030105150,71030107542,2392
68400000000,72000000000,71030107542,71030112671,5129
68400000000,72000000000,71030112671,71030117611,4940
68400000000,72000000000,71030117611,71030121213,3602
68400000000,72000000000,71030121213,71032975206,2853993
68400000000,72000000000,71032975206,71033888610,913404
68400000000,72000000000,71033888610,71033888628,18
68400000000,72000000000,71033888628,71033888671,43
68400000000,72000000000,71033888671,71033888674,3
68400000000,72000000000,71033888674,71033888675,1
68400000000,72000000000,71033888675,71033888735,60
68400000000,72000000000,71033888735,71033888738,3
68400000000,72000000000,71033888738,71033888787,49
68400000000,72000000000,71033888787,71033888791,4
68400000000,72000000000,71033888791,71033888946,155
68400000000,72000000000,71033888946,71033889582,636
68400000000,72000000000,71033889582,71033990738,101156
68400000000,72000000000,71033990738,71035032122,1041384
68400000000,72000000000,71035032122,71035034894,2772
68400000000,72000000000,71035034894,71035034901,7
68400000000,72000000000,71035034901,71037884591,2849690
68400000000,72000000000,71037884591,71037885043,452
68400000000,72000000000,71037885043,71037886968,1925
68400000000,72000000000,71037886968,71037886980,12
68400000000,72000000000,71037886980,71041578727,3691747
68400000000,72000000000,71041578727,71041583944,5217
68400000000,72000000000,71041583944,71043439719,1855775
68400000000,72000000000,71043439719,71044503683,1063964
68400000000,72000000000,71044503683,71044504295,612
68400000000,72000000000,71044504295,71045613634,1109339
68400000000,72000000000,71045613634,71046604397,990763
68400000000,72000000000,71046604397,71047829754,1225357
68400000000,72000000000,71047829754,71050968688,3138934
68400000000,72000000000,71050968688,71052152823,1184135
68400000000,72000000000,71052152823,71052264433,111610
68400000000,72000000000,71052264433,71052267266,2833
68400000000,72000000000,71052267266,71052267333,67
68400000000,72000000000,71052267333,71052267338,5
68400000000,72000000000,71052267338,71053535644,1268306
68400000000,72000000000,71053535644,71053539316,3672
68400000000,72000000000,71053539316,71053548480,9164
68400000000,72000000000,71053548480,71053552149,3669
68400000000,72000000000,71053552149,71053557776,5627
68400000000,72000000000,71053557776,71053567218,9442
68400000000,72000000000,71053567218,71053576799,9581
68400000000,72000000000,71053576799,71053587155,10356
68400000000,72000000000,71053587155,71053597920,10765
68400000000,72000000000,71053597920,71053759558,161638
68400000000,72000000000,71053759558,71054807364,1047806
68400000000,72000000000,71054807364,71059974740,5167376
68400000000,72000000000,71059974740,71059974744,4
68400000000,72000000000,71059974744,71059974745,1
68400000000,72000000000,71059974745,71059974746,1
68400000000,72000000000,71059974746,71059974981,235
68400000000,72000000000,71059974981,71059974985,4
68400000000,72000000000,71059974985,71059975027,42
68400000000,72000000000,71059975027,71059975031,4
68400000000,72000000000,71059975031,71059975032,1
68400000000,72000000000,71059975032,71059975033,1
68400000000,72000000000,71059975033,71059975271,238
68400000000,72000000000,71059975271,71059975274,3
68400000000,72000000000,71059975274,71059975275,1
68400000000,72000000000,71059975275,71059975326,51
68400000000,72000000000,71059975326,71059975463,137
68400000000,72000000000,71059975463,71059975650,187
68400000000,72000000000,71059975650,71059975769,119
68400000000,72000000000,71059975769,71059981578,5809
68400000000,72000000000,71059981578,71062830831,2849253
68400000000,72000000000,71062830831,71064061506,1230675
68400000000,72000000000,71064061506,71064061672,166
68400000000,72000000000,71064061672,71064062078,406
68400000000,72000000000,71064062078,71064062239,161
68400000000,72000000000,71064062239,71064067859,5620
68400000000,72000000000,71064067859,71064073489,5630
68400000000,72000000000,71064073489,71064077627,4138
68400000000,72000000000,71064077627,71068158858,4081231
68400000000,72000000000,71068158858,71068158875,17
68400000000,72000000000,71068158875,71068270282,111407
68400000000,72000000000,71068270282,71069407010,1136728
68400000000,72000000000,71069407010,71070913250,1506240
68400000000,72000000000,71070913250,71072024843,1111593
68400000000,72000000000,71072024843,71072637227,612384
68400000000,72000000000,71072637227,71072641043,3816
68400000000,72000000000,71072641043,71074950505,2309462
68400000000,72000000000,71074950505,71074950589,84
68400000000,72000000000,71074950589,71075002877,52288
68400000000,72000000000,71075002877,71075015071,12194
68400000000,72000000000,71075015071,71075016951,1880
68400000000,72000000000,71075016951,71075022918,5967
68400000000,72000000000,71075022918,71075031129,8211
68400000000,72000000000,71075031129,71075211795,180666
68400000000,72000000000,71075211795,71075221491,9696
68400000000,72000000000,71075221491,71075226986,5495
68400000000,72000000000,71075226986,71075229374,2388
68400000000,72000000000,71075229374,71077723325,2493951
68400000000,72000000000,71077723325,71078778666,1055341
68400000000,72000000000,71078778666,71078779711,1045
68400000000,72000000000,71078779711,71078781078,1367
68400000000,72000000000,71078781078,71079823490,1042412
68400000000,72000000000,71079823490,71079823493,3
68400000000,72000000000,71079823493,71079823596,103
68400000000,72000000000,71079823596,71079823599,3
68400000000,72000000000,71079823599,71079823600,1
68400000000,72000000000,71079823600,71079823601,1
68400000000,72000000000,71079823601,71079823851,250
68400000000,72000000000,71079823851,71079823854,3
68400000000,72000000000,71079823854,71079823869,15
68400000000,72000000000,71079823869,71079823915,46
68400000000,72000000000,71079823915,71079823918,3
68400000000,72000000000,71079823918,71080260305,436387
68400000000,72000000000,71080260305,71083490567,3230262
68400000000,72000000000,71083490567,71083496230,5663
68400000000,72000000000,71083496230,71083496670,440
68400000000,72000000000,71083496670,71083497094,424
68400000000,72000000000,71083497094,71083497241,147
68400000000,72000000000,71083497241,71083502573,5332
68400000000,72000000000,71083502573,71083502616,43
68400000000,72000000000,71083502616,71083502628,12
68400000000,72000000000,71083502628,71083502956,328
68400000000,72000000000,71083502956,71083502979,23
68400000000,72000000000,71083502979,71085038886,1535907
68400000000,72000000000,71085038886,71087338871,2299985
68400000000,72000000000,71087338871,71090622094,3283223
68400000000,72000000000,71090622094,71091917512,1295418
68400000000,72000000000,71091917512,71091936404,18892
68400000000,72000000000,71091936404,71093946754,2010350
68400000000,72000000000,71093946754,71097524473,3577719
68400000000,72000000000,71097524473,71097535977,11504
68400000000,72000000000,71097535977,71100997181,3461204
68400000000,72000000000,71100997181,71100997185,4
68400000000,72000000000,71100997185,71100997186,1
68400000000,72000000000,71100997186,71100997187,1
68400000000,72000000000,71100997187,71100997396,209
68400000000,72000000000,71100997396,71101347605,350209
68400000000,72000000000,71101347605,71101352147,4542
68400000000,72000000000,71101352147,71101352152,5
68400000000,72000000000,71101352152,71104184489,2832337
68400000000,72000000000,71104184489,71104184645,156
68400000000,72000000000,71104184645,71104191199,6554
68400000000,72000000000,71104191199,71107833301,3642102
68400000000,72000000000,71107833301,71109051045,1217744
68400000000,72000000000,71109051045,71110169856,1118811
68400000000,72000000000,71110169856,71111083504,913648
68400000000,72000000000,71111083504,71112010697,927193
68400000000,72000000000,71112010697,71113311994,1301297
68400000000,72000000000,71113311994,71117491257,4179263
68400000000,72000000000,71117491257,71122202837,4711580
68400000000,72000000000,71122202837,71122202954,117
68400000000,72000000000,71122202954,71122204777,1823
68400000000,72000000000,71122204777,71123400453,1195676
68400000000,72000000000,71123400453,71126207845,2807392
68400000000,72000000000,71126207845,71126207942,97
68400000000,72000000000,71126207942,71126207947,5
68400000000,72000000000,71126207947,71127331578,1123631
68400000000,72000000000,71127331578,71129705456,2373878
68400000000,72000000000,71129705456,71131187513,1482057
68400000000,72000000000,71131187513,71131234514,47001
68400000000,72000000000,71131234514,71132304214,1069700
68400000000,72000000000,71132304214,71134237386,1933172
68400000000,72000000000,71134237386,71134237389,3
68400000000,72000000000,71134237389,71134239915,2526
68400000000,72000000000,71134239915,71134239918,3
68400000000,72000000000,71134239918,71136451417,2211499
68400000000,72000000000,71136451417,71139352114,2900697
68400000000,72000000000,71139352114,71140254924,902810
68400000000,72000000000,71140254924,71140302418,47494
68400000000,72000000000,71140302418,71143603711,3301293
68400000000,72000000000,71143603711,71145992873,2389162
68400000000,72000000000,71145992873,71145993218,345
68400000000,72000000000,71145993218,71147807247,1814029
68400000000,72000000000,71147807247,71147807251,4
68400000000,72000000000,71147807251,71150992103,3184852
68400000000,72000000000,71150992103,71151091785,99682
68400000000,72000000000,71151091785,71152963852,1872067
68400000000,72000000000,71152963852,71152991949,28097
68400000000,72000000000,71152991949,71154340403,1348454
68400000000,72000000000,71154340403,71155297984,957581
68400000000,72000000000,71155297984,71155334751,36767
68400000000,72000000000,71155334751,71157703482,2368731
68400000000,72000000000,71157703482,71168527557,10824075
68400000000,72000000000,71168527557,71172251628,3724071
68400000000,72000000000,71172251628,71174334794,2083166
68400000000,72000000000,71174334794,71176713074,2378280
68400000000,72000000000,71176713074,71181431260,4718186
68400000000,72000000000,71181431260,71181457646,26386
68400000000,72000000000,71181457646,71181464558,6912
68400000000,72000000000,71181464558,71182657726,1193168
68400000000,72000000000,71182657726,71183650606,992880
68400000000,72000000000,71183650606,71183650610,4
68400000000,72000000000,71183650610,71183650626,16
68400000000,72000000000,71183650626,71183689853,39227
68400000000,72000000000,71183689853,71183713960,24107
68400000000,72000000000,71183713960,71184732459,1018499
68400000000,72000000000,71184732459,71184732463,4
68400000000,72000000000,71184732463,71184732607,144
68400000000,72000000000,71184732607,71184927495,194888
68400000000,72000000000,71184927495,71187207962,2280467
68400000000,72000000000,71187207962,71187209587,1625
68400000000,72000000000,71187209587,71187209598,11
68400000000,72000000000,71187209598,71187310734,101136
68400000000,72000000000,71187310734,71187310736,2
68400000000,72000000000,71187310736,71188257734,946998
68400000000,72000000000,71188257734,71189629004,1371270
68400000000,72000000000,71189629004,71190693521,1064517
68400000000,72000000000,71190693521,71190705274,11753
68400000000,72000000000,71190705274,71190705546,272
68400000000,72000000000,71190705546,71190706047,501
68400000000,72000000000,71190706047,71190706074,27
68400000000,72000000000,71190706074,71190706079,5
68400000000,72000000000,71190706079,71191883604,1177525
68400000000,72000000000,71191883604,71191883785,181
68400000000,72000000000,71191883785,71191883822,37
68400000000,72000000000,71191883822,71193032182,1148360
68400000000,72000000000,71193032182,71194169989,1137807
68400000000,72000000000,71194169989,71196385713,2215724
68400000000,72000000000,71196385713,71196385717,4
68400000000,72000000000,71196385717,71197489132,1103415
68400000000,72000000000,71197489132,71197489136,4
68400000000,72000000000,71197489136,71197652108,162972
68400000000,72000000000,71197652108,71198642933,990825
68400000000,72000000000,71198642933,71203598392,4955459
68400000000,72000000000,71203598392,71203598395,3
68400000000,72000000000,71203598395,71204516475,918080
68400000000,72000000000,71204516475,71205525596,1009121
68400000000,72000000000,71205525596,71215061080,9535484
68400000000,72000000000,71215061080,71215073739,12659
68400000000,72000000000,71215073739,71215092061,18322
68400000000,72000000000,71215092061,71217890723,2798662
68400000000,72000000000,71217890723,71217890775,52
68400000000,72000000000,71217890775,71217890778,3
68400000000,72000000000,71217890778,71217890811,33
68400000000,72000000000,71217890811,71218904908,1014097
68400000000,72000000000,71218904908,71223047124,4142216
68400000000,72000000000,71223047124,71224178935,1131811
68400000000,72000000000,71224178935,71224179503,568
68400000000,72000000000,71224179503,71226267271,2087768
68400000000,72000000000,71226267271,71226329063,61792
68400000000,72000000000,71226329063,71226329691,628
68400000000,72000000000,71226329691,71226329717,26
68400000000,72000000000,71226329717,71229618610,3288893
68400000000,72000000000,71229618610,71234708221,5089611
68400000000,72000000000,71234708221,71234711632,3411
68400000000,72000000000,71234711632,71236472905,1761273
68400000000,72000000000,71236472905,71241074564,4601659
68400000000,72000000000,71241074564,71241074681,117
68400000000,72000000000,71241074681,71242553053,1478372
68400000000,72000000000,71242553053,71242553227,174
68400000000,72000000000,71242553227,71242553236,9
68400000000,72000000000,71242553236,71244920517,2367281
68400000000,72000000000,71244920517,71245944689,1024172
68400000000,72000000000,71245944689,71247923573,1978884
68400000000,72000000000,71247923573,71248875329,951756
68400000000,72000000000,71248875329,71248883964,8635
68400000000,72000000000,71248883964,71250681940,1797976
68400000000,72000000000,71250681940,71251596749,914809
68400000000,72000000000,71251596749,71251596754,5
68400000000,72000000000,71251596754,71251596820,66
68400000000,72000000000,71251596820,71251632498,35678
68400000000,72000000000,71251632498,71251634202,1704
68400000000,72000000000,71251634202,71251634211,9
68400000000,72000000000,71251634211,71251634480,269
68400000000,72000000000,71251634480,71252607437,972957
68400000000,72000000000,71252607437,71252607441,4
68400000000,72000000000,71252607441,71252607592,151
68400000000,72000000000,71252607592,71253845606,1238014
68400000000,72000000000,71253845606,71257689162,3843556
68400000000,72000000000,71257689162,71257689349,187
68400000000,72000000000,71257689349,71257689356,7
68400000000,72000000000,71257689356,71259560959,1871603
68400000000,72000000000,71259560959,71259643782,82823
68400000000,72000000000,71259643782,71262451743,2807961
68400000000,72000000000,71262451743,71264851014,2399271
68400000000,72000000000,71264851014,71266755768,1904754
68400000000,72000000000,71266755768,71268624636,1868868
68400000000,72000000000,71268624636,71268647405,22769
68400000000,72000000000,71268647405,71269637716,990311
68400000000,72000000000,71269637716,71270523923,886207
68400000000,72000000000,71270523923,71274649238,4125315
68400000000,72000000000,71274649238,71274649306,68
68400000000,72000000000,71274649306,71280062698,5413392
68400000000,72000000000,71280062698,71280867224,804526
68400000000,72000000000,71280867224,71282541891,1674667
68400000000,72000000000,71282541891,71282589690,47799
68400000000,72000000000,71282589690,71284429221,1839531
68400000000,72000000000,71284429221,71287476227,3047006
68400000000,72000000000,71287476227,71290707543,3231316
68400000000,72000000000,71290707543,71290725845,18302
68400000000,72000000000,71290725845,71295197736,4471891
68400000000,72000000000,71295197736,71295197739,3
68400000000,72000000000,71295197739,71295197854,115
68400000000,72000000000,71295197854,71299905597,4707743
68400000000,72000000000,71299905597,71302006441,2100844
68400000000,72000000000,71302006441,71304149499,2143058
68400000000,72000000000,71304149499,71306096751,1947252
68400000000,72000000000,71306096751,71307354533,1257782
68400000000,72000000000,71307354533,71308635469,1280936
68400000000,72000000000,71308635469,71308635609,140
68400000000,72000000000,71308635609,71308635614,5
68400000000,72000000000,71308635614,71308635619,5
68400000000,72000000000,71308635619,71310286964,1651345
68400000000,72000000000,71310286964,71316662139,6375175
68400000000,72000000000,71316662139,71317913718,1251579
68400000000,72000000000,71317913718,71321360974,3447256
68400000000,72000000000,71321360974,71322469644,1108670
68400000000,72000000000,71322469644,71323622390,1152746
68400000000,72000000000,71323622390,71324655478,1033088
68400000000,72000000000,71324655478,71324663984,8506
68400000000,72000000000,71324663984,71324663987,3
68400000000,72000000000,71324663987,71326786840,2122853
68400000000,72000000000,71326786840,71326786843,3
68400000000,72000000000,71326786843,71326786844,1
68400000000,72000000000,71326786844,71329870050,3083206
68400000000,72000000000,71329870050,71329873884,3834
68400000000,72000000000,71329873884,71329873942,58
68400000000,72000000000,71329873942,71329873945,3
68400000000,72000000000,71329873945,71329874369,424
68400000000,72000000000,71329874369,71330973910,1099541
68400000000,72000000000,71330973910,71333469336,2495426
68400000000,72000000000,71333469336,71336355776,2886440
68400000000,72000000000,71336355776,71345828412,9472636
68400000000,72000000000,71345828412,71347646991,1818579
68400000000,72000000000,71347646991,71347685028,38037
68400000000,72000000000,71347685028,71349697677,2012649
68400000000,72000000000,71349697677,71349697681,4
68400000000,72000000000,71349697681,71349697682,1
68400000000,72000000000,71349697682,71349697683,1
68400000000,72000000000,71349697683,71350614164,916481
68400000000,72000000000,71350614164,71350614471,307
68400000000,72000000000,71350614471,71350614590,119
68400000000,72000000000,71350614590,71351630131,1015541
68400000000,72000000000,71351630131,71351711221,81090
68400000000,72000000000,71351711221,71351711237,16
68400000000,72000000000,71351711237,71352821580,1110343
68400000000,72000000000,71352821580,71352835217,13637
68400000000,72000000000,71352835217,71356397507,3562290
68400000000,72000000000,71356397507,71361420098,5022591
68400000000,72000000000,71361420098,71364949147,3529049
68400000000,72000000000,71364949147,71364949151,4
68400000000,72000000000,71364949151,71366055839,1106688
68400000000,72000000000,71366055839,71367589088,1533249
68400000000,72000000000,71367589088,71367604095,15007
68400000000,72000000000,71367604095,71368608844,1004749
68400000000,72000000000,71368608844,71369613843,1004999
68400000000,72000000000,71369613843,71369613933,90
68400000000,72000000000,71369613933,71370725719,1111786
68400000000,72000000000,71370725719,71370725722,3
68400000000,72000000000,71370725722,71370725723,1
68400000000,72000000000,71370725723,71370776064,50341
68400000000,72000000000,71370776064,71373943062,3166998
68400000000,72000000000,71373943062,71373963427,20365
68400000000,72000000000,71373963427,71375618372,1654945
68400000000,72000000000,71375618372,71379066925,3448553
68400000000,72000000000,71379066925,71394332014,15265089
68400000000,72000000000,71394332014,71400858457,6526443
68400000000,72000000000,71400858457,71400858548,91
68400000000,72000000000,71400858548,71400858555,7
68400000000,72000000000,71400858555,71405334079,4475524
68400000000,72000000000,71405334079,71407177938,1843859
68400000000,72000000000,71407177938,71409028877,1850939
68400000000,72000000000,71409028877,71411460848,2431971
68400000000,72000000000,71411460848,71411463198,2350
68400000000,72000000000,71411463198,71411610649,147451
68400000000,72000000000,71411610649,71412582545,971896
68400000000,72000000000,71412582545,71412593119,10574
68400000000,72000000000,71412593119,71412594978,1859
68400000000,72000000000,71412594978,71413724759,1129781
68400000000,72000000000,71413724759,71413786234,61475
68400000000,72000000000,71413786234,71414924162,1137928
68400000000,72000000000,71414924162,71415081755,157593
68400000000,72000000000,71415081755,71415087635,5880
68400000000,72000000000,71415087635,71415087754,119
68400000000,72000000000,71415087754,71417299856,2212102
68400000000,72000000000,71417299856,71417299906,50
68400000000,72000000000,71417299906,71417299913,7
68400000000,72000000000,71417299913,71418444091,1144178
68400000000,72000000000,71418444091,71428559350,10115259
68400000000,72000000000,71428559350,71428559372,22
68400000000,72000000000,71428559372,71429516752,957380
68400000000,72000000000,71429516752,71435448137,5931385
68400000000,72000000000,71435448137,71436440833,992696
68400000000,72000000000,71436440833,71443181017,6740184
68400000000,72000000000,71443181017,71443181042,25
68400000000,72000000000,71443181042,71447183125,4002083
68400000000,72000000000,71447183125,71447185688,2563
68400000000,72000000000,71447185688,71447188305,2617
68400000000,72000000000,71447188305,71447193144,4839
68400000000,72000000000,71447193144,71448229871,1036727
68400000000,72000000000,71448229871,71449193058,963187
68400000000,72000000000,71449193058,71449193070,12
68400000000,72000000000,71449193070,71449193082,12
68400000000,72000000000,71449193082,71449193094,12
68400000000,72000000000,71449193094,71450492800,1299706
68400000000,72000000000,71450492800,71450530671,37871
68400000000,72000000000,71450530671,71451367822,837151
68400000000,72000000000,71451367822,71453199293,1831471
68400000000,72000000000,71453199293,71454345901,1146608
68400000000,72000000000,71454345901,71456043939,1698038
68400000000,72000000000,71456043939,71462917554,6873615
68400000000,72000000000,71462917554,71467144551,4226997
68400000000,72000000000,71467144551,71467144553,2
68400000000,72000000000,71467144553,71467965321,820768
68400000000,72000000000,71467965321,71467996642,31321
68400000000,72000000000,71467996642,71468862834,866192
68400000000,72000000000,71468862834,71469848103,985269
68400000000,72000000000,71469848103,71469848107,4
68400000000,72000000000,71469848107,71469848108,1
68400000000,72000000000,71469848108,71471715455,1867347
68400000000,72000000000,71471715455,71472478597,763142
68400000000,72000000000,71472478597,71473327063,848466
68400000000,72000000000,71473327063,71473327139,76
68400000000,72000000000,71473327139,71474571522,1244383
68400000000,72000000000,71474571522,71474572287,765
68400000000,72000000000,71474572287,71474572294,7
68400000000,72000000000,71474572294,71474572301,7
68400000000,72000000000,71474572301,71476658803,2086502
68400000000,72000000000,71476658803,71477732722,1073919
68400000000,72000000000,71477732722,71477737586,4864
68400000000,72000000000,71477737586,71477737655,69
68400000000,72000000000,71477737655,71477737660,5
68400000000,72000000000,71477737660,71477737665,5
68400000000,72000000000,71477737665,71479641003,1903338
68400000000,72000000000,71479641003,71481884113,2243110
68400000000,72000000000,71481884113,71481884300,187
68400000000,72000000000,71481884300,71481884307,7
68400000000,72000000000,71481884307,71483945134,2060827
68400000000,72000000000,71483945134,71487587283,3642149
68400000000,72000000000,71487587283,71488493412,906129
68400000000,72000000000,71488493412,71489401362,907950
68400000000,72000000000,71489401362,71494163606,4762244
68400000000,72000000000,71494163606,71497003694,2840088
68400000000,72000000000,71497003694,71510352376,13348682
68400000000,72000000000,71510352376,71510352379,3
68400000000,72000000000,71510352379,71511811716,1459337
68400000000,72000000000,71511811716,71512784788,973072
68400000000,72000000000,71512784788,71514975428,2190640
68400000000,72000000000,71514975428,71514988243,12815
68400000000,72000000000,71514988243,71515005079,16836
68400000000,72000000000,71515005079,71515005097,18
68400000000,72000000000,71515005097,71516989788,1984691
68400000000,72000000000,71516989788,71516989799,11
68400000000,72000000000,71516989799,71518000686,1010887
68400000000,72000000000,71518000686,71525941603,7940917
68400000000,72000000000,71525941603,71525944403,2800
68400000000,72000000000,71525944403,71530516281,4571878
68400000000,72000000000,71530516281,71530516339,58
68400000000,72000000000,71530516339,71535536387,5020048
68400000000,72000000000,71535536387,71537720183,2183796
68400000000,72000000000,71537720183,71537743468,23285
68400000000,72000000000,71537743468,71537763135,19667
68400000000,72000000000,71537763135,71539760269,1997134
68400000000,72000000000,71539760269,71539790283,30014
68400000000,72000000000,71539790283,71541477122,1686839
68400000000,72000000000,71541477122,71544884314,3407192
68400000000,72000000000,71544884314,71544893820,9506
68400000000,72000000000,71544893820,71544899858,6038
68400000000,72000000000,71544899858,71544913728,13870
68400000000,72000000000,71544913728,71546810371,1896643
68400000000,72000000000,71546810371,71549665014,2854643
68400000000,72000000000,71549665014,71549665017,3
68400000000,72000000000,71549665017,71550483913,818896
68400000000,72000000000,71550483913,71550483917,4
68400000000,72000000000,71550483917,71550483999,82
68400000000,72000000000,71550483999,71550946561,462562
68400000000,72000000000,71550946561,71550947657,1096
68400000000,72000000000,71550947657,71551155298,207641
68400000000,72000000000,71551155298,71551930478,775180
68400000000,72000000000,71551930478,71552750043,819565
68400000000,72000000000,71552750043,71552750153,110
68400000000,72000000000,71552750153,71554573564,1823411
68400000000,72000000000,71554573564,71559161501,4587937
68400000000,72000000000,71559161501,71559161618,117
68400000000,72000000000,71559161618,71559161625,7
68400000000,72000000000,71559161625,71559161632,7
68400000000,72000000000,71559161632,71562501185,3339553
68400000000,72000000000,71562501185,71563592170,1090985
68400000000,72000000000,71563592170,71563601832,9662
68400000000,72000000000,71563601832,71563612873,11041
68400000000,72000000000,71563612873,71563640190,27317
68400000000,72000000000,71563640190,71563646838,6648
68400000000,72000000000,71563646838,71563651618,4780
68400000000,72000000000,71563651618,71564752325,1100707
68400000000,72000000000,71564752325,71564786021,33696
68400000000,72000000000,71564786021,71570181405,5395384
68400000000,72000000000,71570181405,71570181441,36
68400000000,72000000000,71570181441,71570181506,65
68400000000,72000000000,71570181506,71570181523,17
68400000000,72000000000,71570181523,71570222717,41194
68400000000,72000000000,71570222717,71570222729,12
68400000000,72000000000,71570222729,71574331141,4108412
68400000000,72000000000,71574331141,71574331214,73
68400000000,72000000000,71574331214,71574332036,822
68400000000,72000000000,71574332036,71574332041,5
68400000000,72000000000,71574332041,71574332054,13
68400000000,72000000000,71574332054,71575288694,956640
68400000000,72000000000,71575288694,71575420839,132145
68400000000,72000000000,71575420839,71575420936,97
68400000000,72000000000,71575420936,71575420941,5
68400000000,72000000000,71575420941,71578461850,3040909
68400000000,72000000000,71578461850,71578461907,57
68400000000,72000000000,71578461907,71578461914,7
68400000000,72000000000,71578461914,71578461921,7
68400000000,72000000000,71578461921,71583903179,5441258
68400000000,72000000000,71583903179,71583909319,6140
68400000000,72000000000,71583909319,71587785556,3876237
68400000000,72000000000,71587785556,71587785561,5
68400000000,72000000000,71587785561,71587785606,45
68400000000,72000000000,71587785606,71589918098,2132492
68400000000,72000000000,71589918098,71593548717,3630619
68400000000,72000000000,71593548717,71595515414,1966697
68400000000,72000000000,71595515414,71595552524,37110
68400000000,72000000000,71595552524,71596514602,962078
68400000000,72000000000,71596514602,71598293731,1779129
68400000000,72000000000,71598293731,71605279888,6986157
68400000000,72000000000,71605279888,71605310447,30559
68400000000,72000000000,71605310447,71605327396,16949
68400000000,72000000000,71605327396,71608743395,3415999
68400000000,72000000000,71608743395,71609810909,1067514
68400000000,72000000000,71609810909,71609810913,4
68400000000,72000000000,71609810913,71609812359,1446
68400000000,72000000000,71609812359,71612433277,2620918
68400000000,72000000000,71612433277,71612433281,4
68400000000,72000000000,71612433281,71612433326,45
68400000000,72000000000,71612433326,71615075074,2641748
68400000000,72000000000,71615075074,71616170729,1095655
68400000000,72000000000,71616170729,71618052106,1881377
68400000000,72000000000,71618052106,71619066080,1013974
68400000000,72000000000,71619066080,71619066084,4
68400000000,72000000000,71619066084,71622336217,3270133
68400000000,72000000000,71622336217,71622336230,13
68400000000,72000000000,71622336230,71622336862,632
68400000000,72000000000,71622336862,71622336866,4
68400000000,72000000000,71622336866,71622431729,94863
68400000000,72000000000,71622431729,71623508912,1077183
68400000000,72000000000,71623508912,71625704964,2196052
68400000000,72000000000,71625704964,71626022032,317068
68400000000,72000000000,71626022032,71627472013,1449981
68400000000,72000000000,71627472013,71628468200,996187
68400000000,72000000000,71628468200,71630759613,2291413
68400000000,72000000000,71630759613,71633767114,3007501
68400000000,72000000000,71633767114,71635177114,1410000
68400000000,72000000000,71635177114,71635177171,57
68400000000,72000000000,71635177171,71635177178,7
68400000000,72000000000,71635177178,71635177185,7
68400000000,72000000000,71635177185,71637875363,2698178
68400000000,72000000000,71637875363,71637875480,117
68400000000,72000000000,71637875480,71637875501,21
68400000000,72000000000,71637875501,71637875508,7
68400000000,72000000000,71637875508,71642602173,4726665
68400000000,72000000000,71642602173,71643694843,1092670
68400000000,72000000000,71643694843,71643767026,72183
68400000000,72000000000,71643767026,71644891492,1124466
68400000000,72000000000,71644891492,71644962775,71283
68400000000,72000000000,71644962775,71647189852,2227077
68400000000,72000000000,71647189852,71647189870,18
68400000000,72000000000,71647189870,71649935273,2745403
68400000000,72000000000,71649935273,71650157943,222670
68400000000,72000000000,71650157943,71655747217,5589274
68400000000,72000000000,71655747217,71655775807,28590
68400000000,72000000000,71655775807,71657851560,2075753
68400000000,72000000000,71657851560,71657851577,17
68400000000,72000000000,71657851577,71660203272,2351695
68400000000,72000000000,71660203272,71662401930,2198658
68400000000,72000000000,71662401930,71662431693,29763
68400000000,72000000000,71662431693,71663421224,989531
68400000000,72000000000,71663421224,71664369798,948574
68400000000,72000000000,71664369798,71665974251,1604453
68400000000,72000000000,71665974251,71667218444,1244193
68400000000,72000000000,71667218444,71667218487,43
68400000000,72000000000,71667218487,71667218494,7
68400000000,72000000000,71667218494,71668277964,1059470
68400000000,72000000000,71668277964,71669643045,1365081
68400000000,72000000000,71669643045,71669643222,177
68400000000,72000000000,71669643222,71669643229,7
68400000000,72000000000,71669643229,71669643236,7
68400000000,72000000000,71669643236,71670818095,1174859
68400000000,72000000000,71670818095,71670818114,19
68400000000,72000000000,71670818114,71683691519,12873405
68400000000,72000000000,71683691519,71683691519,0
68400000000,72000000000,71683691519,71685685648,1994129
68400000000,72000000000,71685685648,71685685727,79
68400000000,72000000000,71685685727,71685685732,5
68400000000,72000000000,71685685732,71685685737,5
68400000000,72000000000,71685685737,71686751916,1066179
68400000000,72000000000,71686751916,71687686488,934572
68400000000,72000000000,71687686488,71689520011,1833523
68400000000,72000000000,71689520011,71689520015,4
68400000000,72000000000,71689520015,71689520016,1
68400000000,72000000000,71689520016,71690507514,987498
68400000000,72000000000,71690507514,71690508506,992
68400000000,72000000000,71690508506,71690568019,59513
68400000000,72000000000,71690568019,71700614823,10046804
68400000000,72000000000,71700614823,71701484263,869440
68400000000,72000000000,71701484263,71701498118,13855
68400000000,72000000000,71701498118,71701498269,151
68400000000,72000000000,71701498269,71701498276,7
68400000000,72000000000,71701498276,71702447954,949678
68400000000,72000000000,71702447954,71703732555,1284601
68400000000,72000000000,71703732555,71703766045,33490
68400000000,72000000000,71703766045,71703799216,33171
68400000000,72000000000,71703799216,71704922754,1123538
68400000000,72000000000,71704922754,71704941951,19197
68400000000,72000000000,71704941951,71705784573,842622
68400000000,72000000000,71705784573,71705784621,48
68400000000,72000000000,71705784621,71706773116,988495
68400000000,72000000000,71706773116,71706812622,39506
68400000000,72000000000,71706812622,71706825207,12585
68400000000,72000000000,71706825207,71706825207,0
68400000000,72000000000,71706825207,71706883244,58037
68400000000,72000000000,71706883244,71707938238,1054994
68400000000,72000000000,71707938238,71709033624,1095386
68400000000,72000000000,71709033624,71709033901,277
68400000000,72000000000,71709033901,71709033906,5
68400000000,72000000000,71709033906,71709033917,11
68400000000,72000000000,71709033917,71709957305,923388
68400000000,72000000000,71709957305,71709957309,4
68400000000,72000000000,71709957309,71709957310,1
68400000000,72000000000,71709957310,71709957311,1
68400000000,72000000000,71709957311,71709957568,257
68400000000,72000000000,71709957568,71712839400,2881832
68400000000,72000000000,71712839400,71712839542,142
68400000000,72000000000,71712839542,71712844518,4976
68400000000,72000000000,71712844518,71721276508,8431990
68400000000,72000000000,71721276508,71724928373,3651865
68400000000,72000000000,71724928373,71727379350,2450977
68400000000,72000000000,71727379350,71728241436,862086
68400000000,72000000000,71728241436,71728244670,3234
68400000000,72000000000,71728244670,71728247049,2379
68400000000,72000000000,71728247049,71728250171,3122
68400000000,72000000000,71728250171,71728252229,2058
68400000000,72000000000,71728252229,71728254492,2263
68400000000,72000000000,71728254492,71728254494,2
68400000000,72000000000,71728254494,71730086835,1832341
68400000000,72000000000,71730086835,71730086868,33
68400000000,72000000000,71730086868,71730086899,31
68400000000,72000000000,71730086899,71730086923,24
68400000000,72000000000,71730086923,71730086933,10
68400000000,72000000000,71730086933,71730086945,12
68400000000,72000000000,71730086945,71730127688,40743
68400000000,72000000000,71730127688,71738701624,8573936
68400000000,72000000000,71738701624,71740628713,1927089
68400000000,72000000000,71740628713,71740642672,13959
68400000000,72000000000,71740642672,71740642684,12
68400000000,72000000000,71740642684,71749133345,8490661
68400000000,72000000000,71749133345,71751825515,2692170
68400000000,72000000000,71751825515,71751881779,56264
68400000000,72000000000,71751881779,71751890822,9043
68400000000,72000000000,71751890822,71752880618,989796
68400000000,72000000000,71752880618,71752883477,2859
68400000000,72000000000,71752883477,71754736459,1852982
68400000000,72000000000,71754736459,71755784580,1048121
68400000000,72000000000,71755784580,71756749977,965397
68400000000,72000000000,71756749977,71756750013,36
68400000000,72000000000,71756750013,71756750018,5
68400000000,72000000000,71756750018,71756750019,1
68400000000,72000000000,71756750019,71757897539,1147520
68400000000,72000000000,71757897539,71757897972,433
68400000000,72000000000,71757897972,71757898299,327
68400000000,72000000000,71757898299,71759296991,1398692
68400000000,72000000000,71759296991,71759310711,13720
68400000000,72000000000,71759310711,71763572563,4261852
68400000000,72000000000,71763572563,71763572566,3
68400000000,72000000000,71763572566,71766674370,3101804
68400000000,72000000000,71766674370,71772693245,6018875
68400000000,72000000000,71772693245,71773719354,1026109
68400000000,72000000000,71773719354,71774673768,954414
68400000000,72000000000,71774673768,71774673772,4
68400000000,72000000000,71774673772,71774724259,50487
68400000000,72000000000,71774724259,71776640824,1916565
68400000000,72000000000,71776640824,71780803360,4162536
68400000000,72000000000,71780803360,71787035530,6232170
68400000000,72000000000,71787035530,71787176041,140511
68400000000,72000000000,71787176041,71790426095,3250054
68400000000,72000000000,71790426095,71790426135,40
68400000000,72000000000,71790426135,71792235729,1809594
68400000000,72000000000,71792235729,71794559098,2323369
68400000000,72000000000,71794559098,71795570241,1011143
68400000000,72000000000,71795570241,71795581529,11288
68400000000,72000000000,71795581529,71797423923,1842394
68400000000,72000000000,71797423923,71797423970,47
68400000000,72000000000,71797423970,71797423975,5
68400000000,72000000000,71797423975,71806517944,9093969
68400000000,72000000000,71806517944,71806526532,8588
68400000000,72000000000,71806526532,71806530163,3631
68400000000,72000000000,71806530163,71806551331,21168
68400000000,72000000000,71806551331,71806565651,14320
68400000000,72000000000,71806565651,71806565698,47
68400000000,72000000000,71806565698,71806565703,5
68400000000,72000000000,71806565703,71810204091,3638388
68400000000,72000000000,71810204091,71812177233,1973142
68400000000,72000000000,71812177233,71812177236,3
68400000000,72000000000,71812177236,71812177237,1
68400000000,72000000000,71812177237,71812177268,31
68400000000,72000000000,71812177268,71812177762,494
68400000000,72000000000,71812177762,71812177837,75
68400000000,72000000000,71812177837,71817781355,5603518
68400000000,72000000000,71817781355,71819099218,1317863
68400000000,72000000000,71819099218,71821226628,2127410
68400000000,72000000000,71821226628,71823250171,2023543
68400000000,72000000000,71823250171,71824253511,1003340
68400000000,72000000000,71824253511,71825266630,1013119
68400000000,72000000000,71825266630,71826299096,1032466
68400000000,72000000000,71826299096,71826663680,364584
68400000000,72000000000,71826663680,71827599659,935979
68400000000,72000000000,71827599659,71827610031,10372
68400000000,72000000000,71827610031,71827612800,2769
68400000000,72000000000,71827612800,71828528192,915392
68400000000,72000000000,71828528192,71828629438,101246
68400000000,72000000000,71828629438,71828652595,23157
68400000000,72000000000,71828652595,71829555625,903030
68400000000,72000000000,71829555625,71829635913,80288
68400000000,72000000000,71829635913,71830598908,962995
68400000000,72000000000,71830598908,71830598911,3
68400000000,72000000000,71830598911,71830598912,1
68400000000,72000000000,71830598912,71830598937,25
68400000000,72000000000,71830598937,71830598981,44
68400000000,72000000000,71830598981,71830598984,3
68400000000,72000000000,71830598984,71830650350,51366
68400000000,72000000000,71830650350,71831589232,938882
68400000000,72000000000,71831589232,71832555875,966643
68400000000,72000000000,71832555875,71832595314,39439
68400000000,72000000000,71832595314,71833569065,973751
68400000000,72000000000,71833569065,71833569181,116
68400000000,72000000000,71833569181,71833569908,727
68400000000,72000000000,71833569908,71834547774,977866
68400000000,72000000000,71834547774,71835503987,956213
68400000000,72000000000,71835503987,71835506777,2790
68400000000,72000000000,71835506777,71835644986,138209
68400000000,72000000000,71835644986,71835648087,3101
68400000000,72000000000,71835648087,71836706694,1058607
68400000000,72000000000,71836706694,71837085801,379107
68400000000,72000000000,71837085801,71838201457,1115656
68400000000,72000000000,71838201457,71843243720,5042263
68400000000,72000000000,71843243720,71843243870,150
68400000000,72000000000,71843243870,71844611285,1367415
68400000000,72000000000,71844611285,71844894865,283580
68400000000,72000000000,71844894865,71845947060,1052195
68400000000,72000000000,71845947060,71846948492,1001432
68400000000,72000000000,71846948492,71847944425,995933
68400000000,72000000000,71847944425,71847945134,709
68400000000,72000000000,71847945134,71848069262,124128
68400000000,72000000000,71848069262,71850582539,2513277
68400000000,72000000000,71850582539,71850673063,90524
68400000000,72000000000,71850673063,71850684326,11263
68400000000,72000000000,71850684326,71851727856,1043530
68400000000,72000000000,71851727856,71851744031,16175
68400000000,72000000000,71851744031,71851748360,4329
68400000000,72000000000,71851748360,71851753705,5345
68400000000,72000000000,71851753705,71852715928,962223
68400000000,72000000000,71852715928,71852871992,156064
68400000000,72000000000,71852871992,71856970801,4098809
68400000000,72000000000,71856970801,71856970804,3
68400000000,72000000000,71856970804,71856970805,1
68400000000,72000000000,71856970805,71856970829,24
68400000000,72000000000,71856970829,71856982159,11330
68400000000,72000000000,71856982159,71856982575,416
68400000000,72000000000,71856982575,71860858110,3875535
68400000000,72000000000,71860858110,71862036275,1178165
68400000000,72000000000,71862036275,71863116950,1080675
68400000000,72000000000,71863116950,71865793929,2676979
68400000000,72000000000,71865793929,71870663964,4870035
68400000000,72000000000,71870663964,71873007631,2343667
68400000000,72000000000,71873007631,71873007634,3
68400000000,72000000000,71873007634,71873067831,60197
68400000000,72000000000,71873067831,71874015442,947611
68400000000,72000000000,71874015442,71876212394,2196952
68400000000,72000000000,71876212394,71877185949,973555
68400000000,72000000000,71877185949,71882423683,5237734
68400000000,72000000000,71882423683,71890017532,7593849
68400000000,72000000000,71890017532,71890101976,84444
68400000000,72000000000,71890101976,71895307612,5205636
68400000000,72000000000,71895307612,71895307636,24
68400000000,72000000000,71895307636,71895307640,4
68400000000,72000000000,71895307640,71897231070,1923430
68400000000,72000000000,71897231070,71897327940,96870
68400000000,72000000000,71897327940,71898331705,1003765
68400000000,72000000000,71898331705,71900080891,1749186
68400000000,72000000000,71900080891,71901907933,1827042
68400000000,72000000000,71901907933,71901908000,67
68400000000,72000000000,71901908000,71901908005,5
68400000000,72000000000,71901908005,71914989550,13081545
68400000000,72000000000,71914989550,71914997453,7903
68400000000,72000000000,71914997453,71914997673,220
68400000000,72000000000,71914997673,71914997678,5
68400000000,72000000000,71914997678,71917128106,2130428
68400000000,72000000000,71917128106,71917128110,4
68400000000,72000000000,71917128110,71917128111,1
68400000000,72000000000,71917128111,71918917210,1789099
68400000000,72000000000,71918917210,71918918316,1106
68400000000,72000000000,71918918316,71931918995,13000679
68400000000,72000000000,71931918995,71932823240,904245
68400000000,72000000000,71932823240,71932830131,6891
68400000000,72000000000,71932830131,71936064135,3234004
68400000000,72000000000,71936064135,71936064138,3
68400000000,72000000000,71936064138,71936064139,1
68400000000,72000000000,71936064139,71936064179,40
68400000000,72000000000,71936064179,71937927333,1863154
68400000000,72000000000,71937927333,71940951596,3024263
68400000000,72000000000,71940951596,71942017323,1065727
68400000000,72000000000,71942017323,71942972382,955059
68400000000,72000000000,71942972382,71949882452,6910070
68400000000,72000000000,71949882452,71949882839,387
68400000000,72000000000,71949882839,71949882844,5
68400000000,72000000000,71949882844,71949882853,9
68400000000,72000000000,71949882853,71952662332,2779479
68400000000,72000000000,71952662332,71952662341,9
68400000000,72000000000,71952662341,71952662479,138
68400000000,72000000000,71952662479,71952662490,11
68400000000,72000000000,71952662490,71959759086,7096596
68400000000,72000000000,71959759086,71959759095,9
68400000000,72000000000,71959759095,71959759280,185
68400000000,72000000000,71959759280,71959759293,13
68400000000,72000000000,71959759293,71963461812,3702519
68400000000,72000000000,71963461812,71963468512,6700
68400000000,72000000000,71963468512,71965748628,2280116
68400000000,72000000000,71965748628,71965748632,4
68400000000,72000000000,71965748632,71965748640,8
68400000000,72000000000,71965748640,71968794315,3045675
68400000000,72000000000,71968794315,71968794320,5
68400000000,72000000000,71968794320,71969775775,981455
68400000000,72000000000,71969775775,71976947541,7171766
68400000000,72000000000,71976947541,71986344897,9397356
68400000000,72000000000,71986344897,71987187156,842259
68400000000,72000000000,71987187156,71988007859,820703
68400000000,72000000000,71988007859,71988073988,66129
68400000000,72000000000,71988073988,71988899163,825175
68400000000,72000000000,71988899163,71993205598,4306435
68400000000,72000000000,71993205598,71995140948,1935350
68400000000,72000000000,71995140948,71999427597,4286649
68400000000,72000000000,71999427597,71999432748,5151
72000000000,75600000000,72001230544,72001230555,11
72000000000,75600000000,72001230555,72001252048,21493
72000000000,75600000000,72001252048,72003215564,1963516
72000000000,75600000000,72003215564,72003215569,5
72000000000,75600000000,72003215569,72004080415,864846
72000000000,75600000000,72004080415,72004080420,5
72000000000,75600000000,72004080420,72004993410,912990
72000000000,75600000000,72004993410,72014789281,9795871
72000000000,75600000000,72014789281,72014796314,7033
72000000000,75600000000,72014796314,72016595923,1799609
72000000000,75600000000,72016595923,72017534873,938950
72000000000,75600000000,72017534873,72019280402,1745529
72000000000,75600000000,72019280402,72021918673,2638271
72000000000,75600000000,72021918673,72021918690,17
72000000000,75600000000,72021918690,72025212225,3293535
72000000000,75600000000,72025212225,72025212496,271
72000000000,75600000000,72025212496,72028088204,2875708
72000000000,75600000000,72028088204,72028135871,47667
72000000000,75600000000,72028135871,72028135874,3
72000000000,75600000000,72028135874,72032135108,3999234
72000000000,75600000000,72032135108,72032135168,60
72000000000,75600000000,72032135168,72034685276,2550108
72000000000,75600000000,72034685276,72035902324,1217048
72000000000,75600000000,72035902324,72036816491,914167
72000000000,75600000000,72036816491,72044675463,7858972
72000000000,75600000000,72044675463,72045582393,906930
72000000000,75600000000,72045582393,72045588942,6549
72000000000,75600000000,72045588942,72045591617,2675
72000000000,75600000000,72045591617,72045593682,2065
72000000000,75600000000,72045593682,72047653070,2059388
72000000000,75600000000,72047653070,72047653082,12
72000000000,75600000000,72047653082,72047653094,12
72000000000,75600000000,72047653094,72047653119,25
72000000000,75600000000,72047653119,72052051151,4398032
72000000000,75600000000,72052051151,72053843056,1791905
72000000000,75600000000,72053843056,72053854795,11739
72000000000,75600000000,72053854795,72054657304,802509
72000000000,75600000000,72054657304,72054695446,38142
72000000000,75600000000,72054695446,72054695446,0
72000000000,75600000000,72054695446,72055571016,875570
72000000000,75600000000,72055571016,72058416281,2845265
72000000000,75600000000,72058416281,72060429059,2012778
72000000000,75600000000,72060429059,72060429061,2
72000000000,75600000000,72060429061,72062220454,1791393
72000000000,75600000000,72062220454,72064912855,2692401
72000000000,75600000000,72064912855,72066648578,1735723
72000000000,75600000000,72066648578,72066648582,4
72000000000,75600000000,72066648582,72067512924,864342
72000000000,75600000000,72067512924,72070091499,2578575
72000000000,75600000000,72070091499,72071841363,1749864
72000000000,75600000000,72071841363,72073622351,1780988
72000000000,75600000000,72073622351,72074534527,912176
72000000000,75600000000,72074534527,72074534619,92
72000000000,75600000000,72074534619,72074534628,9
72000000000,75600000000,72074534628,72075460991,926363
72000000000,75600000000,72075460991,72077238609,1777618
72000000000,75600000000,72077238609,72079270420,2031811
72000000000,75600000000,72079270420,72079301686,31266
72000000000,75600000000,72079301686,72079308252,6566
72000000000,75600000000,72079308252,72080990973,1682721
72000000000,75600000000,72080990973,72083745669,2754696
72000000000,75600000000,72083745669,72094899526,11153857
72000000000,75600000000,72094899526,72094913606,14080
72000000000,75600000000,72094913606,72096712660,1799054
72000000000,75600000000,72096712660,72100485305,3772645
72000000000,75600000000,72100485305,72103394425,2909120
72000000000,75600000000,72103394425,72104346327,951902
72000000000,75600000000,72104346327,72104346364,37
72000000000,75600000000,72104346364,72104346369,5
72000000000,75600000000,72104346369,72110482329,6135960
72000000000,75600000000,72110482329,72112115337,1633008
72000000000,75600000000,72112115337,72112989887,874550
72000000000,75600000000,72112989887,72113021050,31163
72000000000,75600000000,72113021050,72113940643,919593
72000000000,75600000000,72113940643,72113956008,15365
72000000000,75600000000,72113956008,72113956316,308
72000000000,75600000000,72113956316,72113956323,7
72000000000,75600000000,72113956323,72116153185,2196862
72000000000,75600000000,72116153185,72117120517,967332
72000000000,75600000000,72117120517,72118893641,1773124
72000000000,75600000000,72118893641,72118921428,27787
72000000000,75600000000,72118921428,72120662258,1740830
72000000000,75600000000,72120662258,72121518965,856707
72000000000,75600000000,72121518965,72123622390,2103425
72000000000,75600000000,72123622390,72125687759,2065369
72000000000,75600000000,72125687759,72125699028,11269
72000000000,75600000000,72125699028,72125717971,18943
72000000000,75600000000,72125717971,72125718408,437
72000000000,75600000000,72125718408,72125718413,5
72000000000,75600000000,72125718413,72126730797,1012384
72000000000,75600000000,72126730797,72126753856,23059
72000000000,75600000000,72126753856,72127708351,954495
72000000000,75600000000,72127708351,72127944954,236603
72000000000,75600000000,72127944954,72128781323,836369
72000000000,75600000000,72128781323,72128781334,11
72000000000,75600000000,72128781334,72131985590,3204256
72000000000,75600000000,72131985590,72131985601,11
72000000000,75600000000,72131985601,72131985619,18
72000000000,75600000000,72131985619,72132758229,772610
72000000000,75600000000,72132758229,72133152925,394696
72000000000,75600000000,72133152925,72133152928,3
72000000000,75600000000,72133152928,72133153116,188
72000000000,75600000000,72133153116,72134945117,1792001
72000000000,75600000000,72134945117,72134973420,28303
72000000000,75600000000,72134973420,72135746737,773317
72000000000,75600000000,72135746737,72135749238,2501
72000000000,75600000000,72135749238,72137407879,1658641
72000000000,75600000000,72137407879,72138251455,843576
72000000000,75600000000,72138251455,72138251468,13
72000000000,75600000000,72138251468,72138583031,331563
72000000000,75600000000,72138583031,72144271977,5688946
72000000000,75600000000,72144271977,72144271981,4
72000000000,75600000000,72144271981,72144271996,15
72000000000,75600000000,72144271996,72151272463,7000467
72000000000,75600000000,72151272463,72153962039,2689576
72000000000,75600000000,72153962039,72153965118,3079
72000000000,75600000000,72153965118,72157353299,3388181
72000000000,75600000000,72157353299,72158130946,777647
72000000000,75600000000,72158130946,72158130976,30
72000000000,75600000000,72158130976,72158130981,5
72000000000,75600000000,72158130981,72158130982,1
72000000000,75600000000,72158130982,72158904806,773824
72000000000,75600000000,72158904806,72158905789,983
72000000000,75600000000,72158905789,72159766076,860287
72000000000,75600000000,72159766076,72159766161,85
72000000000,75600000000,72159766161,72159766169,8
72000000000,75600000000,72159766169,72159766791,622
72000000000,75600000000,72159766791,72159766879,88
72000000000,75600000000,72159766879,72159766884,5
72000000000,75600000000,72159766884,72167938629,8171745
72000000000,75600000000,72167938629,72168907493,968864
72000000000,75600000000,72168907493,72171650859,2743366
72000000000,75600000000,72171650859,72175390002,3739143
72000000000,75600000000,72175390002,72177191134,1801132
72000000000,75600000000,72177191134,72177228407,37273
72000000000,75600000000,72177228407,72177228462,55
72000000000,75600000000,72177228462,72177228469,7
72000000000,75600000000,72177228469,72178223750,995281
72000000000,75600000000,72178223750,72180365002,2141252
72000000000,75600000000,72180365002,72180468508,103506
72000000000,75600000000,72180468508,72181336189,867681
72000000000,75600000000,72181336189,72183099806,1763617
72000000000,75600000000,72183099806,72186894734,3794928
72000000000,75600000000,72186894734,72188767453,1872719
72000000000,75600000000,72188767453,72191016505,2249052
72000000000,75600000000,72191016505,72192846030,1829525
72000000000,75600000000,72192846030,72198172136,5326106
72000000000,75600000000,72198172136,72198172311,175
72000000000,75600000000,72198172311,72198172318,7
72000000000,75600000000,72198172318,72202281895,4109577
72000000000,75600000000,72202281895,72204067446,1785551
72000000000,75600000000,72204067446,72208695911,4628465
72000000000,75600000000,72208695911,72214623087,5927176
72000000000,75600000000,72214623087,72214623514,427
72000000000,75600000000,72214623514,72214623519,5
72000000000,75600000000,72214623519,72227896578,13273059
72000000000,75600000000,72227896578,72227896584,6
72000000000,75600000000,72227896584,72227896585,1
72000000000,75600000000,72227896585,72229645952,1749367
72000000000,75600000000,72229645952,72229645963,11
72000000000,75600000000,72229645963,72234338501,4692538
72000000000,75600000000,72234338501,72242300807,7962306
72000000000,75600000000,72242300807,72243488029,1187222
72000000000,75600000000,72243488029,72244331761,843732
72000000000,75600000000,72244331761,72244362698,30937
72000000000,75600000000,72244362698,72245224167,861469
72000000000,75600000000,72245224167,72246089133,864966
72000000000,75600000000,72246089133,72252851333,6762200
72000000000,75600000000,72252851333,72252857066,5733
72000000000,75600000000,72252857066,72254837021,1979955
72000000000,75600000000,72254837021,72254837039,18
72000000000,75600000000,72254837039,72257362051,2525012
72000000000,75600000000,72257362051,72257362138,87
72000000000,75600000000,72257362138,72257362143,5
72000000000,75600000000,72257362143,72258331328,969185
72000000000,75600000000,72258331328,72271583485,13252157
72000000000,75600000000,72271583485,72272518646,935161
72000000000,75600000000,72272518646,72272518823,177
72000000000,75600000000,72272518823,72272518834,11
72000000000,75600000000,72272518834,72273485992,967158
72000000000,75600000000,72273485992,72274414160,928168
72000000000,75600000000,72274414160,72276382814,1968654
72000000000,75600000000,72276382814,72276468317,85503
72000000000,75600000000,72276468317,72277321075,852758
72000000000,75600000000,72277321075,72278202963,881888
72000000000,75600000000,72278202963,72279122713,919750
72000000000,75600000000,72279122713,72279220837,98124
72000000000,75600000000,72279220837,72282266414,3045577
72000000000,75600000000,72282266414,72284411902,2145488
72000000000,75600000000,72284411902,72286764040,2352138
72000000000,75600000000,72286764040,72286774532,10492
72000000000,75600000000,72286774532,72288505861,1731329
72000000000,75600000000,72288505861,72289384012,878151
72000000000,75600000000,72289384012,72289384017,5
72000000000,75600000000,72289384017,72289384055,38
72000000000,75600000000,72289384055,72289384058,3
72000000000,75600000000,72289384058,72289384059,1
72000000000,75600000000,72289384059,72291258823,1874764
72000000000,75600000000,72291258823,72291258827,4
72000000000,75600000000,72291258827,72291258929,102
72000000000,75600000000,72291258929,72291262727,3798
72000000000,75600000000,72291262727,72292240422,977695
72000000000,75600000000,72292240422,72299970525,7730103
72000000000,75600000000,72299970525,72299971033,508
72000000000,75600000000,72299971033,72299971038,5
72000000000,75600000000,72299971038,72302845213,2874175
72000000000,75600000000,72302845213,72302845231,18
72000000000,75600000000,72302845231,72304638369,1793138
72000000000,75600000000,72304638369,72304639474,1105
72000000000,75600000000,72304639474,72305754135,1114661
72000000000,75600000000,72305754135,72307914875,2160740
72000000000,75600000000,72307914875,72307934999,20124
72000000000,75600000000,72307934999,72307957337,22338
72000000000,75600000000,72307957337,72309762188,1804851
72000000000,75600000000,72309762188,72317428179,7665991
72000000000,75600000000,72317428179,72319736233,2308054
72000000000,75600000000,72319736233,72331499690,11763457
72000000000,75600000000,72331499690,72331505509,5819
72000000000,75600000000,72331505509,72331507594,2085
72000000000,75600000000,72331507594,72332315807,808213
72000000000,75600000000,72332315807,72332316374,567
72000000000,75600000000,72332316374,72333351002,1034628
72000000000,75600000000,72333351002,72334244742,893740
72000000000,75600000000,72334244742,72334244779,37
72000000000,75600000000,72334244779,72334244784,5
72000000000,75600000000,72334244784,72335167336,922552
72000000000,75600000000,72335167336,72335167341,5
72000000000,75600000000,72335167341,72335167380,39
72000000000,75600000000,72335167380,72335167434,54
72000000000,75600000000,72335167434,72337033932,1866498
72000000000,75600000000,72337033932,72338784510,1750578
72000000000,75600000000,72338784510,72338785008,498
72000000000,75600000000,72338785008,72346126480,7341472
72000000000,75600000000,72346126480,72346126482,2
72000000000,75600000000,72346126482,72347794972,1668490
72000000000,75600000000,72347794972,72351708949,3913977
72000000000,75600000000,72351708949,72351729464,20515
72000000000,75600000000,72351729464,72351736653,7189
72000000000,75600000000,72351736653,72351746221,9568
72000000000,75600000000,72351746221,72354182244,2436023
72000000000,75600000000,72354182244,72356885471,2703227
72000000000,75600000000,72356885471,72356885475,4
72000000000,75600000000,72356885475,72356885496,21
72000000000,75600000000,72356885496,72356917366,31870
72000000000,75600000000,72356917366,72356920640,3274
72000000000,75600000000,72356920640,72356920644,4
72000000000,75600000000,72356920644,72356920645,1
72000000000,75600000000,72356920645,72358685702,1765057
72000000000,75600000000,72358685702,72358685705,3
72000000000,75600000000,72358685705,72361339472,2653767
72000000000,75600000000,72361339472,72362460439,1120967
72000000000,75600000000,72362460439,72362460443,4
72000000000,75600000000,72362460443,72362460507,64
72000000000,75600000000,72362460507,72366038772,3578265
72000000000,75600000000,72366038772,72366038812,40
72000000000,75600000000,72366038812,72366038827,15
72000000000,75600000000,72366038827,72367822968,1784141
72000000000,75600000000,72367822968,72371072018,3249050
72000000000,75600000000,72371072018,72373236834,2164816
72000000000,75600000000,72373236834,72373236838,4
72000000000,75600000000,72373236838,72373236839,1
72000000000,75600000000,72373236839,72374108364,871525
72000000000,75600000000,72374108364,72375012201,903837
72000000000,75600000000,72375012201,72377766056,2753855
72000000000,75600000000,72377766056,72377766472,416
72000000000,75600000000,72377766472,72377766482,10
72000000000,75600000000,72377766482,72385965907,8199425
72000000000,75600000000,72385965907,72385966467,560
72000000000,75600000000,72385966467,72386231305,264838
72000000000,75600000000,72386231305,72387208825,977520
72000000000,75600000000,72387208825,72390396842,3188017
72000000000,75600000000,72390396842,72390396845,3
72000000000,75600000000,72390396845,72392452133,2055288
72000000000,75600000000,72392452133,72392531601,79468
72000000000,75600000000,72392531601,72392535378,3777
72000000000,75600000000,72392535378,72392559951,24573
72000000000,75600000000,72392559951,72394785321,2225370
72000000000,75600000000,72394785321,72394785604,283
72000000000,75600000000,72394785604,72394785727,123
72000000000,75600000000,72394785727,72394851320,65593
72000000000,75600000000,72394851320,72394851417,97
72000000000,75600000000,72394851417,72394851422,5
72000000000,75600000000,72394851422,72395929172,1077750
72000000000,75600000000,72395929172,72397863211,1934039
72000000000,75600000000,72397863211,72399783327,1920116
72000000000,75600000000,72399783327,72401802057,2018730
72000000000,75600000000,72401802057,72404410499,2608442
72000000000,75600000000,72404410499,72409914749,5504250
72000000000,75600000000,72409914749,72414645184,4730435
72000000000,75600000000,72414645184,72416781253,2136069
72000000000,75600000000,72416781253,72416844350,63097
72000000000,75600000000,72416844350,72419694000,2849650
72000000000,75600000000,72419694000,72421507436,1813436
72000000000,75600000000,72421507436,72421508676,1240
72000000000,75600000000,72421508676,72421508683,7
72000000000,75600000000,72421508683,72433082994,11574311
72000000000,75600000000,72433082994,72433100342,17348
72000000000,75600000000,72433100342,72433112789,12447
72000000000,75600000000,72433112789,72435950240,2837451
72000000000,75600000000,72435950240,72435950257,17
72000000000,75600000000,72435950257,72435950261,4
72000000000,75600000000,72435950261,72435950318,57
72000000000,75600000000,72435950318,72436948765,998447
72000000000,75600000000,72436948765,72437004756,55991
72000000000,75600000000,72437004756,72439256055,2251299
72000000000,75600000000,72439256055,72443849816,4593761
72000000000,75600000000,72443849816,72445779487,1929671
72000000000,75600000000,72445779487,72452019055,6239568
72000000000,75600000000,72452019055,72474574302,22555247
72000000000,75600000000,72474574302,72477689283,3114981
72000000000,75600000000,72477689283,72477711499,22216
72000000000,75600000000,72477711499,72481443210,3731711
72000000000,75600000000,72481443210,72481470371,27161
72000000000,75600000000,72481470371,72484722972,3252601
72000000000,75600000000,72484722972,72486926116,2203144
72000000000,75600000000,72486926116,72486926135,19
72000000000,75600000000,72486926135,72486926148,13
72000000000,75600000000,72486926148,72486926160,12
72000000000,75600000000,72486926160,72486982597,56437
72000000000,75600000000,72486982597,72487839964,857367
72000000000,75600000000,72487839964,72488740650,900686
72000000000,75600000000,72488740650,72496319951,7579301
72000000000,75600000000,72496319951,72497219979,900028
72000000000,75600000000,72497219979,72497220006,27
72000000000,75600000000,72497220006,72497220011,5
72000000000,75600000000,72497220011,72498982528,1762517
72000000000,75600000000,72498982528,72499803419,820891
72000000000,75600000000,72499803419,72499803574,155
72000000000,75600000000,72499803574,72499803613,39
72000000000,75600000000,72499803613,72501536862,1733249
72000000000,75600000000,72501536862,72501536865,3
72000000000,75600000000,72501536865,72501536866,1
72000000000,75600000000,72501536866,72503113006,1576140
72000000000,75600000000,72503113006,72503113547,541
72000000000,75600000000,72503113547,72506173243,3059696
72000000000,75600000000,72506173243,72506173270,27
72000000000,75600000000,72506173270,72506173275,5
72000000000,75600000000,72506173275,72509803281,3630006
72000000000,75600000000,72509803281,72510585769,782488
72000000000,75600000000,72510585769,72511522426,936657
72000000000,75600000000,72511522426,72512505673,983247
72000000000,75600000000,72512505673,72516056645,3550972
72000000000,75600000000,72516056645,72516070633,13988
72000000000,75600000000,72516070633,72516073791,3158
72000000000,75600000000,72516073791,72517962342,1888551
72000000000,75600000000,72517962342,72517988283,25941
72000000000,75600000000,72517988283,72517993518,5235
72000000000,75600000000,72517993518,72522081089,4087571
72000000000,75600000000,72522081089,72524342103,2261014
72000000000,75600000000,72524342103,72525196030,853927
72000000000,75600000000,72525196030,72525196035,5
72000000000,75600000000,72525196035,72525196036,1
72000000000,75600000000,72525196036,72525196089,53
72000000000,75600000000,72525196089,72525196098,9
72000000000,75600000000,72525196098,72525219516,23418
72000000000,75600000000,72525219516,72525220077,561
72000000000,75600000000,72525220077,72525220095,18
72000000000,75600000000,72525220095,72525220179,84
72000000000,75600000000,72525220179,72527072230,1852051
72000000000,75600000000,72527072230,72527072783,553
72000000000,75600000000,72527072783,72528812513,1739730
72000000000,75600000000,72528812513,72532130281,3317768
72000000000,75600000000,72532130281,72533127591,997310
72000000000,75600000000,72533127591,72533127668,77
72000000000,75600000000,72533127668,72533127673,5
72000000000,75600000000,72533127673,72540680914,7553241
72000000000,75600000000,72540680914,72541760895,1079981
72000000000,75600000000,72541760895,72541796127,35232
72000000000,75600000000,72541796127,72541806259,10132
72000000000,75600000000,72541806259,72541852388,46129
72000000000,75600000000,72541852388,72541852394,6
72000000000,75600000000,72541852394,72545281106,3428712
72000000000,75600000000,72545281106,72545281109,3
72000000000,75600000000,72545281109,72545281110,1
72000000000,75600000000,72545281110,72545281243,133
72000000000,75600000000,72545281243,72545281246,3
72000000000,75600000000,72545281246,72545281247,1
72000000000,75600000000,72545281247,72545281277,30
72000000000,75600000000,72545281277,72545281733,456
72000000000,75600000000,72545281733,72548044463,2762730
72000000000,75600000000,72548044463,72548047101,2638
72000000000,75600000000,72548047101,72548047604,503
72000000000,75600000000,72548047604,72548047621,17
72000000000,75600000000,72548047621,72549052981,1005360
72000000000,75600000000,72549052981,72551223688,2170707
72000000000,75600000000,72551223688,72551250449,26761
72000000000,75600000000,72551250449,72552135731,885282
72000000000,75600000000,72552135731,72552969579,833848
72000000000,75600000000,72552969579,72552995277,25698
72000000000,75600000000,72552995277,72552995886,609
72000000000,75600000000,72552995886,72553914864,918978
72000000000,75600000000,72553914864,72554007270,92406
72000000000,75600000000,72554007270,72559327179,5319909
72000000000,75600000000,72559327179,72561125581,1798402
72000000000,75600000000,72561125581,72561125584,3
72000000000,75600000000,72561125584,72561125585,1
72000000000,75600000000,72561125585,72565032373,3906788
72000000000,75600000000,72565032373,72565032470,97
72000000000,75600000000,72565032470,72569597573,4565103
72000000000,75600000000,72569597573,72569597682,109
72000000000,75600000000,72569597682,72569597687,5
72000000000,75600000000,72569597687,72569597692,5
72000000000,75600000000,72569597692,72571379741,1782049
72000000000,75600000000,72571379741,72572233375,853634
72000000000,75600000000,72572233375,72572242497,9122
72000000000,75600000000,72572242497,72573350993,1108496
72000000000,75600000000,72573350993,72574238506,887513
72000000000,75600000000,72574238506,72574263816,25310
72000000000,75600000000,72574263816,72576023849,1760033
72000000000,75600000000,72576023849,72582067897,6044048
72000000000,75600000000,72582067897,72589692672,7624775
72000000000,75600000000,72589692672,72591434093,1741421
72000000000,75600000000,72591434093,72591467208,33115
72000000000,75600000000,72591467208,72597648552,6181344
72000000000,75600000000,72597648552,72600791944,3143392
72000000000,75600000000,72600791944,72602661005,1869061
72000000000,75600000000,72602661005,72607841076,5180071
72000000000,75600000000,72607841076,72607848035,6959
72000000000,75600000000,72607848035,72607848907,872
72000000000,75600000000,72607848907,72607848912,5
72000000000,75600000000,72607848912,72607848917,5
72000000000,75600000000,72607848917,72609010077,1161160
72000000000,75600000000,72609010077,72610034055,1023978
72000000000,75600000000,72610034055,72617981779,7947724
72000000000,75600000000,72617981779,72618374253,392474
72000000000,75600000000,72618374253,72620041946,1667693
72000000000,75600000000,72620041946,72629302140,9260194
72000000000,75600000000,72629302140,72630722422,1420282
72000000000,75600000000,72630722422,72631440865,718443
72000000000,75600000000,72631440865,72632240169,799304
72000000000,75600000000,72632240169,72633086766,846597
72000000000,75600000000,72633086766,72633086792,26
72000000000,75600000000,72633086792,72634069263,982471
72000000000,75600000000,72634069263,72634845334,776071
72000000000,75600000000,72634845334,72635229154,383820
72000000000,75600000000,72635229154,72635541120,311966
72000000000,75600000000,72635541120,72635541307,187
72000000000,75600000000,72635541307,72635541314,7
72000000000,75600000000,72635541314,72637227387,1686073
72000000000,75600000000,72637227387,72637257983,30596
72000000000,75600000000,72637257983,72637283592,25609
72000000000,75600000000,72637283592,72638863967,1580375
72000000000,75600000000,72638863967,72638864004,37
72000000000,75600000000,72638864004,72641089031,2225027
72000000000,75600000000,72641089031,72641091873,2842
72000000000,75600000000,72641091873,72641092056,183
72000000000,75600000000,72641092056,72641092063,7
72000000000,75600000000,72641092063,72642382039,1289976
72000000000,75600000000,72642382039,72643368950,986911
72000000000,75600000000,72643368950,72644375557,1006607
72000000000,75600000000,72644375557,72644391405,15848
72000000000,75600000000,72644391405,72645448118,1056713
72000000000,75600000000,72645448118,72645459382,11264
72000000000,75600000000,72645459382,72645468898,9516
72000000000,75600000000,72645468898,72646615029,1146131
72000000000,75600000000,72646615029,72646646827,31798
72000000000,75600000000,72646646827,72646646942,115
72000000000,75600000000,72646646942,72646646947,5
72000000000,75600000000,72646646947,72648668325,2021378
72000000000,75600000000,72648668325,72648673891,5566
72000000000,75600000000,72648673891,72648679267,5376
72000000000,75600000000,72648679267,72648681985,2718
72000000000,75600000000,72648681985,72648684386,2401
72000000000,75600000000,72648684386,72648689832,5446
72000000000,75600000000,72648689832,72648719177,29345
72000000000,75600000000,72648719177,72648719179,2
72000000000,75600000000,72648719179,72651500316,2781137
72000000000,75600000000,72651500316,72651500321,5
72000000000,75600000000,72651500321,72651500322,1
72000000000,75600000000,72651500322,72651500406,84
72000000000,75600000000,72651500406,72651500411,5
72000000000,75600000000,72651500411,72651500422,11
72000000000,75600000000,72651500422,72651500434,12
72000000000,75600000000,72651500434,72651500468,34
72000000000,75600000000,72651500468,72651500478,10
72000000000,75600000000,72651500478,72652499497,999019
72000000000,75600000000,72652499497,72653213783,714286
72000000000,75600000000,72653213783,72653214129,346
72000000000,75600000000,72653214129,72653214153,24
72000000000,75600000000,72653214153,72653257273,43120
72000000000,75600000000,72653257273,72653257273,0
72000000000,75600000000,72653257273,72654318066,1060793
72000000000,75600000000,72654318066,72655058005,739939
72000000000,75600000000,72655058005,72655808491,750486
72000000000,75600000000,72655808491,72656542007,733516
72000000000,75600000000,72656542007,72659199991,2657984
72000000000,75600000000,72659199991,72663520683,4320692
72000000000,75600000000,72663520683,72667962328,4441645
72000000000,75600000000,72667962328,72669085092,1122764
72000000000,75600000000,72669085092,72670204364,1119272
72000000000,75600000000,72670204364,72671069092,864728
72000000000,75600000000,72671069092,72671107569,38477
72000000000,75600000000,72671107569,72671115239,7670
72000000000,75600000000,72671115239,72671115587,348
72000000000,75600000000,72671115587,72671115592,5
72000000000,75600000000,72671115592,72672036809,921217
72000000000,75600000000,72672036809,72672062514,25705
72000000000,75600000000,72672062514,72672069079,6565
72000000000,75600000000,72672069079,72672951738,882659
72000000000,75600000000,72672951738,72672951756,18
72000000000,75600000000,72672951756,72675060712,2108956
72000000000,75600000000,72675060712,72675060734,22
72000000000,75600000000,72675060734,72675060737,3
72000000000,75600000000,72675060737,72675060738,1
72000000000,75600000000,72675060738,72675060739,1
72000000000,75600000000,72675060739,72675063760,3021
72000000000,75600000000,72675063760,72675064290,530
72000000000,75600000000,72675064290,72678511284,3446994
72000000000,75600000000,72678511284,72678511474,190
72000000000,75600000000,72678511474,72678511479,5
72000000000,75600000000,72678511479,72678511484,5
72000000000,75600000000,72678511484,72681177364,2665880
72000000000,75600000000,72681177364,72681180463,3099
72000000000,75600000000,72681180463,72681253408,72945
72000000000,75600000000,72681253408,72683435974,2182566
72000000000,75600000000,72683435974,72684946155,1510181
72000000000,75600000000,72684946155,72687224740,2278585
72000000000,75600000000,72687224740,72687224989,249
72000000000,75600000000,72687224989,72688213884,988895
72000000000,75600000000,72688213884,72691973784,3759900
72000000000,75600000000,72691973784,72691973788,4
72000000000,75600000000,72691973788,72691973789,1
72000000000,75600000000,72691973789,72691973839,50
72000000000,75600000000,72691973839,72692015349,41510
72000000000,75600000000,72692015349,72692989583,974234
72000000000,75600000000,72692989583,72692989755,172
72000000000,75600000000,72692989755,72693096282,106527
72000000000,75600000000,72693096282,72694195743,1099461
72000000000,75600000000,72694195743,72695352865,1157122
72000000000,75600000000,72695352865,72695357617,4752
72000000000,75600000000,72695357617,72695363722,6105
72000000000,75600000000,72695363722,72697022184,1658462
72000000000,75600000000,72697022184,72698077050,1054866
72000000000,75600000000,72698077050,72698077199,149
72000000000,75600000000,72698077199,72698151716,74517
72000000000,75600000000,72698151716,72699304028,1152312
72000000000,75600000000,72699304028,72699317009,12981
72000000000,75600000000,72699317009,72699317394,385
72000000000,75600000000,72699317394,72699318247,853
72000000000,75600000000,72699318247,72699318250,3
72000000000,75600000000,72699318250,72701616771,2298521
72000000000,75600000000,72701616771,72701616902,131
72000000000,75600000000,72701616902,72703618346,2001444
72000000000,75600000000,72703618346,72703618346,0
72000000000,75600000000,72703618346,72703623970,5624
72000000000,75600000000,72703623970,72703632530,8560
72000000000,75600000000,72703632530,72704421763,789233
72000000000,75600000000,72704421763,72704424702,2939
72000000000,75600000000,72704424702,72704424702,0
72000000000,75600000000,72704424702,72705276080,851378
72000000000,75600000000,72705276080,72706111978,835898
72000000000,75600000000,72706111978,72706112022,44
72000000000,75600000000,72706112022,72706143463,31441
72000000000,75600000000,72706143463,72708235585,2092122
72000000000,75600000000,72708235585,72708235823,238
72000000000,75600000000,72708235823,72708280996,45173
72000000000,75600000000,72708280996,72709997683,1716687
72000000000,75600000000,72709997683,72710935252,937569
72000000000,75600000000,72710935252,72710935257,5
72000000000,75600000000,72710935257,72711819719,884462
72000000000,75600000000,72711819719,72711819771,52
72000000000,75600000000,72711819771,72711819777,6
72000000000,75600000000,72711819777,72712754518,934741
72000000000,75600000000,72712754518,72712754523,5
72000000000,75600000000,72712754523,72713785377,1030854
72000000000,75600000000,72713785377,72713850004,64627
72000000000,75600000000,72713850004,72714981672,1131668
72000000000,75600000000,72714981672,72714981760,88
72000000000,75600000000,72714981760,72714981765,5
72000000000,75600000000,72714981765,72717313925,2332160
72000000000,75600000000,72717313925,72717314125,200
72000000000,75600000000,72717314125,72717314132,7
72000000000,75600000000,72717314132,72718394731,1080599
72000000000,75600000000,72718394731,72719760471,1365740
72000000000,75600000000,72719760471,72720687968,927497
72000000000,75600000000,72720687968,72721679036,991068
72000000000,75600000000,72721679036,72721706789,27753
72000000000,75600000000,72721706789,72725635566,3928777
72000000000,75600000000,72725635566,72731864361,6228795
72000000000,75600000000,72731864361,72731870279,5918
72000000000,75600000000,72731870279,72733883672,2013393
72000000000,75600000000,72733883672,72734762881,879209
72000000000,75600000000,72734762881,72734762943,62
72000000000,75600000000,72734762943,72734788734,25791
72000000000,75600000000,72734788734,72735669571,880837
72000000000,75600000000,72735669571,72736678401,1008830
72000000000,75600000000,72736678401,72738792228,2113827
72000000000,75600000000,72738792228,72739676599,884371
72000000000,75600000000,72739676599,72739679425,2826
72000000000,75600000000,72739679425,72739681814,2389
72000000000,75600000000,72739681814,72739688149,6335
72000000000,75600000000,72739688149,72741785723,2097574
72000000000,75600000000,72741785723,72741785781,58
72000000000,75600000000,72741785781,72741785819,38
72000000000,75600000000,72741785819,72742019068,233249
72000000000,75600000000,72742019068,72742019185,117
72000000000,75600000000,72742019185,72742019192,7
72000000000,75600000000,72742019192,72743731887,1712695
72000000000,75600000000,72743731887,72746774233,3042346
72000000000,75600000000,72746774233,72748644684,1870451
72000000000,75600000000,72748644684,72751910679,3265995
72000000000,75600000000,72751910679,72753024888,1114209
72000000000,75600000000,72753024888,72759261643,6236755
72000000000,75600000000,72759261643,72762265968,3004325
72000000000,75600000000,72762265968,72763636780,1370812
72000000000,75600000000,72763636780,72767462383,3825603
72000000000,75600000000,72767462383,72767462546,163
72000000000,75600000000,72767462546,72767462553,7
72000000000,75600000000,72767462553,72770378431,2915878
72000000000,75600000000,72770378431,72770378557,126
72000000000,75600000000,72770378557,72770378566,9
72000000000,75600000000,72770378566,72771683690,1305124
72000000000,75600000000,72771683690,72771683809,119
72000000000,75600000000,72771683809,72771683814,5
72000000000,75600000000,72771683814,72771683819,5
72000000000,75600000000,72771683819,72774032564,2348745
72000000000,75600000000,72774032564,72775995808,1963244
72000000000,75600000000,72775995808,72777182866,1187058
72000000000,75600000000,72777182866,72777249867,67001
72000000000,75600000000,72777249867,72778339510,1089643
72000000000,75600000000,72778339510,72778344998,5488
72000000000,75600000000,72778344998,72780188913,1843915
72000000000,75600000000,72780188913,72781196273,1007360
72000000000,75600000000,72781196273,72785544135,4347862
72000000000,75600000000,72785544135,72788659137,3115002
72000000000,75600000000,72788659137,72788659140,3
72000000000,75600000000,72788659140,72788659141,1
72000000000,75600000000,72788659141,72788659209,68
72000000000,75600000000,72788659209,72788659213,4
72000000000,75600000000,72788659213,72788659214,1
72000000000,75600000000,72788659214,72788659588,374
72000000000,75600000000,72788659588,72790595482,1935894
72000000000,75600000000,72790595482,72792815115,2219633
72000000000,75600000000,72792815115,72792816077,962
72000000000,75600000000,72792816077,72792816421,344
72000000000,75600000000,72792816421,72792816725,304
72000000000,75600000000,72792816725,72795216492,2399767
72000000000,75600000000,72795216492,72796723600,1507108
72000000000,75600000000,72796723600,72796723605,5
72000000000,75600000000,72796723605,72796800753,77148
72000000000,75600000000,72796800753,72798037075,1236322
72000000000,75600000000,72798037075,72799257894,1220819
72000000000,75600000000,72799257894,72799321301,63407
72000000000,75600000000,72799321301,72800486438,1165137
72000000000,75600000000,72800486438,72800546624,60186
72000000000,75600000000,72800546624,72800554586,7962
72000000000,75600000000,72800554586,72802936467,2381881
72000000000,75600000000,72802936467,72818280758,15344291
72000000000,75600000000,72818280758,72819275430,994672
72000000000,75600000000,72819275430,72821118755,1843325
72000000000,75600000000,72821118755,72821118821,66
72000000000,75600000000,72821118821,72821118828,7
72000000000,75600000000,72821118828,72824599724,3480896
72000000000,75600000000,72824599724,72826255186,1655462
72000000000,75600000000,72826255186,72827180415,925229
72000000000,75600000000,72827180415,72832319299,5138884
72000000000,75600000000,72832319299,72833311742,992443
72000000000,75600000000,72833311742,72833311809,67
72000000000,75600000000,72833311809,72833311816,7
72000000000,75600000000,72833311816,72834300998,989182
72000000000,75600000000,72834300998,72835530715,1229717
72000000000,75600000000,72835530715,72837545576,2014861
72000000000,75600000000,72837545576,72838542739,997163
72000000000,75600000000,72838542739,72839480625,937886
72000000000,75600000000,72839480625,72840689508,1208883
72000000000,75600000000,72840689508,72847142540,6453032
72000000000,75600000000,72847142540,72847987538,844998
72000000000,75600000000,72847987538,72852248135,4260597
72000000000,75600000000,72852248135,72853066504,818369
72000000000,75600000000,72853066504,72854656364,1589860
72000000000,75600000000,72854656364,72855478306,821942
72000000000,75600000000,72855478306,72855508603,30297
72000000000,75600000000,72855508603,72855521943,13340
72000000000,75600000000,72855521943,72855527001,5058
72000000000,75600000000,72855527001,72855527244,243
72000000000,75600000000,72855527244,72855527249,5
72000000000,75600000000,72855527249,72855527256,7
72000000000,75600000000,72855527256,72856459243,931987
72000000000,75600000000,72856459243,72856493465,34222
72000000000,75600000000,72856493465,72856514776,21311
72000000000,75600000000,72856514776,72856514788,12
72000000000,75600000000,72856514788,72856514843,55
72000000000,75600000000,72856514843,72856514854,11
72000000000,75600000000,72856514854,72856515218,364
72000000000,75600000000,72856515218,72856515225,7
72000000000,75600000000,72856515225,72856515238,13
72000000000,75600000000,72856515238,72858395442,1880204
72000000000,75600000000,72858395442,72858395459,17
72000000000,75600000000,72858395459,72859325455,929996
72000000000,75600000000,72859325455,72861275875,1950420
72000000000,75600000000,72861275875,72862152561,876686
72000000000,75600000000,72862152561,72862163246,10685
72000000000,75600000000,72862163246,72862528752,365506
72000000000,75600000000,72862528752,72864376241,1847489
72000000000,75600000000,72864376241,72867801183,3424942
72000000000,75600000000,72867801183,72872294116,4492933
72000000000,75600000000,72872294116,72872299773,5657
72000000000,75600000000,72872299773,72872303129,3356
72000000000,75600000000,72872303129,72872305192,2063
72000000000,75600000000,72872305192,72872308325,3133
72000000000,75600000000,72872308325,72872308442,117
72000000000,75600000000,72872308442,72872308447,5
72000000000,75600000000,72872308447,72873267162,958715
72000000000,75600000000,72873267162,72873267462,300
72000000000,75600000000,72873267462,72873267466,4
72000000000,75600000000,72873267466,72874546415,1278949
72000000000,75600000000,72874546415,72874546452,37
72000000000,75600000000,72874546452,72874546792,340
72000000000,75600000000,72874546792,72874546826,34
72000000000,75600000000,72874546826,72875421708,874882
72000000000,75600000000,72875421708,72875454275,32567
72000000000,75600000000,72875454275,72875454278,3
72000000000,75600000000,72875454278,72876345009,890731
72000000000,75600000000,72876345009,72876345208,199
72000000000,75600000000,72876345208,72876345215,7
72000000000,75600000000,72876345215,72876345756,541
72000000000,75600000000,72876345756,72877349842,1004086
72000000000,75600000000,72877349842,72878268492,918650
72000000000,75600000000,72878268492,72880773963,2505471
72000000000,75600000000,72880773963,72885278444,4504481
72000000000,75600000000,72885278444,72888673032,3394588
72000000000,75600000000,72888673032,72888678479,5447
72000000000,75600000000,72888678479,72888678536,57
72000000000,75600000000,72888678536,72888678541,5
72000000000,75600000000,72888678541,72889673346,994805
72000000000,75600000000,72889673346,72890584562,911216
72000000000,75600000000,72890584562,72890608406,23844
72000000000,75600000000,72890608406,72890683570,75164
72000000000,75600000000,72890683570,72890688478,4908
72000000000,75600000000,72890688478,72892289504,1601026
72000000000,75600000000,72892289504,72892289522,18
72000000000,75600000000,72892289522,72892289626,104
72000000000,75600000000,72892289626,72892319078,29452
72000000000,75600000000,72892319078,72894044696,1725618
72000000000,75600000000,72894044696,72896475418,2430722
72000000000,75600000000,72896475418,72898098188,1622770
72000000000,75600000000,72898098188,72901444548,3346360
72000000000,75600000000,72901444548,72903167999,1723451
72000000000,75600000000,72903167999,72905662527,2494528
72000000000,75600000000,72905662527,72905674223,11696
72000000000,75600000000,72905674223,72905674231,8
72000000000,75600000000,72905674231,72905674239,8
72000000000,75600000000,72905674239,72906208367,534128
72000000000,75600000000,72906208367,72907727290,1518923
72000000000,75600000000,72907727290,72908668295,941005
72000000000,75600000000,72908668295,72910445415,1777120
72000000000,75600000000,72910445415,72910464153,18738
72000000000,75600000000,72910464153,72910464218,65
72000000000,75600000000,72910464218,72917805125,7340907
72000000000,75600000000,72917805125,72919269812,1464687
72000000000,75600000000,72919269812,72920140489,870677
72000000000,75600000000,72920140489,72920234192,93703
72000000000,75600000000,72920234192,72921035497,801305
72000000000,75600000000,72921035497,72921973036,937539
72000000000,75600000000,72921973036,72926118808,4145772
72000000000,75600000000,72926118808,72927218457,1099649
72000000000,75600000000,72927218457,72927221913,3456
72000000000,75600000000,72927221913,72928583097,1361184
72000000000,75600000000,72928583097,72928583204,107
72000000000,75600000000,72928583204,72928583209,5
72000000000,75600000000,72928583209,72929609255,1026046
72000000000,75600000000,72929609255,72929609265,10
72000000000,75600000000,72929609265,72930802709,1193444
72000000000,75600000000,72930802709,72932838974,2036265
72000000000,75600000000,72932838974,72932860228,21254
72000000000,75600000000,72932860228,72934669254,1809026
72000000000,75600000000,72934669254,72934696299,27045
72000000000,75600000000,72934696299,72935536492,840193
72000000000,75600000000,72935536492,72937210341,1673849
72000000000,75600000000,72937210341,72938298933,1088592
72000000000,75600000000,72938298933,72938299501,568
72000000000,75600000000,72938299501,72938299509,8
72000000000,75600000000,72938299509,72938299517,8
72000000000,75600000000,72938299517,72941766991,3467474
72000000000,75600000000,72941766991,72941766993,2
72000000000,75600000000,72941766993,72943708217,1941224
72000000000,75600000000,72943708217,72943754799,46582
72000000000,75600000000,72943754799,72945473507,1718708
72000000000,75600000000,72945473507,72945518495,44988
72000000000,75600000000,72945518495,72946266467,747972
72000000000,75600000000,72946266467,72947019382,752915
72000000000,75600000000,72947019382,72947019386,4
72000000000,75600000000,72947019386,72947019387,1
72000000000,75600000000,72947019387,72947783281,763894
72000000000,75600000000,72947783281,72947783323,42
72000000000,75600000000,72947783323,72947783732,409
72000000000,75600000000,72947783732,72948613740,830008
72000000000,75600000000,72948613740,72950161476,1547736
72000000000,75600000000,72950161476,72955817054,5655578
72000000000,75600000000,72955817054,72956688836,871782
72000000000,75600000000,72956688836,72958592372,1903536
72000000000,75600000000,72958592372,72969968774,11376402
72000000000,75600000000,72969968774,72971061590,1092816
72000000000,75600000000,72971061590,72973101618,2040028
72000000000,75600000000,72973101618,72977078692,3977074
72000000000,75600000000,72977078692,72978870360,1791668
72000000000,75600000000,72978870360,72978870364,4
72000000000,75600000000,72978870364,72979761727,891363
72000000000,75600000000,72979761727,72980009281,247554
72000000000,75600000000,72980009281,72980825457,816176
72000000000,75600000000,72980825457,72984647272,3821815
72000000000,75600000000,72984647272,72984647275,3
72000000000,75600000000,72984647275,72984647854,579
72000000000,75600000000,72984647854,72985638573,990719
72000000000,75600000000,72985638573,72986585932,947359
72000000000,75600000000,72986585932,72987638298,1052366
72000000000,75600000000,72987638298,72990390852,2752554
72000000000,75600000000,72990390852,72995281180,4890328
72000000000,75600000000,72995281180,72995281206,26
72000000000,75600000000,72995281206,72995281213,7
72000000000,75600000000,72995281213,72996071647,790434
72000000000,75600000000,72996071647,72996072341,694
72000000000,75600000000,72996072341,72997822957,1750616
72000000000,75600000000,72997822957,73000517038,2694081
72000000000,75600000000,73000517038,73003917513,3400475
72000000000,75600000000,73003917513,73005988801,2071288
72000000000,75600000000,73005988801,73010128021,4139220
72000000000,75600000000,73010128021,73021207398,11079377
72000000000,75600000000,73021207398,73022759038,1551640
72000000000,75600000000,73022759038,73023559981,800943
72000000000,75600000000,73023559981,73028693104,5133123
72000000000,75600000000,73028693104,73028693106,2
72000000000,75600000000,73028693106,73029524497,831391
72000000000,75600000000,73029524497,73029528791,4294
72000000000,75600000000,73029528791,73030368243,839452
72000000000,75600000000,73030368243,73031156584,788341
72000000000,75600000000,73031156584,73031156602,18
72000000000,75600000000,73031156602,73031982704,826102
72000000000,75600000000,73031982704,73031982751,47
72000000000,75600000000,73031982751,73031983123,372
72000000000,75600000000,73031983123,73031983177,54
72000000000,75600000000,73031983177,73031983186,9
72000000000,75600000000,73031983186,73034749490,2766304
72000000000,75600000000,73034749490,73034749490,0
72000000000,75600000000,73034749490,73034755157,5667
72000000000,75600000000,73034755157,73035598686,843529
72000000000,75600000000,73035598686,73036487100,888414
72000000000,75600000000,73036487100,73040007202,3520102
72000000000,75600000000,73040007202,73040007202,0
72000000000,75600000000,73040007202,73040009565,2363
72000000000,75600000000,73040009565,73040009842,277
72000000000,75600000000,73040009842,73040009847,5
72000000000,75600000000,73040009847,73041024124,1014277
72000000000,75600000000,73041024124,73044937913,3913789
72000000000,75600000000,73044937913,73046434058,1496145
72000000000,75600000000,73046434058,73046533266,99208
72000000000,75600000000,73046533266,73048164483,1631217
72000000000,75600000000,73048164483,73048164570,87
72000000000,75600000000,73048164570,73048164575,5
72000000000,75600000000,73048164575,73057776543,9611968
72000000000,75600000000,73057776543,73060144218,2367675
72000000000,75600000000,73060144218,73060144218,0
72000000000,75600000000,73060144218,73062150861,2006643
72000000000,75600000000,73062150861,73063563444,1412583
72000000000,75600000000,73063563444,73063566052,2608
72000000000,75600000000,73063566052,73064360651,794599
72000000000,75600000000,73064360651,73064381020,20369
72000000000,75600000000,73064381020,73065192144,811124
72000000000,75600000000,73065192144,73065192168,24
72000000000,75600000000,73065192168,73065192172,4
72000000000,75600000000,73065192172,73065192173,1
72000000000,75600000000,73065192173,73066825914,1633741
72000000000,75600000000,73066825914,73066825945,31
72000000000,75600000000,73066825945,73066828189,2244
72000000000,75600000000,73066828189,73069396821,2568632
72000000000,75600000000,73069396821,73070224682,827861
72000000000,75600000000,73070224682,73070224713,31
72000000000,75600000000,73070224713,73070224720,7
72000000000,75600000000,73070224720,73079024423,8799703
72000000000,75600000000,73079024423,73079024423,0
72000000000,75600000000,73079024423,73079834517,810094
72000000000,75600000000,73079834517,73085477948,5643431
72000000000,75600000000,73085477948,73087200446,1722498
72000000000,75600000000,73087200446,73089926633,2726187
72000000000,75600000000,73089926633,73105982796,16056163
72000000000,75600000000,73105982796,73106945586,962790
72000000000,75600000000,73106945586,73107764808,819222
72000000000,75600000000,73107764808,73107808113,43305
72000000000,75600000000,73107808113,73107808113,0
72000000000,75600000000,73107808113,73108724198,916085
72000000000,75600000000,73108724198,73109539318,815120
72000000000,75600000000,73109539318,73110342286,802968
72000000000,75600000000,73110342286,73111238084,895798
72000000000,75600000000,73111238084,73117830783,6592699
72000000000,75600000000,73117830783,73117834453,3670
72000000000,75600000000,73117834453,73117841110,6657
72000000000,75600000000,73117841110,73119488451,1647341
72000000000,75600000000,73119488451,73119488463,12
72000000000,75600000000,73119488463,73134017360,14528897
72000000000,75600000000,73134017360,73134862917,845557
72000000000,75600000000,73134862917,73141249043,6386126
72000000000,75600000000,73141249043,73141249140,97
72000000000,75600000000,73141249140,73141249145,5
72000000000,75600000000,73141249145,73142220374,971229
72000000000,75600000000,73142220374,73143901668,1681294
72000000000,75600000000,73143901668,73145564100,1662432
72000000000,75600000000,73145564100,73159615794,14051694
72000000000,75600000000,73159615794,73160555596,939802
72000000000,75600000000,73160555596,73164895257,4339661
72000000000,75600000000,73164895257,73170523612,5628355
72000000000,75600000000,73170523612,73172088722,1565110
72000000000,75600000000,73172088722,73184367375,12278653
72000000000,75600000000,73184367375,73185990099,1622724
72000000000,75600000000,73185990099,73189293674,3303575
72000000000,75600000000,73189293674,73189299870,6196
72000000000,75600000000,73189299870,73189301781,1911
72000000000,75600000000,73189301781,73190147756,845975
72000000000,75600000000,73190147756,73191082224,934468
72000000000,75600000000,73191082224,73191082228,4
72000000000,75600000000,73191082228,73191082288,60
72000000000,75600000000,73191082288,73191082311,23
72000000000,75600000000,73191082311,73191082315,4
72000000000,75600000000,73191082315,73192284328,1202013
72000000000,75600000000,73192284328,73192285309,981
72000000000,75600000000,73192285309,73195090988,2805679
72000000000,75600000000,73195090988,73195097800,6812
72000000000,75600000000,73195097800,73196680151,1582351
72000000000,75600000000,73196680151,73196680177,26
72000000000,75600000000,73196680177,73207448175,10767998
72000000000,75600000000,73207448175,73207454385,6210
72000000000,75600000000,73207454385,73207458108,3723
72000000000,75600000000,73207458108,73207461519,3411
72000000000,75600000000,73207461519,73209143956,1682437
72000000000,75600000000,73209143956,73209143960,4
72000000000,75600000000,73209143960,73209143961,1
72000000000,75600000000,73209143961,73209144007,46
72000000000,75600000000,73209144007,73209144190,183
72000000000,75600000000,73209144190,73209145092,902
72000000000,75600000000,73209145092,73210031970,886878
72000000000,75600000000,73210031970,73210032013,43
72000000000,75600000000,73210032013,73213569018,3537005
72000000000,75600000000,73213569018,73213569115,97
72000000000,75600000000,73213569115,73215628015,2058900
72000000000,75600000000,73215628015,73215642898,14883
72000000000,75600000000,73215642898,73216506439,863541
72000000000,75600000000,73216506439,73216511872,5433
72000000000,75600000000,73216511872,73216512333,461
72000000000,75600000000,73216512333,73217455304,942971
72000000000,75600000000,73217455304,73217455314,10
72000000000,75600000000,73217455314,73218379275,923961
72000000000,75600000000,73218379275,73220246143,1866868
72000000000,75600000000,73220246143,73221930654,1684511
72000000000,75600000000,73221930654,73221966833,36179
72000000000,75600000000,73221966833,73227225723,5258890
72000000000,75600000000,73227225723,73227235882,10159
72000000000,75600000000,73227235882,73227608031,372149
72000000000,75600000000,73227608031,73227656903,48872
72000000000,75600000000,73227656903,73228862680,1205777
72000000000,75600000000,73228862680,73230782249,1919569
72000000000,75600000000,73230782249,73230782261,12
72000000000,75600000000,73230782261,73230877616,95355
72000000000,75600000000,73230877616,73236695583,5817967
72000000000,75600000000,73236695583,73238676648,1981065
72000000000,75600000000,73238676648,73239075493,398845
72000000000,75600000000,73239075493,73239075497,4
72000000000,75600000000,73239075497,73239075914,417
72000000000,75600000000,73239075914,73239075919,5
72000000000,75600000000,73239075919,73240225806,1149887
72000000000,75600000000,73240225806,73243385400,3159594
72000000000,75600000000,73243385400,73245263877,1878477
72000000000,75600000000,73245263877,73245263879,2
72000000000,75600000000,73245263879,73247414798,2150919
72000000000,75600000000,73247414798,73248372869,958071
72000000000,75600000000,73248372869,73248376873,4004
72000000000,75600000000,73248376873,73248383280,6407
72000000000,75600000000,73248383280,73248386060,2780
72000000000,75600000000,73248386060,73248388597,2537
72000000000,75600000000,73248388597,73249323316,934719
72000000000,75600000000,73249323316,73249323316,0
72000000000,75600000000,73249323316,73251672697,2349381
72000000000,75600000000,73251672697,73251672700,3
72000000000,75600000000,73251672700,73251672857,157
72000000000,75600000000,73251672857,73251672880,23
72000000000,75600000000,73251672880,73251672883,3
72000000000,75600000000,73251672883,73251673010,127
72000000000,75600000000,73251673010,73251674600,1590
72000000000,75600000000,73251674600,73252585440,910840
72000000000,75600000000,73252585440,73255197394,2611954
72000000000,75600000000,73255197394,73255199755,2361
72000000000,75600000000,73255199755,73256494406,1294651
72000000000,75600000000,73256494406,73258774527,2280121
72000000000,75600000000,73258774527,73259883658,1109131
72000000000,75600000000,73259883658,73261245888,1362230
72000000000,75600000000,73261245888,73261245892,4
72000000000,75600000000,73261245892,73261284042,38150
72000000000,75600000000,73261284042,73262313132,1029090
72000000000,75600000000,73262313132,73262313372,240
72000000000,75600000000,73262313372,73263474265,1160893
72000000000,75600000000,73263474265,73264630204,1155939
72000000000,75600000000,73264630204,73267506453,2876249
72000000000,75600000000,73267506453,73269344043,1837590
72000000000,75600000000,73269344043,73271669698,2325655
72000000000,75600000000,73271669698,73273596530,1926832
72000000000,75600000000,73273596530,73278494862,4898332
72000000000,75600000000,73278494862,73278512071,17209
72000000000,75600000000,73278512071,73279556061,1043990
72000000000,75600000000,73279556061,73279556061,0
72000000000,75600000000,73279556061,73280559046,1002985
72000000000,75600000000,73280559046,73281794808,1235762
72000000000,75600000000,73281794808,73284147920,2353112
72000000000,75600000000,73284147920,73287142778,2994858
72000000000,75600000000,73287142778,73292997957,5855179
72000000000,75600000000,73292997957,73292997960,3
72000000000,75600000000,73292997960,73294072593,1074633
72000000000,75600000000,73294072593,73294078395,5802
72000000000,75600000000,73294078395,73295089945,1011550
72000000000,75600000000,73295089945,73295229708,139763
72000000000,75600000000,73295229708,73297107754,1878046
72000000000,75600000000,73297107754,73297107757,3
72000000000,75600000000,73297107757,73297107833,76
72000000000,75600000000,73297107833,73299233096,2125263
72000000000,75600000000,73299233096,73299234410,1314
72000000000,75600000000,73299234410,73314028038,14793628
72000000000,75600000000,73314028038,73315101066,1073028
72000000000,75600000000,73315101066,73315189206,88140
72000000000,75600000000,73315189206,73315212628,23422
72000000000,75600000000,73315212628,73319848385,4635757
72000000000,75600000000,73319848385,73319848389,4
72000000000,75600000000,73319848389,73319848438,49
72000000000,75600000000,73319848438,73319848441,3
72000000000,75600000000,73319848441,73319848516,75
72000000000,75600000000,73319848516,73319848519,3
72000000000,75600000000,73319848519,73319918019,69500
72000000000,75600000000,73319918019,73322199029,2281010
72000000000,75600000000,73322199029,73322199354,325
72000000000,75600000000,73322199354,73322201055,1701
72000000000,75600000000,73322201055,73323342828,1141773
72000000000,75600000000,73323342828,73323393877,51049
72000000000,75600000000,73323393877,73324462438,1068561
72000000000,75600000000,73324462438,73327036406,2573968
72000000000,75600000000,73327036406,73331368177,4331771
72000000000,75600000000,73331368177,73333434279,2066102
72000000000,75600000000,73333434279,73334405928,971649
72000000000,75600000000,73334405928,73335401311,995383
72000000000,75600000000,73335401311,73335408838,7527
72000000000,75600000000,73335408838,73335413222,4384
72000000000,75600000000,73335413222,73335426703,13481
72000000000,75600000000,73335426703,73335427311,608
72000000000,75600000000,73335427311,73336501904,1074593
72000000000,75600000000,73336501904,73336543637,41733
72000000000,75600000000,73336543637,73338726730,2183093
72000000000,75600000000,73338726730,73338726753,23
72000000000,75600000000,73338726753,73338727098,345
72000000000,75600000000,73338727098,73338727102,4
72000000000,75600000000,73338727102,73339686588,959486
72000000000,75600000000,73339686588,73341666121,1979533
72000000000,75600000000,73341666121,73345932624,4266503
72000000000,75600000000,73345932624,73346738388,805764
72000000000,75600000000,73346738388,73346751351,12963
72000000000,75600000000,73346751351,73346766974,15623
72000000000,75600000000,73346766974,73346773413,6439
72000000000,75600000000,73346773413,73346779206,5793
72000000000,75600000000,73346779206,73347703620,924414
72000000000,75600000000,73347703620,73350004215,2300595
72000000000,75600000000,73350004215,73350004227,12
72000000000,75600000000,73350004227,73350004245,18
72000000000,75600000000,73350004245,73353148026,3143781
72000000000,75600000000,73353148026,73353148049,23
72000000000,75600000000,73353148049,73353200705,52656
72000000000,75600000000,73353200705,73355025252,1824547
72000000000,75600000000,73355025252,73355053393,28141
72000000000,75600000000,73355053393,73357070830,2017437
72000000000,75600000000,73357070830,73357074144,3314
72000000000,75600000000,73357074144,73358731959,1657815
72000000000,75600000000,73358731959,73359851776,1119817
72000000000,75600000000,73359851776,73359851779,3
72000000000,75600000000,73359851779,73359851828,49
72000000000,75600000000,73359851828,73360748173,896345
72000000000,75600000000,73360748173,73360748486,313
72000000000,75600000000,73360748486,73364497984,3749498
72000000000,75600000000,73364497984,73364497987,3
72000000000,75600000000,73364497987,73366284369,1786382
72000000000,75600000000,73366284369,73370100406,3816037
72000000000,75600000000,73370100406,73376047532,5947126
72000000000,75600000000,73376047532,73376049735,2203
72000000000,75600000000,73376049735,73376055260,5525
72000000000,75600000000,73376055260,73376057613,2353
72000000000,75600000000,73376057613,73376060111,2498
72000000000,75600000000,73376060111,73376062716,2605
72000000000,75600000000,73376062716,73377828763,1766047
72000000000,75600000000,73377828763,73377828777,14
72000000000,75600000000,73377828777,73377828795,18
72000000000,75600000000,73377828795,73377828805,10
72000000000,75600000000,73377828805,73377828831,26
72000000000,75600000000,73377828831,73377828844,13
72000000000,75600000000,73377828844,73380854331,3025487
72000000000,75600000000,73380854331,73380854439,108
72000000000,75600000000,73380854439,73380854444,5
72000000000,75600000000,73380854444,73381842655,988211
72000000000,75600000000,73381842655,73383535059,1692404
72000000000,75600000000,73383535059,73395396084,11861025
72000000000,75600000000,73395396084,73396944638,1548554
72000000000,75600000000,73396944638,73397764828,820190
72000000000,75600000000,73397764828,73399370390,1605562
72000000000,75600000000,73399370390,73399400490,30100
72000000000,75600000000,73399400490,73399406241,5751
72000000000,75600000000,73399406241,73399406944,703
72000000000,75600000000,73399406944,73399407141,197
72000000000,75600000000,73399407141,73401202832,1795691
72000000000,75600000000,73401202832,73401342722,139890
72000000000,75600000000,73401342722,73403359153,2016431
72000000000,75600000000,73403359153,73406315153,2956000
72000000000,75600000000,73406315153,73406339869,24716
72000000000,75600000000,73406339869,73406340113,244
72000000000,75600000000,73406340113,73407376428,1036315
72000000000,75600000000,73407376428,73407430350,53922
72000000000,75600000000,73407430350,73408219759,789409
72000000000,75600000000,73408219759,73409171770,952011
72000000000,75600000000,73409171770,73409171811,41
72000000000,75600000000,73409171811,73416386895,7215084
72000000000,75600000000,73416386895,73418175790,1788895
72000000000,75600000000,73418175790,73419866803,1691013
72000000000,75600000000,73419866803,73419867440,637
72000000000,75600000000,73419867440,73423059192,3191752
72000000000,75600000000,73423059192,73427304216,4245024
72000000000,75600000000,73427304216,73427309730,5514
72000000000,75600000000,73427309730,73428187740,878010
72000000000,75600000000,73428187740,73429980370,1792630
72000000000,75600000000,73429980370,73429980373,3
72000000000,75600000000,73429980373,73429980503,130
72000000000,75600000000,73429980503,73430975411,994908
72000000000,75600000000,73430975411,73430998613,23202
72000000000,75600000000,73430998613,73430998679,66
72000000000,75600000000,73430998679,73430998771,92
72000000000,75600000000,73430998771,73431919549,920778
72000000000,75600000000,73431919549,73432878230,958681
72000000000,75600000000,73432878230,73434336118,1457888
72000000000,75600000000,73434336118,73436895035,2558917
72000000000,75600000000,73436895035,73437229575,334540
72000000000,75600000000,73437229575,73438093735,864160
72000000000,75600000000,73438093735,73438911523,817788
72000000000,75600000000,73438911523,73439730092,818569
72000000000,75600000000,73439730092,73439956436,226344
72000000000,75600000000,73439956436,73441487421,1530985
72000000000,75600000000,73441487421,73441506522,19101
72000000000,75600000000,73441506522,73443301998,1795476
72000000000,75600000000,73443301998,73444428748,1126750
72000000000,75600000000,73444428748,73445185932,757184
72000000000,75600000000,73445185932,73445196293,10361
72000000000,75600000000,73445196293,73445209407,13114
72000000000,75600000000,73445209407,73445213883,4476
72000000000,75600000000,73445213883,73445216916,3033
72000000000,75600000000,73445216916,73445221143,4227
72000000000,75600000000,73445221143,73445266254,45111
72000000000,75600000000,73445266254,73446068611,802357
72000000000,75600000000,73446068611,73446099526,30915
72000000000,75600000000,73446099526,73446883237,783711
72000000000,75600000000,73446883237,73447781652,898415
72000000000,75600000000,73447781652,73447781670,18
72000000000,75600000000,73447781670,73447781709,39
72000000000,75600000000,73447781709,73447781726,17
72000000000,75600000000,73447781726,73447781757,31
72000000000,75600000000,73447781757,73447781761,4
72000000000,75600000000,73447781761,73447781762,1
72000000000,75600000000,73447781762,73447781833,71
72000000000,75600000000,73447781833,73449300936,1519103
72000000000,75600000000,73449300936,73449301914,978
72000000000,75600000000,73449301914,73449302097,183
72000000000,75600000000,73449302097,73450232864,930767
72000000000,75600000000,73450232864,73456245530,6012666
72000000000,75600000000,73456245530,73458701415,2455885
72000000000,75600000000,73458701415,73460029777,1328362
72000000000,75600000000,73460029777,73461613332,1583555
72000000000,75600000000,73461613332,73462434913,821581
72000000000,75600000000,73462434913,73462441666,6753
72000000000,75600000000,73462441666,73464210899,1769233
72000000000,75600000000,73464210899,73473163369,8952470
72000000000,75600000000,73473163369,73474926140,1762771
72000000000,75600000000,73474926140,73479077009,4150869
72000000000,75600000000,73479077009,73483755240,4678231
72000000000,75600000000,73483755240,73485513342,1758102
72000000000,75600000000,73485513342,73487281931,1768589
72000000000,75600000000,73487281931,73489097953,1816022
72000000000,75600000000,73489097953,73491130590,2032637
72000000000,75600000000,73491130590,73492909246,1778656
72000000000,75600000000,73492909246,73494339643,1430397
72000000000,75600000000,73494339643,73495185837,846194
72000000000,75600000000,73495185837,73495214186,28349
72000000000,75600000000,73495214186,73496106606,892420
72000000000,75600000000,73496106606,73497008260,901654
72000000000,75600000000,73497008260,73497952840,944580
72000000000,75600000000,73497952840,73498798820,845980
72000000000,75600000000,73498798820,73502679524,3880704
72000000000,75600000000,73502679524,73504339129,1659605
72000000000,75600000000,73504339129,73504357984,18855
72000000000,75600000000,73504357984,73504358136,152
72000000000,75600000000,73504358136,73504358143,7
72000000000,75600000000,73504358143,73506925996,2567853
72000000000,75600000000,73506925996,73506926083,87
72000000000,75600000000,73506926083,73506926088,5
72000000000,75600000000,73506926088,73511333334,4407246
72000000000,75600000000,73511333334,73513353716,2020382
72000000000,75600000000,73513353716,73514925845,1572129
72000000000,75600000000,73514925845,73515771174,845329
72000000000,75600000000,73515771174,73515771361,187
72000000000,75600000000,73515771361,73515771368,7
72000000000,75600000000,73515771368,73516692199,920831
72000000000,75600000000,73516692199,73518325081,1632882
72000000000,75600000000,73518325081,73520025853,1700772
72000000000,75600000000,73520025853,73520031523,5670
72000000000,75600000000,73520031523,73520031662,139
72000000000,75600000000,73520031662,73520031667,5
72000000000,75600000000,73520031667,73520031672,5
72000000000,75600000000,73520031672,73521863138,1831466
72000000000,75600000000,73521863138,73522703662,840524
72000000000,75600000000,73522703662,73523043092,339430
72000000000,75600000000,73523043092,73524730941,1687849
72000000000,75600000000,73524730941,73524984456,253515
72000000000,75600000000,73524984456,73524985340,884
72000000000,75600000000,73524985340,73524985345,5
72000000000,75600000000,73524985345,73526079009,1093664
72000000000,75600000000,73526079009,73526092929,13920
72000000000,75600000000,73526092929,73527038957,946028
72000000000,75600000000,73527038957,73527038975,18
72000000000,75600000000,73527038975,73528068412,1029437
72000000000,75600000000,73528068412,73532496731,4428319
72000000000,75600000000,73532496731,73534758876,2262145
72000000000,75600000000,73534758876,73535638438,879562
72000000000,75600000000,73535638438,73536565920,927482
72000000000,75600000000,73536565920,73536591554,25634
72000000000,75600000000,73536591554,73536596774,5220
72000000000,75600000000,73536596774,73537692634,1095860
72000000000,75600000000,73537692634,73537692651,17
72000000000,75600000000,73537692651,73538687106,994455
72000000000,75600000000,73538687106,73538687129,23
72000000000,75600000000,73538687129,73545708706,7021577
72000000000,75600000000,73545708706,73546654671,945965
72000000000,75600000000,73546654671,73547627532,972861
72000000000,75600000000,73547627532,73547632182,4650
72000000000,75600000000,73547632182,73547634351,2169
72000000000,75600000000,73547634351,73547647665,13314
72000000000,75600000000,73547647665,73548530397,882732
72000000000,75600000000,73548530397,73549495939,965542
72000000000,75600000000,73549495939,73551330863,1834924
72000000000,75600000000,73551330863,73551330891,28
72000000000,75600000000,73551330891,73551330932,41
72000000000,75600000000,73551330932,73552234585,903653
72000000000,75600000000,73552234585,73552238773,4188
72000000000,75600000000,73552238773,73552268709,29936
72000000000,75600000000,73552268709,73554059400,1790691
72000000000,75600000000,73554059400,73554059410,10
72000000000,75600000000,73554059410,73554059490,80
72000000000,75600000000,73554059490,73561838084,7778594
72000000000,75600000000,73561838084,73561838610,526
72000000000,75600000000,73561838610,73561838615,5
72000000000,75600000000,73561838615,73562807552,968937
72000000000,75600000000,73562807552,73564883850,2076298
72000000000,75600000000,73564883850,73564907338,23488
72000000000,75600000000,73564907338,73566854915,1947577
72000000000,75600000000,73566854915,73566878215,23300
72000000000,75600000000,73566878215,73566883280,5065
72000000000,75600000000,73566883280,73566900144,16864
72000000000,75600000000,73566900144,73566921495,21351
72000000000,75600000000,73566921495,73566927264,5769
72000000000,75600000000,73566927264,73566932440,5176
72000000000,75600000000,73566932440,73566934715,2275
72000000000,75600000000,73566934715,73566936590,1875
72000000000,75600000000,73566936590,73566938447,1857
72000000000,75600000000,73566938447,73566940255,1808
72000000000,75600000000,73566940255,73569331247,2390992
72000000000,75600000000,73569331247,73571924450,2593203
72000000000,75600000000,73571924450,73571924731,281
72000000000,75600000000,73571924731,73572839804,915073
72000000000,75600000000,73572839804,73572839808,4
72000000000,75600000000,73572839808,73572840028,220
72000000000,75600000000,73572840028,73572840032,4
72000000000,75600000000,73572840032,73572840094,62
72000000000,75600000000,73572840094,73572840119,25
72000000000,75600000000,73572840119,73572840136,17
72000000000,75600000000,73572840136,73572840185,49
72000000000,75600000000,73572840185,73572871217,31032
72000000000,75600000000,73572871217,73572871230,13
72000000000,75600000000,73572871230,73572871273,43
72000000000,75600000000,73572871273,73572871513,240
72000000000,75600000000,73572871513,73574639331,1767818
72000000000,75600000000,73574639331,73574643669,4338
72000000000,75600000000,73574643669,73575528835,885166
72000000000,75600000000,73575528835,73575528962,127
72000000000,75600000000,73575528962,73575528969,7
72000000000,75600000000,73575528969,73577796375,2267406
72000000000,75600000000,73577796375,73577800338,3963
72000000000,75600000000,73577800338,73577801711,1373
72000000000,75600000000,73577801711,73579623194,1821483
72000000000,75600000000,73579623194,73579772202,149008
72000000000,75600000000,73579772202,73579772202,0
72000000000,75600000000,73579772202,73581643452,1871250
72000000000,75600000000,73581643452,73583621430,1977978
72000000000,75600000000,73583621430,73583630244,8814
72000000000,75600000000,73583630244,73584545071,914827
72000000000,75600000000,73584545071,73585457414,912343
72000000000,75600000000,73585457414,73585457513,99
72000000000,75600000000,73585457513,73585497322,39809
72000000000,75600000000,73585497322,73585545729,48407
72000000000,75600000000,73585545729,73585619359,73630
72000000000,75600000000,73585619359,73588878294,3258935
72000000000,75600000000,73588878294,73588878331,37
72000000000,75600000000,73588878331,73588881494,3163
72000000000,75600000000,73588881494,73592051632,3170138
72000000000,75600000000,73592051632,73606707620,14655988
72000000000,75600000000,73606707620,73606707663,43
72000000000,75600000000,73606707663,73606707670,7
72000000000,75600000000,73606707670,73608979997,2272327
72000000000,75600000000,73608979997,73608981925,1928
72000000000,75600000000,73608981925,73612819553,3837628
72000000000,75600000000,73612819553,73612819563,10
72000000000,75600000000,73612819563,73612926172,106609
72000000000,75600000000,73612926172,73614942549,2016377
72000000000,75600000000,73614942549,73614942549,0
72000000000,75600000000,73614942549,73622832430,7889881
72000000000,75600000000,73622832430,73623884717,1052287
72000000000,75600000000,73623884717,73623898835,14118
72000000000,75600000000,73623898835,73623898837,2
72000000000,75600000000,73623898837,73624831794,932957
72000000000,75600000000,73624831794,73624857630,25836
72000000000,75600000000,73624857630,73624871003,13373
72000000000,75600000000,73624871003,73624871090,87
72000000000,75600000000,73624871090,73624871095,5
72000000000,75600000000,73624871095,73625917217,1046122
72000000000,75600000000,73625917217,73625917228,11
72000000000,75600000000,73625917228,73627051165,1133937
72000000000,75600000000,73627051165,73628242634,1191469
72000000000,75600000000,73628242634,73628242825,191
72000000000,75600000000,73628242825,73629424424,1181599
72000000000,75600000000,73629424424,73630568441,1144017
72000000000,75600000000,73630568441,73631724672,1156231
72000000000,75600000000,73631724672,73634080909,2356237
72000000000,75600000000,73634080909,73638912498,4831589
72000000000,75600000000,73638912498,73641837550,2925052
72000000000,75600000000,73641837550,73644107584,2270034
72000000000,75600000000,73644107584,73645880684,1773100
72000000000,75600000000,73645880684,73645910357,29673
72000000000,75600000000,73645910357,73645910952,595
72000000000,75600000000,73645910952,73645923585,12633
72000000000,75600000000,73645923585,73645923597,12
72000000000,75600000000,73645923597,73650000907,4077310
72000000000,75600000000,73650000907,73650910613,909706
72000000000,75600000000,73650910613,73653532786,2622173
72000000000,75600000000,73653532786,73654911842,1379056
72000000000,75600000000,73654911842,73655029842,118000
72000000000,75600000000,73655029842,73656947641,1917799
72000000000,75600000000,73656947641,73657001617,53976
72000000000,75600000000,73657001617,73657006468,4851
72000000000,75600000000,73657006468,73657010048,3580
72000000000,75600000000,73657010048,73657010075,27
72000000000,75600000000,73657010075,73657010080,5
72000000000,75600000000,73657010080,73658065113,1055033
72000000000,75600000000,73658065113,73659017390,952277
72000000000,75600000000,73659017390,73659017394,4
72000000000,75600000000,73659017394,73659017395,1
72000000000,75600000000,73659017395,73659017601,206
72000000000,75600000000,73659017601,73659972468,954867
72000000000,75600000000,73659972468,73659972530,62
72000000000,75600000000,73659972530,73659973544,1014
72000000000,75600000000,73659973544,73660042415,68871
72000000000,75600000000,73660042415,73662041006,1998591
72000000000,75600000000,73662041006,73662112561,71555
72000000000,75600000000,73662112561,73668187148,6074587
72000000000,75600000000,73668187148,73668187151,3
72000000000,75600000000,73668187151,73670250856,2063705
72000000000,75600000000,73670250856,73671322504,1071648
72000000000,75600000000,73671322504,73672289326,966822
72000000000,75600000000,73672289326,73672293283,3957
72000000000,75600000000,73672293283,73674176306,1883023
72000000000,75600000000,73674176306,73676363559,2187253
72000000000,75600000000,73676363559,73676405116,41557
72000000000,75600000000,73676405116,73677398012,992896
72000000000,75600000000,73677398012,73677815133,417121
72000000000,75600000000,73677815133,73679876672,2061539
72000000000,75600000000,73679876672,73679876676,4
72000000000,75600000000,73679876676,73679876692,16
72000000000,75600000000,73679876692,73679962706,86014
72000000000,75600000000,73679962706,73681066754,1104048
72000000000,75600000000,73681066754,73682200278,1133524
72000000000,75600000000,73682200278,73682255536,55258
72000000000,75600000000,73682255536,73683372714,1117178
72000000000,75600000000,73683372714,73683441985,69271
72000000000,75600000000,73683441985,73683462540,20555
72000000000,75600000000,73683462540,73684451984,989444
72000000000,75600000000,73684451984,73685632248,1180264
72000000000,75600000000,73685632248,73685632689,441
72000000000,75600000000,73685632689,73688826895,3194206
72000000000,75600000000,73688826895,73688827071,176
72000000000,75600000000,73688827071,73688827078,7
72000000000,75600000000,73688827078,73690177918,1350840
72000000000,75600000000,73690177918,73690178265,347
72000000000,75600000000,73690178265,73692067935,1889670
72000000000,75600000000,73692067935,73692104392,36457
72000000000,75600000000,73692104392,73692104524,132
72000000000,75600000000,73692104524,73692104870,346
72000000000,75600000000,73692104870,73694044945,1940075
72000000000,75600000000,73694044945,73695014138,969193
72000000000,75600000000,73695014138,73696853389,1839251
72000000000,75600000000,73696853389,73700409365,3555976
72000000000,75600000000,73700409365,73700416389,7024
72000000000,75600000000,73700416389,73709091090,8674701
72000000000,75600000000,73709091090,73709099626,8536
72000000000,75600000000,73709099626,73709100376,750
72000000000,75600000000,73709100376,73710081092,980716
72000000000,75600000000,73710081092,73711849848,1768756
72000000000,75600000000,73711849848,73711849864,16
72000000000,75600000000,73711849864,73712800676,950812
72000000000,75600000000,73712800676,73712802349,1673
72000000000,75600000000,73712802349,73714213127,1410778
72000000000,75600000000,73714213127,73714221871,8744
72000000000,75600000000,73714221871,73717249373,3027502
72000000000,75600000000,73717249373,73717249377,4
72000000000,75600000000,73717249377,73717249378,1
72000000000,75600000000,73717249378,73717249805,427
72000000000,75600000000,73717249805,73717249809,4
72000000000,75600000000,73717249809,73717364518,114709
72000000000,75600000000,73717364518,73718340556,976038
72000000000,75600000000,73718340556,73719225918,885362
72000000000,75600000000,73719225918,73719238898,12980
72000000000,75600000000,73719238898,73719238910,12
72000000000,75600000000,73719238910,73722129299,2890389
72000000000,75600000000,73722129299,73725314896,3185597
72000000000,75600000000,73725314896,73730741280,5426384
72000000000,75600000000,73730741280,73735105544,4364264
72000000000,75600000000,73735105544,73735135345,29801
72000000000,75600000000,73735135345,73735142092,6747
72000000000,75600000000,73735142092,73735149769,7677
72000000000,75600000000,73735149769,73740651223,5501454
72000000000,75600000000,73740651223,73740651280,57
72000000000,75600000000,73740651280,73740651283,3
72000000000,75600000000,73740651283,73740651424,141
72000000000,75600000000,73740651424,73740651443,19
72000000000,75600000000,73740651443,73745421205,4769762
72000000000,75600000000,73745421205,73749421301,4000096
72000000000,75600000000,73749421301,73749424625,3324
72000000000,75600000000,73749424625,73749424776,151
72000000000,75600000000,73749424776,73750414790,990014
72000000000,75600000000,73750414790,73751387275,972485
72000000000,75600000000,73751387275,73752424465,1037190
72000000000,75600000000,73752424465,73755912143,3487678
72000000000,75600000000,73755912143,73755927108,14965
72000000000,75600000000,73755927108,73755950255,23147
72000000000,75600000000,73755950255,73755970021,19766
72000000000,75600000000,73755970021,73755973591,3570
72000000000,75600000000,73755973591,73755976412,2821
72000000000,75600000000,73755976412,73762112828,6136416
72000000000,75600000000,73762112828,73762112895,67
72000000000,75600000000,73762112895,73762112899,4
72000000000,75600000000,73762112899,73762112900,1
72000000000,75600000000,73762112900,73762112995,95
72000000000,75600000000,73762112995,73762144664,31669
72000000000,75600000000,73762144664,73762144677,13
72000000000,75600000000,73762144677,73762144686,9
72000000000,75600000000,73762144686,73764921672,2776986
72000000000,75600000000,73764921672,73764921675,3
72000000000,75600000000,73764921675,73766821108,1899433
72000000000,75600000000,73766821108,73766823219,2111
72000000000,75600000000,73766823219,73767982982,1159763
72000000000,75600000000,73767982982,73768953511,970529
72000000000,75600000000,73768953511,73771142740,2189229
72000000000,75600000000,73771142740,73771229014,86274
72000000000,75600000000,73771229014,73778429445,7200431
72000000000,75600000000,73778429445,73786496053,8066608
72000000000,75600000000,73786496053,73789605607,3109554
72000000000,75600000000,73789605607,73797590209,7984602
72000000000,75600000000,73797590209,73799683662,2093453
72000000000,75600000000,73799683662,73799755258,71596
72000000000,75600000000,73799755258,73799869485,114227
72000000000,75600000000,73799869485,73799869583,98
72000000000,75600000000,73799869583,73799869588,5
72000000000,75600000000,73799869588,73802529236,2659648
72000000000,75600000000,73802529236,73802621656,92420
72000000000,75600000000,73802621656,73802623533,1877
72000000000,75600000000,73802623533,73802623620,87
72000000000,75600000000,73802623620,73802623625,5
72000000000,75600000000,73802623625,73803921882,1298257
72000000000,75600000000,73803921882,73813261321,9339439
72000000000,75600000000,73813261321,73813275008,13687
72000000000,75600000000,73813275008,73816421872,3146864
72000000000,75600000000,73816421872,73816421991,119
72000000000,75600000000,73816421991,73819281676,2859685
72000000000,75600000000,73819281676,73820281402,999726
72000000000,75600000000,73820281402,73820288409,7007
72000000000,75600000000,73820288409,73820288516,107
72000000000,75600000000,73820288516,73820288521,5
72000000000,75600000000,73820288521,73821260525,972004
72000000000,75600000000,73821260525,73821295295,34770
72000000000,75600000000,73821295295,73822178804,883509
72000000000,75600000000,73822178804,73822203787,24983
72000000000,75600000000,73822203787,73823526901,1323114
72000000000,75600000000,73823526901,73823526905,4
72000000000,75600000000,73823526905,73823526952,47
72000000000,75600000000,73823526952,73823526957,5
72000000000,75600000000,73823526957,73824527620,1000663
72000000000,75600000000,73824527620,73824527658,38
72000000000,75600000000,73824527658,73824933184,405526
72000000000,75600000000,73824933184,73826003385,1070201
72000000000,75600000000,73826003385,73826028749,25364
72000000000,75600000000,73826028749,73828136082,2107333
72000000000,75600000000,73828136082,73828162819,26737
72000000000,75600000000,73828162819,73829151169,988350
72000000000,75600000000,73829151169,73829165414,14245
72000000000,75600000000,73829165414,73832107050,2941636
72000000000,75600000000,73832107050,73833762128,1655078
72000000000,75600000000,73833762128,73833766429,4301
72000000000,75600000000,73833766429,73833775163,8734
72000000000,75600000000,73833775163,73833778810,3647
72000000000,75600000000,73833778810,73833783597,4787
72000000000,75600000000,73833783597,73833788273,4676
72000000000,75600000000,73833788273,73835487419,1699146
72000000000,75600000000,73835487419,73839001644,3514225
72000000000,75600000000,73839001644,73839002595,951
72000000000,75600000000,73839002595,73839006727,4132
72000000000,75600000000,73839006727,73839006739,12
72000000000,75600000000,73839006739,73839006810,71
72000000000,75600000000,73839006810,73839006827,17
72000000000,75600000000,73839006827,73839006838,11
72000000000,75600000000,73839006838,73843581703,4574865
72000000000,75600000000,73843581703,73845916906,2335203
72000000000,75600000000,73845916906,73847988878,2071972
72000000000,75600000000,73847988878,73850029566,2040688
72000000000,75600000000,73850029566,73850029584,18
72000000000,75600000000,73850029584,73854304913,4275329
72000000000,75600000000,73854304913,73854316206,11293
72000000000,75600000000,73854316206,73854319081,2875
72000000000,75600000000,73854319081,73857375280,3056199
72000000000,75600000000,73857375280,73857375797,517
72000000000,75600000000,73857375797,73858589490,1213693
72000000000,75600000000,73858589490,73858589500,10
72000000000,75600000000,73858589500,73858589535,35
72000000000,75600000000,73858589535,73868312409,9722874
72000000000,75600000000,73868312409,73871682815,3370406
72000000000,75600000000,73871682815,73871683184,369
72000000000,75600000000,73871683184,73872574842,891658
72000000000,75600000000,73872574842,73872574857,15
72000000000,75600000000,73872574857,73873457398,882541
72000000000,75600000000,73873457398,73875315768,1858370
72000000000,75600000000,73875315768,73881805753,6489985
72000000000,75600000000,73881805753,73881842788,37035
72000000000,75600000000,73881842788,73881842796,8
72000000000,75600000000,73881842796,73881842804,8
72000000000,75600000000,73881842804,73883945677,2102873
72000000000,75600000000,73883945677,73883945679,2
72000000000,75600000000,73883945679,73885001227,1055548
72000000000,75600000000,73885001227,73886930290,1929063
72000000000,75600000000,73886930290,73889180124,2249834
72000000000,75600000000,73889180124,73891291592,2111468
72000000000,75600000000,73891291592,73892287066,995474
72000000000,75600000000,73892287066,73894484976,2197910
72000000000,75600000000,73894484976,73894588811,103835
72000000000,75600000000,73894588811,73897510196,2921385
72000000000,75600000000,73897510196,73897510200,4
72000000000,75600000000,73897510200,73897510201,1
72000000000,75600000000,73897510201,73897510304,103
72000000000,75600000000,73897510304,73897899835,389531
72000000000,75600000000,73897899835,73899077687,1177852
72000000000,75600000000,73899077687,73899078679,992
72000000000,75600000000,73899078679,73901182566,2103887
72000000000,75600000000,73901182566,73904619794,3437228
72000000000,75600000000,73904619794,73904620037,243
72000000000,75600000000,73904620037,73904620042,5
72000000000,75600000000,73904620042,73908571966,3951924
72000000000,75600000000,73908571966,73910330371,1758405
72000000000,75600000000,73910330371,73910351267,20896
72000000000,75600000000,73910351267,73910375323,24056
72000000000,75600000000,73910375323,73913135463,2760140
72000000000,75600000000,73913135463,73913135666,203
72000000000,75600000000,73913135666,73921557130,8421464
72000000000,75600000000,73921557130,73923356197,1799067
72000000000,75600000000,73923356197,73925592396,2236199
72000000000,75600000000,73925592396,73926459717,867321
72000000000,75600000000,73926459717,73927256417,796700
72000000000,75600000000,73927256417,73928162843,906426
72000000000,75600000000,73928162843,73928193681,30838
72000000000,75600000000,73928193681,73930105161,1911480
72000000000,75600000000,73930105161,73934345049,4239888
72000000000,75600000000,73934345049,73936651814,2306765
72000000000,75600000000,73936651814,73947382443,10730629
72000000000,75600000000,73947382443,73949174420,1791977
72000000000,75600000000,73949174420,73949254075,79655
72000000000,75600000000,73949254075,73949254152,77
72000000000,75600000000,73949254152,73949254157,5
72000000000,75600000000,73949254157,73949254692,535
72000000000,75600000000,73949254692,73950413355,1158663
72000000000,75600000000,73950413355,73950413737,382
72000000000,75600000000,73950413737,73950413743,6
72000000000,75600000000,73950413743,73950413751,8
72000000000,75600000000,73950413751,73950414415,664
72000000000,75600000000,73950414415,73951527299,1112884
72000000000,75600000000,73951527299,73954227317,2700018
72000000000,75600000000,73954227317,73965361145,11133828
72000000000,75600000000,73965361145,73966428582,1067437
72000000000,75600000000,73966428582,73968422576,1993994
72000000000,75600000000,73968422576,73968790971,368395
72000000000,75600000000,73968790971,73974367659,5576688
72000000000,75600000000,73974367659,73977104071,2736412
72000000000,75600000000,73977104071,73978697298,1593227
72000000000,75600000000,73978697298,73980931973,2234675
72000000000,75600000000,73980931973,73980981528,49555
72000000000,75600000000,73980981528,73980985159,3631
72000000000,75600000000,73980985159,73984882089,3896930
72000000000,75600000000,73984882089,73989699197,4817108
72000000000,75600000000,73989699197,73989699200,3
72000000000,75600000000,73989699200,73990671541,972341
72000000000,75600000000,73990671541,73990678846,7305
72000000000,75600000000,73990678846,73990681785,2939
72000000000,75600000000,73990681785,73991045234,363449
72000000000,75600000000,73991045234,73991822880,777646
72000000000,75600000000,73991822880,73992709832,886952
72000000000,75600000000,73992709832,73992709845,13
72000000000,75600000000,73992709845,73992709875,30
72000000000,75600000000,73992709875,73992738833,28958
72000000000,75600000000,73992738833,73993603514,864681
72000000000,75600000000,73993603514,73994442695,839181
72000000000,75600000000,73994442695,73994471263,28568
72000000000,75600000000,73994471263,73994471687,424
72000000000,75600000000,73994471687,73995353407,881720
72000000000,75600000000,73995353407,73995380695,27288
72000000000,75600000000,73995380695,73995388483,7788
72000000000,75600000000,73995388483,73995388550,67
72000000000,75600000000,73995388550,73995388555,5
72000000000,75600000000,73995388555,73997037007,1648452
72000000000,75600000000,73997037007,74005956327,8919320
72000000000,75600000000,74005956327,74005956345,18
72000000000,75600000000,74005956345,74006044484,88139
72000000000,75600000000,74006044484,74006065734,21250
72000000000,75600000000,74006065734,74006065811,77
72000000000,75600000000,74006065811,74006065816,5
72000000000,75600000000,74006065816,74007199454,1133638
72000000000,75600000000,74007199454,74007260063,60609
72000000000,75600000000,74007260063,74007292948,32885
72000000000,75600000000,74007292948,74008354106,1061158
72000000000,75600000000,74008354106,74009428926,1074820
72000000000,75600000000,74009428926,74009428943,17
72000000000,75600000000,74009428943,74009469691,40748
72000000000,75600000000,74009469691,74009478793,9102
72000000000,75600000000,74009478793,74011243810,1765017
72000000000,75600000000,74011243810,74011244057,247
72000000000,75600000000,74011244057,74011270594,26537
72000000000,75600000000,74011270594,74011281782,11188
72000000000,75600000000,74011281782,74011281782,0
72000000000,75600000000,74011281782,74012185391,903609
72000000000,75600000000,74012185391,74013056851,871460
72000000000,75600000000,74013056851,74014328373,1271522
72000000000,75600000000,74014328373,74016014669,1686296
72000000000,75600000000,74016014669,74016052392,37723
72000000000,75600000000,74016052392,74018694090,2641698
72000000000,75600000000,74018694090,74018734252,40162
72000000000,75600000000,74018734252,74023285477,4551225
72000000000,75600000000,74023285477,74024230131,944654
72000000000,75600000000,74024230131,74024230468,337
72000000000,75600000000,74024230468,74024230473,5
72000000000,75600000000,74024230473,74025503868,1273395
72000000000,75600000000,74025503868,74025550741,46873
72000000000,75600000000,74025550741,74026418128,867387
72000000000,75600000000,74026418128,74028168469,1750341
72000000000,75600000000,74028168469,74029109536,941067
72000000000,75600000000,74029109536,74029942983,833447
72000000000,75600000000,74029942983,74030812028,869045
72000000000,75600000000,74030812028,74034397899,3585871
72000000000,75600000000,74034397899,74034402333,4434
72000000000,75600000000,74034402333,74034405534,3201
72000000000,75600000000,74034405534,74035291442,885908
72000000000,75600000000,74035291442,74035291442,0
72000000000,75600000000,74035291442,74038389495,3098053
72000000000,75600000000,74038389495,74038389540,45
72000000000,75600000000,74038389540,74038389557,17
72000000000,75600000000,74038389557,74046267488,7877931
72000000000,75600000000,74046267488,74046267597,109
72000000000,75600000000,74046267597,74046267602,5
72000000000,75600000000,74046267602,74046267607,5
72000000000,75600000000,74046267607,74047222255,954648
72000000000,75600000000,74047222255,74048516218,1293963
72000000000,75600000000,74048516218,74048516297,79
72000000000,75600000000,74048516297,74048516302,5
72000000000,75600000000,74048516302,74048516307,5
72000000000,75600000000,74048516307,74050314185,1797878
72000000000,75600000000,74050314185,74050321736,7551
72000000000,75600000000,74050321736,74052078297,1756561
72000000000,75600000000,74052078297,74052268053,189756
72000000000,75600000000,74052268053,74052280708,12655
72000000000,75600000000,74052280708,74053138736,858028
72000000000,75600000000,74053138736,74054013340,874604
72000000000,75600000000,74054013340,74054013358,18
72000000000,75600000000,74054013358,74054040192,26834
72000000000,75600000000,74054040192,74054050566,10374
72000000000,75600000000,74054050566,74054050615,49
72000000000,75600000000,74054050615,74054050620,5
72000000000,75600000000,74054050620,74054050625,5
72000000000,75600000000,74054050625,74054978771,928146
72000000000,75600000000,74054978771,74054985774,7003
72000000000,75600000000,74054985774,74055012359,26585
72000000000,75600000000,74055012359,74056015597,1003238
72000000000,75600000000,74056015597,74056053583,37986
72000000000,75600000000,74056053583,74059306155,3252572
72000000000,75600000000,74059306155,74060244370,938215
72000000000,75600000000,74060244370,74060244374,4
72000000000,75600000000,74060244374,74060244375,1
72000000000,75600000000,74060244375,74060244908,533
72000000000,75600000000,74060244908,74060244931,23
72000000000,75600000000,74060244931,74060278904,33973
72000000000,75600000000,74060278904,74062179174,1900270
72000000000,75600000000,74062179174,74062222167,42993
72000000000,75600000000,74062222167,74062222171,4
72000000000,75600000000,74062222171,74062222186,15
72000000000,75600000000,74062222186,74063146163,923977
72000000000,75600000000,74063146163,74063146897,734
72000000000,75600000000,74063146897,74063146909,12
72000000000,75600000000,74063146909,74064198752,1051843
72000000000,75600000000,74064198752,74065033323,834571
72000000000,75600000000,74065033323,74065033673,350
72000000000,75600000000,74065033673,74065033683,10
72000000000,75600000000,74065033683,74066070617,1036934
72000000000,75600000000,74066070617,74066083356,12739
72000000000,75600000000,74066083356,74066083392,36
72000000000,75600000000,74066083392,74069816189,3732797
72000000000,75600000000,74069816189,74069816193,4
72000000000,75600000000,74069816193,74069818041,1848
72000000000,75600000000,74069818041,74071734297,1916256
72000000000,75600000000,74071734297,74075924400,4190103
72000000000,75600000000,74075924400,74077055164,1130764
72000000000,75600000000,74077055164,74078057695,1002531
72000000000,75600000000,74078057695,74079098713,1041018
72000000000,75600000000,74079098713,74079515211,416498
72000000000,75600000000,74079515211,74079515270,59
72000000000,75600000000,74079515270,74083681963,4166693
72000000000,75600000000,74083681963,74087516002,3834039
72000000000,75600000000,74087516002,74090931766,3415764
72000000000,75600000000,74090931766,74095359461,4427695
72000000000,75600000000,74095359461,74097558494,2199033
72000000000,75600000000,74097558494,74097558499,5
72000000000,75600000000,74097558499,74097558500,1
72000000000,75600000000,74097558500,74097606674,48174
72000000000,75600000000,74097606674,74098659466,1052792
72000000000,75600000000,74098659466,74098660755,1289
72000000000,75600000000,74098660755,74100934933,2274178
72000000000,75600000000,74100934933,74100948034,13101
72000000000,75600000000,74100948034,74100948483,449
72000000000,75600000000,74100948483,74100948488,5
72000000000,75600000000,74100948488,74100948630,142
72000000000,75600000000,74100948630,74100948657,27
72000000000,75600000000,74100948657,74100948662,5
72000000000,75600000000,74100948662,74102599351,1650689
72000000000,75600000000,74102599351,74103530429,931078
72000000000,75600000000,74103530429,74103570077,39648
72000000000,75600000000,74103570077,74106588519,3018442
72000000000,75600000000,74106588519,74109763750,3175231
72000000000,75600000000,74109763750,74111537296,1773546
72000000000,75600000000,74111537296,74117635000,6097704
72000000000,75600000000,74117635000,74117635708,708
72000000000,75600000000,74117635708,74117635959,251
72000000000,75600000000,74117635959,74117640169,4210
72000000000,75600000000,74117640169,74117640217,48
72000000000,75600000000,74117640217,74121591752,3951535
72000000000,75600000000,74121591752,74121595071,3319
72000000000,75600000000,74121595071,74122589795,994724
72000000000,75600000000,74122589795,74123614434,1024639
72000000000,75600000000,74123614434,74123659029,44595
72000000000,75600000000,74123659029,74124897686,1238657
72000000000,75600000000,74124897686,74125058970,161284
72000000000,75600000000,74125058970,74126010343,951373
72000000000,75600000000,74126010343,74134897348,8887005
72000000000,75600000000,74134897348,74134897605,257
72000000000,75600000000,74134897605,74134897610,5
72000000000,75600000000,74134897610,74136162480,1264870
72000000000,75600000000,74136162480,74137379952,1217472
72000000000,75600000000,74137379952,74138414830,1034878
72000000000,75600000000,74138414830,74138487057,72227
72000000000,75600000000,74138487057,74138487166,109
72000000000,75600000000,74138487166,74138487171,5
72000000000,75600000000,74138487171,74138487176,5
72000000000,75600000000,74138487176,74138487463,287
72000000000,75600000000,74138487463,74143704243,5216780
72000000000,75600000000,74143704243,74143707387,3144
72000000000,75600000000,74143707387,74143720249,12862
72000000000,75600000000,74143720249,74146703478,2983229
72000000000,75600000000,74146703478,74149502848,2799370
72000000000,75600000000,74149502848,74149502852,4
72000000000,75600000000,74149502852,74149502873,21
72000000000,75600000000,74149502873,74149514744,11871
72000000000,75600000000,74149514744,74155231012,5716268
72000000000,75600000000,74155231012,74155332982,101970
72000000000,75600000000,74155332982,74155338021,5039
72000000000,75600000000,74155338021,74156473741,1135720
72000000000,75600000000,74156473741,74157709723,1235982
72000000000,75600000000,74157709723,74158757071,1047348
72000000000,75600000000,74158757071,74159999202,1242131
72000000000,75600000000,74159999202,74162302982,2303780
72000000000,75600000000,74162302982,74163644709,1341727
72000000000,75600000000,74163644709,74163647361,2652
72000000000,75600000000,74163647361,74163696085,48724
72000000000,75600000000,74163696085,74168278589,4582504
72000000000,75600000000,74168278589,74171654997,3376408
72000000000,75600000000,74171654997,74171654999,2
72000000000,75600000000,74171654999,74172738367,1083368
72000000000,75600000000,74172738367,74172738382,15
72000000000,75600000000,74172738382,74172738383,1
72000000000,75600000000,74172738383,74172738519,136
72000000000,75600000000,74172738519,74172738742,223
72000000000,75600000000,74172738742,74179735613,6996871
72000000000,75600000000,74179735613,74179765939,30326
72000000000,75600000000,74179765939,74180970695,1204756
72000000000,75600000000,74180970695,74180970752,57
72000000000,75600000000,74180970752,74180973663,2911
72000000000,75600000000,74180973663,74183889511,2915848
72000000000,75600000000,74183889511,74183890767,1256
72000000000,75600000000,74183890767,74187066360,3175593
72000000000,75600000000,74187066360,74188397753,1331393
72000000000,75600000000,74188397753,74191102523,2704770
72000000000,75600000000,74191102523,74191186853,84330
72000000000,75600000000,74191186853,74192538231,1351378
72000000000,75600000000,74192538231,74192550420,12189
72000000000,75600000000,74192550420,74194616307,2065887
72000000000,75600000000,74194616307,74201751951,7135644
72000000000,75600000000,74201751951,74204696783,2944832
72000000000,75600000000,74204696783,74204696866,83
72000000000,75600000000,74204696866,74204696883,17
72000000000,75600000000,74204696883,74218151674,13454791
72000000000,75600000000,74218151674,74220594927,2443253
72000000000,75600000000,74220594927,74222017004,1422077
72000000000,75600000000,74222017004,74223123661,1106657
72000000000,75600000000,74223123661,74223147289,23628
72000000000,75600000000,74223147289,74223154992,7703
72000000000,75600000000,74223154992,74224514508,1359516
72000000000,75600000000,74224514508,74225586780,1072272
72000000000,75600000000,74225586780,74225586784,4
72000000000,75600000000,74225586784,74225586785,1
72000000000,75600000000,74225586785,74225586906,121
72000000000,75600000000,74225586906,74225586930,24
72000000000,75600000000,74225586930,74225638036,51106
72000000000,75600000000,74225638036,74226732081,1094045
72000000000,75600000000,74226732081,74226735000,2919
72000000000,75600000000,74226735000,74227895916,1160916
72000000000,75600000000,74227895916,74229234048,1338132
72000000000,75600000000,74229234048,74231478855,2244807
72000000000,75600000000,74231478855,74231620253,141398
72000000000,75600000000,74231620253,74235148853,3528600
72000000000,75600000000,74235148853,74235148941,88
72000000000,75600000000,74235148941,74235148946,5
72000000000,75600000000,74235148946,74237782586,2633640
72000000000,75600000000,74237782586,74237790944,8358
72000000000,75600000000,74237790944,74237792824,1880
72000000000,75600000000,74237792824,74239992797,2199973
72000000000,75600000000,74239992797,74240035922,43125
72000000000,75600000000,74240035922,74240040335,4413
72000000000,75600000000,74240040335,74242120551,2080216
72000000000,75600000000,74242120551,74242120635,84
72000000000,75600000000,74242120635,74244918314,2797679
72000000000,75600000000,74244918314,74244926799,8485
72000000000,75600000000,74244926799,74246041978,1115179
72000000000,75600000000,74246041978,74246042096,118
72000000000,75600000000,74246042096,74246042103,7
72000000000,75600000000,74246042103,74249290401,3248298
72000000000,75600000000,74249290401,74249290442,41
72000000000,75600000000,74249290442,74251359366,2068924
72000000000,75600000000,74251359366,74251359370,4
72000000000,75600000000,74251359370,74251359385,15
72000000000,75600000000,74251359385,74252484410,1125025
72000000000,75600000000,74252484410,74254343925,1859515
72000000000,75600000000,74254343925,74254394060,50135
72000000000,75600000000,74254394060,74256433438,2039378
72000000000,75600000000,74256433438,74257562862,1129424
72000000000,75600000000,74257562862,74259961869,2399007
72000000000,75600000000,74259961869,74261118307,1156438
72000000000,75600000000,74261118307,74261127810,9503
72000000000,75600000000,74261127810,74264521945,3394135
72000000000,75600000000,74264521945,74264522358,413
72000000000,75600000000,74264522358,74264603535,81177
72000000000,75600000000,74264603535,74264618994,15459
72000000000,75600000000,74264618994,74266616024,1997030
72000000000,75600000000,74266616024,74266616422,398
72000000000,75600000000,74266616422,74266707078,90656
72000000000,75600000000,74266707078,74267674353,967275
72000000000,75600000000,74267674353,74269489245,1814892
72000000000,75600000000,74269489245,74269579366,90121
72000000000,75600000000,74269579366,74269591093,11727
72000000000,75600000000,74269591093,74272714996,3123903
72000000000,75600000000,74272714996,74273606828,891832
72000000000,75600000000,74273606828,74273606852,24
72000000000,75600000000,74273606852,74274354796,747944
72000000000,75600000000,74274354796,74275285217,930421
72000000000,75600000000,74275285217,74278245490,2960273
72000000000,75600000000,74278245490,74278245495,5
72000000000,75600000000,74278245495,74278294570,49075
72000000000,75600000000,74278294570,74278306616,12046
72000000000,75600000000,74278306616,74280397462,2090846
72000000000,75600000000,74280397462,74281865261,1467799
72000000000,75600000000,74281865261,74281865285,24
72000000000,75600000000,74281865285,74284087445,2222160
72000000000,75600000000,74284087445,74286201757,2114312
72000000000,75600000000,74286201757,74286241967,40210
72000000000,75600000000,74286241967,74286242597,630
72000000000,75600000000,74286242597,74286242602,5
72000000000,75600000000,74286242602,74287448979,1206377
72000000000,75600000000,74287448979,74287449498,519
72000000000,75600000000,74287449498,74290182607,2733109
72000000000,75600000000,74290182607,74292567927,2385320
72000000000,75600000000,74292567927,74292630684,62757
72000000000,75600000000,74292630684,74293513299,882615
72000000000,75600000000,74293513299,74293526333,13034
72000000000,75600000000,74293526333,74294437515,911182
72000000000,75600000000,74294437515,74294465940,28425
72000000000,75600000000,74294465940,74298586306,4120366
72000000000,75600000000,74298586306,74298586348,42
72000000000,75600000000,74298586348,74298611232,24884
72000000000,75600000000,74298611232,74298611235,3
72000000000,75600000000,74298611235,74299521406,910171
72000000000,75600000000,74299521406,74300438249,916843
72000000000,75600000000,74300438249,74304943928,4505679
72000000000,75600000000,74304943928,74305887575,943647
72000000000,75600000000,74305887575,74305887602,27
72000000000,75600000000,74305887602,74305887607,5
72000000000,75600000000,74305887607,74309779899,3892292
72000000000,75600000000,74309779899,74311578916,1799017
72000000000,75600000000,74311578916,74315737547,4158631
72000000000,75600000000,74315737547,74316901656,1164109
72000000000,75600000000,74316901656,74317756058,854402
72000000000,75600000000,74317756058,74319736632,1980574
72000000000,75600000000,74319736632,74323674907,3938275
72000000000,75600000000,74323674907,74325711558,2036651
72000000000,75600000000,74325711558,74331096027,5384469
72000000000,75600000000,74331096027,74335291504,4195477
72000000000,75600000000,74335291504,74341575460,6283956
72000000000,75600000000,74341575460,74341575487,27
72000000000,75600000000,74341575487,74341575492,5
72000000000,75600000000,74341575492,74343509245,1933753
72000000000,75600000000,74343509245,74343509249,4
72000000000,75600000000,74343509249,74343509250,1
72000000000,75600000000,74343509250,74346159142,2649892
72000000000,75600000000,74346159142,74347032415,873273
72000000000,75600000000,74347032415,74347032616,201
72000000000,75600000000,74347032616,74347032621,5
72000000000,75600000000,74347032621,74347032626,5
72000000000,75600000000,74347032626,74348862954,1830328
72000000000,75600000000,74348862954,74353882770,5019816
72000000000,75600000000,74353882770,74356936493,3053723
72000000000,75600000000,74356936493,74361682965,4746472
72000000000,75600000000,74361682965,74361685893,2928
72000000000,75600000000,74361685893,74361688723,2830
72000000000,75600000000,74361688723,74362566942,878219
72000000000,75600000000,74362566942,74365862280,3295338
72000000000,75600000000,74365862280,74367747118,1884838
72000000000,75600000000,74367747118,74368934637,1187519
72000000000,75600000000,74368934637,74368934655,18
72000000000,75600000000,74368934655,74368934672,17
72000000000,75600000000,74368934672,74375424321,6489649
72000000000,75600000000,74375424321,74379562803,4138482
72000000000,75600000000,74379562803,74379565054,2251
72000000000,75600000000,74379565054,74379565071,17
72000000000,75600000000,74379565071,74379565075,4
72000000000,75600000000,74379565075,74379565076,1
72000000000,75600000000,74379565076,74380463371,898295
72000000000,75600000000,74380463371,74385417989,4954618
72000000000,75600000000,74385417989,74390881900,5463911
72000000000,75600000000,74390881900,74392858112,1976212
72000000000,75600000000,74392858112,74398259237,5401125
72000000000,75600000000,74398259237,74400598475,2339238
72000000000,75600000000,74400598475,74401589998,991523
72000000000,75600000000,74401589998,74401590016,18
72000000000,75600000000,74401590016,74403670376,2080360
72000000000,75600000000,74403670376,74403752316,81940
72000000000,75600000000,74403752316,74404739911,987595
72000000000,75600000000,74404739911,74406956427,2216516
72000000000,75600000000,74406956427,74407019750,63323
72000000000,75600000000,74407019750,74407034526,14776
72000000000,75600000000,74407034526,74407038243,3717
72000000000,75600000000,74407038243,74407038713,470
72000000000,75600000000,74407038713,74407038799,86
72000000000,75600000000,74407038799,74407038806,7
72000000000,75600000000,74407038806,74409046202,2007396
72000000000,75600000000,74409046202,74409095003,48801
72000000000,75600000000,74409095003,74409095018,15
72000000000,75600000000,74409095018,74409996095,901077
72000000000,75600000000,74409996095,74409996105,10
72000000000,75600000000,74409996105,74412431075,2434970
72000000000,75600000000,74412431075,74417659547,5228472
72000000000,75600000000,74417659547,74418558569,899022
72000000000,75600000000,74418558569,74419551324,992755
72000000000,75600000000,74419551324,74420434513,883189
72000000000,75600000000,74420434513,74420469624,35111
72000000000,75600000000,74420469624,74421413129,943505
72000000000,75600000000,74421413129,74425054395,3641266
72000000000,75600000000,74425054395,74430021769,4967374
72000000000,75600000000,74430021769,74431810680,1788911
72000000000,75600000000,74431810680,74432160661,349981
72000000000,75600000000,74432160661,74434022141,1861480
72000000000,75600000000,74434022141,74434926916,904775
72000000000,75600000000,74434926916,74434926934,18
72000000000,75600000000,74434926934,74436801416,1874482
72000000000,75600000000,74436801416,74436808603,7187
72000000000,75600000000,74436808603,74436819312,10709
72000000000,75600000000,74436819312,74436822396,3084
72000000000,75600000000,74436822396,74436824783,2387
72000000000,75600000000,74436824783,74436827304,2521
72000000000,75600000000,74436827304,74439462636,2635332
72000000000,75600000000,74439462636,74439462639,3
72000000000,75600000000,74439462639,74439462640,1
72000000000,75600000000,74439462640,74439462847,207
72000000000,75600000000,74439462847,74439462860,13
72000000000,75600000000,74439462860,74439462872,12
72000000000,75600000000,74439462872,74439462910,38
72000000000,75600000000,74439462910,74439462927,17
72000000000,75600000000,74439462927,74440588953,1126026
72000000000,75600000000,74440588953,74441458382,869429
72000000000,75600000000,74441458382,74441461320,2938
72000000000,75600000000,74441461320,74443569493,2108173
72000000000,75600000000,74443569493,74445543338,1973845
72000000000,75600000000,74445543338,74446878736,1335398
72000000000,75600000000,74446878736,74447790019,911283
72000000000,75600000000,74447790019,74447814564,24545
72000000000,75600000000,74447814564,74449479470,1664906
72000000000,75600000000,74449479470,74449504152,24682
72000000000,75600000000,74449504152,74449506731,2579
72000000000,75600000000,74449506731,74452111475,2604744
72000000000,75600000000,74452111475,74452111511,36
72000000000,75600000000,74452111511,74452146958,35447
72000000000,75600000000,74452146958,74452978860,831902
72000000000,75600000000,74452978860,74453000063,21203
72000000000,75600000000,74453000063,74453000071,8
72000000000,75600000000,74453000071,74453000079,8
72000000000,75600000000,74453000079,74457655904,4655825
72000000000,75600000000,74457655904,74460037896,2381992
72000000000,75600000000,74460037896,74461182821,1144925
72000000000,75600000000,74461182821,74461200022,17201
72000000000,75600000000,74461200022,74461200024,2
72000000000,75600000000,74461200024,74463159112,1959088
72000000000,75600000000,74463159112,74464116878,957766
72000000000,75600000000,74464116878,74464116922,44
72000000000,75600000000,74464116922,74464154017,37095
72000000000,75600000000,74464154017,74466342824,2188807
72000000000,75600000000,74466342824,74466343415,591
72000000000,75600000000,74466343415,74467142162,798747
72000000000,75600000000,74467142162,74467281736,139574
72000000000,75600000000,74467281736,74468437774,1156038
72000000000,75600000000,74468437774,74468446450,8676
72000000000,75600000000,74468446450,74469763802,1317352
72000000000,75600000000,74469763802,74471987456,2223654
72000000000,75600000000,74471987456,74472983670,996214
72000000000,75600000000,74472983670,74474949687,1966017
72000000000,75600000000,74474949687,74474949734,47
72000000000,75600000000,74474949734,74475744759,795025
72000000000,75600000000,74475744759,74476846940,1102181
72000000000,75600000000,74476846940,74477781692,934752
72000000000,75600000000,74477781692,74480097861,2316169
72000000000,75600000000,74480097861,74481055920,958059
72000000000,75600000000,74481055920,74482076587,1020667
72000000000,75600000000,74482076587,74482133753,57166
72000000000,75600000000,74482133753,74483140347,1006594
72000000000,75600000000,74483140347,74488218007,5077660
72000000000,75600000000,74488218007,74491504425,3286418
72000000000,75600000000,74491504425,74493519488,2015063
72000000000,75600000000,74493519488,74507714541,14195053
72000000000,75600000000,74507714541,74507756580,42039
72000000000,75600000000,74507756580,74509799143,2042563
72000000000,75600000000,74509799143,74509858379,59236
72000000000,75600000000,74509858379,74509858383,4
72000000000,75600000000,74509858383,74509858410,27
72000000000,75600000000,74509858410,74515173995,5315585
72000000000,75600000000,74515173995,74518312848,3138853
72000000000,75600000000,74518312848,74527278244,8965396
72000000000,75600000000,74527278244,74529190100,1911856
72000000000,75600000000,74529190100,74529190104,4
72000000000,75600000000,74529190104,74529190105,1
72000000000,75600000000,74529190105,74530148243,958138
72000000000,75600000000,74530148243,74530149171,928
72000000000,75600000000,74530149171,74532261777,2112606
72000000000,75600000000,74532261777,74546359584,14097807
72000000000,75600000000,74546359584,74546378017,18433
72000000000,75600000000,74546378017,74546457247,79230
72000000000,75600000000,74546457247,74550483934,4026687
72000000000,75600000000,74550483934,74550483938,4
72000000000,75600000000,74550483938,74550483939,1
72000000000,75600000000,74550483939,74550483940,1
72000000000,75600000000,74550483940,74550484003,63
72000000000,75600000000,74550484003,74550484007,4
72000000000,75600000000,74550484007,74550484008,1
72000000000,75600000000,74550484008,74550484066,58
72000000000,75600000000,74550484066,74553032898,2548832
72000000000,75600000000,74553032898,74553033375,477
72000000000,75600000000,74553033375,74553034197,822
72000000000,75600000000,74553034197,74553035112,915
72000000000,75600000000,74553035112,74553035124,12
72000000000,75600000000,74553035124,74558926050,5890926
72000000000,75600000000,74558926050,74560648786,1722736
72000000000,75600000000,74560648786,74568683064,8034278
72000000000,75600000000,74568683064,74571219480,2536416
72000000000,75600000000,74571219480,74572285261,1065781
72000000000,75600000000,74572285261,74573991263,1706002
72000000000,75600000000,74573991263,74573991263,0
72000000000,75600000000,74573991263,74576760153,2768890
72000000000,75600000000,74576760153,74576766041,5888
72000000000,75600000000,74576766041,74578736030,1969989
72000000000,75600000000,74578736030,74578736352,322
72000000000,75600000000,74578736352,74578787033,50681
72000000000,75600000000,74578787033,74578787036,3
72000000000,75600000000,74578787036,74580465567,1678531
72000000000,75600000000,74580465567,74581402557,936990
72000000000,75600000000,74581402557,74587577589,6175032
72000000000,75600000000,74587577589,74598638597,11061008
72000000000,75600000000,74598638597,74608541469,9902872
72000000000,75600000000,74608541469,74608548844,7375
72000000000,75600000000,74608548844,74610241115,1692271
72000000000,75600000000,74610241115,74610241132,17
72000000000,75600000000,74610241132,74618445177,8204045
72000000000,75600000000,74618445177,74619256515,811338
72000000000,75600000000,74619256515,74619256762,247
72000000000,75600000000,74619256762,74619257154,392
72000000000,75600000000,74619257154,74620164252,907098
72000000000,75600000000,74620164252,74625880945,5716693
72000000000,75600000000,74625880945,74626813111,932166
72000000000,75600000000,74626813111,74626819206,6095
72000000000,75600000000,74626819206,74631985849,5166643
72000000000,75600000000,74631985849,74637994742,6008893
72000000000,75600000000,74637994742,74638948997,954255
72000000000,75600000000,74638948997,74638949034,37
72000000000,75600000000,74638949034,74638949039,5
72000000000,75600000000,74638949039,74641777778,2828739
72000000000,75600000000,74641777778,74647669832,5892054
72000000000,75600000000,74647669832,74648563334,893502
72000000000,75600000000,74648563334,74649382229,818895
72000000000,75600000000,74649382229,74649382305,76
72000000000,75600000000,74649382305,74649382312,7
72000000000,75600000000,74649382312,74650190335,808023
72000000000,75600000000,74650190335,74651949375,1759040
72000000000,75600000000,74651949375,74652838483,889108
72000000000,75600000000,74652838483,74652838487,4
72000000000,75600000000,74652838487,74652838502,15
72000000000,75600000000,74652838502,74658561815,5723313
72000000000,75600000000,74658561815,74658568016,6201
72000000000,75600000000,74658568016,74660305209,1737193
72000000000,75600000000,74660305209,74660305213,4
72000000000,75600000000,74660305213,74660305246,33
72000000000,75600000000,74660305246,74661118951,813705
72000000000,75600000000,74661118951,74661900135,781184
72000000000,75600000000,74661900135,74662733700,833565
72000000000,75600000000,74662733700,74662733918,218
72000000000,75600000000,74662733918,74663717362,983444
72000000000,75600000000,74663717362,74663717377,15
72000000000,75600000000,74663717377,74666521671,2804294
72000000000,75600000000,74666521671,74670323438,3801767
72000000000,75600000000,74670323438,74670323442,4
72000000000,75600000000,74670323442,74670323479,37
72000000000,75600000000,74670323479,74670323484,5
72000000000,75600000000,74670323484,74671318081,994597
72000000000,75600000000,74671318081,74679091702,7773621
72000000000,75600000000,74679091702,74680769342,1677640
72000000000,75600000000,74680769342,74680812368,43026
72000000000,75600000000,74680812368,74680832553,20185
72000000000,75600000000,74680832553,74680840599,8046
72000000000,75600000000,74680840599,74681662595,821996
72000000000,75600000000,74681662595,74686083017,4420422
72000000000,75600000000,74686083017,74686083070,53
72000000000,75600000000,74686083070,74691830835,5747765
72000000000,75600000000,74691830835,74692731096,900261
72000000000,75600000000,74692731096,74692731096,0
72000000000,75600000000,74692731096,74694717126,1986030
72000000000,75600000000,74694717126,74694717224,98
72000000000,75600000000,74694717224,74694717229,5
72000000000,75600000000,74694717229,74694717236,7
72000000000,75600000000,74694717236,74700912284,6195048
72000000000,75600000000,74700912284,74700917220,4936
72000000000,75600000000,74700917220,74700919622,2402
72000000000,75600000000,74700919622,74702787109,1867487
72000000000,75600000000,74702787109,74702787112,3
72000000000,75600000000,74702787112,74703657487,870375
72000000000,75600000000,74703657487,74703657507,20
72000000000,75600000000,74703657507,74703657555,48
72000000000,75600000000,74703657555,74703706810,49255
72000000000,75600000000,74703706810,74704549869,843059
72000000000,75600000000,74704549869,74705436502,886633
72000000000,75600000000,74705436502,74707288736,1852234
72000000000,75600000000,74707288736,74708239102,950366
72000000000,75600000000,74708239102,74709084245,845143
72000000000,75600000000,74709084245,74710112241,1027996
72000000000,75600000000,74710112241,74710120160,7919
72000000000,75600000000,74710120160,74712172123,2051963
72000000000,75600000000,74712172123,74712249571,77448
72000000000,75600000000,74712249571,74713136863,887292
72000000000,75600000000,74713136863,74715342502,2205639
72000000000,75600000000,74715342502,74717344868,2002366
72000000000,75600000000,74717344868,74718513445,1168577
72000000000,75600000000,74718513445,74718513445,0
72000000000,75600000000,74718513445,74719513560,1000115
72000000000,75600000000,74719513560,74720586274,1072714
72000000000,75600000000,74720586274,74720600734,14460
72000000000,75600000000,74720600734,74722815761,2215027
72000000000,75600000000,74722815761,74722815765,4
72000000000,75600000000,74722815765,74722815766,1
72000000000,75600000000,74722815766,74722815845,79
72000000000,75600000000,74722815845,74723757225,941380
72000000000,75600000000,74723757225,74723758454,1229
72000000000,75600000000,74723758454,74738813963,15055509
72000000000,75600000000,74738813963,74740641937,1827974
72000000000,75600000000,74740641937,74742398328,1756391
72000000000,75600000000,74742398328,74744776030,2377702
72000000000,75600000000,74744776030,74753360115,8584085
72000000000,75600000000,74753360115,74768481649,15121534
72000000000,75600000000,74768481649,74775785094,7303445
72000000000,75600000000,74775785094,74776607981,822887
72000000000,75600000000,74776607981,74777346457,738476
72000000000,75600000000,74777346457,74777352559,6102
72000000000,75600000000,74777352559,74777352666,107
72000000000,75600000000,74777352666,74777352671,5
72000000000,75600000000,74777352671,74778155048,802377
72000000000,75600000000,74778155048,74778213923,58875
72000000000,75600000000,74778213923,74779003984,790061
72000000000,75600000000,74779003984,74780833430,1829446
72000000000,75600000000,74780833430,74780833441,11
72000000000,75600000000,74780833441,74780833452,11
72000000000,75600000000,74780833452,74785105198,4271746
72000000000,75600000000,74785105198,74785105200,2
72000000000,75600000000,74785105200,74787124154,2018954
72000000000,75600000000,74787124154,74791066893,3942739
72000000000,75600000000,74791066893,74792854089,1787196
72000000000,75600000000,74792854089,74793722384,868295
72000000000,75600000000,74793722384,74795395717,1673333
72000000000,75600000000,74795395717,74805386894,9991177
72000000000,75600000000,74805386894,74805403219,16325
72000000000,75600000000,74805403219,74808446629,3043410
72000000000,75600000000,74808446629,74808446638,9
72000000000,75600000000,74808446638,74808446768,130
72000000000,75600000000,74808446768,74810174883,1728115
72000000000,75600000000,74810174883,74810259625,84742
72000000000,75600000000,74810259625,74811802453,1542828
72000000000,75600000000,74811802453,74812673213,870760
72000000000,75600000000,74812673213,74819358895,6685682
72000000000,75600000000,74819358895,74820292635,933740
72000000000,75600000000,74820292635,74820299461,6826
72000000000,75600000000,74820299461,74820300370,909
72000000000,75600000000,74820300370,74821259162,958792
72000000000,75600000000,74821259162,74821259167,5
72000000000,75600000000,74821259167,74822906334,1647167
72000000000,75600000000,74822906334,74822906338,4
72000000000,75600000000,74822906338,74822906515,177
72000000000,75600000000,74822906515,74823744176,837661
72000000000,75600000000,74823744176,74827218709,3474533
72000000000,75600000000,74827218709,74827218712,3
72000000000,75600000000,74827218712,74827218815,103
72000000000,75600000000,74827218815,74827218914,99
72000000000,75600000000,74827218914,74827218919,5
72000000000,75600000000,74827218919,74827218924,5
72000000000,75600000000,74827218924,74829090647,1871723
72000000000,75600000000,74829090647,74830276532,1185885
72000000000,75600000000,74830276532,74832043026,1766494
72000000000,75600000000,74832043026,74832082412,39386
72000000000,75600000000,74832082412,74832084579,2167
72000000000,75600000000,74832084579,74833024406,939827
72000000000,75600000000,74833024406,74833898192,873786
72000000000,75600000000,74833898192,74833898204,12
72000000000,75600000000,74833898204,74838513196,4614992
72000000000,75600000000,74838513196,74838513305,109
72000000000,75600000000,74838513305,74838513310,5
72000000000,75600000000,74838513310,74838513315,5
72000000000,75600000000,74838513315,74843470057,4956742
72000000000,75600000000,74843470057,74843486810,16753
72000000000,75600000000,74843486810,74845838236,2351426
72000000000,75600000000,74845838236,74846807140,968904
72000000000,75600000000,74846807140,74848582859,1775719
72000000000,75600000000,74848582859,74850564403,1981544
72000000000,75600000000,74850564403,74852605253,2040850
72000000000,75600000000,74852605253,74852635056,29803
72000000000,75600000000,74852635056,74853520109,885053
72000000000,75600000000,74853520109,74853520679,570
72000000000,75600000000,74853520679,74854576118,1055439
72000000000,75600000000,74854576118,74854634294,58176
72000000000,75600000000,74854634294,74857206761,2572467
72000000000,75600000000,74857206761,74858936807,1730046
72000000000,75600000000,74858936807,74863628467,4691660
72000000000,75600000000,74863628467,74866539464,2910997
72000000000,75600000000,74866539464,74867338043,798579
72000000000,75600000000,74867338043,74870644192,3306149
72000000000,75600000000,74870644192,74870655558,11366
72000000000,75600000000,74870655558,74872271462,1615904
72000000000,75600000000,74872271462,74872271479,17
72000000000,75600000000,74872271479,74872271483,4
72000000000,75600000000,74872271483,74872271484,1
72000000000,75600000000,74872271484,74873207289,935805
72000000000,75600000000,74873207289,74873208301,1012
72000000000,75600000000,74873208301,74875041859,1833558
72000000000,75600000000,74875041859,74875041946,87
72000000000,75600000000,74875041946,74875041951,5
72000000000,75600000000,74875041951,74883837078,8795127
72000000000,75600000000,74883837078,74883846655,9577
72000000000,75600000000,74883846655,74883846658,3
72000000000,75600000000,74883846658,74883846659,1
72000000000,75600000000,74883846659,74885556434,1709775
72000000000,75600000000,74885556434,74885556444,10
72000000000,75600000000,74885556444,74885556540,96
72000000000,75600000000,74885556540,74890268028,4711488
72000000000,75600000000,74890268028,74892041588,1773560
72000000000,75600000000,74892041588,74892916711,875123
72000000000,75600000000,74892916711,74892923010,6299
72000000000,75600000000,74892923010,74892934757,11747
72000000000,75600000000,74892934757,74893880085,945328
72000000000,75600000000,74893880085,74894698591,818506
72000000000,75600000000,74894698591,74894698717,126
72000000000,75600000000,74894698717,74895622585,923868
72000000000,75600000000,74895622585,74897684908,2062323
72000000000,75600000000,74897684908,74903269307,5584399
72000000000,75600000000,74903269307,74906653657,3384350
72000000000,75600000000,74906653657,74906653724,67
72000000000,75600000000,74906653724,74906653729,5
72000000000,75600000000,74906653729,74914263718,7609989
72000000000,75600000000,74914263718,74916064794,1801076
72000000000,75600000000,74916064794,74916064861,67
72000000000,75600000000,74916064861,74917656500,1591639
72000000000,75600000000,74917656500,74930663130,13006630
72000000000,75600000000,74930663130,74930673467,10337
72000000000,75600000000,74930673467,74930673479,12
72000000000,75600000000,74930673479,74933440048,2766569
72000000000,75600000000,74933440048,74935673189,2233141
72000000000,75600000000,74935673189,74937408612,1735423
72000000000,75600000000,74937408612,74952877506,15468894
72000000000,75600000000,74952877506,74952884854,7348
72000000000,75600000000,74952884854,74952890033,5179
72000000000,75600000000,74952890033,74952892484,2451
72000000000,75600000000,74952892484,74952894592,2108
72000000000,75600000000,74952894592,74952896470,1878
72000000000,75600000000,74952896470,74952899567,3097
72000000000,75600000000,74952899567,74955510281,2610714
72000000000,75600000000,74955510281,74955510328,47
72000000000,75600000000,74955510328,74955510333,5
72000000000,75600000000,74955510333,74956401529,891196
72000000000,75600000000,74956401529,74956401539,10
72000000000,75600000000,74956401539,74956401552,13
72000000000,75600000000,74956401552,74956401565,13
72000000000,75600000000,74956401565,74956401578,13
72000000000,75600000000,74956401578,74956401598,20
72000000000,75600000000,74956401598,74956403347,1749
72000000000,75600000000,74956403347,74962199990,5796643
72000000000,75600000000,74962199990,74963568093,1368103
72000000000,75600000000,74963568093,74963575977,7884
72000000000,75600000000,74963575977,74963575977,0
72000000000,75600000000,74963575977,74965783339,2207362
72000000000,75600000000,74965783339,74971206928,5423589
72000000000,75600000000,74971206928,74973957904,2750976
72000000000,75600000000,74973957904,74973957941,37
72000000000,75600000000,74973957941,74973957946,5
72000000000,75600000000,74973957946,74973958129,183
72000000000,75600000000,74973958129,74973958176,47
72000000000,75600000000,74973958176,74973958181,5
72000000000,75600000000,74973958181,74975879372,1921191
72000000000,75600000000,74975879372,74977808532,1929160
72000000000,75600000000,74977808532,74987387435,9578903
72000000000,75600000000,74987387435,74987387435,0
72000000000,75600000000,74987387435,74997359086,9971651
72000000000,75600000000,74997359086,75003196148,5837062
72000000000,75600000000,75003196148,75005278699,2082551
72000000000,75600000000,75005278699,75005278703,4
72000000000,75600000000,75005278703,75006643885,1365182
72000000000,75600000000,75006643885,75008645951,2002066
72000000000,75600000000,75008645951,75010631878,1985927
72000000000,75600000000,75010631878,75010702045,70167
72000000000,75600000000,75010702045,75010704315,2270
72000000000,75600000000,75010704315,75012599116,1894801
72000000000,75600000000,75012599116,75012599362,246
72000000000,75600000000,75012599362,75018125894,5526532
72000000000,75600000000,75018125894,75018151308,25414
72000000000,75600000000,75018151308,75019211917,1060609
72000000000,75600000000,75019211917,75020243292,1031375
72000000000,75600000000,75020243292,75020243303,11
72000000000,75600000000,75020243303,75021359591,1116288
72000000000,75600000000,75021359591,75022476598,1117007
72000000000,75600000000,75022476598,75022485628,9030
72000000000,75600000000,75022485628,75024615313,2129685
72000000000,75600000000,75024615313,75024615499,186
72000000000,75600000000,75024615499,75036446805,11831306
72000000000,75600000000,75036446805,75038802078,2355273
72000000000,75600000000,75038802078,75041681935,2879857
72000000000,75600000000,75041681935,75041693008,11073
72000000000,75600000000,75041693008,75041696749,3741
72000000000,75600000000,75041696749,75044611246,2914497
72000000000,75600000000,75044611246,75044611266,20
72000000000,75600000000,75044611266,75044612554,1288
72000000000,75600000000,75044612554,75045557414,944860
72000000000,75600000000,75045557414,75045557416,2
72000000000,75600000000,75045557416,75047365219,1807803
72000000000,75600000000,75047365219,75048361072,995853
72000000000,75600000000,75048361072,75052774114,4413042
72000000000,75600000000,75052774114,75055291325,2517211
72000000000,75600000000,75055291325,75055305683,14358
72000000000,75600000000,75055305683,75061664635,6358952
72000000000,75600000000,75061664635,75062457293,792658
72000000000,75600000000,75062457293,75065367813,2910520
72000000000,75600000000,75065367813,75065367842,29
72000000000,75600000000,75065367842,75065407909,40067
72000000000,75600000000,75065407909,75066312321,904412
72000000000,75600000000,75066312321,75066342888,30567
72000000000,75600000000,75066342888,75068165658,1822770
72000000000,75600000000,75068165658,75068165683,25
72000000000,75600000000,75068165683,75068165745,62
72000000000,75600000000,75068165745,75075635572,7469827
72000000000,75600000000,75075635572,75082843872,7208300
72000000000,75600000000,75082843872,75087008424,4164552
72000000000,75600000000,75087008424,75087008427,3
72000000000,75600000000,75087008427,75088090116,1081689
72000000000,75600000000,75088090116,75089115902,1025786
72000000000,75600000000,75089115902,75096794056,7678154
72000000000,75600000000,75096794056,75098561153,1767097
72000000000,75600000000,75098561153,75098590695,29542
72000000000,75600000000,75098590695,75099643344,1052649
72000000000,75600000000,75099643344,75101338930,1695586
72000000000,75600000000,75101338930,75101376330,37400
72000000000,75600000000,75101376330,75105694491,4318161
72000000000,75600000000,75105694491,75105695140,649
72000000000,75600000000,75105695140,75121377458,15682318
72000000000,75600000000,75121377458,75121387268,9810
72000000000,75600000000,75121387268,75123164776,1777508
72000000000,75600000000,75123164776,75123194720,29944
72000000000,75600000000,75123194720,75123213958,19238
72000000000,75600000000,75123213958,75125118433,1904475
72000000000,75600000000,75125118433,75126334718,1216285
72000000000,75600000000,75126334718,75126341401,6683
72000000000,75600000000,75126341401,75128406299,2064898
72000000000,75600000000,75128406299,75128406497,198
72000000000,75600000000,75128406497,75128438607,32110
72000000000,75600000000,75128438607,75128448528,9921
72000000000,75600000000,75128448528,75128455136,6608
72000000000,75600000000,75128455136,75128455243,107
72000000000,75600000000,75128455243,75128455248,5
72000000000,75600000000,75128455248,75129414617,959369
72000000000,75600000000,75129414617,75130389385,974768
72000000000,75600000000,75130389385,75130389389,4
72000000000,75600000000,75130389389,75130389390,1
72000000000,75600000000,75130389390,75130389461,71
72000000000,75600000000,75130389461,75130389465,4
72000000000,75600000000,75130389465,75131303773,914308
72000000000,75600000000,75131303773,75132206861,903088
72000000000,75600000000,75132206861,75132207795,934
72000000000,75600000000,75132207795,75132207813,18
72000000000,75600000000,75132207813,75133145947,938134
72000000000,75600000000,75133145947,75133174244,28297
72000000000,75600000000,75133174244,75134902466,1728222
72000000000,75600000000,75134902466,75146360370,11457904
72000000000,75600000000,75146360370,75146372985,12615
72000000000,75600000000,75146372985,75146382563,9578
72000000000,75600000000,75146382563,75147431006,1048443
72000000000,75600000000,75147431006,75148275385,844379
72000000000,75600000000,75148275385,75148276310,925
72000000000,75600000000,75148276310,75148276322,12
72000000000,75600000000,75148276322,75149151072,874750
72000000000,75600000000,75149151072,75151224954,2073882
72000000000,75600000000,75151224954,75152864481,1639527
72000000000,75600000000,75152864481,75156361722,3497241
72000000000,75600000000,75156361722,75160263913,3902191
72000000000,75600000000,75160263913,75167052718,6788805
72000000000,75600000000,75167052718,75167052865,147
72000000000,75600000000,75167052865,75167052870,5
72000000000,75600000000,75167052870,75167053727,857
72000000000,75600000000,75167053727,75167054156,429
72000000000,75600000000,75167054156,75172079029,5024873
72000000000,75600000000,75172079029,75179155881,7076852
72000000000,75600000000,75179155881,75179162198,6317
72000000000,75600000000,75179162198,75180889426,1727228
72000000000,75600000000,75180889426,75189530721,8641295
72000000000,75600000000,75189530721,75189530816,95
72000000000,75600000000,75189530816,75190462102,931286
72000000000,75600000000,75190462102,75190467233,5131
72000000000,75600000000,75190467233,75191459250,992017
72000000000,75600000000,75191459250,75192319835,860585
72000000000,75600000000,75192319835,75194347950,2028115
72000000000,75600000000,75194347950,75204900942,10552992
72000000000,75600000000,75204900942,75204908073,7131
72000000000,75600000000,75204908073,75204911129,3056
72000000000,75600000000,75204911129,75206550494,1639365
72000000000,75600000000,75206550494,75206550524,30
72000000000,75600000000,75206550524,75206550549,25
72000000000,75600000000,75206550549,75206550553,4
72000000000,75600000000,75206550553,75206550554,1
72000000000,75600000000,75206550554,75207486887,936333
72000000000,75600000000,75207486887,75207487943,1056
72000000000,75600000000,75207487943,75209308831,1820888
72000000000,75600000000,75209308831,75222479471,13170640
72000000000,75600000000,75222479471,75237622785,15143314
72000000000,75600000000,75237622785,75241544817,3922032
72000000000,75600000000,75241544817,75241573875,29058
72000000000,75600000000,75241573875,75241578960,5085
72000000000,75600000000,75241578960,75241581751,2791
72000000000,75600000000,75241581751,75243316653,1734902
72000000000,75600000000,75243316653,75243316666,13
72000000000,75600000000,75243316666,75243316710,44
72000000000,75600000000,75243316710,75244203968,887258
72000000000,75600000000,75244203968,75245050766,846798
72000000000,75600000000,75245050766,75245050784,18
72000000000,75600000000,75245050784,75249022813,3972029
72000000000,75600000000,75249022813,75249022831,18
72000000000,75600000000,75249022831,75249024048,1217
72000000000,75600000000,75249024048,75249024836,788
72000000000,75600000000,75249024836,75249024841,5
72000000000,75600000000,75249024841,75249024848,7
72000000000,75600000000,75249024848,75251799240,2774392
72000000000,75600000000,75251799240,75251799258,18
72000000000,75600000000,75251799258,75254068685,2269427
72000000000,75600000000,75254068685,75254937448,868763
72000000000,75600000000,75254937448,75255097786,160338
72000000000,75600000000,75255097786,75256014283,916497
72000000000,75600000000,75256014283,75256055406,41123
72000000000,75600000000,75256055406,75258056859,2001453
72000000000,75600000000,75258056859,75258056870,11
72000000000,75600000000,75258056870,75259774599,1717729
72000000000,75600000000,75259774599,75263552143,3777544
72000000000,75600000000,75263552143,75263559845,7702
72000000000,75600000000,75263559845,75266808314,3248469
72000000000,75600000000,75266808314,75266808336,22
72000000000,75600000000,75266808336,75266808340,4
72000000000,75600000000,75266808340,75266808341,1
72000000000,75600000000,75266808341,75266808342,1
72000000000,75600000000,75266808342,75267806374,998032
72000000000,75600000000,75267806374,75267806579,205
72000000000,75600000000,75267806579,75267807042,463
72000000000,75600000000,75267807042,75270869468,3062426
72000000000,75600000000,75270869468,75270869515,47
72000000000,75600000000,75270869515,75270869520,5
72000000000,75600000000,75270869520,75270870232,712
72000000000,75600000000,75270870232,75270870729,497
72000000000,75600000000,75270870729,75270870742,13
72000000000,75600000000,75270870742,75272002121,1131379
72000000000,75600000000,75272002121,75272901502,899381
72000000000,75600000000,75272901502,75280062379,7160877
72000000000,75600000000,75280062379,75280062385,6
72000000000,75600000000,75280062385,75280063433,1048
72000000000,75600000000,75280063433,75280063678,245
72000000000,75600000000,75280063678,75280063689,11
72000000000,75600000000,75280063689,75281833008,1769319
72000000000,75600000000,75281833008,75283653381,1820373
72000000000,75600000000,75283653381,75283657176,3795
72000000000,75600000000,75283657176,75283660084,2908
72000000000,75600000000,75283660084,75283674781,14697
72000000000,75600000000,75283674781,75283682313,7532
72000000000,75600000000,75283682313,75287349597,3667284
72000000000,75600000000,75287349597,75287349668,71
72000000000,75600000000,75287349668,75287349671,3
72000000000,75600000000,75287349671,75287350715,1044
72000000000,75600000000,75287350715,75287350718,3
72000000000,75600000000,75287350718,75287350760,42
72000000000,75600000000,75287350760,75287350846,86
72000000000,75600000000,75287350846,75287389280,38434
72000000000,75600000000,75287389280,75288175559,786279
72000000000,75600000000,75288175559,75290972255,2796696
72000000000,75600000000,75290972255,75290972279,24
72000000000,75600000000,75290972279,75296904393,5932114
72000000000,75600000000,75296904393,75296904442,49
72000000000,75600000000,75296904442,75296904447,5
72000000000,75600000000,75296904447,75296904452,5
72000000000,75600000000,75296904452,75300193877,3289425
72000000000,75600000000,75300193877,75305019493,4825616
72000000000,75600000000,75305019493,75305042625,23132
72000000000,75600000000,75305042625,75306029640,987015
72000000000,75600000000,75306029640,75310113995,4084355
72000000000,75600000000,75310113995,75314076732,3962737
72000000000,75600000000,75314076732,75316170928,2094196
72000000000,75600000000,75316170928,75322090731,5919803
72000000000,75600000000,75322090731,75322090734,3
72000000000,75600000000,75322090734,75322090735,1
72000000000,75600000000,75322090735,75326979163,4888428
72000000000,75600000000,75326979163,75326979187,24
72000000000,75600000000,75326979187,75329594656,2615469
72000000000,75600000000,75329594656,75331637920,2043264
72000000000,75600000000,75331637920,75332663564,1025644
72000000000,75600000000,75332663564,75333613905,950341
72000000000,75600000000,75333613905,75335030113,1416208
72000000000,75600000000,75335030113,75340257974,5227861
72000000000,75600000000,75340257974,75347247782,6989808
72000000000,75600000000,75347247782,75347250669,2887
72000000000,75600000000,75347250669,75347253298,2629
72000000000,75600000000,75347253298,75349364989,2111691
72000000000,75600000000,75349364989,75349365001,12
72000000000,75600000000,75349365001,75349365012,11
72000000000,75600000000,75349365012,75353176527,3811515
72000000000,75600000000,75353176527,75358280602,5104075
72000000000,75600000000,75358280602,75359286846,1006244
72000000000,75600000000,75359286846,75364546697,5259851
72000000000,75600000000,75364546697,75367596841,3050144
72000000000,75600000000,75367596841,75367656496,59655
72000000000,75600000000,75367656496,75367656524,28
72000000000,75600000000,75367656524,75367656529,5
72000000000,75600000000,75367656529,75367671278,14749
72000000000,75600000000,75367671278,75367671286,8
72000000000,75600000000,75367671286,75368347765,676479
72000000000,75600000000,75368347765,75368424798,77033
72000000000,75600000000,75368424798,75368432746,7948
72000000000,75600000000,75368432746,75368435665,2919
72000000000,75600000000,75368435665,75369622657,1186992
72000000000,75600000000,75369622657,75371708244,2085587
72000000000,75600000000,75371708244,75371718393,10149
72000000000,75600000000,75371718393,75372397482,679089
72000000000,75600000000,75372397482,75372397581,99
72000000000,75600000000,75372397581,75372397586,5
72000000000,75600000000,75372397586,75372397591,5
72000000000,75600000000,75372397591,75373364562,966971
72000000000,75600000000,75373364562,75373364574,12
72000000000,75600000000,75373364574,75373364587,13
72000000000,75600000000,75373364587,75373364599,12
72000000000,75600000000,75373364599,75389018586,15653987
72000000000,75600000000,75389018586,75391109704,2091118
72000000000,75600000000,75391109704,75391939223,829519
72000000000,75600000000,75391939223,75394589428,2650205
72000000000,75600000000,75394589428,75394589464,36
72000000000,75600000000,75394589464,75394986790,397326
72000000000,75600000000,75394986790,75394986792,2
72000000000,75600000000,75394986792,75396026979,1040187
72000000000,75600000000,75396026979,75396071454,44475
72000000000,75600000000,75396071454,75396092241,20787
72000000000,75600000000,75396092241,75397000042,907801
72000000000,75600000000,75397000042,75398995303,1995261
72000000000,75600000000,75398995303,75398995366,63
72000000000,75600000000,75398995366,75399659516,664150
72000000000,75600000000,75399659516,75401636433,1976917
72000000000,75600000000,75401636433,75401636437,4
72000000000,75600000000,75401636437,75401676197,39760
72000000000,75600000000,75401676197,75401677506,1309
72000000000,75600000000,75401677506,75402853672,1176166
72000000000,75600000000,75402853672,75407684779,4831107
72000000000,75600000000,75407684779,75407699137,14358
72000000000,75600000000,75407699137,75411811527,4112390
72000000000,75600000000,75411811527,75411811604,77
72000000000,75600000000,75411811604,75411811774,170
72000000000,75600000000,75411811774,75413075715,1263941
72000000000,75600000000,75413075715,75413075768,53
72000000000,75600000000,75413075768,75420568532,7492764
72000000000,75600000000,75420568532,75420572276,3744
72000000000,75600000000,75420572276,75420574512,2236
72000000000,75600000000,75420574512,75420576602,2090
72000000000,75600000000,75420576602,75420578645,2043
72000000000,75600000000,75420578645,75420580539,1894
72000000000,75600000000,75420580539,75421529089,948550
72000000000,75600000000,75421529089,75421533411,4322
72000000000,75600000000,75421533411,75422571887,1038476
72000000000,75600000000,75422571887,75422571916,29
72000000000,75600000000,75422571916,75422571940,24
72000000000,75600000000,75422571940,75422571964,24
72000000000,75600000000,75422571964,75422571991,27
72000000000,75600000000,75422571991,75422572002,11
72000000000,75600000000,75422572002,75422621576,49574
72000000000,75600000000,75422621576,75422628090,6514
72000000000,75600000000,75422628090,75423568077,939987
72000000000,75600000000,75423568077,75424562751,994674
72000000000,75600000000,75424562751,75424562762,11
72000000000,75600000000,75424562762,75425948211,1385449
72000000000,75600000000,75425948211,75427011738,1063527
72000000000,75600000000,75427011738,75431185789,4174051
72000000000,75600000000,75431185789,75431185792,3
72000000000,75600000000,75431185792,75433240563,2054771
72000000000,75600000000,75433240563,75434183480,942917
72000000000,75600000000,75434183480,75436730315,2546835
72000000000,75600000000,75436730315,75436735042,4727
72000000000,75600000000,75436735042,75436743151,8109
72000000000,75600000000,75436743151,75436745175,2024
72000000000,75600000000,75436745175,75436747304,2129
72000000000,75600000000,75436747304,75436748896,1592
72000000000,75600000000,75436748896,75436750711,1815
72000000000,75600000000,75436750711,75436752500,1789
72000000000,75600000000,75436752500,75437944048,1191548
72000000000,75600000000,75437944048,75438829138,885090
72000000000,75600000000,75438829138,75438829163,25
72000000000,75600000000,75438829163,75438829188,25
72000000000,75600000000,75438829188,75438829224,36
72000000000,75600000000,75438829224,75438829256,32
72000000000,75600000000,75438829256,75438829281,25
72000000000,75600000000,75438829281,75438829347,66
72000000000,75600000000,75438829347,75438829386,39
72000000000,75600000000,75438829386,75440584624,1755238
72000000000,75600000000,75440584624,75441461497,876873
72000000000,75600000000,75441461497,75443336573,1875076
72000000000,75600000000,75443336573,75444929876,1593303
72000000000,75600000000,75444929876,75446801098,1871222
72000000000,75600000000,75446801098,75446831566,30468
72000000000,75600000000,75446831566,75446851466,19900
72000000000,75600000000,75446851466,75449020074,2168608
72000000000,75600000000,75449020074,75449020098,24
72000000000,75600000000,75449020098,75449076954,56856
72000000000,75600000000,75449076954,75451759281,2682327
72000000000,75600000000,75451759281,75451810573,51292
72000000000,75600000000,75451810573,75452617471,806898
72000000000,75600000000,75452617471,75453551359,933888
72000000000,75600000000,75453551359,75453552302,943
72000000000,75600000000,75453552302,75455398517,1846215
72000000000,75600000000,75455398517,75455407347,8830
72000000000,75600000000,75455407347,75457061833,1654486
72000000000,75600000000,75457061833,75457061844,11
72000000000,75600000000,75457061844,75457975977,914133
72000000000,75600000000,75457975977,75457976387,410
72000000000,75600000000,75457976387,75457976392,5
72000000000,75600000000,75457976392,75460410744,2434352
72000000000,75600000000,75460410744,75462317824,1907080
72000000000,75600000000,75462317824,75462375730,57906
72000000000,75600000000,75462375730,75464547929,2172199
72000000000,75600000000,75464547929,75466465266,1917337
72000000000,75600000000,75466465266,75468151468,1686202
72000000000,75600000000,75468151468,75469031996,880528
72000000000,75600000000,75469031996,75469041581,9585
72000000000,75600000000,75469041581,75471728968,2687387
72000000000,75600000000,75471728968,75472552202,823234
72000000000,75600000000,75472552202,75493987819,21435617
72000000000,75600000000,75493987819,75493987916,97
72000000000,75600000000,75493987916,75493987921,5
72000000000,75600000000,75493987921,75494945296,957375
72000000000,75600000000,75494945296,75494945312,16
72000000000,75600000000,75494945312,75494945330,18
72000000000,75600000000,75494945330,75495952079,1006749
72000000000,75600000000,75495952079,75497836482,1884403
72000000000,75600000000,75497836482,75497836486,4
72000000000,75600000000,75497836486,75499668100,1831614
72000000000,75600000000,75499668100,75499668104,4
72000000000,75600000000,75499668104,75500586518,918414
72000000000,75600000000,75500586518,75503599403,3012885
72000000000,75600000000,75503599403,75507816408,4217005
72000000000,75600000000,75507816408,75507816494,86
72000000000,75600000000,75507816494,75507816501,7
72000000000,75600000000,75507816501,75508852366,1035865
72000000000,75600000000,75508852366,75513930948,5078582
72000000000,75600000000,75513930948,75513935424,4476
72000000000,75600000000,75513935424,75513941307,5883
72000000000,75600000000,75513941307,75516161740,2220433
72000000000,75600000000,75516161740,75516161787,47
72000000000,75600000000,75516161787,75516161835,48
72000000000,75600000000,75516161835,75518403734,2241899
72000000000,75600000000,75518403734,75523591757,5188023
72000000000,75600000000,75523591757,75528006859,4415102
72000000000,75600000000,75528006859,75528006886,27
72000000000,75600000000,75528006886,75528006891,5
72000000000,75600000000,75528006891,75528962527,955636
72000000000,75600000000,75528962527,75530847489,1884962
72000000000,75600000000,75530847489,75534228185,3380696
72000000000,75600000000,75534228185,75534378913,150728
72000000000,75600000000,75534378913,75534385719,6806
72000000000,75600000000,75534385719,75534388989,3270
72000000000,75600000000,75534388989,75534391399,2410
72000000000,75600000000,75534391399,75534401949,10550
72000000000,75600000000,75534401949,75536573415,2171466
72000000000,75600000000,75536573415,75536573428,13
72000000000,75600000000,75536573428,75536573441,13
72000000000,75600000000,75536573441,75536573454,13
72000000000,75600000000,75536573454,75536573474,20
72000000000,75600000000,75536573474,75536573485,11
72000000000,75600000000,75536573485,75543093095,6519610
72000000000,75600000000,75543093095,75544930098,1837003
72000000000,75600000000,75544930098,75545866652,936554
72000000000,75600000000,75545866652,75547960562,2093910
72000000000,75600000000,75547960562,75548013417,52855
72000000000,75600000000,75548013417,75548013420,3
72000000000,75600000000,75548013420,75548964560,951140
72000000000,75600000000,75548964560,75548969643,5083
72000000000,75600000000,75548969643,75548974520,4877
72000000000,75600000000,75548974520,75549835904,861384
72000000000,75600000000,75549835904,75550752355,916451
72000000000,75600000000,75550752355,75550752359,4
72000000000,75600000000,75550752359,75550752368,9
72000000000,75600000000,75550752368,75550752393,25
72000000000,75600000000,75550752393,75551738275,985882
72000000000,75600000000,75551738275,75551738279,4
72000000000,75600000000,75551738279,75552678083,939804
72000000000,75600000000,75552678083,75557802183,5124100
72000000000,75600000000,75557802183,75557802202,19
72000000000,75600000000,75557802202,75558845506,1043304
72000000000,75600000000,75558845506,75561307678,2462172
72000000000,75600000000,75561307678,75578095762,16788084
72000000000,75600000000,75578095762,75580176478,2080716
72000000000,75600000000,75580176478,75580176484,6
72000000000,75600000000,75580176484,75580176557,73
72000000000,75600000000,75580176557,75580176566,9
72000000000,75600000000,75580176566,75583631533,3454967
72000000000,75600000000,75583631533,75586524395,2892862
72000000000,75600000000,75586524395,75586524636,241
72000000000,75600000000,75586524636,75586568590,43954
72000000000,75600000000,75586568590,75587548759,980169
72000000000,75600000000,75587548759,75587555891,7132
72000000000,75600000000,75587555891,75588442248,886357
72000000000,75600000000,75588442248,75589242156,799908
72000000000,75600000000,75589242156,75590021391,779235
72000000000,75600000000,75590021391,75590021394,3
72000000000,75600000000,75590021394,75590021395,1
72000000000,75600000000,75590021395,75590021426,31
72000000000,75600000000,75590021426,75590021430,4
72000000000,75600000000,75590021430,75590849065,827635
72000000000,75600000000,75590849065,75590849068,3
72000000000,75600000000,75590849068,75591802522,953454
72000000000,75600000000,75591802522,75591802526,4
72000000000,75600000000,75591802526,75591802536,10
72000000000,75600000000,75591802536,75591803069,533
72000000000,75600000000,75591803069,75591803081,12
72000000000,75600000000,75591803081,75591887212,84131
72000000000,75600000000,75591887212,75592826792,939580
72000000000,75600000000,75592826792,75594083307,1256515
72000000000,75600000000,75594083307,75596984787,2901480
75600000000,79200000000,75601749953,75601752555,2602
75600000000,79200000000,75601752555,75603384679,1632124
75600000000,79200000000,75603384679,75603384689,10
75600000000,79200000000,75603384689,75606305369,2920680
75600000000,79200000000,75606305369,75606307991,2622
75600000000,79200000000,75606307991,75606309910,1919
75600000000,79200000000,75606309910,75606315195,5285
75600000000,79200000000,75606315195,75606317482,2287
75600000000,79200000000,75606317482,75606319363,1881
75600000000,79200000000,75606319363,75607944126,1624763
75600000000,79200000000,75607944126,75607944137,11
75600000000,79200000000,75607944137,75607944150,13
75600000000,79200000000,75607944150,75607944196,46
75600000000,79200000000,75607944196,75607944201,5
75600000000,79200000000,75607944201,75607944227,26
75600000000,79200000000,75607944227,75607944247,20
75600000000,79200000000,75607944247,75607973271,29024
75600000000,79200000000,75607973271,75607983606,10335
75600000000,79200000000,75607983606,75607983624,18
75600000000,79200000000,75607983624,75608839221,855597
75600000000,79200000000,75608839221,75608993249,154028
75600000000,79200000000,75608993249,75609996783,1003534
75600000000,79200000000,75609996783,75611748218,1751435
75600000000,79200000000,75611748218,75611780322,32104
75600000000,79200000000,75611780322,75614280313,2499991
75600000000,79200000000,75614280313,75614280324,11
75600000000,79200000000,75614280324,75618496441,4216117
75600000000,79200000000,75618496441,75619645270,1148829
75600000000,79200000000,75619645270,75619652145,6875
75600000000,79200000000,75619652145,75620559996,907851
75600000000,79200000000,75620559996,75621484453,924457
75600000000,79200000000,75621484453,75621484464,11
75600000000,79200000000,75621484464,75621517391,32927
75600000000,79200000000,75621517391,75622384706,867315
75600000000,79200000000,75622384706,75626101293,3716587
75600000000,79200000000,75626101293,75626109115,7822
75600000000,79200000000,75626109115,75626124229,15114
75600000000,79200000000,75626124229,75626186350,62121
75600000000,79200000000,75626186350,75626194248,7898
75600000000,79200000000,75626194248,75626206545,12297
75600000000,79200000000,75626206545,75626210907,4362
75600000000,79200000000,75626210907,75626212971,2064
75600000000,79200000000,75626212971,75627856509,1643538
75600000000,79200000000,75627856509,75627856513,4
75600000000,79200000000,75627856513,75627856514,1
75600000000,79200000000,75627856514,75627856538,24
75600000000,79200000000,75627856538,75627856542,4
75600000000,79200000000,75627856542,75627856543,1
75600000000,79200000000,75627856543,75627856555,12
75600000000,79200000000,75627856555,75627856568,13
75600000000,79200000000,75627856568,75627856773,205
75600000000,79200000000,75627856773,75627857163,390
75600000000,79200000000,75627857163,75627857175,12
75600000000,79200000000,75627857175,75627857187,12
75600000000,79200000000,75627857187,75627896795,39608
75600000000,79200000000,75627896795,75629640754,1743959
75600000000,79200000000,75629640754,75629640806,52
75600000000,79200000000,75629640806,75629640872,66
75600000000,79200000000,75629640872,75629640889,17
75600000000,79200000000,75629640889,75630489014,848125
75600000000,79200000000,75630489014,75630517844,28830
75600000000,79200000000,75630517844,75633473604,2955760
75600000000,79200000000,75633473604,75642620240,9146636
75600000000,79200000000,75642620240,75642620242,2
75600000000,79200000000,75642620242,75644368074,1747832
75600000000,79200000000,75644368074,75644389058,20984
75600000000,79200000000,75644389058,75646069551,1680493
75600000000,79200000000,75646069551,75646069555,4
75600000000,79200000000,75646069555,75646903481,833926
75600000000,79200000000,75646903481,75646959297,55816
75600000000,79200000000,75646959297,75646959316,19
75600000000,79200000000,75646959316,75648260025,1300709
75600000000,79200000000,75648260025,75649161918,901893
75600000000,79200000000,75649161918,75650066731,904813
75600000000,79200000000,75650066731,75650940729,873998
75600000000,79200000000,75650940729,75650962517,21788
75600000000,79200000000,75650962517,75652635434,1672917
75600000000,79200000000,75652635434,75652660462,25028
75600000000,79200000000,75652660462,75654499132,1838670
75600000000,79200000000,75654499132,75655477567,978435
75600000000,79200000000,75655477567,75655488756,11189
75600000000,79200000000,75655488756,75656368365,879609
75600000000,79200000000,75656368365,75656395687,27322
75600000000,79200000000,75656395687,75657270238,874551
75600000000,79200000000,75657270238,75657289599,19361
75600000000,79200000000,75657289599,75657294397,4798
75600000000,79200000000,75657294397,75659374830,2080433
75600000000,79200000000,75659374830,75659374867,37
75600000000,79200000000,75659374867,75659392942,18075
75600000000,79200000000,75659392942,75659405635,12693
75600000000,79200000000,75659405635,75660418290,1012655
75600000000,79200000000,75660418290,75660442034,23744
75600000000,79200000000,75660442034,75661308241,866207
75600000000,79200000000,75661308241,75661326950,18709
75600000000,79200000000,75661326950,75662127908,800958
75600000000,79200000000,75662127908,75663029090,901182
75600000000,79200000000,75663029090,75663885385,856295
75600000000,79200000000,75663885385,75663885422,37
75600000000,79200000000,75663885422,75663885427,5
75600000000,79200000000,75663885427,75665638803,1753376
75600000000,79200000000,75665638803,75667373715,1734912
75600000000,79200000000,75667373715,75673105996,5732281
75600000000,79200000000,75673105996,75673106200,204
75600000000,79200000000,75673106200,75673106209,9
75600000000,79200000000,75673106209,75673106386,177
75600000000,79200000000,75673106386,75673106389,3
75600000000,79200000000,75673106389,75675095230,1988841
75600000000,79200000000,75675095230,75675129514,34284
75600000000,79200000000,75675129514,75676075455,945941
75600000000,79200000000,75676075455,75676088234,12779
75600000000,79200000000,75676088234,75676090936,2702
75600000000,79200000000,75676090936,75676096224,5288
75600000000,79200000000,75676096224,75676098278,2054
75600000000,79200000000,75676098278,75676917933,819655
75600000000,79200000000,75676917933,75676955252,37319
75600000000,79200000000,75676955252,75680740094,3784842
75600000000,79200000000,75680740094,75680740098,4
75600000000,79200000000,75680740098,75680740157,59
75600000000,79200000000,75680740157,75680740214,57
75600000000,79200000000,75680740214,75680740239,25
75600000000,79200000000,75680740239,75680740250,11
75600000000,79200000000,75680740250,75681090680,350430
75600000000,79200000000,75681090680,75681996311,905631
75600000000,79200000000,75681996311,75681997634,1323
75600000000,79200000000,75681997634,75684954534,2956900
75600000000,79200000000,75684954534,75685823264,868730
75600000000,79200000000,75685823264,75685900871,77607
75600000000,79200000000,75685900871,75686874032,973161
75600000000,79200000000,75686874032,75686913403,39371
75600000000,79200000000,75686913403,75687746004,832601
75600000000,79200000000,75687746004,75689601953,1855949
75600000000,79200000000,75689601953,75689619402,17449
75600000000,79200000000,75689619402,75690489206,869804
75600000000,79200000000,75690489206,75690489263,57
75600000000,79200000000,75690489263,75690489270,7
75600000000,79200000000,75690489270,75690489275,5
75600000000,79200000000,75690489275,75691440027,950752
75600000000,79200000000,75691440027,75691465356,25329
75600000000,79200000000,75691465356,75691473901,8545
75600000000,79200000000,75691473901,75693800755,2326854
75600000000,79200000000,75693800755,75694684437,883682
75600000000,79200000000,75694684437,75694687593,3156
75600000000,79200000000,75694687593,75694695090,7497
75600000000,79200000000,75694695090,75695555046,859956
75600000000,79200000000,75695555046,75695555072,26
75600000000,79200000000,75695555072,75695555079,7
75600000000,79200000000,75695555079,75697179108,1624029
75600000000,79200000000,75697179108,75697179112,4
75600000000,79200000000,75697179112,75697179113,1
75600000000,79200000000,75697179113,75697179354,241
75600000000,79200000000,75697179354,75697179358,4
75600000000,79200000000,75697179358,75697179459,101
75600000000,79200000000,75697179459,75697221936,42477
75600000000,79200000000,75697221936,75698055437,833501
75600000000,79200000000,75698055437,75698973806,918369
75600000000,79200000000,75698973806,75698977912,4106
75600000000,79200000000,75698977912,75698979906,1994
75600000000,79200000000,75698979906,75700763279,1783373
75600000000,79200000000,75700763279,75700763334,55
75600000000,79200000000,75700763334,75700794649,31315
75600000000,79200000000,75700794649,75704951938,4157289
75600000000,79200000000,75704951938,75704951938,0
75600000000,79200000000,75704951938,75707807486,2855548
75600000000,79200000000,75707807486,75707816315,8829
75600000000,79200000000,75707816315,75711474575,3658260
75600000000,79200000000,75711474575,75712619688,1145113
75600000000,79200000000,75712619688,75713866045,1246357
75600000000,79200000000,75713866045,75715624950,1758905
75600000000,79200000000,75715624950,75715624965,15
75600000000,79200000000,75715624965,75716666794,1041829
75600000000,79200000000,75716666794,75716667256,462
75600000000,79200000000,75716667256,75716667303,47
75600000000,79200000000,75716667303,75716667312,9
75600000000,79200000000,75716667312,75722081226,5413914
75600000000,79200000000,75722081226,75722081254,28
75600000000,79200000000,75722081254,75723015684,934430
75600000000,79200000000,75723015684,75726906742,3891058
75600000000,79200000000,75726906742,75726911971,5229
75600000000,79200000000,75726911971,75727766138,854167
75600000000,79200000000,75727766138,75727766142,4
75600000000,79200000000,75727766142,75727766157,15
75600000000,79200000000,75727766157,75727766170,13
75600000000,79200000000,75727766170,75727766186,16
75600000000,79200000000,75727766186,75728667513,901327
75600000000,79200000000,75728667513,75728667545,32
75600000000,79200000000,75728667545,75729567594,900049
75600000000,79200000000,75729567594,75730399618,832024
75600000000,79200000000,75730399618,75733133109,2733491
75600000000,79200000000,75733133109,75733995313,862204
75600000000,79200000000,75733995313,75734020350,25037
75600000000,79200000000,75734020350,75734022406,2056
75600000000,79200000000,75734022406,75734025716,3310
75600000000,79200000000,75734025716,75734854493,828777
75600000000,79200000000,75734854493,75734886413,31920
75600000000,79200000000,75734886413,75736920145,2033732
75600000000,79200000000,75736920145,75736920163,18
75600000000,79200000000,75736920163,75736920180,17
75600000000,79200000000,75736920180,75736920197,17
75600000000,79200000000,75736920197,75737829568,909371
75600000000,79200000000,75737829568,75739663360,1833792
75600000000,79200000000,75739663360,75742727291,3063931
75600000000,79200000000,75742727291,75745977231,3249940
75600000000,79200000000,75745977231,75747199805,1222574
75600000000,79200000000,75747199805,75747213642,13837
75600000000,79200000000,75747213642,75747294726,81084
75600000000,79200000000,75747294726,75748196098,901372
75600000000,79200000000,75748196098,75749057845,861747
75600000000,79200000000,75749057845,75749057848,3
75600000000,79200000000,75749057848,75749057898,50
75600000000,79200000000,75749057898,75749057902,4
75600000000,79200000000,75749057902,75749057903,1
75600000000,79200000000,75749057903,75749058111,208
75600000000,79200000000,75749058111,75750708765,1650654
75600000000,79200000000,75750708765,75750710041,1276
75600000000,79200000000,75750710041,75750714100,4059
75600000000,79200000000,75750714100,75753509570,2795470
75600000000,79200000000,75753509570,75755241313,1731743
75600000000,79200000000,75755241313,75755264966,23653
75600000000,79200000000,75755264966,75757071045,1806079
75600000000,79200000000,75757071045,75766687562,9616517
75600000000,79200000000,75766687562,75766692940,5378
75600000000,79200000000,75766692940,75766699049,6109
75600000000,79200000000,75766699049,75767927450,1228401
75600000000,79200000000,75767927450,75767927546,96
75600000000,79200000000,75767927546,75768774470,846924
75600000000,79200000000,75768774470,75768774474,4
75600000000,79200000000,75768774474,75768774475,1
75600000000,79200000000,75768774475,75768774485,10
75600000000,79200000000,75768774485,75768774519,34
75600000000,79200000000,75768774519,75769651840,877321
75600000000,79200000000,75769651840,75769651990,150
75600000000,79200000000,75769651990,75770523389,871399
75600000000,79200000000,75770523389,75770523850,461
75600000000,79200000000,75770523850,75770523939,89
75600000000,79200000000,75770523939,75770523944,5
75600000000,79200000000,75770523944,75770523949,5
75600000000,79200000000,75770523949,75775756712,5232763
75600000000,79200000000,75775756712,75777636541,1879829
75600000000,79200000000,75777636541,75782585804,4949263
75600000000,79200000000,75782585804,75784396320,1810516
75600000000,79200000000,75784396320,75784416584,20264
75600000000,79200000000,75784416584,75786150653,1734069
75600000000,79200000000,75786150653,75786172361,21708
75600000000,79200000000,75786172361,75786197649,25288
75600000000,79200000000,75786197649,75787057790,860141
75600000000,79200000000,75787057790,75787060709,2919
75600000000,79200000000,75787060709,75787874779,814070
75600000000,79200000000,75787874779,75787874824,45
75600000000,79200000000,75787874824,75787901127,26303
75600000000,79200000000,75787901127,75788767131,866004
75600000000,79200000000,75788767131,75788767135,4
75600000000,79200000000,75788767135,75788767136,1
75600000000,79200000000,75788767136,75788767245,109
75600000000,79200000000,75788767245,75788791868,24623
75600000000,79200000000,75788791868,75789662673,870805
75600000000,79200000000,75789662673,75789665090,2417
75600000000,79200000000,75789665090,75790109566,444476
75600000000,79200000000,75790109566,75791006970,897404
75600000000,79200000000,75791006970,75791885267,878297
75600000000,79200000000,75791885267,75791890115,4848
75600000000,79200000000,75791890115,75791902467,12352
75600000000,79200000000,75791902467,75793638318,1735851
75600000000,79200000000,75793638318,75793638416,98
75600000000,79200000000,75793638416,75793724544,86128
75600000000,79200000000,75793724544,75802057438,8332894
75600000000,79200000000,75802057438,75803086377,1028939
75600000000,79200000000,75803086377,75803086414,37
75600000000,79200000000,75803086414,75803086419,5
75600000000,79200000000,75803086419,75806452479,3366060
75600000000,79200000000,75806452479,75806456504,4025
75600000000,79200000000,75806456504,75806486688,30184
75600000000,79200000000,75806486688,75809013701,2527013
75600000000,79200000000,75809013701,75809013704,3
75600000000,79200000000,75809013704,75809013747,43
75600000000,79200000000,75809013747,75809013809,62
75600000000,79200000000,75809013809,75809061553,47744
75600000000,79200000000,75809061553,75810821784,1760231
75600000000,79200000000,75810821784,75810893095,71311
75600000000,79200000000,75810893095,75810893121,26
75600000000,79200000000,75810893121,75812997512,2104391
75600000000,79200000000,75812997512,75812997539,27
75600000000,79200000000,75812997539,75812997544,5
75600000000,79200000000,75812997544,75817379983,4382439
75600000000,79200000000,75817379983,75818425495,1045512
75600000000,79200000000,75818425495,75819216865,791370
75600000000,79200000000,75819216865,75819219098,2233
75600000000,79200000000,75819219098,75821697810,2478712
75600000000,79200000000,75821697810,75821697858,48
75600000000,79200000000,75821697858,75822884189,1186331
75600000000,79200000000,75822884189,75824715345,1831156
75600000000,79200000000,75824715345,75826594759,1879414
75600000000,79200000000,75826594759,75826598271,3512
75600000000,79200000000,75826598271,75828509703,1911432
75600000000,79200000000,75828509703,75828523054,13351
75600000000,79200000000,75828523054,75830232301,1709247
75600000000,79200000000,75830232301,75830232311,10
75600000000,79200000000,75830232311,75830259500,27189
75600000000,79200000000,75830259500,75831915251,1655751
75600000000,79200000000,75831915251,75832792893,877642
75600000000,79200000000,75832792893,75832796369,3476
75600000000,79200000000,75832796369,75832799238,2869
75600000000,79200000000,75832799238,75832801394,2156
75600000000,79200000000,75832801394,75832803219,1825
75600000000,79200000000,75832803219,75832805265,2046
75600000000,79200000000,75832805265,75837388794,4583529
75600000000,79200000000,75837388794,75837388890,96
75600000000,79200000000,75837388890,75837388904,14
75600000000,79200000000,75837388904,75837388909,5
75600000000,79200000000,75837388909,75837388953,44
75600000000,79200000000,75837388953,75837389020,67
75600000000,79200000000,75837389020,75840349269,2960249
75600000000,79200000000,75840349269,75840349274,5
75600000000,79200000000,75840349274,75840349362,88
75600000000,79200000000,75840349362,75840389132,39770
75600000000,79200000000,75840389132,75841244877,855745
75600000000,79200000000,75841244877,75842243107,998230
75600000000,79200000000,75842243107,75843200294,957187
75600000000,79200000000,75843200294,75844910831,1710537
75600000000,79200000000,75844910831,75848171717,3260886
75600000000,79200000000,75848171717,75850245044,2073327
75600000000,79200000000,75850245044,75850281667,36623
75600000000,79200000000,75850281667,75850282663,996
75600000000,79200000000,75850282663,75851267835,985172
75600000000,79200000000,75851267835,75851274710,6875
75600000000,79200000000,75851274710,75851281064,6354
75600000000,79200000000,75851281064,75851285270,4206
75600000000,79200000000,75851285270,75851290616,5346
75600000000,79200000000,75851290616,75851299144,8528
75600000000,79200000000,75851299144,75851302676,3532
75600000000,79200000000,75851302676,75852170503,867827
75600000000,79200000000,75852170503,75852178454,7951
75600000000,79200000000,75852178454,75854691282,2512828
75600000000,79200000000,75854691282,75854691285,3
75600000000,79200000000,75854691285,75854691346,61
75600000000,79200000000,75854691346,75854691365,19
75600000000,79200000000,75854691365,75854691370,5
75600000000,79200000000,75854691370,75854691391,21
75600000000,79200000000,75854691391,75854691395,4
75600000000,79200000000,75854691395,75854691396,1
75600000000,79200000000,75854691396,75854691397,1
75600000000,79200000000,75854691397,75854691443,46
75600000000,79200000000,75854691443,75854691466,23
75600000000,79200000000,75854691466,75854693943,2477
75600000000,79200000000,75854693943,75855673817,979874
75600000000,79200000000,75855673817,75856901834,1228017
75600000000,79200000000,75856901834,75857715766,813932
75600000000,79200000000,75857715766,75857715770,4
75600000000,79200000000,75857715770,75857715828,58
75600000000,79200000000,75857715828,75857716015,187
75600000000,79200000000,75857716015,75857716255,240
75600000000,79200000000,75857716255,75857717905,1650
75600000000,79200000000,75857717905,75857717909,4
75600000000,79200000000,75857717909,75857717910,1
75600000000,79200000000,75857717910,75857718200,290
75600000000,79200000000,75857718200,75857718217,17
75600000000,79200000000,75857718217,75858675098,956881
75600000000,79200000000,75858675098,75858675167,69
75600000000,79200000000,75858675167,75858675172,5
75600000000,79200000000,75858675172,75858675177,5
75600000000,79200000000,75858675177,75859739628,1064451
75600000000,79200000000,75859739628,75859741279,1651
75600000000,79200000000,75859741279,75859741283,4
75600000000,79200000000,75859741283,75859741429,146
75600000000,79200000000,75859741429,75859741482,53
75600000000,79200000000,75859741482,75859741493,11
75600000000,79200000000,75859741493,75860861186,1119693
75600000000,79200000000,75860861186,75860888424,27238
75600000000,79200000000,75860888424,75860909772,21348
75600000000,79200000000,75860909772,75862540583,1630811
75600000000,79200000000,75862540583,75862540601,18
75600000000,79200000000,75862540601,75863651515,1110914
75600000000,79200000000,75863651515,75865734898,2083383
75600000000,79200000000,75865734898,75872055857,6320959
75600000000,79200000000,75872055857,75872069366,13509
75600000000,79200000000,75872069366,75872856877,787511
75600000000,79200000000,75872856877,75872859168,2291
75600000000,79200000000,75872859168,75872863287,4119
75600000000,79200000000,75872863287,75872866455,3168
75600000000,79200000000,75872866455,75872870722,4267
75600000000,79200000000,75872870722,75872875460,4738
75600000000,79200000000,75872875460,75872878519,3059
75600000000,79200000000,75872878519,75872880690,2171
75600000000,79200000000,75872880690,75873668029,787339
75600000000,79200000000,75873668029,75873692308,24279
75600000000,79200000000,75873692308,75873749440,57132
75600000000,79200000000,75873749440,75877174694,3425254
75600000000,79200000000,75877174694,75877174719,25
75600000000,79200000000,75877174719,75877174730,11
75600000000,79200000000,75877174730,75877174755,25
75600000000,79200000000,75877174755,75877178095,3340
75600000000,79200000000,75877178095,75877178160,65
75600000000,79200000000,75877178160,75877181480,3320
75600000000,79200000000,75877181480,75877184684,3204
75600000000,79200000000,75877184684,75879162374,1977690
75600000000,79200000000,75879162374,75881992349,2829975
75600000000,79200000000,75881992349,75884430993,2438644
75600000000,79200000000,75884430993,75884461440,30447
75600000000,79200000000,75884461440,75886169827,1708387
75600000000,79200000000,75886169827,75890429154,4259327
75600000000,79200000000,75890429154,75890434209,5055
75600000000,79200000000,75890434209,75890478090,43881
75600000000,79200000000,75890478090,75891618176,1140086
75600000000,79200000000,75891618176,75891618752,576
75600000000,79200000000,75891618752,75893456193,1837441
75600000000,79200000000,75893456193,75893456196,3
75600000000,79200000000,75893456196,75893456248,52
75600000000,79200000000,75893456248,75893456251,3
75600000000,79200000000,75893456251,75893456291,40
75600000000,79200000000,75893456291,75894358709,902418
75600000000,79200000000,75894358709,75896078240,1719531
75600000000,79200000000,75896078240,75896078263,23
75600000000,79200000000,75896078263,75897059625,981362
75600000000,79200000000,75897059625,75898786129,1726504
75600000000,79200000000,75898786129,75898786178,49
75600000000,79200000000,75898786178,75898786183,5
75600000000,79200000000,75898786183,75898786188,5
75600000000,79200000000,75898786188,75904054219,5268031
75600000000,79200000000,75904054219,75906017165,1962946
75600000000,79200000000,75906017165,75906986575,969410
75600000000,79200000000,75906986575,75907821749,835174
75600000000,79200000000,75907821749,75908777969,956220
75600000000,79200000000,75908777969,75910837654,2059685
75600000000,79200000000,75910837654,75911733634,895980
75600000000,79200000000,75911733634,75913912594,2178960
75600000000,79200000000,75913912594,75917992932,4080338
75600000000,79200000000,75917992932,75921320287,3327355
75600000000,79200000000,75921320287,75921324391,4104
75600000000,79200000000,75921324391,75921328139,3748
75600000000,79200000000,75921328139,75921330593,2454
75600000000,79200000000,75921330593,75923106981,1776388
75600000000,79200000000,75923106981,75923106994,13
75600000000,79200000000,75923106994,75923107007,13
75600000000,79200000000,75923107007,75923107032,25
75600000000,79200000000,75923107032,75923107036,4
75600000000,79200000000,75923107036,75923107037,1
75600000000,79200000000,75923107037,75923107038,1
75600000000,79200000000,75923107038,75924390442,1283404
75600000000,79200000000,75924390442,75924390636,194
75600000000,79200000000,75924390636,75924390930,294
75600000000,79200000000,75924390930,75943624234,19233304
75600000000,79200000000,75943624234,75943632421,8187
75600000000,79200000000,75943632421,75944459237,826816
75600000000,79200000000,75944459237,75945627591,1168354
75600000000,79200000000,75945627591,75945627616,25
75600000000,79200000000,75945627616,75945627620,4
75600000000,79200000000,75945627620,75945627621,1
75600000000,79200000000,75945627621,75945627622,1
75600000000,79200000000,75945627622,75947226269,1598647
75600000000,79200000000,75947226269,75947226294,25
75600000000,79200000000,75947226294,75947226484,190
75600000000,79200000000,75947226484,75947226488,4
75600000000,79200000000,75947226488,75947226621,133
75600000000,79200000000,75947226621,75948032330,805709
75600000000,79200000000,75948032330,75948927475,895145
75600000000,79200000000,75948927475,75950516946,1589471
75600000000,79200000000,75950516946,75962764497,12247551
75600000000,79200000000,75962764497,75962764675,178
75600000000,79200000000,75962764675,75962764680,5
75600000000,79200000000,75962764680,75963747993,983313
75600000000,79200000000,75963747993,75963748060,67
75600000000,79200000000,75963748060,75963748065,5
75600000000,79200000000,75963748065,75964687971,939906
75600000000,79200000000,75964687971,75964687973,2
75600000000,79200000000,75964687973,75966727410,2039437
75600000000,79200000000,75966727410,75967581733,854323
75600000000,79200000000,75967581733,75968471362,889629
75600000000,79200000000,75968471362,75968471519,157
75600000000,79200000000,75968471519,75968471524,5
75600000000,79200000000,75968471524,75971100492,2628968
75600000000,79200000000,75971100492,75975366538,4266046
75600000000,79200000000,75975366538,75975366727,189
75600000000,79200000000,75975366727,75975366732,5
75600000000,79200000000,75975366732,75975366737,5
75600000000,79200000000,75975366737,75977564438,2197701
75600000000,79200000000,75977564438,75977564438,0
75600000000,79200000000,75977564438,75980956867,3392429
75600000000,79200000000,75980956867,75980960207,3340
75600000000,79200000000,75980960207,75982671716,1711509
75600000000,79200000000,75982671716,75982684812,13096
75600000000,79200000000,75982684812,75983540108,855296
75600000000,79200000000,75983540108,75983540224,116
75600000000,79200000000,75983540224,75983568860,28636
75600000000,79200000000,75983568860,75984477567,908707
75600000000,79200000000,75984477567,75984961050,483483
75600000000,79200000000,75984961050,75984969049,7999
75600000000,79200000000,75984969049,75984969136,87
75600000000,79200000000,75984969136,75984969141,5
75600000000,79200000000,75984969141,75985870455,901314
75600000000,79200000000,75985870455,75985910165,39710
75600000000,79200000000,75985910165,75986837882,927717
75600000000,79200000000,75986837882,75987311455,473573
75600000000,79200000000,75987311455,75988167142,855687
75600000000,79200000000,75988167142,75988193165,26023
75600000000,79200000000,75988193165,75989883055,1689890
75600000000,79200000000,75989883055,75990067780,184725
75600000000,79200000000,75990067780,75990096882,29102
75600000000,79200000000,75990096882,75990957117,860235
75600000000,79200000000,75990957117,75990971867,14750
75600000000,79200000000,75990971867,75993927031,2955164
75600000000,79200000000,75993927031,75993961351,34320
75600000000,79200000000,75993961351,75994740431,779080
75600000000,79200000000,75994740431,75995556696,816265
75600000000,79200000000,75995556696,75997223021,1666325
75600000000,79200000000,75997223021,75999299509,2076488
75600000000,79200000000,75999299509,75999407804,108295
75600000000,79200000000,75999407804,75999407826,22
75600000000,79200000000,75999407826,76001221657,1813831
75600000000,79200000000,76001221657,76001233952,12295
75600000000,79200000000,76001233952,76002154286,920334
75600000000,79200000000,76002154286,76002161006,6720
75600000000,79200000000,76002161006,76002161006,0
75600000000,79200000000,76002161006,76003014261,853255
75600000000,79200000000,76003014261,76003598011,583750
75600000000,79200000000,76003598011,76003598014,3
75600000000,79200000000,76003598014,76004533469,935455
75600000000,79200000000,76004533469,76004572043,38574
75600000000,79200000000,76004572043,76005514433,942390
75600000000,79200000000,76005514433,76006420356,905923
75600000000,79200000000,76006420356,76006496288,75932
75600000000,79200000000,76006496288,76006497049,761
75600000000,79200000000,76006497049,76007562506,1065457
75600000000,79200000000,76007562506,76007580771,18265
75600000000,79200000000,76007580771,76009841674,2260903
75600000000,79200000000,76009841674,76011802880,1961206
75600000000,79200000000,76011802880,76013478241,1675361
75600000000,79200000000,76013478241,76013525650,47409
75600000000,79200000000,76013525650,76013526144,494
75600000000,79200000000,76013526144,76021350803,7824659
75600000000,79200000000,76021350803,76021351788,985
75600000000,79200000000,76021351788,76022371028,1019240
75600000000,79200000000,76022371028,76022573952,202924
75600000000,79200000000,76022573952,76024378053,1804101
75600000000,79200000000,76024378053,76024412451,34398
75600000000,79200000000,76024412451,76027216278,2803827
75600000000,79200000000,76027216278,76027216281,3
75600000000,79200000000,76027216281,76028146811,930530
75600000000,79200000000,76028146811,76028180107,33296
75600000000,79200000000,76028180107,76028180123,16
75600000000,79200000000,76028180123,76035061761,6881638
75600000000,79200000000,76035061761,76035062115,354
75600000000,79200000000,76035062115,76035062277,162
75600000000,79200000000,76035062277,76035062282,5
75600000000,79200000000,76035062282,76035062287,5
75600000000,79200000000,76035062287,76035062466,179
75600000000,79200000000,76035062466,76035062555,89
75600000000,79200000000,76035062555,76035062582,27
75600000000,79200000000,76035062582,76035062587,5
75600000000,79200000000,76035062587,76041901224,6838637
75600000000,79200000000,76041901224,76041906782,5558
75600000000,79200000000,76041906782,76041911022,4240
75600000000,79200000000,76041911022,76041912667,1645
75600000000,79200000000,76041912667,76042773741,861074
75600000000,79200000000,76042773741,76042773830,89
75600000000,79200000000,76042773830,76042773835,5
75600000000,79200000000,76042773835,76042773840,5
75600000000,79200000000,76042773840,76044374935,1601095
75600000000,79200000000,76044374935,76044374940,5
75600000000,79200000000,76044374940,76044374963,23
75600000000,79200000000,76044374963,76044375044,81
75600000000,79200000000,76044375044,76044375047,3
75600000000,79200000000,76044375047,76044375083,36
75600000000,79200000000,76044375083,76044936058,560975
75600000000,79200000000,76044936058,76044936097,39
75600000000,79200000000,76044936097,76044936102,5
75600000000,79200000000,76044936102,76044936107,5
75600000000,79200000000,76044936107,76045752399,816292
75600000000,79200000000,76045752399,76045752422,23
75600000000,79200000000,76045752422,76058501675,12749253
75600000000,79200000000,76058501675,76058704471,202796
75600000000,79200000000,76058704471,76060357685,1653214
75600000000,79200000000,76060357685,76061264863,907178
75600000000,79200000000,76061264863,76061264952,89
75600000000,79200000000,76061264952,76061264957,5
75600000000,79200000000,76061264957,76061264966,9
75600000000,79200000000,76061264966,76061265484,518
75600000000,79200000000,76061265484,76061265487,3
75600000000,79200000000,76061265487,76062252651,987164
75600000000,79200000000,76062252651,76062637907,385256
75600000000,79200000000,76062637907,76063440891,802984
75600000000,79200000000,76063440891,76064408958,968067
75600000000,79200000000,76064408958,76064409370,412
75600000000,79200000000,76064409370,76064409677,307
75600000000,79200000000,76064409677,76065322226,912549
75600000000,79200000000,76065322226,76065322229,3
75600000000,79200000000,76065322229,76066250938,928709
75600000000,79200000000,76066250938,76066306955,56017
75600000000,79200000000,76066306955,76068159559,1852604
75600000000,79200000000,76068159559,76071697827,3538268
75600000000,79200000000,76071697827,76071697843,16
75600000000,79200000000,76071697843,76076209635,4511792
75600000000,79200000000,76076209635,76076209651,16
75600000000,79200000000,76076209651,76079129495,2919844
75600000000,79200000000,76079129495,76079276619,147124
75600000000,79200000000,76079276619,76081127168,1850549
75600000000,79200000000,76081127168,76081167873,40705
75600000000,79200000000,76081167873,76081171289,3416
75600000000,79200000000,76081171289,76082881406,1710117
75600000000,79200000000,76082881406,76082881410,4
75600000000,79200000000,76082881410,76082881419,9
75600000000,79200000000,76082881419,76083757641,876222
75600000000,79200000000,76083757641,76083806046,48405
75600000000,79200000000,76083806046,76085968469,2162423
75600000000,79200000000,76085968469,76087994790,2026321
75600000000,79200000000,76087994790,76089929925,1935135
75600000000,79200000000,76089929925,76093823300,3893375
75600000000,79200000000,76093823300,76095768827,1945527
75600000000,79200000000,76095768827,76095777729,8902
75600000000,79200000000,76095777729,76097456693,1678964
75600000000,79200000000,76097456693,76099202078,1745385
75600000000,79200000000,76099202078,76099205511,3433
75600000000,79200000000,76099205511,76099207586,2075
75600000000,79200000000,76099207586,76100924302,1716716
75600000000,79200000000,76100924302,76100924306,4
75600000000,79200000000,76100924306,76100924315,9
75600000000,79200000000,76100924315,76100924327,12
75600000000,79200000000,76100924327,76100947534,23207
75600000000,79200000000,76100947534,76100956467,8933
75600000000,79200000000,76100956467,76101752066,795599
75600000000,79200000000,76101752066,76101752070,4
75600000000,79200000000,76101752070,76102592775,840705
75600000000,79200000000,76102592775,76102592786,11
75600000000,79200000000,76102592786,76104911328,2318542
75600000000,79200000000,76104911328,76110490179,5578851
75600000000,79200000000,76110490179,76110490206,27
75600000000,79200000000,76110490206,76110490211,5
75600000000,79200000000,76110490211,76113962023,3471812
75600000000,79200000000,76113962023,76116782703,2820680
75600000000,79200000000,76116782703,76120919390,4136687
75600000000,79200000000,76120919390,76120919394,4
75600000000,79200000000,76120919394,76120919395,1
75600000000,79200000000,76120919395,76120919396,1
75600000000,79200000000,76120919396,76121770052,850656
75600000000,79200000000,76121770052,76121770245,193
75600000000,79200000000,76121770245,76121770605,360
75600000000,79200000000,76121770605,76125357535,3586930
75600000000,79200000000,76125357535,76127140632,1783097
75600000000,79200000000,76127140632,76132937731,5797099
75600000000,79200000000,76132937731,76135150799,2213068
75600000000,79200000000,76135150799,76135169249,18450
75600000000,79200000000,76135169249,76135179356,10107
75600000000,79200000000,76135179356,76135182431,3075
75600000000,79200000000,76135182431,76135187193,4762
75600000000,79200000000,76135187193,76136048903,861710
75600000000,79200000000,76136048903,76136048942,39
75600000000,79200000000,76136048942,76136048947,5
75600000000,79200000000,76136048947,76136048952,5
75600000000,79200000000,76136048952,76137820317,1771365
75600000000,79200000000,76137820317,76137820321,4
75600000000,79200000000,76137820321,76137820322,1
75600000000,79200000000,76137820322,76137820341,19
75600000000,79200000000,76137820341,76137820354,13
75600000000,79200000000,76137820354,76137820373,19
75600000000,79200000000,76137820373,76137848426,28053
75600000000,79200000000,76137848426,76138711999,863573
75600000000,79200000000,76138711999,76138712517,518
75600000000,79200000000,76138712517,76139867893,1155376
75600000000,79200000000,76139867893,76139886817,18924
75600000000,79200000000,76139886817,76139886833,16
75600000000,79200000000,76139886833,76140849869,963036
75600000000,79200000000,76140849869,76140849888,19
75600000000,79200000000,76140849888,76140948469,98581
75600000000,79200000000,76140948469,76141777894,829425
75600000000,79200000000,76141777894,76141829165,51271
75600000000,79200000000,76141829165,76143430872,1601707
75600000000,79200000000,76143430872,76143450728,19856
75600000000,79200000000,76143450728,76144320360,869632
75600000000,79200000000,76144320360,76145222186,901826
75600000000,79200000000,76145222186,76146044258,822072
75600000000,79200000000,76146044258,76146093629,49371
75600000000,79200000000,76146093629,76146992283,898654
75600000000,79200000000,76146992283,76147888668,896385
75600000000,79200000000,76147888668,76149116132,1227464
75600000000,79200000000,76149116132,76149143510,27378
75600000000,79200000000,76149143510,76150331520,1188010
75600000000,79200000000,76150331520,76150357307,25787
75600000000,79200000000,76150357307,76151175839,818532
75600000000,79200000000,76151175839,76151214217,38378
75600000000,79200000000,76151214217,76151216769,2552
75600000000,79200000000,76151216769,76151999532,782763
75600000000,79200000000,76151999532,76151999572,40
75600000000,79200000000,76151999572,76152309010,309438
75600000000,79200000000,76152309010,76153103654,794644
75600000000,79200000000,76153103654,76153934809,831155
75600000000,79200000000,76153934809,76154693476,758667
75600000000,79200000000,76154693476,76154698312,4836
75600000000,79200000000,76154698312,76154701474,3162
75600000000,79200000000,76154701474,76155471543,770069
75600000000,79200000000,76155471543,76156301370,829827
75600000000,79200000000,76156301370,76156301407,37
75600000000,79200000000,76156301407,76156302341,934
75600000000,79200000000,76156302341,76156361149,58808
75600000000,79200000000,76156361149,76156361236,87
75600000000,79200000000,76156361236,76156361241,5
75600000000,79200000000,76156361241,76157247389,886148
75600000000,79200000000,76157247389,76158038782,791393
75600000000,79200000000,76158038782,76158783037,744255
75600000000,79200000000,76158783037,76158814548,31511
75600000000,79200000000,76158814548,76159696051,881503
75600000000,79200000000,76159696051,76164933281,5237230
75600000000,79200000000,76164933281,76164933297,16
75600000000,79200000000,76164933297,76166798309,1865012
75600000000,79200000000,76166798309,76167704944,906635
75600000000,79200000000,76167704944,76169700360,1995416
75600000000,79200000000,76169700360,76173433685,3733325
75600000000,79200000000,76173433685,76174322797,889112
75600000000,79200000000,76174322797,76174325729,2932
75600000000,79200000000,76174325729,76174332584,6855
75600000000,79200000000,76174332584,76175117190,784606
75600000000,79200000000,76175117190,76175983838,866648
75600000000,79200000000,76175983838,76176807679,823841
75600000000,79200000000,76176807679,76176807684,5
75600000000,79200000000,76176807684,76176807729,45
75600000000,79200000000,76176807729,76176807732,3
75600000000,79200000000,76176807732,76176807733,1
75600000000,79200000000,76176807733,76176807757,24
75600000000,79200000000,76176807757,76178539532,1731775
75600000000,79200000000,76178539532,76179416659,877127
75600000000,79200000000,76179416659,76179416663,4
75600000000,79200000000,76179416663,76179416693,30
75600000000,79200000000,76179416693,76179417187,494
75600000000,79200000000,76179417187,76179417241,54
75600000000,79200000000,76179417241,76183386043,3968802
75600000000,79200000000,76183386043,76183386208,165
75600000000,79200000000,76183386208,76183757991,371783
75600000000,79200000000,76183757991,76187337816,3579825
75600000000,79200000000,76187337816,76189054819,1717003
75600000000,79200000000,76189054819,76193462481,4407662
75600000000,79200000000,76193462481,76198322164,4859683
75600000000,79200000000,76198322164,76200966012,2643848
75600000000,79200000000,76200966012,76200966016,4
75600000000,79200000000,76200966016,76200966031,15
75600000000,79200000000,76200966031,76200966187,156
75600000000,79200000000,76200966187,76200969320,3133
75600000000,79200000000,76200969320,76200970118,798
75600000000,79200000000,76200970118,76202190472,1220354
75600000000,79200000000,76202190472,76207505123,5314651
75600000000,79200000000,76207505123,76207505127,4
75600000000,79200000000,76207505127,76207505142,15
75600000000,79200000000,76207505142,76209353900,1848758
75600000000,79200000000,76209353900,76209366725,12825
75600000000,79200000000,76209366725,76209371717,4992
75600000000,79200000000,76209371717,76211198690,1826973
75600000000,79200000000,76211198690,76211198701,11
75600000000,79200000000,76211198701,76211198726,25
75600000000,79200000000,76211198726,76211198730,4
75600000000,79200000000,76211198730,76211198731,1
75600000000,79200000000,76211198731,76211220812,22081
75600000000,79200000000,76211220812,76212067722,846910
75600000000,79200000000,76212067722,76212067806,84
75600000000,79200000000,76212067806,76212097859,30053
75600000000,79200000000,76212097859,76213008700,910841
75600000000,79200000000,76213008700,76215855064,2846364
75600000000,79200000000,76215855064,76217088076,1233012
75600000000,79200000000,76217088076,76217900385,812309
75600000000,79200000000,76217900385,76221603191,3702806
75600000000,79200000000,76221603191,76222461870,858679
75600000000,79200000000,76222461870,76222466554,4684
75600000000,79200000000,76222466554,76222466570,16
75600000000,79200000000,76222466570,76224150751,1684181
75600000000,79200000000,76224150751,76224884072,733321
75600000000,79200000000,76224884072,76224893685,9613
75600000000,79200000000,76224893685,76225892997,999312
75600000000,79200000000,76225892997,76225893001,4
75600000000,79200000000,76225893001,76225893507,506
75600000000,79200000000,76225893507,76226671818,778311
75600000000,79200000000,76226671818,76226688521,16703
75600000000,79200000000,76226688521,76226688540,19
75600000000,79200000000,76226688540,76228077978,1389438
75600000000,79200000000,76228077978,76228128262,50284
75600000000,79200000000,76228128262,76228130882,2620
75600000000,79200000000,76228130882,76228187033,56151
75600000000,79200000000,76228187033,76228194610,7577
75600000000,79200000000,76228194610,76228197103,2493
75600000000,79200000000,76228197103,76228203546,6443
75600000000,79200000000,76228203546,76228227508,23962
75600000000,79200000000,76228227508,76228334298,106790
75600000000,79200000000,76228334298,76228334313,15
75600000000,79200000000,76228334313,76229148125,813812
75600000000,79200000000,76229148125,76229182479,34354
75600000000,79200000000,76229182479,76229988082,805603
75600000000,79200000000,76229988082,76229988086,4
75600000000,79200000000,76229988086,76229988102,16
75600000000,79200000000,76229988102,76229988114,12
75600000000,79200000000,76229988114,76229988119,5
75600000000,79200000000,76229988119,76229988128,9
75600000000,79200000000,76229988128,76229988318,190
75600000000,79200000000,76229988318,76229988330,12
75600000000,79200000000,76229988330,76230036450,48120
75600000000,79200000000,76230036450,76230036477,27
75600000000,79200000000,76230036477,76230036482,5
75600000000,79200000000,76230036482,76230964968,928486
75600000000,79200000000,76230964968,76230964973,5
75600000000,79200000000,76230964973,76230964989,16
75600000000,79200000000,76230964989,76230964993,4
75600000000,79200000000,76230964993,76230965009,16
75600000000,79200000000,76230965009,76231893040,928031
75600000000,79200000000,76231893040,76231893052,12
75600000000,79200000000,76231893052,76231941346,48294
75600000000,79200000000,76231941346,76231941382,36
75600000000,79200000000,76231941382,76231941389,7
75600000000,79200000000,76231941389,76232833619,892230
75600000000,79200000000,76232833619,76232863019,29400
75600000000,79200000000,76232863019,76234506427,1643408
75600000000,79200000000,76234506427,76234544078,37651
75600000000,79200000000,76234544078,76236208859,1664781
75600000000,79200000000,76236208859,76245700962,9492103
75600000000,79200000000,76245700962,76245714175,13213
75600000000,79200000000,76245714175,76245714177,2
75600000000,79200000000,76245714177,76246658813,944636
75600000000,79200000000,76246658813,76246658829,16
75600000000,79200000000,76246658829,76247451567,792738
75600000000,79200000000,76247451567,76247451585,18
75600000000,79200000000,76247451585,76247483133,31548
75600000000,79200000000,76247483133,76250357880,2874747
75600000000,79200000000,76250357880,76250363694,5814
75600000000,79200000000,76250363694,76250418389,54695
75600000000,79200000000,76250418389,76250423046,4657
75600000000,79200000000,76250423046,76251349807,926761
75600000000,79200000000,76251349807,76251349824,17
75600000000,79200000000,76251349824,76252200626,850802
75600000000,79200000000,76252200626,76252200638,12
75600000000,79200000000,76252200638,76252200650,12
75600000000,79200000000,76252200650,76252200684,34
75600000000,79200000000,76252200684,76252233767,33083
75600000000,79200000000,76252233767,76252234005,238
75600000000,79200000000,76252234005,76252234052,47
75600000000,79200000000,76252234052,76252234057,5
75600000000,79200000000,76252234057,76253063552,829495
75600000000,79200000000,76253063552,76253063552,0
75600000000,79200000000,76253063552,76255182467,2118915
75600000000,79200000000,76255182467,76256960882,1778415
75600000000,79200000000,76256960882,76256965995,5113
75600000000,79200000000,76256965995,76257815923,849928
75600000000,79200000000,76257815923,76258645134,829211
75600000000,79200000000,76258645134,76258674872,29738
75600000000,79200000000,76258674872,76258678276,3404
75600000000,79200000000,76258678276,76258678543,267
75600000000,79200000000,76258678543,76258678546,3
75600000000,79200000000,76258678546,76260068827,1390281
75600000000,79200000000,76260068827,76260068854,27
75600000000,79200000000,76260068854,76260068859,5
75600000000,79200000000,76260068859,76260069134,275
75600000000,79200000000,76260069134,76260930968,861834
75600000000,79200000000,76260930968,76260930980,12
75600000000,79200000000,76260930980,76264363526,3432546
75600000000,79200000000,76264363526,76264372226,8700
75600000000,79200000000,76264372226,76264384261,12035
75600000000,79200000000,76264384261,76265264094,879833
75600000000,79200000000,76265264094,76265264113,19
75600000000,79200000000,76265264113,76265357544,93431
75600000000,79200000000,76265357544,76265357717,173
75600000000,79200000000,76265357717,76265357738,21
75600000000,79200000000,76265357738,76266202306,844568
75600000000,79200000000,76266202306,76266202336,30
75600000000,79200000000,76266202336,76266233642,31306
75600000000,79200000000,76266233642,76267163703,930061
75600000000,79200000000,76267163703,76275085808,7922105
75600000000,79200000000,76275085808,76275085811,3
75600000000,79200000000,76275085811,76276012571,926760
75600000000,79200000000,76276012571,76276012571,0
75600000000,79200000000,76276012571,76278464371,2451800
75600000000,79200000000,76278464371,76280322410,1858039
75600000000,79200000000,76280322410,76281098088,775678
75600000000,79200000000,76281098088,76281098481,393
75600000000,79200000000,76281098481,76281098486,5
75600000000,79200000000,76281098486,76282309619,1211133
75600000000,79200000000,76282309619,76282349351,39732
75600000000,79200000000,76282349351,76283292711,943360
75600000000,79200000000,76283292711,76283302701,9990
75600000000,79200000000,76283302701,76283308500,5799
75600000000,79200000000,76283308500,76284169127,860627
75600000000,79200000000,76284169127,76285702462,1533335
75600000000,79200000000,76285702462,76286554119,851657
75600000000,79200000000,76286554119,76286554123,4
75600000000,79200000000,76286554123,76286554124,1
75600000000,79200000000,76286554124,76286554207,83
75600000000,79200000000,76286554207,76286554212,5
75600000000,79200000000,76286554212,76286554238,26
75600000000,79200000000,76286554238,76287437230,882992
75600000000,79200000000,76287437230,76287437702,472
75600000000,79200000000,76287437702,76287437757,55
75600000000,79200000000,76287437757,76290882539,3444782
75600000000,79200000000,76290882539,76290882542,3
75600000000,79200000000,76290882542,76292895906,2013364
75600000000,79200000000,76292895906,76294506691,1610785
75600000000,79200000000,76294506691,76294511873,5182
75600000000,79200000000,76294511873,76294512641,768
75600000000,79200000000,76294512641,76294512676,35
75600000000,79200000000,76294512676,76294512691,15
75600000000,79200000000,76294512691,76296243154,1730463
75600000000,79200000000,76296243154,76296267607,24453
75600000000,79200000000,76296267607,76296275450,7843
75600000000,79200000000,76296275450,76296275466,16
75600000000,79200000000,76296275466,76297198574,923108
75600000000,79200000000,76297198574,76298040114,841540
75600000000,79200000000,76298040114,76298083428,43314
75600000000,79200000000,76298083428,76298929151,845723
75600000000,79200000000,76298929151,76299846147,916996
75600000000,79200000000,76299846147,76299851893,5746
75600000000,79200000000,76299851893,76301386881,1534988
75600000000,79200000000,76301386881,76301386912,31
75600000000,79200000000,76301386912,76304250074,2863162
75600000000,79200000000,76304250074,76308222405,3972331
75600000000,79200000000,76308222405,76308248022,25617
75600000000,79200000000,76308248022,76308265616,17594
75600000000,79200000000,76308265616,76308265671,55
75600000000,79200000000,76308265671,76309848200,1582529
75600000000,79200000000,76309848200,76310707320,859120
75600000000,79200000000,76310707320,76310711347,4027
75600000000,79200000000,76310711347,76311742844,1031497
75600000000,79200000000,76311742844,76312526574,783730
75600000000,79200000000,76312526574,76312526591,17
75600000000,79200000000,76312526591,76312556309,29718
75600000000,79200000000,76312556309,76313270727,714418
75600000000,79200000000,76313270727,76314403397,1132670
75600000000,79200000000,76314403397,76315246714,843317
75600000000,79200000000,76315246714,76315246718,4
75600000000,79200000000,76315246718,76315246775,57
75600000000,79200000000,76315246775,76315246780,5
75600000000,79200000000,76315246780,76316193958,947178
75600000000,79200000000,76316193958,76317806660,1612702
75600000000,79200000000,76317806660,76321177985,3371325
75600000000,79200000000,76321177985,76321192208,14223
75600000000,79200000000,76321192208,76322947553,1755345
75600000000,79200000000,76322947553,76328212071,5264518
75600000000,79200000000,76328212071,76329088305,876234
75600000000,79200000000,76329088305,76329093859,5554
75600000000,79200000000,76329093859,76330885081,1791222
75600000000,79200000000,76330885081,76336247522,5362441
75600000000,79200000000,76336247522,76336250786,3264
75600000000,79200000000,76336250786,76336250796,10
75600000000,79200000000,76336250796,76337852122,1601326
75600000000,79200000000,76337852122,76337859631,7509
75600000000,79200000000,76337859631,76337859635,4
75600000000,79200000000,76337859635,76337859650,15
75600000000,79200000000,76337859650,76338616043,756393
75600000000,79200000000,76338616043,76339322294,706251
75600000000,79200000000,76339322294,76340215675,893381
75600000000,79200000000,76340215675,76342579688,2364013
75600000000,79200000000,76342579688,76342583068,3380
75600000000,79200000000,76342583068,76342611917,28849
75600000000,79200000000,76342611917,76342614117,2200
75600000000,79200000000,76342614117,76343370715,756598
75600000000,79200000000,76343370715,76344185061,814346
75600000000,79200000000,76344185061,76344185072,11
75600000000,79200000000,76344185072,76344185103,31
75600000000,79200000000,76344185103,76344185106,3
75600000000,79200000000,76344185106,76344185107,1
75600000000,79200000000,76344185107,76344185117,10
75600000000,79200000000,76344185117,76346059792,1874675
75600000000,79200000000,76346059792,76346059965,173
75600000000,79200000000,76346059965,76346104338,44373
75600000000,79200000000,76346104338,76346104357,19
75600000000,79200000000,76346104357,76347197160,1092803
75600000000,79200000000,76347197160,76348050331,853171
75600000000,79200000000,76348050331,76349705836,1655505
75600000000,79200000000,76349705836,76351349549,1643713
75600000000,79200000000,76351349549,76352979304,1629755
75600000000,79200000000,76352979304,76353852668,873364
75600000000,79200000000,76353852668,76354678058,825390
75600000000,79200000000,76354678058,76355671667,993609
75600000000,79200000000,76355671667,76355671670,3
75600000000,79200000000,76355671670,76357695817,2024147
75600000000,79200000000,76357695817,76360413696,2717879
75600000000,79200000000,76360413696,76361189273,775577
75600000000,79200000000,76361189273,76362829001,1639728
75600000000,79200000000,76362829001,76364392430,1563429
75600000000,79200000000,76364392430,76364392466,36
75600000000,79200000000,76364392466,76364392473,7
75600000000,79200000000,76364392473,76364392752,279
75600000000,79200000000,76364392752,76364392779,27
75600000000,79200000000,76364392779,76364392784,5
75600000000,79200000000,76364392784,76367369941,2977157
75600000000,79200000000,76367369941,76367369968,27
75600000000,79200000000,76367369968,76367369973,5
75600000000,79200000000,76367369973,76372753685,5383712
75600000000,79200000000,76372753685,76372753917,232
75600000000,79200000000,76372753917,76373630347,876430
75600000000,79200000000,76373630347,76373630428,81
75600000000,79200000000,76373630428,76373630433,5
75600000000,79200000000,76373630433,76375174307,1543874
75600000000,79200000000,76375174307,76375174506,199
75600000000,79200000000,76375174506,76375174531,25
75600000000,79200000000,76375174531,76379888050,4713519
75600000000,79200000000,76379888050,76379888429,379
75600000000,79200000000,76379888429,76380724318,835889
75600000000,79200000000,76380724318,76381645461,921143
75600000000,79200000000,76381645461,76381652595,7134
75600000000,79200000000,76381652595,76383418995,1766400
75600000000,79200000000,76383418995,76385137878,1718883
75600000000,79200000000,76385137878,76385138327,449
75600000000,79200000000,76385138327,76385138330,3
75600000000,79200000000,76385138330,76386032945,894615
75600000000,79200000000,76386032945,76386786078,753133
75600000000,79200000000,76386786078,76387570136,784058
75600000000,79200000000,76387570136,76388376150,806014
75600000000,79200000000,76388376150,76388731819,355669
75600000000,79200000000,76388731819,76390331499,1599680
75600000000,79200000000,76390331499,76391195753,864254
75600000000,79200000000,76391195753,76392873067,1677314
75600000000,79200000000,76392873067,76392899698,26631
75600000000,79200000000,76392899698,76392902954,3256
75600000000,79200000000,76392902954,76394515598,1612644
75600000000,79200000000,76394515598,76394515615,17
75600000000,79200000000,76394515615,76401353862,6838247
75600000000,79200000000,76401353862,76402935186,1581324
75600000000,79200000000,76402935186,76402954290,19104
75600000000,79200000000,76402954290,76404900423,1946133
75600000000,79200000000,76404900423,76406474786,1574363
75600000000,79200000000,76406474786,76408165215,1690429
75600000000,79200000000,76408165215,76408165226,11
75600000000,79200000000,76408165226,76408251271,86045
75600000000,79200000000,76408251271,76408251308,37
75600000000,79200000000,76408251308,76408251313,5
75600000000,79200000000,76408251313,76409227074,975761
75600000000,79200000000,76409227074,76415275899,6048825
75600000000,79200000000,76415275899,76416112763,836864
75600000000,79200000000,76416112763,76417006272,893509
75600000000,79200000000,76417006272,76419446986,2440714
75600000000,79200000000,76419446986,76425804823,6357837
75600000000,79200000000,76425804823,76426584889,780066
75600000000,79200000000,76426584889,76427378108,793219
75600000000,79200000000,76427378108,76436259183,8881075
75600000000,79200000000,76436259183,76437847722,1588539
75600000000,79200000000,76437847722,76444645595,6797873
75600000000,79200000000,76444645595,76446673704,2028109
75600000000,79200000000,76446673704,76450968220,4294516
75600000000,79200000000,76450968220,76452602243,1634023
75600000000,79200000000,76452602243,76457071228,4468985
75600000000,79200000000,76457071228,76457071255,27
75600000000,79200000000,76457071255,76457071260,5
75600000000,79200000000,76457071260,76463362309,6291049
75600000000,79200000000,76463362309,76464137675,775366
75600000000,79200000000,76464137675,76464145379,7704
75600000000,79200000000,76464145379,76464925543,780164
75600000000,79200000000,76464925543,76464943103,17560
75600000000,79200000000,76464943103,76464970582,27479
75600000000,79200000000,76464970582,76464970585,3
75600000000,79200000000,76464970585,76465916706,946121
75600000000,79200000000,76465916706,76465916717,11
75600000000,79200000000,76465916717,76466706085,789368
75600000000,79200000000,76466706085,76466706117,32
75600000000,79200000000,76466706117,76468035105,1328988
75600000000,79200000000,76468035105,76473863055,5827950
75600000000,79200000000,76473863055,76475433976,1570921
75600000000,79200000000,76475433976,76475449621,15645
75600000000,79200000000,76475449621,76475454815,5194
75600000000,79200000000,76475454815,76475458068,3253
75600000000,79200000000,76475458068,76477114629,1656561
75600000000,79200000000,76477114629,76477114682,53
75600000000,79200000000,76477114682,76477132770,18088
75600000000,79200000000,76477132770,76479065918,1933148
75600000000,79200000000,76479065918,76485978532,6912614
75600000000,79200000000,76485978532,76487471524,1492992
75600000000,79200000000,76487471524,76487490716,19192
75600000000,79200000000,76487490716,76487495364,4648
75600000000,79200000000,76487495364,76489429369,1934005
75600000000,79200000000,76489429369,76489429380,11
75600000000,79200000000,76489429380,76489449835,20455
75600000000,79200000000,76489449835,76490996593,1546758
75600000000,79200000000,76490996593,76491789400,792807
75600000000,79200000000,76491789400,76491789427,27
75600000000,79200000000,76491789427,76491789432,5
75600000000,79200000000,76491789432,76492635522,846090
75600000000,79200000000,76492635522,76496294146,3658624
75600000000,79200000000,76496294146,76501718660,5424514
75600000000,79200000000,76501718660,76503307107,1588447
75600000000,79200000000,76503307107,76503334130,27023
75600000000,79200000000,76503334130,76505128988,1794858
75600000000,79200000000,76505128988,76506053432,924444
75600000000,79200000000,76506053432,76507717869,1664437
75600000000,79200000000,76507717869,76508670673,952804
75600000000,79200000000,76508670673,76509639336,968663
75600000000,79200000000,76509639336,76509652542,13206
75600000000,79200000000,76509652542,76510979524,1326982
75600000000,79200000000,76510979524,76511024743,45219
75600000000,79200000000,76511024743,76511025254,511
75600000000,79200000000,76511025254,76511904473,879219
75600000000,79200000000,76511904473,76511904508,35
75600000000,79200000000,76511904508,76511930857,26349
75600000000,79200000000,76511930857,76512751969,821112
75600000000,79200000000,76512751969,76513551416,799447
75600000000,79200000000,76513551416,76515245963,1694547
75600000000,79200000000,76515245963,76522043830,6797867
75600000000,79200000000,76522043830,76522893292,849462
75600000000,79200000000,76522893292,76523663679,770387
75600000000,79200000000,76523663679,76524451595,787916
75600000000,79200000000,76524451595,76526615031,2163436
75600000000,79200000000,76526615031,76528303506,1688475
75600000000,79200000000,76528303506,76531975331,3671825
75600000000,79200000000,76531975331,76532821062,845731
75600000000,79200000000,76532821062,76532821089,27
75600000000,79200000000,76532821089,76532821094,5
75600000000,79200000000,76532821094,76533627985,806891
75600000000,79200000000,76533627985,76535381677,1753692
75600000000,79200000000,76535381677,76537011348,1629671
75600000000,79200000000,76537011348,76539729000,2717652
75600000000,79200000000,76539729000,76539729209,209
75600000000,79200000000,76539729209,76539729214,5
75600000000,79200000000,76539729214,76541698781,1969567
75600000000,79200000000,76541698781,76541698785,4
75600000000,79200000000,76541698785,76541698800,15
75600000000,79200000000,76541698800,76546161473,4462673
75600000000,79200000000,76546161473,76548091004,1929531
75600000000,79200000000,76548091004,76548091006,2
75600000000,79200000000,76548091006,76548890116,799110
75600000000,79200000000,76548890116,76548890143,27
75600000000,79200000000,76548890143,76548890148,5
75600000000,79200000000,76548890148,76549769112,878964
75600000000,79200000000,76549769112,76555148916,5379804
75600000000,79200000000,76555148916,76555148920,4
75600000000,79200000000,76555148920,76558019146,2870226
75600000000,79200000000,76558019146,76558761092,741946
75600000000,79200000000,76558761092,76558790124,29032
75600000000,79200000000,76558790124,76562072129,3282005
75600000000,79200000000,76562072129,76562072157,28
75600000000,79200000000,76562072157,76562072162,5
75600000000,79200000000,76562072162,76562893245,821083
75600000000,79200000000,76562893245,76564827434,1934189
75600000000,79200000000,76564827434,76564851873,24439
75600000000,79200000000,76564851873,76566291552,1439679
75600000000,79200000000,76566291552,76568730102,2438550
75600000000,79200000000,76568730102,76572872193,4142091
75600000000,79200000000,76572872193,76572872800,607
75600000000,79200000000,76572872800,76574871949,1999149
75600000000,79200000000,76574871949,76575735433,863484
75600000000,79200000000,76575735433,76577240514,1505081
75600000000,79200000000,76577240514,76578776285,1535771
75600000000,79200000000,76578776285,76579534804,758519
75600000000,79200000000,76579534804,76580931166,1396362
75600000000,79200000000,76580931166,76580944529,13363
75600000000,79200000000,76580944529,76582583372,1638843
75600000000,79200000000,76582583372,76584229611,1646239
75600000000,79200000000,76584229611,76586664298,2434687
75600000000,79200000000,76586664298,76587590223,925925
75600000000,79200000000,76587590223,76588382575,792352
75600000000,79200000000,76588382575,76593313859,4931284
75600000000,79200000000,76593313859,76593318418,4559
75600000000,79200000000,76593318418,76593318421,3
75600000000,79200000000,76593318421,76594183823,865402
75600000000,79200000000,76594183823,76594183826,3
75600000000,79200000000,76594183826,76595064076,880250
75600000000,79200000000,76595064076,76595064115,39
75600000000,79200000000,76595064115,76596312508,1248393
75600000000,79200000000,76596312508,76603536439,7223931
75600000000,79200000000,76603536439,76604363379,826940
75600000000,79200000000,76604363379,76604364229,850
75600000000,79200000000,76604364229,76611752130,7387901
75600000000,79200000000,76611752130,76612606254,854124
75600000000,79200000000,76612606254,76613450747,844493
75600000000,79200000000,76613450747,76614279437,828690
75600000000,79200000000,76614279437,76615243916,964479
75600000000,79200000000,76615243916,76616867175,1623259
75600000000,79200000000,76616867175,76616867185,10
75600000000,79200000000,76616867185,76618059985,1192800
75600000000,79200000000,76618059985,76626636627,8576642
75600000000,79200000000,76626636627,76628826990,2190363
75600000000,79200000000,76628826990,76630020089,1193099
75600000000,79200000000,76630020089,76631955946,1935857
75600000000,79200000000,76631955946,76631998697,42751
75600000000,79200000000,76631998697,76633732519,1733822
75600000000,79200000000,76633732519,76634550196,817677
75600000000,79200000000,76634550196,76636009566,1459370
75600000000,79200000000,76636009566,76638623854,2614288
75600000000,79200000000,76638623854,76638623911,57
75600000000,79200000000,76638623911,76638623916,5
75600000000,79200000000,76638623916,76639438960,815044
75600000000,79200000000,76639438960,76641174693,1735733
75600000000,79200000000,76641174693,76642174510,999817
75600000000,79200000000,76642174510,76642174525,15
75600000000,79200000000,76642174525,76643062973,888448
75600000000,79200000000,76643062973,76643067171,4198
75600000000,79200000000,76643067171,76643973410,906239
75600000000,79200000000,76643973410,76644802030,828620
75600000000,79200000000,76644802030,76653462826,8660796
75600000000,79200000000,76653462826,76653462944,118
75600000000,79200000000,76653462944,76653462949,5
75600000000,79200000000,76653462949,76661160084,7697135
75600000000,79200000000,76661160084,76661164262,4178
75600000000,79200000000,76661164262,76661166572,2310
75600000000,79200000000,76661166572,76661168602,2030
75600000000,79200000000,76661168602,76661170638,2036
75600000000,79200000000,76661170638,76661178982,8344
75600000000,79200000000,76661178982,76661181433,2451
75600000000,79200000000,76661181433,76661183110,1677
75600000000,79200000000,76661183110,76661187528,4418
75600000000,79200000000,76661187528,76661191030,3502
75600000000,79200000000,76661191030,76661199683,8653
75600000000,79200000000,76661199683,76661209671,9988
75600000000,79200000000,76661209671,76661216107,6436
75600000000,79200000000,76661216107,76661220007,3900
75600000000,79200000000,76661220007,76661227915,7908
75600000000,79200000000,76661227915,76661234226,6311
75600000000,79200000000,76661234226,76661239194,4968
75600000000,79200000000,76661239194,76661246686,7492
75600000000,79200000000,76661246686,76664509313,3262627
75600000000,79200000000,76664509313,76665433270,923957
75600000000,79200000000,76665433270,76665433274,4
75600000000,79200000000,76665433274,76665433275,1
75600000000,79200000000,76665433275,76665433276,1
75600000000,79200000000,76665433276,76665433499,223
75600000000,79200000000,76665433499,76665433510,11
75600000000,79200000000,76665433510,76665433522,12
75600000000,79200000000,76665433522,76665433546,24
75600000000,79200000000,76665433546,76665433550,4
75600000000,79200000000,76665433550,76665433551,1
75600000000,79200000000,76665433551,76665433933,382
75600000000,79200000000,76665433933,76665433936,3
75600000000,79200000000,76665433936,76665433937,1
75600000000,79200000000,76665433937,76665434004,67
75600000000,79200000000,76665434004,76665434007,3
75600000000,79200000000,76665434007,76665434008,1
75600000000,79200000000,76665434008,76665434057,49
75600000000,79200000000,76665434057,76665434060,3
75600000000,79200000000,76665434060,76665434061,1
75600000000,79200000000,76665434061,76665434115,54
75600000000,79200000000,76665434115,76665434118,3
75600000000,79200000000,76665434118,76665434119,1
75600000000,79200000000,76665434119,76669519781,4085662
75600000000,79200000000,76669519781,76669519784,3
75600000000,79200000000,76669519784,76669519785,1
75600000000,79200000000,76669519785,76669519857,72
75600000000,79200000000,76669519857,76669519860,3
75600000000,79200000000,76669519860,76669519861,1
75600000000,79200000000,76669519861,76669519892,31
75600000000,79200000000,76669519892,76669519896,4
75600000000,79200000000,76669519896,76669519905,9
75600000000,79200000000,76669519905,76669519918,13
75600000000,79200000000,76669519918,76669519931,13
75600000000,79200000000,76669519931,76669519943,12
75600000000,79200000000,76669519943,76669519956,13
75600000000,79200000000,76669519956,76669519981,25
75600000000,79200000000,76669519981,76669523892,3911
75600000000,79200000000,76669523892,76669523916,24
75600000000,79200000000,76669523916,76669523939,23
75600000000,79200000000,76669523939,76669531240,7301
75600000000,79200000000,76669531240,76669531679,439
75600000000,79200000000,76669531679,76669532119,440
75600000000,79200000000,76669532119,76669532545,426
75600000000,79200000000,76669532545,76669533242,697
75600000000,79200000000,76669533242,76669533259,17
75600000000,79200000000,76669533259,76673362741,3829482
75600000000,79200000000,76673362741,76673362745,4
75600000000,79200000000,76673362745,76673362839,94
75600000000,79200000000,76673362839,76673363253,414
75600000000,79200000000,76673363253,76673363808,555
75600000000,79200000000,76673363808,76673363856,48
75600000000,79200000000,76673363856,76673363881,25
75600000000,79200000000,76673363881,76675072257,1708376
75600000000,79200000000,76675072257,76675073892,1635
75600000000,79200000000,76675073892,76675073909,17
75600000000,79200000000,76675073909,76675073926,17
75600000000,79200000000,76675073926,76675125624,51698
75600000000,79200000000,76675125624,76676652217,1526593
75600000000,79200000000,76676652217,76676673602,21385
75600000000,79200000000,76676673602,76677489647,816045
75600000000,79200000000,76677489647,76678319391,829744
75600000000,79200000000,76678319391,76678344777,25386
75600000000,79200000000,76678344777,76678351061,6284
75600000000,79200000000,76678351061,76679191156,840095
75600000000,79200000000,76679191156,76679191227,71
75600000000,79200000000,76679191227,76679191234,7
75600000000,79200000000,76679191234,76679191239,5
75600000000,79200000000,76679191239,76680076387,885148
75600000000,79200000000,76680076387,76680912333,835946
75600000000,79200000000,76680912333,76688699819,7787486
75600000000,79200000000,76688699819,76690483058,1783239
75600000000,79200000000,76690483058,76690508042,24984
75600000000,79200000000,76690508042,76690514937,6895
75600000000,79200000000,76690514937,76692831182,2316245
75600000000,79200000000,76692831182,76692831196,14
75600000000,79200000000,76692831196,76693685630,854434
75600000000,79200000000,76693685630,76695652517,1966887
75600000000,79200000000,76695652517,76695694098,41581
75600000000,79200000000,76695694098,76695694185,87
75600000000,79200000000,76695694185,76695694190,5
75600000000,79200000000,76695694190,76697536790,1842600
75600000000,79200000000,76697536790,76699416420,1879630
75600000000,79200000000,76699416420,76702873611,3457191
75600000000,79200000000,76702873611,76703716398,842787
75600000000,79200000000,76703716398,76704499668,783270
75600000000,79200000000,76704499668,76706016810,1517142
75600000000,79200000000,76706016810,76707678950,1662140
75600000000,79200000000,76707678950,76707678977,27
75600000000,79200000000,76707678977,76707678982,5
75600000000,79200000000,76707678982,76714765364,7086382
75600000000,79200000000,76714765364,76714765368,4
75600000000,79200000000,76714765368,76714765383,15
75600000000,79200000000,76714765383,76720693672,5928289
75600000000,79200000000,76720693672,76722276605,1582933
75600000000,79200000000,76722276605,76722276608,3
75600000000,79200000000,76722276608,76724283106,2006498
75600000000,79200000000,76724283106,76728626673,4343567
75600000000,79200000000,76728626673,76742236850,13610177
75600000000,79200000000,76742236850,76742955893,719043
75600000000,79200000000,76742955893,76743649280,693387
75600000000,79200000000,76743649280,76743697199,47919
75600000000,79200000000,76743697199,76747349333,3652134
75600000000,79200000000,76747349333,76747367670,18337
75600000000,79200000000,76747367670,76747367685,15
75600000000,79200000000,76747367685,76755045336,7677651
75600000000,79200000000,76755045336,76755049014,3678
75600000000,79200000000,76755049014,76762758384,7709370
75600000000,79200000000,76762758384,76764256915,1498531
75600000000,79200000000,76764256915,76766476021,2219106
75600000000,79200000000,76766476021,76767309758,833737
75600000000,79200000000,76767309758,76768121598,811840
75600000000,79200000000,76768121598,76768873279,751681
75600000000,79200000000,76768873279,76769721676,848397
75600000000,79200000000,76769721676,76775967593,6245917
75600000000,79200000000,76775967593,76775975690,8097
75600000000,79200000000,76775975690,76776836773,861083
75600000000,79200000000,76776836773,76776839510,2737
75600000000,79200000000,76776839510,76776842888,3378
75600000000,79200000000,76776842888,76776842892,4
75600000000,79200000000,76776842892,76776842907,15
75600000000,79200000000,76776842907,76777673659,830752
75600000000,79200000000,76777673659,76778518104,844445
75600000000,79200000000,76778518104,76778518114,10
75600000000,79200000000,76778518114,76778535013,16899
75600000000,79200000000,76778535013,76780121331,1586318
75600000000,79200000000,76780121331,76783253120,3131789
75600000000,79200000000,76783253120,76785289634,2036514
75600000000,79200000000,76785289634,76786343452,1053818
75600000000,79200000000,76786343452,76787322055,978603
75600000000,79200000000,76787322055,76788168001,845946
75600000000,79200000000,76788168001,76788248062,80061
75600000000,79200000000,76788248062,76788260503,12441
75600000000,79200000000,76788260503,76789157311,896808
75600000000,79200000000,76789157311,76789974828,817517
75600000000,79200000000,76789974828,76790840260,865432
75600000000,79200000000,76790840260,76790840304,44
75600000000,79200000000,76790840304,76790895474,55170
75600000000,79200000000,76790895474,76790910054,14580
75600000000,79200000000,76790910054,76793455221,2545167
75600000000,79200000000,76793455221,76794437863,982642
75600000000,79200000000,76794437863,76794457361,19498
75600000000,79200000000,76794457361,76797557478,3100117
75600000000,79200000000,76797557478,76797653681,96203
75600000000,79200000000,76797653681,76798454908,801227
75600000000,79200000000,76798454908,76798454923,15
75600000000,79200000000,76798454923,76798455233,310
75600000000,79200000000,76798455233,76799296165,840932
75600000000,79200000000,76799296165,76799296475,310
75600000000,79200000000,76799296475,76800107683,811208
75600000000,79200000000,76800107683,76800107699,16
75600000000,79200000000,76800107699,76800107808,109
75600000000,79200000000,76800107808,76800107865,57
75600000000,79200000000,76800107865,76800107870,5
75600000000,79200000000,76800107870,76801216280,1108410
75600000000,79200000000,76801216280,76803365264,2148984
75600000000,79200000000,76803365264,76803419513,54249
75600000000,79200000000,76803419513,76803419688,175
75600000000,79200000000,76803419688,76803419741,53
75600000000,79200000000,76803419741,76804352972,933231
75600000000,79200000000,76804352972,76805987797,1634825
75600000000,79200000000,76805987797,76813628334,7640537
75600000000,79200000000,76813628334,76813628337,3
75600000000,79200000000,76813628337,76814446059,817722
75600000000,79200000000,76814446059,76814456904,10845
75600000000,79200000000,76814456904,76815202532,745628
75600000000,79200000000,76815202532,76816813023,1610491
75600000000,79200000000,76816813023,76816813035,12
75600000000,79200000000,76816813035,76817717859,904824
75600000000,79200000000,76817717859,76818597057,879198
75600000000,79200000000,76818597057,76820199497,1602440
75600000000,79200000000,76820199497,76821072106,872609
75600000000,79200000000,76821072106,76821072233,127
75600000000,79200000000,76821072233,76821072238,5
75600000000,79200000000,76821072238,76821072259,21
75600000000,79200000000,76821072259,76825087285,4015026
75600000000,79200000000,76825087285,76828444852,3357567
75600000000,79200000000,76828444852,76828445044,192
75600000000,79200000000,76828445044,76828445097,53
75600000000,79200000000,76828445097,76830210228,1765131
75600000000,79200000000,76830210228,76830970380,760152
75600000000,79200000000,76830970380,76831804772,834392
75600000000,79200000000,76831804772,76832684632,879860
75600000000,79200000000,76832684632,76832686859,2227
75600000000,79200000000,76832686859,76834375691,1688832
75600000000,79200000000,76834375691,76834375752,61
75600000000,79200000000,76834375752,76834399319,23567
75600000000,79200000000,76834399319,76835551454,1152135
75600000000,79200000000,76835551454,76835551458,4
75600000000,79200000000,76835551458,76835551473,15
75600000000,79200000000,76835551473,76836358297,806824
75600000000,79200000000,76836358297,76841200123,4841826
75600000000,79200000000,76841200123,76843604482,2404359
75600000000,79200000000,76843604482,76845217944,1613462
75600000000,79200000000,76845217944,76847146968,1929024
75600000000,79200000000,76847146968,76847164595,17627
75600000000,79200000000,76847164595,76847169469,4874
75600000000,79200000000,76847169469,76847179274,9805
75600000000,79200000000,76847179274,76847179415,141
75600000000,79200000000,76847179415,76847179468,53
75600000000,79200000000,76847179468,76848900555,1721087
75600000000,79200000000,76848900555,76848900629,74
75600000000,79200000000,76848900629,76848925305,24676
75600000000,79200000000,76848925305,76850548994,1623689
75600000000,79200000000,76850548994,76851348512,799518
75600000000,79200000000,76851348512,76855030698,3682186
75600000000,79200000000,76855030698,76856871657,1840959
75600000000,79200000000,76856871657,76856897837,26180
75600000000,79200000000,76856897837,76858440344,1542507
75600000000,79200000000,76858440344,76859977140,1536796
75600000000,79200000000,76859977140,76861638637,1661497
75600000000,79200000000,76861638637,76863324211,1685574
75600000000,79200000000,76863324211,76863324308,97
75600000000,79200000000,76863324308,76864848748,1524440
75600000000,79200000000,76864848748,76864848750,2
75600000000,79200000000,76864848750,76866251193,1402443
75600000000,79200000000,76866251193,76866269975,18782
75600000000,79200000000,76866269975,76867317675,1047700
75600000000,79200000000,76867317675,76867317856,181
75600000000,79200000000,76867317856,76867317875,19
75600000000,79200000000,76867317875,76868197788,879913
75600000000,79200000000,76868197788,76868197791,3
75600000000,79200000000,76868197791,76871855424,3657633
75600000000,79200000000,76871855424,76871876255,20831
75600000000,79200000000,76871876255,76872600808,724553
75600000000,79200000000,76872600808,76873341451,740643
75600000000,79200000000,76873341451,76874968003,1626552
75600000000,79200000000,76874968003,76874975849,7846
75600000000,79200000000,76874975849,76876508184,1532335
75600000000,79200000000,76876508184,76876508217,33
75600000000,79200000000,76876508217,76876527051,18834
75600000000,79200000000,76876527051,76878482975,1955924
75600000000,79200000000,76878482975,76878502024,19049
75600000000,79200000000,76878502024,76879263735,761711
75600000000,79200000000,76879263735,76880824664,1560929
75600000000,79200000000,76880824664,76885815870,4991206
75600000000,79200000000,76885815870,76885859049,43179
75600000000,79200000000,76885859049,76887437229,1578180
75600000000,79200000000,76887437229,76887437265,36
75600000000,79200000000,76887437265,76890761257,3323992
75600000000,79200000000,76890761257,76891505876,744619
75600000000,79200000000,76891505876,76899010014,7504138
75600000000,79200000000,76899010014,76899010041,27
75600000000,79200000000,76899010041,76899010046,5
75600000000,79200000000,76899010046,76901660203,2650157
75600000000,79200000000,76901660203,76901680291,20088
75600000000,79200000000,76901680291,76901688313,8022
75600000000,79200000000,76901688313,76901691020,2707
75600000000,79200000000,76901691020,76901697020,6000
75600000000,79200000000,76901697020,76901702011,4991
75600000000,79200000000,76901702011,76901704250,2239
75600000000,79200000000,76901704250,76901713090,8840
75600000000,79200000000,76901713090,76901717927,4837
75600000000,79200000000,76901717927,76901728245,10318
75600000000,79200000000,76901728245,76901730157,1912
75600000000,79200000000,76901730157,76901733617,3460
75600000000,79200000000,76901733617,76901735822,2205
75600000000,79200000000,76901735822,76901746578,10756
75600000000,79200000000,76901746578,76901749057,2479
75600000000,79200000000,76901749057,76901756213,7156
75600000000,79200000000,76901756213,76903908009,2151796
75600000000,79200000000,76903908009,76903908024,15
75600000000,79200000000,76903908024,76905705622,1797598
75600000000,79200000000,76905705622,76905705627,5
75600000000,79200000000,76905705627,76905705628,1
75600000000,79200000000,76905705628,76905705669,41
75600000000,79200000000,76905705669,76905705692,23
75600000000,79200000000,76905705692,76905705696,4
75600000000,79200000000,76905705696,76905705784,88
75600000000,79200000000,76905705784,76905705789,5
75600000000,79200000000,76905705789,76905705799,10
75600000000,79200000000,76905705799,76905705804,5
75600000000,79200000000,76905705804,76905705812,8
75600000000,79200000000,76905705812,76905706035,223
75600000000,79200000000,76905706035,76905706090,55
75600000000,79200000000,76905706090,76905706102,12
75600000000,79200000000,76905706102,76905706107,5
75600000000,79200000000,76905706107,76905706128,21
75600000000,79200000000,76905706128,76905706132,4
75600000000,79200000000,76905706132,76905706133,1
75600000000,79200000000,76905706133,76905706134,1
75600000000,79200000000,76905706134,76905706166,32
75600000000,79200000000,76905706166,76905706170,4
75600000000,79200000000,76905706170,76905706171,1
75600000000,79200000000,76905706171,76905706172,1
75600000000,79200000000,76905706172,76905706231,59
75600000000,79200000000,76905706231,76905707508,1277
75600000000,79200000000,76905707508,76905707525,17
75600000000,79200000000,76905707525,76905707535,10
75600000000,79200000000,76905707535,76908473528,2765993
75600000000,79200000000,76908473528,76908473533,5
75600000000,79200000000,76908473533,76908473639,106
75600000000,79200000000,76908473639,76908473644,5
75600000000,79200000000,76908473644,76908473719,75
75600000000,79200000000,76908473719,76908473943,224
75600000000,79200000000,76908473943,76908474011,68
75600000000,79200000000,76908474011,76908474240,229
75600000000,79200000000,76908474240,76908474418,178
75600000000,79200000000,76908474418,76908474452,34
75600000000,79200000000,76908474452,76908474827,375
75600000000,79200000000,76908474827,76908476004,1177
75600000000,79200000000,76908476004,76908476104,100
75600000000,79200000000,76908476104,76908476116,12
75600000000,79200000000,76908476116,76908591428,115312
75600000000,79200000000,76908591428,76908591431,3
75600000000,79200000000,76908591431,76909477773,886342
75600000000,79200000000,76909477773,76909478802,1029
75600000000,79200000000,76909478802,76909584982,106180
75600000000,79200000000,76909584982,76910517232,932250
75600000000,79200000000,76910517232,76912767099,2249867
75600000000,79200000000,76912767099,76912767347,248
75600000000,79200000000,76912767347,76912767369,22
75600000000,79200000000,76912767369,76914578907,1811538
75600000000,79200000000,76914578907,76918658181,4079274
75600000000,79200000000,76918658181,76918662216,4035
75600000000,79200000000,76918662216,76918662226,10
75600000000,79200000000,76918662226,76920334821,1672595
75600000000,79200000000,76920334821,76920346287,11466
75600000000,79200000000,76920346287,76922387578,2041291
75600000000,79200000000,76922387578,76922387582,4
75600000000,79200000000,76922387582,76923365026,977444
75600000000,79200000000,76923365026,76923415694,50668
75600000000,79200000000,76923415694,76927664925,4249231
75600000000,79200000000,76927664925,76930111173,2446248
75600000000,79200000000,76930111173,76934293277,4182104
75600000000,79200000000,76934293277,76934293415,138
75600000000,79200000000,76934293415,76934293424,9
75600000000,79200000000,76934293424,76935186175,892751
75600000000,79200000000,76935186175,76936041919,855744
75600000000,79200000000,76936041919,76936858165,816246
75600000000,79200000000,76936858165,76936881164,22999
75600000000,79200000000,76936881164,76937672912,791748
75600000000,79200000000,76937672912,76937694988,22076
75600000000,79200000000,76937694988,76938553804,858816
75600000000,79200000000,76938553804,76939392576,838772
75600000000,79200000000,76939392576,76939423006,30430
75600000000,79200000000,76939423006,76939437180,14174
75600000000,79200000000,76939437180,76940375076,937896
75600000000,79200000000,76940375076,76941152107,777031
75600000000,79200000000,76941152107,76941954957,802850
75600000000,79200000000,76941954957,76941981720,26763
75600000000,79200000000,76941981720,76943626662,1644942
75600000000,79200000000,76943626662,76943656609,29947
75600000000,79200000000,76943656609,76945668183,2011574
75600000000,79200000000,76945668183,76947516371,1848188
75600000000,79200000000,76947516371,76947577263,60892
75600000000,79200000000,76947577263,76947621164,43901
75600000000,79200000000,76947621164,76950100871,2479707
75600000000,79200000000,76950100871,76950951872,851001
75600000000,79200000000,76950951872,76951795845,843973
75600000000,79200000000,76951795845,76952567945,772100
75600000000,79200000000,76952567945,76952585356,17411
75600000000,79200000000,76952585356,76953349543,764187
75600000000,79200000000,76953349543,76954180332,830789
75600000000,79200000000,76954180332,76960507682,6327350
75600000000,79200000000,76960507682,76960507685,3
75600000000,79200000000,76960507685,76961980165,1472480
75600000000,79200000000,76961980165,76963597902,1617737
75600000000,79200000000,76963597902,76963598027,125
75600000000,79200000000,76963598027,76963598042,15
75600000000,79200000000,76963598042,76965814757,2216715
75600000000,79200000000,76965814757,76965814907,150
75600000000,79200000000,76965814907,76965814912,5
75600000000,79200000000,76965814912,76967538611,1723699
75600000000,79200000000,76967538611,76967543304,4693
75600000000,79200000000,76967543304,76969366474,1823170
75600000000,79200000000,76969366474,76969366485,11
75600000000,79200000000,76969366485,76969392521,26036
75600000000,79200000000,76969392521,76970970935,1578414
75600000000,79200000000,76970970935,76977152306,6181371
75600000000,79200000000,76977152306,76978812240,1659934
75600000000,79200000000,76978812240,76980560712,1748472
75600000000,79200000000,76980560712,76980560796,84
75600000000,79200000000,76980560796,76984047886,3487090
75600000000,79200000000,76984047886,76984053098,5212
75600000000,79200000000,76984053098,76984916484,863386
75600000000,79200000000,76984916484,76985761933,845449
75600000000,79200000000,76985761933,76985761950,17
75600000000,79200000000,76985761950,76985785806,23856
75600000000,79200000000,76985785806,76986544016,758210
75600000000,79200000000,76986544016,76987687394,1143378
75600000000,79200000000,76987687394,76987717620,30226
75600000000,79200000000,76987717620,76989400419,1682799
75600000000,79200000000,76989400419,76991875909,2475490
75600000000,79200000000,76991875909,76992743659,867750
75600000000,79200000000,76992743659,76992743659,0
75600000000,79200000000,76992743659,76996705418,3961759
75600000000,79200000000,76996705418,76996705517,99
75600000000,79200000000,76996705517,76996705524,7
75600000000,79200000000,76996705524,76996705531,7
75600000000,79200000000,76996705531,77000692576,3987045
75600000000,79200000000,77000692576,77003169225,2476649
75600000000,79200000000,77003169225,77003173213,3988
75600000000,79200000000,77003173213,77003176466,3253
75600000000,79200000000,77003176466,77003179659,3193
75600000000,79200000000,77003179659,77003179676,17
75600000000,79200000000,77003179676,77005672811,2493135
75600000000,79200000000,77005672811,77005672843,32
75600000000,79200000000,77005672843,77005672882,39
75600000000,79200000000,77005672882,77008543881,2870999
75600000000,79200000000,77008543881,77010847993,2304112
75600000000,79200000000,77010847993,77011750054,902061
75600000000,79200000000,77011750054,77011750315,261
75600000000,79200000000,77011750315,77011750330,15
75600000000,79200000000,77011750330,77016009637,4259307
75600000000,79200000000,77016009637,77016015104,5467
75600000000,79200000000,77016015104,77017556136,1541032
75600000000,79200000000,77017556136,77017556155,19
75600000000,79200000000,77017556155,77017643997,87842
75600000000,79200000000,77017643997,77017651920,7923
75600000000,79200000000,77017651920,77018440756,788836
75600000000,79200000000,77018440756,77019255310,814554
75600000000,79200000000,77019255310,77020412022,1156712
75600000000,79200000000,77020412022,77020427086,15064
75600000000,79200000000,77020427086,77021142830,715744
75600000000,79200000000,77021142830,77021147864,5034
75600000000,79200000000,77021147864,77021928248,780384
75600000000,79200000000,77021928248,77022684983,756735
75600000000,79200000000,77022684983,77022703168,18185
75600000000,79200000000,77022703168,77023641597,938429
75600000000,79200000000,77023641597,77025150193,1508596
75600000000,79200000000,77025150193,77025168320,18127
75600000000,79200000000,77025168320,77025927054,758734
75600000000,79200000000,77025927054,77027585657,1658603
75600000000,79200000000,77027585657,77027589895,4238
75600000000,79200000000,77027589895,77028327290,737395
75600000000,79200000000,77028327290,77029079998,752708
75600000000,79200000000,77029079998,77029080010,12
75600000000,79200000000,77029080010,77029958989,878979
75600000000,79200000000,77029958989,77035216010,5257021
75600000000,79200000000,77035216010,77036178240,962230
75600000000,79200000000,77036178240,77036178540,300
75600000000,79200000000,77036178540,77040730929,4552389
75600000000,79200000000,77040730929,77045561930,4831001
75600000000,79200000000,77045561930,77047114594,1552664
75600000000,79200000000,77047114594,77047114598,4
75600000000,79200000000,77047114598,77047866956,752358
75600000000,79200000000,77047866956,77051442789,3575833
75600000000,79200000000,77051442789,77052925996,1483207
75600000000,79200000000,77052925996,77056943027,4017031
75600000000,79200000000,77056943027,77064951354,8008327
75600000000,79200000000,77064951354,77064957092,5738
75600000000,79200000000,77064957092,77065703628,746536
75600000000,79200000000,77065703628,77065707989,4361
75600000000,79200000000,77065707989,77065710751,2762
75600000000,79200000000,77065710751,77066452338,741587
75600000000,79200000000,77066452338,77066474959,22621
75600000000,79200000000,77066474959,77067263437,788478
75600000000,79200000000,77067263437,77067263447,10
75600000000,79200000000,77067263447,77067264305,858
75600000000,79200000000,77067264305,77068198151,933846
75600000000,79200000000,77068198151,77073413699,5215548
75600000000,79200000000,77073413699,77077772469,4358770
75600000000,79200000000,77077772469,77080435704,2663235
75600000000,79200000000,77080435704,77080679018,243314
75600000000,79200000000,77080679018,77080679354,336
75600000000,79200000000,77080679354,77080679369,15
75600000000,79200000000,77080679369,77082959376,2280007
75600000000,79200000000,77082959376,77083600601,641225
75600000000,79200000000,77083600601,77083600605,4
75600000000,79200000000,77083600605,77083600620,15
75600000000,79200000000,77083600620,77086448160,2847540
75600000000,79200000000,77086448160,77086465424,17264
75600000000,79200000000,77086465424,77088157982,1692558
75600000000,79200000000,77088157982,77088157986,4
75600000000,79200000000,77088157986,77088157987,1
75600000000,79200000000,77088157987,77088157988,1
75600000000,79200000000,77088157988,77088158512,524
75600000000,79200000000,77088158512,77089113946,955434
75600000000,79200000000,77089113946,77089979603,865657
75600000000,79200000000,77089979603,77089992274,12671
75600000000,79200000000,77089992274,77089993943,1669
75600000000,79200000000,77089993943,77095145046,5151103
75600000000,79200000000,77095145046,77095145061,15
75600000000,79200000000,77095145061,77096399863,1254802
75600000000,79200000000,77096399863,77097229939,830076
75600000000,79200000000,77097229939,77098092125,862186
75600000000,79200000000,77098092125,77098093124,999
75600000000,79200000000,77098093124,77098931002,837878
75600000000,79200000000,77098931002,77099786172,855170
75600000000,79200000000,77099786172,77102564844,2778672
75600000000,79200000000,77102564844,77103394784,829940
75600000000,79200000000,77103394784,77103425177,30393
75600000000,79200000000,77103425177,77103425722,545
75600000000,79200000000,77103425722,77103425798,76
75600000000,79200000000,77103425798,77104399686,973888
75600000000,79200000000,77104399686,77104658326,258640
75600000000,79200000000,77104658326,77107574496,2916170
75600000000,79200000000,77107574496,77109139360,1564864
75600000000,79200000000,77109139360,77109159386,20026
75600000000,79200000000,77109159386,77110882286,1722900
75600000000,79200000000,77110882286,77110903184,20898
75600000000,79200000000,77110903184,77110918177,14993
75600000000,79200000000,77110918177,77110973802,55625
75600000000,79200000000,77110973802,77111799238,825436
75600000000,79200000000,77111799238,77111802372,3134
75600000000,79200000000,77111802372,77112707045,904673
75600000000,79200000000,77112707045,77112729486,22441
75600000000,79200000000,77112729486,77113528511,799025
75600000000,79200000000,77113528511,77113529189,678
75600000000,79200000000,77113529189,77116192759,2663570
75600000000,79200000000,77116192759,77116192768,9
75600000000,79200000000,77116192768,77116193373,605
75600000000,79200000000,77116193373,77122239441,6046068
75600000000,79200000000,77122239441,77125887905,3648464
75600000000,79200000000,77125887905,77128045322,2157417
75600000000,79200000000,77128045322,77133116123,5070801
75600000000,79200000000,77133116123,77134119641,1003518
75600000000,79200000000,77134119641,77134122128,2487
75600000000,79200000000,77134122128,77134124355,2227
75600000000,79200000000,77134124355,77134130458,6103
75600000000,79200000000,77134130458,77134135836,5378
75600000000,79200000000,77134135836,77134143636,7800
75600000000,79200000000,77134143636,77136728119,2584483
75600000000,79200000000,77136728119,77136728123,4
75600000000,79200000000,77136728123,77136728124,1
75600000000,79200000000,77136728124,77136728125,1
75600000000,79200000000,77136728125,77136728137,12
75600000000,79200000000,77136728137,77136728149,12
75600000000,79200000000,77136728149,77136728161,12
75600000000,79200000000,77136728161,77136728186,25
75600000000,79200000000,77136728186,77136728190,4
75600000000,79200000000,77136728190,77136728191,1
75600000000,79200000000,77136728191,77137639651,911460
75600000000,79200000000,77137639651,77137639651,0
75600000000,79200000000,77137639651,77139675828,2036177
75600000000,79200000000,77139675828,77139675865,37
75600000000,79200000000,77139675865,77139676754,889
75600000000,79200000000,77139676754,77139676871,117
75600000000,79200000000,77139676871,77147318034,7641163
75600000000,79200000000,77147318034,77147318036,2
75600000000,79200000000,77147318036,77150102259,2784223
75600000000,79200000000,77150102259,77152809382,2707123
75600000000,79200000000,77152809382,77152811862,2480
75600000000,79200000000,77152811862,77152814214,2352
75600000000,79200000000,77152814214,77152817162,2948
75600000000,79200000000,77152817162,77155107766,2290604
75600000000,79200000000,77155107766,77155107776,10
75600000000,79200000000,77155107776,77155107789,13
75600000000,79200000000,77155107789,77155107816,27
75600000000,79200000000,77155107816,77155143095,35279
75600000000,79200000000,77155143095,77156719732,1576637
75600000000,79200000000,77156719732,77163257392,6537660
75600000000,79200000000,77163257392,77164946304,1688912
75600000000,79200000000,77164946304,77165833912,887608
75600000000,79200000000,77165833912,77167376398,1542486
75600000000,79200000000,77167376398,77173785258,6408860
75600000000,79200000000,77173785258,77174675368,890110
75600000000,79200000000,77174675368,77176446647,1771279
75600000000,79200000000,77176446647,77178150257,1703610
75600000000,79200000000,77178150257,77178182144,31887
75600000000,79200000000,77178182144,77179043560,861416
75600000000,79200000000,77179043560,77179832043,788483
75600000000,79200000000,77179832043,77180678327,846284
75600000000,79200000000,77180678327,77180693089,14762
75600000000,79200000000,77180693089,77184840600,4147511
75600000000,79200000000,77184840600,77186580739,1740139
75600000000,79200000000,77186580739,77188214547,1633808
75600000000,79200000000,77188214547,77188230926,16379
75600000000,79200000000,77188230926,77188230929,3
75600000000,79200000000,77188230929,77189803914,1572985
75600000000,79200000000,77189803914,77189803925,11
75600000000,79200000000,77189803925,77189820077,16152
75600000000,79200000000,77189820077,77192484417,2664340
75600000000,79200000000,77192484417,77192493767,9350
75600000000,79200000000,77192493767,77194247889,1754122
75600000000,79200000000,77194247889,77194247893,4
75600000000,79200000000,77194247893,77195085699,837806
75600000000,79200000000,77195085699,77196042537,956838
75600000000,79200000000,77196042537,77207716827,11674290
75600000000,79200000000,77207716827,77209469970,1753143
75600000000,79200000000,77209469970,77209490342,20372
75600000000,79200000000,77209490342,77209495945,5603
75600000000,79200000000,77209495945,77210353006,857061
75600000000,79200000000,77210353006,77211239495,886489
75600000000,79200000000,77211239495,77211792285,552790
75600000000,79200000000,77211792285,77213616342,1824057
75600000000,79200000000,77213616342,77214348156,731814
75600000000,79200000000,77214348156,77215836455,1488299
75600000000,79200000000,77215836455,77215879354,42899
75600000000,79200000000,77215879354,77217391594,1512240
75600000000,79200000000,77217391594,77218838583,1446989
75600000000,79200000000,77218838583,77218855748,17165
75600000000,79200000000,77218855748,77220543412,1687664
75600000000,79200000000,77220543412,77220562205,18793
75600000000,79200000000,77220562205,77221404193,841988
75600000000,79200000000,77221404193,77222213092,808899
75600000000,79200000000,77222213092,77222300517,87425
75600000000,79200000000,77222300517,77223083702,783185
75600000000,79200000000,77223083702,77223102919,19217
75600000000,79200000000,77223102919,77223107740,4821
75600000000,79200000000,77223107740,77224256585,1148845
75600000000,79200000000,77224256585,77225040708,784123
75600000000,79200000000,77225040708,77225040784,76
75600000000,79200000000,77225040784,77225074692,33908
75600000000,79200000000,77225074692,77225074719,27
75600000000,79200000000,77225074719,77225074724,5
75600000000,79200000000,77225074724,77227496242,2421518
75600000000,79200000000,77227496242,77227496261,19
75600000000,79200000000,77227496261,77227598673,102412
75600000000,79200000000,77227598673,77228459458,860785
75600000000,79200000000,77228459458,77234001279,5541821
75600000000,79200000000,77234001279,77234005158,3879
75600000000,79200000000,77234005158,77234968283,963125
75600000000,79200000000,77234968283,77234974567,6284
75600000000,79200000000,77234974567,77234974635,68
75600000000,79200000000,77234974635,77234974642,7
75600000000,79200000000,77234974642,77234974647,5
75600000000,79200000000,77234974647,77237612818,2638171
75600000000,79200000000,77237612818,77238507304,894486
75600000000,79200000000,77238507304,77239311066,803762
75600000000,79200000000,77239311066,77240320884,1009818
75600000000,79200000000,77240320884,77250789281,10468397
75600000000,79200000000,77250789281,77250796472,7191
75600000000,79200000000,77250796472,77250798789,2317
75600000000,79200000000,77250798789,77250801133,2344
75600000000,79200000000,77250801133,77250803262,2129
75600000000,79200000000,77250803262,77251583349,780087
75600000000,79200000000,77251583349,77253308505,1725156
75600000000,79200000000,77253308505,77254132457,823952
75600000000,79200000000,77254132457,77254132490,33
75600000000,79200000000,77254132490,77254132533,43
75600000000,79200000000,77254132533,77254132567,34
75600000000,79200000000,77254132567,77254132594,27
75600000000,79200000000,77254132594,77255720194,1587600
75600000000,79200000000,77255720194,77258659679,2939485
75600000000,79200000000,77258659679,77260396363,1736684
75600000000,79200000000,77260396363,77264541092,4144729
75600000000,79200000000,77264541092,77266995040,2453948
75600000000,79200000000,77266995040,77268339118,1344078
75600000000,79200000000,77268339118,77268347370,8252
75600000000,79200000000,77268347370,77268352327,4957
75600000000,79200000000,77268352327,77269902313,1549986
75600000000,79200000000,77269902313,77269902336,23
75600000000,79200000000,77269902336,77269902359,23
75600000000,79200000000,77269902359,77269957729,55370
75600000000,79200000000,77269957729,77269960448,2719
75600000000,79200000000,77269960448,77269964593,4145
75600000000,79200000000,77269964593,77269982091,17498
75600000000,79200000000,77269982091,77269992101,10010
75600000000,79200000000,77269992101,77269994102,2001
75600000000,79200000000,77269994102,77269995725,1623
75600000000,79200000000,77269995725,77269997961,2236
75600000000,79200000000,77269997961,77270004095,6134
75600000000,79200000000,77270004095,77270006168,2073
75600000000,79200000000,77270006168,77270799437,793269
75600000000,79200000000,77270799437,77270830562,31125
75600000000,79200000000,77270830562,77271739946,909384
75600000000,79200000000,77271739946,77271743093,3147
75600000000,79200000000,77271743093,77271747944,4851
75600000000,79200000000,77271747944,77271747948,4
75600000000,79200000000,77271747948,77271747963,15
75600000000,79200000000,77271747963,77273424659,1676696
75600000000,79200000000,77273424659,77273438430,13771
75600000000,79200000000,77273438430,77274211418,772988
75600000000,79200000000,77274211418,77275147966,936548
75600000000,79200000000,77275147966,77275148009,43
75600000000,79200000000,77275148009,77275148020,11
75600000000,79200000000,77275148020,77275148025,5
75600000000,79200000000,77275148025,77275148057,32
75600000000,79200000000,77275148057,77275148067,10
75600000000,79200000000,77275148067,77275148092,25
75600000000,79200000000,77275148092,77275243515,95423
75600000000,79200000000,77275243515,77277919295,2675780
75600000000,79200000000,77277919295,77278732093,812798
75600000000,79200000000,77278732093,77280272067,1539974
75600000000,79200000000,77280272067,77280272072,5
75600000000,79200000000,77280272072,77280272444,372
75600000000,79200000000,77280272444,77280287926,15482
75600000000,79200000000,77280287926,77280288641,715
75600000000,79200000000,77280288641,77280288666,25
75600000000,79200000000,77280288666,77280288691,25
75600000000,79200000000,77280288691,77284754144,4465453
75600000000,79200000000,77284754144,77284754272,128
75600000000,79200000000,77284754272,77284754574,302
75600000000,79200000000,77284754574,77284755255,681
75600000000,79200000000,77284755255,77284755921,666
75600000000,79200000000,77284755921,77284756562,641
75600000000,79200000000,77284756562,77284756579,17
75600000000,79200000000,77284756579,77284892916,136337
75600000000,79200000000,77284892916,77285715662,822746
75600000000,79200000000,77285715662,77285739179,23517
75600000000,79200000000,77285739179,77285739182,3
75600000000,79200000000,77285739182,77286558728,819546
75600000000,79200000000,77286558728,77286609387,50659
75600000000,79200000000,77286609387,77287488895,879508
75600000000,79200000000,77287488895,77287488912,17
75600000000,79200000000,77287488912,77287488922,10
75600000000,79200000000,77287488922,77289917179,2428257
75600000000,79200000000,77289917179,77291276309,1359130
75600000000,79200000000,77291276309,77291279310,3001
75600000000,79200000000,77291279310,77291281856,2546
75600000000,79200000000,77291281856,77291284756,2900
75600000000,79200000000,77291284756,77291287620,2864
75600000000,79200000000,77291287620,77291291052,3432
75600000000,79200000000,77291291052,77291293382,2330
75600000000,79200000000,77291293382,77291295440,2058
75600000000,79200000000,77291295440,77294744811,3449371
75600000000,79200000000,77294744811,77295631522,886711
75600000000,79200000000,77295631522,77295631526,4
75600000000,79200000000,77295631526,77295631527,1
75600000000,79200000000,77295631527,77295631596,69
75600000000,79200000000,77295631596,77295631639,43
75600000000,79200000000,77295631639,77295631693,54
75600000000,79200000000,77295631693,77295631736,43
75600000000,79200000000,77295631736,77295632092,356
75600000000,79200000000,77295632092,77295632426,334
75600000000,79200000000,77295632426,77295633122,696
75600000000,79200000000,77295633122,77297607971,1974849
75600000000,79200000000,77297607971,77297609432,1461
75600000000,79200000000,77297609432,77316250453,18641021
75600000000,79200000000,77316250453,77316255255,4802
75600000000,79200000000,77316255255,77316278023,22768
75600000000,79200000000,77316278023,77320874841,4596818
75600000000,79200000000,77320874841,77321720321,845480
75600000000,79200000000,77321720321,77321720325,4
75600000000,79200000000,77321720325,77321720326,1
75600000000,79200000000,77321720326,77321720358,32
75600000000,79200000000,77321720358,77321720395,37
75600000000,79200000000,77321720395,77322780650,1060255
75600000000,79200000000,77322780650,77328197179,5416529
75600000000,79200000000,77328197179,77330374868,2177689
75600000000,79200000000,77330374868,77330375998,1130
75600000000,79200000000,77330375998,77331306739,930741
75600000000,79200000000,77331306739,77333674515,2367776
75600000000,79200000000,77333674515,77335638175,1963660
75600000000,79200000000,77335638175,77335643836,5661
75600000000,79200000000,77335643836,77335648957,5121
75600000000,79200000000,77335648957,77335654886,5929
75600000000,79200000000,77335654886,77335661300,6414
75600000000,79200000000,77335661300,77338542927,2881627
75600000000,79200000000,77338542927,77338542931,4
75600000000,79200000000,77338542931,77338542932,1
75600000000,79200000000,77338542932,77338543088,156
75600000000,79200000000,77338543088,77338543093,5
75600000000,79200000000,77338543093,77338543094,1
75600000000,79200000000,77338543094,77338543095,1
75600000000,79200000000,77338543095,77338543131,36
75600000000,79200000000,77338543131,77338543135,4
75600000000,79200000000,77338543135,77338543136,1
75600000000,79200000000,77338543136,77338543202,66
75600000000,79200000000,77338543202,77338544965,1763
75600000000,79200000000,77338544965,77338624600,79635
75600000000,79200000000,77338624600,77338624618,18
75600000000,79200000000,77338624618,77338735090,110472
75600000000,79200000000,77338735090,77339676963,941873
75600000000,79200000000,77339676963,77340573321,896358
75600000000,79200000000,77340573321,77340573352,31
75600000000,79200000000,77340573352,77340573574,222
75600000000,79200000000,77340573574,77340576021,2447
75600000000,79200000000,77340576021,77340577067,1046
75600000000,79200000000,77340577067,77340577078,11
75600000000,79200000000,77340577078,77341630728,1053650
75600000000,79200000000,77341630728,77341630746,18
75600000000,79200000000,77341630746,77341679168,48422
75600000000,79200000000,77341679168,77341684997,5829
75600000000,79200000000,77341684997,77341685135,138
75600000000,79200000000,77341685135,77341685140,5
75600000000,79200000000,77341685140,77343577941,1892801
75600000000,79200000000,77343577941,77344485282,907341
75600000000,79200000000,77344485282,77347538226,3052944
75600000000,79200000000,77347538226,77350513654,2975428
75600000000,79200000000,77350513654,77351598501,1084847
75600000000,79200000000,77351598501,77353731781,2133280
75600000000,79200000000,77353731781,77355699343,1967562
75600000000,79200000000,77355699343,77358143933,2444590
75600000000,79200000000,77358143933,77359182904,1038971
75600000000,79200000000,77359182904,77359198895,15991
75600000000,79200000000,77359198895,77360227677,1028782
75600000000,79200000000,77360227677,77360227680,3
75600000000,79200000000,77360227680,77360227681,1
75600000000,79200000000,77360227681,77362269472,2041791
75600000000,79200000000,77362269472,77363235481,966009
75600000000,79200000000,77363235481,77363235942,461
75600000000,79200000000,77363235942,77363235947,5
75600000000,79200000000,77363235947,77364244264,1008317
75600000000,79200000000,77364244264,77364244282,18
75600000000,79200000000,77364244282,77365981756,1737474
75600000000,79200000000,77365981756,77368104662,2122906
75600000000,79200000000,77368104662,77368602681,498019
75600000000,79200000000,77368602681,77370430874,1828193
75600000000,79200000000,77370430874,77376462492,6031618
75600000000,79200000000,77376462492,77378636077,2173585
75600000000,79200000000,77378636077,77378725935,89858
75600000000,79200000000,77378725935,77378730048,4113
75600000000,79200000000,77378730048,77380775221,2045173
75600000000,79200000000,77380775221,77380775245,24
75600000000,79200000000,77380775245,77380775267,22
75600000000,79200000000,77380775267,77380775270,3
75600000000,79200000000,77380775270,77380775271,1
75600000000,79200000000,77380775271,77382560178,1784907
75600000000,79200000000,77382560178,77382561160,982
75600000000,79200000000,77382561160,77393244327,10683167
75600000000,79200000000,77393244327,77397026215,3781888
75600000000,79200000000,77397026215,77397031610,5395
75600000000,79200000000,77397031610,77397033706,2096
75600000000,79200000000,77397033706,77397036336,2630
75600000000,79200000000,77397036336,77398749578,1713242
75600000000,79200000000,77398749578,77398749602,24
75600000000,79200000000,77398749602,77398749612,10
75600000000,79200000000,77398749612,77398749637,25
75600000000,79200000000,77398749637,77398749641,4
75600000000,79200000000,77398749641,77400570059,1820418
75600000000,79200000000,77400570059,77402162439,1592380
75600000000,79200000000,77402162439,77404829608,2667169
75600000000,79200000000,77404829608,77408332006,3502398
75600000000,79200000000,77408332006,77409342749,1010743
75600000000,79200000000,77409342749,77409342768,19
75600000000,79200000000,77409342768,77409344774,2006
75600000000,79200000000,77409344774,77409344779,5
75600000000,79200000000,77409344779,77411940323,2595544
75600000000,79200000000,77411940323,77411944149,3826
75600000000,79200000000,77411944149,77411944159,10
75600000000,79200000000,77411944159,77412944019,999860
75600000000,79200000000,77412944019,77413954405,1010386
75600000000,79200000000,77413954405,77414916177,961772
75600000000,79200000000,77414916177,77415003696,87519
75600000000,79200000000,77415003696,77415004298,602
75600000000,79200000000,77415004298,77415005322,1024
75600000000,79200000000,77415005322,77415005466,144
75600000000,79200000000,77415005466,77415005471,5
75600000000,79200000000,77415005471,77416132249,1126778
75600000000,79200000000,77416132249,77417225635,1093386
75600000000,79200000000,77417225635,77418125780,900145
75600000000,79200000000,77418125780,77418153723,27943
75600000000,79200000000,77418153723,77419080428,926705
75600000000,79200000000,77419080428,77419115680,35252
75600000000,79200000000,77419115680,77420839575,1723895
75600000000,79200000000,77420839575,77420941382,101807
75600000000,79200000000,77420941382,77420941428,46
75600000000,79200000000,77420941428,77420941435,7
75600000000,79200000000,77420941435,77422311038,1369603
75600000000,79200000000,77422311038,77422311193,155
75600000000,79200000000,77422311193,77422311198,5
75600000000,79200000000,77422311198,77423367634,1056436
75600000000,79200000000,77423367634,77423367645,11
75600000000,79200000000,77423367645,77423367705,60
75600000000,79200000000,77423367705,77423427298,59593
75600000000,79200000000,77423427298,77423427474,176
75600000000,79200000000,77423427474,77423427479,5
75600000000,79200000000,77423427479,77424506278,1078799
75600000000,79200000000,77424506278,77428926455,4420177
75600000000,79200000000,77428926455,77429830625,904170
75600000000,79200000000,77429830625,77430733807,903182
75600000000,79200000000,77430733807,77431019701,285894
75600000000,79200000000,77431019701,77431032351,12650
75600000000,79200000000,77431032351,77431032408,57
75600000000,79200000000,77431032408,77431032413,5
75600000000,79200000000,77431032413,77432890407,1857994
75600000000,79200000000,77432890407,77433287945,397538
75600000000,79200000000,77433287945,77433287981,36
75600000000,79200000000,77433287981,77433287988,7
75600000000,79200000000,77433287988,77441605598,8317610
75600000000,79200000000,77441605598,77441608692,3094
75600000000,79200000000,77441608692,77441611009,2317
75600000000,79200000000,77441611009,77441613492,2483
75600000000,79200000000,77441613492,77441616150,2658
75600000000,79200000000,77441616150,77441620853,4703
75600000000,79200000000,77441620853,77443633995,2013142
75600000000,79200000000,77443633995,77444057878,423883
75600000000,79200000000,77444057878,77444057882,4
75600000000,79200000000,77444057882,77444057928,46
75600000000,79200000000,77444057928,77444057935,7
75600000000,79200000000,77444057935,77444058922,987
75600000000,79200000000,77444058922,77444059045,123
75600000000,79200000000,77444059045,77444059050,5
75600000000,79200000000,77444059050,77445157683,1098633
75600000000,79200000000,77445157683,77445157686,3
75600000000,79200000000,77445157686,77445157745,59
75600000000,79200000000,77445157745,77445157761,16
75600000000,79200000000,77445157761,77445157808,47
75600000000,79200000000,77445157808,77445157827,19
75600000000,79200000000,77445157827,77445157861,34
75600000000,79200000000,77445157861,77446135412,977551
75600000000,79200000000,77446135412,77446135414,2
75600000000,79200000000,77446135414,77446936056,800642
75600000000,79200000000,77446936056,77446936539,483
75600000000,79200000000,77446936539,77447897283,960744
75600000000,79200000000,77447897283,77453396684,5499401
75600000000,79200000000,77453396684,77460654214,7257530
75600000000,79200000000,77460654214,77460659774,5560
75600000000,79200000000,77460659774,77460662033,2259
75600000000,79200000000,77460662033,77460667847,5814
75600000000,79200000000,77460667847,77460673332,5485
75600000000,79200000000,77460673332,77460675592,2260
75600000000,79200000000,77460675592,77460682519,6927
75600000000,79200000000,77460682519,77460686232,3713
75600000000,79200000000,77460686232,77461596951,910719
75600000000,79200000000,77461596951,77461597239,288
75600000000,79200000000,77461597239,77463443311,1846072
75600000000,79200000000,77463443311,77465052660,1609349
75600000000,79200000000,77465052660,77465052663,3
75600000000,79200000000,77465052663,77465052664,1
75600000000,79200000000,77465052664,77465052787,123
75600000000,79200000000,77465052787,77465052790,3
75600000000,79200000000,77465052790,77465052850,60
75600000000,79200000000,77465052850,77465052853,3
75600000000,79200000000,77465052853,77465052918,65
75600000000,79200000000,77465052918,77466257342,1204424
75600000000,79200000000,77466257342,77469430643,3173301
75600000000,79200000000,77469430643,77469430686,43
75600000000,79200000000,77469430686,77469431338,652
75600000000,79200000000,77469431338,77469431352,14
75600000000,79200000000,77469431352,77469432753,1401
75600000000,79200000000,77469432753,77469434521,1768
75600000000,79200000000,77469434521,77469434559,38
75600000000,79200000000,77469434559,77471384838,1950279
75600000000,79200000000,77471384838,77473283887,1899049
75600000000,79200000000,77473283887,77473283890,3
75600000000,79200000000,77473283890,77475784759,2500869
75600000000,79200000000,77475784759,77475784770,11
75600000000,79200000000,77475784770,77477873457,2088687
75600000000,79200000000,77477873457,77477873678,221
75600000000,79200000000,77477873678,77480029770,2156092
75600000000,79200000000,77480029770,77480908667,878897
75600000000,79200000000,77480908667,77480908716,49
75600000000,79200000000,77480908716,77480908721,5
75600000000,79200000000,77480908721,77480908726,5
75600000000,79200000000,77480908726,77481873546,964820
75600000000,79200000000,77481873546,77481880192,6646
75600000000,79200000000,77481880192,77481883134,2942
75600000000,79200000000,77481883134,77481890689,7555
75600000000,79200000000,77481890689,77481902901,12212
75600000000,79200000000,77481902901,77481923769,20868
75600000000,79200000000,77481923769,77482882129,958360
75600000000,79200000000,77482882129,77482958486,76357
75600000000,79200000000,77482958486,77482959093,607
75600000000,79200000000,77482959093,77483093348,134255
75600000000,79200000000,77483093348,77486647062,3553714
75600000000,79200000000,77486647062,77486647065,3
75600000000,79200000000,77486647065,77486647148,83
75600000000,79200000000,77486647148,77486647151,3
75600000000,79200000000,77486647151,77486647250,99
75600000000,79200000000,77486647250,77486647261,11
75600000000,79200000000,77486647261,77486647318,57
75600000000,79200000000,77486647318,77486647758,440
75600000000,79200000000,77486647758,77487621451,973693
75600000000,79200000000,77487621451,77488841126,1219675
75600000000,79200000000,77488841126,77488841517,391
75600000000,79200000000,77488841517,77488886642,45125
75600000000,79200000000,77488886642,77491313536,2426894
75600000000,79200000000,77491313536,77491333748,20212
75600000000,79200000000,77491333748,77491333925,177
75600000000,79200000000,77491333925,77491333960,35
75600000000,79200000000,77491333960,77494071699,2737739
75600000000,79200000000,77494071699,77494135309,63610
75600000000,79200000000,77494135309,77494135328,19
75600000000,79200000000,77494135328,77495190467,1055139
75600000000,79200000000,77495190467,77496047239,856772
75600000000,79200000000,77496047239,77499241024,3193785
75600000000,79200000000,77499241024,77499276627,35603
75600000000,79200000000,77499276627,77499653840,377213
75600000000,79200000000,77499653840,77499654007,167
75600000000,79200000000,77499654007,77499654012,5
75600000000,79200000000,77499654012,77501530556,1876544
75600000000,79200000000,77501530556,77501571719,41163
75600000000,79200000000,77501571719,77501577478,5759
75600000000,79200000000,77501577478,77501586076,8598
75600000000,79200000000,77501586076,77503594399,2008323
75600000000,79200000000,77503594399,77504411916,817517
75600000000,79200000000,77504411916,77504411928,12
75600000000,79200000000,77504411928,77505242968,831040
75600000000,79200000000,77505242968,77505301037,58069
75600000000,79200000000,77505301037,77506127402,826365
75600000000,79200000000,77506127402,77507848584,1721182
75600000000,79200000000,77507848584,77508216579,367995
75600000000,79200000000,77508216579,77509970912,1754333
75600000000,79200000000,77509970912,77511776098,1805186
75600000000,79200000000,77511776098,77513627202,1851104
75600000000,79200000000,77513627202,77515498517,1871315
75600000000,79200000000,77515498517,77518322387,2823870
75600000000,79200000000,77518322387,77524377415,6055028
75600000000,79200000000,77524377415,77534481323,10103908
75600000000,79200000000,77534481323,77534484775,3452
75600000000,79200000000,77534484775,77534487883,3108
75600000000,79200000000,77534487883,77534490250,2367
75600000000,79200000000,77534490250,77534492712,2462
75600000000,79200000000,77534492712,77535419762,927050
75600000000,79200000000,77535419762,77535430345,10583
75600000000,79200000000,77535430345,77535430407,62
75600000000,79200000000,77535430407,77535430413,6
75600000000,79200000000,77535430413,77539027880,3597467
75600000000,79200000000,77539027880,77539027922,42
75600000000,79200000000,77539027922,77539027925,3
75600000000,79200000000,77539027925,77539027984,59
75600000000,79200000000,77539027984,77539028070,86
75600000000,79200000000,77539028070,77540027921,999851
75600000000,79200000000,77540027921,77540028503,582
75600000000,79200000000,77540028503,77540028508,5
75600000000,79200000000,77540028508,77540028513,5
75600000000,79200000000,77540028513,77540994367,965854
75600000000,79200000000,77540994367,77540994402,35
75600000000,79200000000,77540994402,77540994452,50
75600000000,79200000000,77540994452,77542739606,1745154
75600000000,79200000000,77542739606,77544751448,2011842
75600000000,79200000000,77544751448,77544887818,136370
75600000000,79200000000,77544887818,77549803643,4915825
75600000000,79200000000,77549803643,77550556963,753320
75600000000,79200000000,77550556963,77551365003,808040
75600000000,79200000000,77551365003,77551393900,28897
75600000000,79200000000,77551393900,77551408962,15062
75600000000,79200000000,77551408962,77552223603,814641
75600000000,79200000000,77552223603,77552979971,756368
75600000000,79200000000,77552979971,77552980032,61
75600000000,79200000000,77552980032,77552980037,5
75600000000,79200000000,77552980037,77552980042,5
75600000000,79200000000,77552980042,77553728965,748923
75600000000,79200000000,77553728965,77553760652,31687
75600000000,79200000000,77553760652,77554905375,1144723
75600000000,79200000000,77554905375,77554922464,17089
75600000000,79200000000,77554922464,77554924555,2091
75600000000,79200000000,77554924555,77554926195,1640
75600000000,79200000000,77554926195,77554928575,2380
75600000000,79200000000,77554928575,77554931582,3007
75600000000,79200000000,77554931582,77554933651,2069
75600000000,79200000000,77554933651,77554941632,7981
75600000000,79200000000,77554941632,77554946058,4426
75600000000,79200000000,77554946058,77554958318,12260
75600000000,79200000000,77554958318,77554964358,6040
75600000000,79200000000,77554964358,77555707669,743311
75600000000,79200000000,77555707669,77555943500,235831
75600000000,79200000000,77555943500,77557597867,1654367
75600000000,79200000000,77557597867,77558344524,746657
75600000000,79200000000,77558344524,77558371134,26610
75600000000,79200000000,77558371134,77561322674,2951540
75600000000,79200000000,77561322674,77561322677,3
75600000000,79200000000,77561322677,77561322698,21
75600000000,79200000000,77561322698,77561322750,52
75600000000,79200000000,77561322750,77561322760,10
75600000000,79200000000,77561322760,77561322783,23
75600000000,79200000000,77561322783,77561322800,17
75600000000,79200000000,77561322800,77561322804,4
75600000000,79200000000,77561322804,77561322805,1
75600000000,79200000000,77561322805,77561322876,71
75600000000,79200000000,77561322876,77561322904,28
75600000000,79200000000,77561322904,77561322907,3
75600000000,79200000000,77561322907,77561322908,1
75600000000,79200000000,77561322908,77565872009,4549101
75600000000,79200000000,77565872009,77565872912,903
75600000000,79200000000,77565872912,77565873038,126
75600000000,79200000000,77565873038,77565873062,24
75600000000,79200000000,77565873062,77565879396,6334
75600000000,79200000000,77565879396,77565879419,23
75600000000,79200000000,77565879419,77565879429,10
75600000000,79200000000,77565879429,77565879447,18
75600000000,79200000000,77565879447,77565879451,4
75600000000,79200000000,77565879451,77566062322,182871
75600000000,79200000000,77566062322,77566100728,38406
75600000000,79200000000,77566100728,77567052420,951692
75600000000,79200000000,77567052420,77567109841,57421
75600000000,79200000000,77567109841,77567111082,1241
75600000000,79200000000,77567111082,77568107700,996618
75600000000,79200000000,77568107700,77569010723,903023
75600000000,79200000000,77569010723,77569010760,37
75600000000,79200000000,77569010760,77569010765,5
75600000000,79200000000,77569010765,77569889710,878945
75600000000,79200000000,77569889710,77570279002,389292
75600000000,79200000000,77570279002,77571182686,903684
75600000000,79200000000,77571182686,77571182743,57
75600000000,79200000000,77571182743,77571182748,5
75600000000,79200000000,77571182748,77572990989,1808241
75600000000,79200000000,77572990989,77572991010,21
75600000000,79200000000,77572991010,77572991027,17
75600000000,79200000000,77572991027,77572991044,17
75600000000,79200000000,77572991044,77572991067,23
75600000000,79200000000,77572991067,77572992562,1495
75600000000,79200000000,77572992562,77573958030,965468
75600000000,79200000000,77573958030,77576787504,2829474
75600000000,79200000000,77576787504,77576792697,5193
75600000000,79200000000,77576792697,77577639764,847067
75600000000,79200000000,77577639764,77577643368,3604
75600000000,79200000000,77577643368,77577645988,2620
75600000000,79200000000,77577645988,77577647824,1836
75600000000,79200000000,77577647824,77577657382,9558
75600000000,79200000000,77577657382,77577659369,1987
75600000000,79200000000,77577659369,77577663845,4476
75600000000,79200000000,77577663845,77578511506,847661
75600000000,79200000000,77578511506,77578511517,11
75600000000,79200000000,77578511517,77578536144,24627
75600000000,79200000000,77578536144,77579390284,854140
75600000000,79200000000,77579390284,77579390426,142
75600000000,79200000000,77579390426,77579390465,39
75600000000,79200000000,77579390465,77580349593,959128
75600000000,79200000000,77580349593,77581252097,902504
75600000000,79200000000,77581252097,77581252102,5
75600000000,79200000000,77581252102,77581252103,1
75600000000,79200000000,77581252103,77581252183,80
75600000000,79200000000,77581252183,77581252187,4
75600000000,79200000000,77581252187,77581252213,26
75600000000,79200000000,77581252213,77581252267,54
75600000000,79200000000,77581252267,77581253801,1534
75600000000,79200000000,77581253801,77581253978,177
75600000000,79200000000,77581253978,77581254115,137
75600000000,79200000000,77581254115,77581254119,4
75600000000,79200000000,77581254119,77582168633,914514
75600000000,79200000000,77582168633,77583846361,1677728
75600000000,79200000000,77583846361,77583846530,169
75600000000,79200000000,77583846530,77583846557,27
75600000000,79200000000,77583846557,77584870097,1023540
75600000000,79200000000,77584870097,77584871384,1287
75600000000,79200000000,77584871384,77584872516,1132
75600000000,79200000000,77584872516,77584872540,24
75600000000,79200000000,77584872540,77584872589,49
75600000000,79200000000,77584872589,77586700769,1828180
75600000000,79200000000,77586700769,77586700840,71
75600000000,79200000000,77586700840,77586751854,51014
75600000000,79200000000,77586751854,77588844366,2092512
75600000000,79200000000,77588844366,77589010381,166015
75600000000,79200000000,77589010381,77591018819,2008438
75600000000,79200000000,77591018819,77591038646,19827
75600000000,79200000000,77591038646,77591918738,880092
75600000000,79200000000,77591918738,77591918826,88
75600000000,79200000000,77591918826,77594689507,2770681
75600000000,79200000000,77594689507,77596409427,1719920
75600000000,79200000000,77596409427,77597345426,935999
75600000000,79200000000,77597345426,77597351145,5719
75600000000,79200000000,77597351145,77599481375,2130230
75600000000,79200000000,77599481375,77599481418,43
75600000000,79200000000,77599481418,77600425097,943679
75600000000,79200000000,77600425097,77610154416,9729319
75600000000,79200000000,77610154416,77611152343,997927
75600000000,79200000000,77611152343,77612160558,1008215
75600000000,79200000000,77612160558,77613046845,886287
75600000000,79200000000,77613046845,77613046845,0
75600000000,79200000000,77613046845,77613070922,24077
75600000000,79200000000,77613070922,77613071236,314
75600000000,79200000000,77613071236,77614018227,946991
75600000000,79200000000,77614018227,77616086264,2068037
75600000000,79200000000,77616086264,77616112073,25809
75600000000,79200000000,77616112073,77616114948,2875
75600000000,79200000000,77616114948,77617920460,1805512
75600000000,79200000000,77617920460,77617920508,48
75600000000,79200000000,77617920508,77617920525,17
75600000000,79200000000,77617920525,77619194497,1273972
75600000000,79200000000,77619194497,77619194814,317
75600000000,79200000000,77619194814,77620178112,983298
75600000000,79200000000,77620178112,77620178885,773
75600000000,79200000000,77620178885,77624629997,4451112
75600000000,79200000000,77624629997,77624630604,607
75600000000,79200000000,77624630604,77625609302,978698
75600000000,79200000000,77625609302,77625665899,56597
75600000000,79200000000,77625665899,77631159512,5493613
75600000000,79200000000,77631159512,77632959841,1800329
75600000000,79200000000,77632959841,77632959845,4
75600000000,79200000000,77632959845,77632980978,21133
75600000000,79200000000,77632980978,77632983460,2482
75600000000,79200000000,77632983460,77632983465,5
75600000000,79200000000,77632983465,77632983550,85
75600000000,79200000000,77632983550,77634029180,1045630
75600000000,79200000000,77634029180,77634029184,4
75600000000,79200000000,77634029184,77636268674,2239490
75600000000,79200000000,77636268674,77639955858,3687184
75600000000,79200000000,77639955858,77642151212,2195354
75600000000,79200000000,77642151212,77643008532,857320
75600000000,79200000000,77643008532,77643009515,983
75600000000,79200000000,77643009515,77643009519,4
75600000000,79200000000,77643009519,77644029182,1019663
75600000000,79200000000,77644029182,77644029198,16
75600000000,79200000000,77644029198,77644030072,874
75600000000,79200000000,77644030072,77645022954,992882
75600000000,79200000000,77645022954,77646677140,1654186
75600000000,79200000000,77646677140,77646722126,44986
75600000000,79200000000,77646722126,77647537680,815554
75600000000,79200000000,77647537680,77648399692,862012
75600000000,79200000000,77648399692,77648455270,55578
75600000000,79200000000,77648455270,77648455285,15
75600000000,79200000000,77648455285,77649396779,941494
75600000000,79200000000,77649396779,77651145403,1748624
75600000000,79200000000,77651145403,77651991018,845615
75600000000,79200000000,77651991018,77653206529,1215511
75600000000,79200000000,77653206529,77654819852,1613323
75600000000,79200000000,77654819852,77655215573,395721
75600000000,79200000000,77655215573,77655215699,126
75600000000,79200000000,77655215699,77655215712,13
75600000000,79200000000,77655215712,77656177533,961821
75600000000,79200000000,77656177533,77656376355,198822
75600000000,79200000000,77656376355,77657303019,926664
75600000000,79200000000,77657303019,77659303525,2000506
75600000000,79200000000,77659303525,77660938352,1634827
75600000000,79200000000,77660938352,77662682954,1744602
75600000000,79200000000,77662682954,77663267063,584109
75600000000,79200000000,77663267063,77663267742,679
75600000000,79200000000,77663267742,77663267749,7
75600000000,79200000000,77663267749,77663267756,7
75600000000,79200000000,77663267756,77663268543,787
75600000000,79200000000,77663268543,77665026918,1758375
75600000000,79200000000,77665026918,77665046137,19219
75600000000,79200000000,77665046137,77665053121,6984
75600000000,79200000000,77665053121,77665063365,10244
75600000000,79200000000,77665063365,77665949304,885939
75600000000,79200000000,77665949304,77668721602,2772298
75600000000,79200000000,77668721602,77668721621,19
75600000000,79200000000,77668721621,77669714454,992833
75600000000,79200000000,77669714454,77669714459,5
75600000000,79200000000,77669714459,77669714460,1
75600000000,79200000000,77669714460,77669714975,515
75600000000,79200000000,77669714975,77669715006,31
75600000000,79200000000,77669715006,77669733499,18493
75600000000,79200000000,77669733499,77671272556,1539057
75600000000,79200000000,77671272556,77675329053,4056497
75600000000,79200000000,77675329053,77675329090,37
75600000000,79200000000,77675329090,77678667557,3338467
75600000000,79200000000,77678667557,77678667584,27
75600000000,79200000000,77678667584,77678667589,5
75600000000,79200000000,77678667589,77682378806,3711217
75600000000,79200000000,77682378806,77684847464,2468658
75600000000,79200000000,77684847464,77684847491,27
75600000000,79200000000,77684847491,77684847496,5
75600000000,79200000000,77684847496,77688205869,3358373
75600000000,79200000000,77688205869,77689096179,890310
75600000000,79200000000,77689096179,77689096195,16
75600000000,79200000000,77689096195,77690079517,983322
75600000000,79200000000,77690079517,77690960193,880676
75600000000,79200000000,77690960193,77691904160,943967
75600000000,79200000000,77691904160,77696320712,4416552
75600000000,79200000000,77696320712,77696331337,10625
75600000000,79200000000,77696331337,77696335728,4391
75600000000,79200000000,77696335728,77696339577,3849
75600000000,79200000000,77696339577,77697314991,975414
75600000000,79200000000,77697314991,77700019114,2704123
75600000000,79200000000,77700019114,77700019119,5
75600000000,79200000000,77700019119,77700019197,78
75600000000,79200000000,77700019197,77700019202,5
75600000000,79200000000,77700019202,77700019243,41
75600000000,79200000000,77700019243,77700049883,30640
75600000000,79200000000,77700049883,77700055974,6091
75600000000,79200000000,77700055974,77700055990,16
75600000000,79200000000,77700055990,77700056196,206
75600000000,79200000000,77700056196,77701355557,1299361
75600000000,79200000000,77701355557,77703474333,2118776
75600000000,79200000000,77703474333,77703474356,23
75600000000,79200000000,77703474356,77703551416,77060
75600000000,79200000000,77703551416,77703551431,15
75600000000,79200000000,77703551431,77706349512,2798081
75600000000,79200000000,77706349512,77706349516,4
75600000000,79200000000,77706349516,77706349517,1
75600000000,79200000000,77706349517,77706350284,767
75600000000,79200000000,77706350284,77708710854,2360570
75600000000,79200000000,77708710854,77708710871,17
75600000000,79200000000,77708710871,77708973004,262133
75600000000,79200000000,77708973004,77711048827,2075823
75600000000,79200000000,77711048827,77713046124,1997297
75600000000,79200000000,77713046124,77713163085,116961
75600000000,79200000000,77713163085,77714239230,1076145
75600000000,79200000000,77714239230,77714239448,218
75600000000,79200000000,77714239448,77714239453,5
75600000000,79200000000,77714239453,77714239680,227
75600000000,79200000000,77714239680,77715367570,1127890
75600000000,79200000000,77715367570,77715411602,44032
75600000000,79200000000,77715411602,77715441023,29421
75600000000,79200000000,77715441023,77715466050,25027
75600000000,79200000000,77715466050,77715466197,147
75600000000,79200000000,77715466197,77715466206,9
75600000000,79200000000,77715466206,77716542229,1076023
75600000000,79200000000,77716542229,77717984026,1441797
75600000000,79200000000,77717984026,77717984173,147
75600000000,79200000000,77717984173,77717984178,5
75600000000,79200000000,77717984178,77718997216,1013038
75600000000,79200000000,77718997216,77718997264,48
75600000000,79200000000,77718997264,77720047113,1049849
75600000000,79200000000,77720047113,77720943145,896032
75600000000,79200000000,77720943145,77722973910,2030765
75600000000,79200000000,77722973910,77723896530,922620
75600000000,79200000000,77723896530,77728108180,4211650
75600000000,79200000000,77728108180,77731880464,3772284
75600000000,79200000000,77731880464,77733938402,2057938
75600000000,79200000000,77733938402,77733976654,38252
75600000000,79200000000,77733976654,77734935793,959139
75600000000,79200000000,77734935793,77734941821,6028
75600000000,79200000000,77734941821,77734946816,4995
75600000000,79200000000,77734946816,77734948650,1834
75600000000,79200000000,77734948650,77734951270,2620
75600000000,79200000000,77734951270,77737735618,2784348
75600000000,79200000000,77737735618,77737735642,24
75600000000,79200000000,77737735642,77737735661,19
75600000000,79200000000,77737735661,77737735665,4
75600000000,79200000000,77737735665,77737735666,1
75600000000,79200000000,77737735666,77737735667,1
75600000000,79200000000,77737735667,77737735784,117
75600000000,79200000000,77737735784,77737735789,5
75600000000,79200000000,77737735789,77737735816,27
75600000000,79200000000,77737735816,77738705774,969958
75600000000,79200000000,77738705774,77738705911,137
75600000000,79200000000,77738705911,77738706310,399
75600000000,79200000000,77738706310,77738710755,4445
75600000000,79200000000,77738710755,77738710760,5
75600000000,79200000000,77738710760,77738710975,215
75600000000,79200000000,77738710975,77739857144,1146169
75600000000,79200000000,77739857144,77739857279,135
75600000000,79200000000,77739857279,77739858332,1053
75600000000,79200000000,77739858332,77739858509,177
75600000000,79200000000,77739858509,77740133519,275010
75600000000,79200000000,77740133519,77740133670,151
75600000000,79200000000,77740133670,77740133679,9
75600000000,79200000000,77740133679,77741480624,1346945
75600000000,79200000000,77741480624,77741480639,15
75600000000,79200000000,77741480639,77742490931,1010292
75600000000,79200000000,77742490931,77742496718,5787
75600000000,79200000000,77742496718,77742498724,2006
75600000000,79200000000,77742498724,77742498893,169
75600000000,79200000000,77742498893,77742498898,5
75600000000,79200000000,77742498898,77742499272,374
75600000000,79200000000,77742499272,77744210079,1710807
75600000000,79200000000,77744210079,77744210350,271
75600000000,79200000000,77744210350,77744210369,19
75600000000,79200000000,77744210369,77745230080,1019711
75600000000,79200000000,77745230080,77750450742,5220662
75600000000,79200000000,77750450742,77750488941,38199
75600000000,79200000000,77750488941,77750522321,33380
75600000000,79200000000,77750522321,77750524591,2270
75600000000,79200000000,77750524591,77752622085,2097494
75600000000,79200000000,77752622085,77752622111,26
75600000000,79200000000,77752622111,77752622139,28
75600000000,79200000000,77752622139,77754349828,1727689
75600000000,79200000000,77754349828,77754349830,2
75600000000,79200000000,77754349830,77756001250,1651420
75600000000,79200000000,77756001250,77764624461,8623211
75600000000,79200000000,77764624461,77764624753,292
75600000000,79200000000,77764624753,77764625051,298
75600000000,79200000000,77764625051,77764625058,7
75600000000,79200000000,77764625058,77768704294,4079236
75600000000,79200000000,77768704294,77770451637,1747343
75600000000,79200000000,77770451637,77770460553,8916
75600000000,79200000000,77770460553,77772292073,1831520
75600000000,79200000000,77772292073,77772292077,4
75600000000,79200000000,77772292077,77772292081,4
75600000000,79200000000,77772292081,77772292108,27
75600000000,79200000000,77772292108,77773127360,835252
75600000000,79200000000,77773127360,77773127363,3
75600000000,79200000000,77773127363,77773127378,15
75600000000,79200000000,77773127378,77773127382,4
75600000000,79200000000,77773127382,77773127383,1
75600000000,79200000000,77773127383,77774319236,1191853
75600000000,79200000000,77774319236,77774320162,926
75600000000,79200000000,77774320162,77774320172,10
75600000000,79200000000,77774320172,77781081913,6761741
75600000000,79200000000,77781081913,77781082310,397
75600000000,79200000000,77781082310,77781082428,118
75600000000,79200000000,77781082428,77787010648,5928220
75600000000,79200000000,77787010648,77787254733,244085
75600000000,79200000000,77787254733,77789016412,1761679
75600000000,79200000000,77789016412,77790595491,1579079
75600000000,79200000000,77790595491,77792223031,1627540
75600000000,79200000000,77792223031,77794794384,2571353
75600000000,79200000000,77794794384,77794794501,117
75600000000,79200000000,77794794501,77794794506,5
75600000000,79200000000,77794794506,77800603673,5809167
75600000000,79200000000,77800603673,77800603689,16
75600000000,79200000000,77800603689,77803167367,2563678
75600000000,79200000000,77803167367,77803167370,3
75600000000,79200000000,77803167370,77804985086,1817716
75600000000,79200000000,77804985086,77805018046,32960
75600000000,79200000000,77805018046,77806998350,1980304
75600000000,79200000000,77806998350,77807870595,872245
75600000000,79200000000,77807870595,77814475840,6605245
75600000000,79200000000,77814475840,77814481150,5310
75600000000,79200000000,77814481150,77816093045,1611895
75600000000,79200000000,77816093045,77816127822,34777
75600000000,79200000000,77816127822,77828962379,12834557
75600000000,79200000000,77828962379,77828974072,11693
75600000000,79200000000,77828974072,77831277867,2303795
75600000000,79200000000,77831277867,77831277871,4
75600000000,79200000000,77831277871,77831277872,1
75600000000,79200000000,77831277872,77831277873,1
75600000000,79200000000,77831277873,77831278022,149
75600000000,79200000000,77831278022,77832844481,1566459
75600000000,79200000000,77832844481,77832844572,91
75600000000,79200000000,77832844572,77832846297,1725
75600000000,79200000000,77832846297,77832904286,57989
75600000000,79200000000,77832904286,77833695019,790733
75600000000,79200000000,77833695019,77833695062,43
75600000000,79200000000,77833695062,77833695069,7
75600000000,79200000000,77833695069,77834592188,897119
75600000000,79200000000,77834592188,77834619381,27193
75600000000,79200000000,77834619381,77836165524,1546143
75600000000,79200000000,77836165524,77836200750,35226
75600000000,79200000000,77836200750,77837093542,892792
75600000000,79200000000,77837093542,77837093558,16
75600000000,79200000000,77837093558,77838018082,924524
75600000000,79200000000,77838018082,77841197098,3179016
75600000000,79200000000,77841197098,77841197513,415
75600000000,79200000000,77841197513,77841197520,7
75600000000,79200000000,77841197520,77841197535,15
75600000000,79200000000,77841197535,77841197604,69
75600000000,79200000000,77841197604,77841197609,5
75600000000,79200000000,77841197609,77841197614,5
75600000000,79200000000,77841197614,77841197762,148
75600000000,79200000000,77841197762,77841198000,238
75600000000,79200000000,77841198000,77841198005,5
75600000000,79200000000,77841198005,77842332742,1134737
75600000000,79200000000,77842332742,77842337647,4905
75600000000,79200000000,77842337647,77842337652,5
75600000000,79200000000,77842337652,77844915819,2578167
75600000000,79200000000,77844915819,77845954327,1038508
75600000000,79200000000,77845954327,77845954343,16
75600000000,79200000000,77845954343,77845954674,331
75600000000,79200000000,77845954674,77845954873,199
75600000000,79200000000,77845954873,77845954880,7
75600000000,79200000000,77845954880,77848083596,2128716
75600000000,79200000000,77848083596,77848103968,20372
75600000000,79200000000,77848103968,77848125715,21747
75600000000,79200000000,77848125715,77849022884,897169
75600000000,79200000000,77849022884,77849027680,4796
75600000000,79200000000,77849027680,77849030086,2406
75600000000,79200000000,77849030086,77849818114,788028
75600000000,79200000000,77849818114,77851046431,1228317
75600000000,79200000000,77851046431,77851046482,51
75600000000,79200000000,77851046482,77851046486,4
75600000000,79200000000,77851046486,77851046487,1
75600000000,79200000000,77851046487,77851046551,64
75600000000,79200000000,77851046551,77851071122,24571
75600000000,79200000000,77851071122,77851883577,812455
75600000000,79200000000,77851883577,77851884761,1184
75600000000,79200000000,77851884761,77856198017,4313256
75600000000,79200000000,77856198017,77856291071,93054
75600000000,79200000000,77856291071,77857236756,945685
75600000000,79200000000,77857236756,77858119979,883223
75600000000,79200000000,77858119979,77859085054,965075
75600000000,79200000000,77859085054,77859085091,37
75600000000,79200000000,77859085091,77859085096,5
75600000000,79200000000,77859085096,77863603279,4518183
75600000000,79200000000,77863603279,77864510592,907313
75600000000,79200000000,77864510592,77866563665,2053073
75600000000,79200000000,77866563665,77868301682,1738017
75600000000,79200000000,77868301682,77868317484,15802
75600000000,79200000000,77868317484,77868320335,2851
75600000000,79200000000,77868320335,77870857590,2537255
75600000000,79200000000,77870857590,77870857594,4
75600000000,79200000000,77870857594,77870857595,1
75600000000,79200000000,77870857595,77870857671,76
75600000000,79200000000,77870857671,77870857674,3
75600000000,79200000000,77870857674,77870857730,56
75600000000,79200000000,77870857730,77871732785,875055
75600000000,79200000000,77871732785,77872901916,1169131
75600000000,79200000000,77872901916,77872903033,1117
75600000000,79200000000,77872903033,77872903108,75
75600000000,79200000000,77872903108,77876111796,3208688
75600000000,79200000000,77876111796,77884335766,8223970
75600000000,79200000000,77884335766,77886905518,2569752
75600000000,79200000000,77886905518,77888706199,1800681
75600000000,79200000000,77888706199,77892284843,3578644
75600000000,79200000000,77892284843,77893139475,854632
75600000000,79200000000,77893139475,77894185000,1045525
75600000000,79200000000,77894185000,77894202590,17590
75600000000,79200000000,77894202590,77895019609,817019
75600000000,79200000000,77895019609,77895825457,805848
75600000000,79200000000,77895825457,77895825461,4
75600000000,79200000000,77895825461,77895825488,27
75600000000,79200000000,77895825488,77895825493,5
75600000000,79200000000,77895825493,77896696283,870790
75600000000,79200000000,77896696283,77898358588,1662305
75600000000,79200000000,77898358588,77898358606,18
75600000000,79200000000,77898358606,77898386817,28211
75600000000,79200000000,77898386817,77898386820,3
75600000000,79200000000,77898386820,77900059572,1672752
75600000000,79200000000,77900059572,77904851439,4791867
75600000000,79200000000,77904851439,77906776566,1925127
75600000000,79200000000,77906776566,77907652579,876013
75600000000,79200000000,77907652579,77909372111,1719532
75600000000,79200000000,77909372111,77909372120,9
75600000000,79200000000,77909372120,77910178047,805927
75600000000,79200000000,77910178047,77911044310,866263
75600000000,79200000000,77911044310,77912753694,1709384
75600000000,79200000000,77912753694,77914419411,1665717
75600000000,79200000000,77914419411,77915583216,1163805
75600000000,79200000000,77915583216,77915583295,79
75600000000,79200000000,77915583295,77915583300,5
75600000000,79200000000,77915583300,77915583305,5
75600000000,79200000000,77915583305,77918245353,2662048
75600000000,79200000000,77918245353,77919139406,894053
75600000000,79200000000,77919139406,77919139485,79
75600000000,79200000000,77919139485,77919139490,5
75600000000,79200000000,77919139490,77920040697,901207
75600000000,79200000000,77920040697,77920041119,422
75600000000,79200000000,77920041119,77920041162,43
75600000000,79200000000,77920041162,77925348359,5307197
75600000000,79200000000,77925348359,77927333162,1984803
75600000000,79200000000,77927333162,77927496338,163176
75600000000,79200000000,77927496338,77929199391,1703053
75600000000,79200000000,77929199391,77929221065,21674
75600000000,79200000000,77929221065,77930110630,889565
75600000000,79200000000,77930110630,77930957227,846597
75600000000,79200000000,77930957227,77931928685,971458
75600000000,79200000000,77931928685,77933560819,1632134
75600000000,79200000000,77933560819,77934329351,768532
75600000000,79200000000,77934329351,77934335162,5811
75600000000,79200000000,77934335162,77934341835,6673
75600000000,79200000000,77934341835,77935952167,1610332
75600000000,79200000000,77935952167,77935952171,4
75600000000,79200000000,77935952171,77935952172,1
75600000000,79200000000,77935952172,77935952302,130
75600000000,79200000000,77935952302,77939358396,3406094
75600000000,79200000000,77939358396,77939360527,2131
75600000000,79200000000,77939360527,77939457656,97129
75600000000,79200000000,77939457656,77943610665,4153009
75600000000,79200000000,77943610665,77945078204,1467539
75600000000,79200000000,77945078204,77946002422,924218
75600000000,79200000000,77946002422,77946002969,547
75600000000,79200000000,77946002969,77946002998,29
75600000000,79200000000,77946002998,77947017393,1014395
75600000000,79200000000,77947017393,77952980744,5963351
75600000000,79200000000,77952980744,77954584596,1603852
75600000000,79200000000,77954584596,77961666574,7081978
75600000000,79200000000,77961666574,77962498228,831654
75600000000,79200000000,77962498228,77962498231,3
75600000000,79200000000,77962498231,77964915260,2417029
75600000000,79200000000,77964915260,77966594164,1678904
75600000000,79200000000,77966594164,77966611367,17203
75600000000,79200000000,77966611367,77966638390,27023
75600000000,79200000000,77966638390,77966649734,11344
75600000000,79200000000,77966649734,77967605642,955908
75600000000,79200000000,77967605642,77968494223,888581
75600000000,79200000000,77968494223,77968494227,4
75600000000,79200000000,77968494227,77968494228,1
75600000000,79200000000,77968494228,77968494349,121
75600000000,79200000000,77968494349,77968494368,19
75600000000,79200000000,77968494368,77968494392,24
75600000000,79200000000,77968494392,77968494396,4
75600000000,79200000000,77968494396,77968494397,1
75600000000,79200000000,77968494397,77968494398,1
75600000000,79200000000,77968494398,77968526484,32086
75600000000,79200000000,77968526484,77970212929,1686445
75600000000,79200000000,77970212929,77970212972,43
75600000000,79200000000,77970212972,77970213015,43
75600000000,79200000000,77970213015,77970213123,108
75600000000,79200000000,77970213123,77970213144,21
75600000000,79200000000,77970213144,77974583079,4369935
75600000000,79200000000,77974583079,77984416393,9833314
75600000000,79200000000,77984416393,77984420624,4231
75600000000,79200000000,77984420624,77984429359,8735
75600000000,79200000000,77984429359,77984431557,2198
75600000000,79200000000,77984431557,77984433621,2064
75600000000,79200000000,77984433621,77984438565,4944
75600000000,79200000000,77984438565,77984440085,1520
75600000000,79200000000,77984440085,77984443779,3694
75600000000,79200000000,77984443779,77984445831,2052
75600000000,79200000000,77984445831,77984449753,3922
75600000000,79200000000,77984449753,77984451849,2096
75600000000,79200000000,77984451849,77984454824,2975
75600000000,79200000000,77984454824,77984456765,1941
75600000000,79200000000,77984456765,77984460454,3689
75600000000,79200000000,77984460454,77984462839,2385
75600000000,79200000000,77984462839,77984466953,4114
75600000000,79200000000,77984466953,77984469337,2384
75600000000,79200000000,77984469337,77986014517,1545180
75600000000,79200000000,77986014517,77986033947,19430
75600000000,79200000000,77986033947,77986783918,749971
75600000000,79200000000,77986783918,77986783922,4
75600000000,79200000000,77986783922,77986783980,58
75600000000,79200000000,77986783980,77986784021,41
75600000000,79200000000,77986784021,77986784055,34
75600000000,79200000000,77986784055,77986784059,4
75600000000,79200000000,77986784059,77986784131,72
75600000000,79200000000,77986784131,77986784186,55
75600000000,79200000000,77986784186,77986784228,42
75600000000,79200000000,77986784228,77986784262,34
75600000000,79200000000,77986784262,77986784311,49
75600000000,79200000000,77986784311,77986784345,34
75600000000,79200000000,77986784345,77986784379,34
75600000000,79200000000,77986784379,77986784421,42
75600000000,79200000000,77986784421,77986784455,34
75600000000,79200000000,77986784455,77986784505,50
75600000000,79200000000,77986784505,77986784558,53
75600000000,79200000000,77986784558,77986784581,23
75600000000,79200000000,77986784581,77986784585,4
75600000000,79200000000,77986784585,77986784586,1
75600000000,79200000000,77986784586,77986784587,1
75600000000,79200000000,77986784587,77986784606,19
75600000000,79200000000,77986784606,77988380253,1595647
75600000000,79200000000,77988380253,77988380416,163
75600000000,79200000000,77988380416,77988380589,173
75600000000,79200000000,77988380589,77988380614,25
75600000000,79200000000,77988380614,77988380811,197
75600000000,79200000000,77988380811,77988380815,4
75600000000,79200000000,77988380815,77988380890,75
75600000000,79200000000,77988380890,77988425060,44170
75600000000,79200000000,77988425060,77988425076,16
75600000000,79200000000,77988425076,77989259424,834348
75600000000,79200000000,77989259424,77989272414,12990
75600000000,79200000000,77989272414,77989294085,21671
75600000000,79200000000,77989294085,77990810200,1516115
75600000000,79200000000,77990810200,77990810268,68
75600000000,79200000000,77990810268,77990830095,19827
75600000000,79200000000,77990830095,77991693980,863885
75600000000,79200000000,77991693980,77992061285,367305
75600000000,79200000000,77992061285,77992061364,79
75600000000,79200000000,77992061364,77992061371,7
75600000000,79200000000,77992061371,77992999914,938543
75600000000,79200000000,77992999914,77993766560,766646
75600000000,79200000000,77993766560,77993786459,19899
75600000000,79200000000,77993786459,77995393949,1607490
75600000000,79200000000,77995393949,77995468610,74661
75600000000,79200000000,77995468610,77997061590,1592980
75600000000,79200000000,77997061590,77997896532,834942
75600000000,79200000000,77997896532,78001746559,3850027
75600000000,79200000000,78001746559,78007230814,5484255
75600000000,79200000000,78007230814,78008141026,910212
75600000000,79200000000,78008141026,78009043897,902871
75600000000,79200000000,78009043897,78009043926,29
75600000000,79200000000,78009043926,78009043932,6
75600000000,79200000000,78009043932,78010026457,982525
75600000000,79200000000,78010026457,78010090823,64366
75600000000,79200000000,78010090823,78012719444,2628621
75600000000,79200000000,78012719444,78013922109,1202665
75600000000,79200000000,78013922109,78013922113,4
75600000000,79200000000,78013922113,78015768532,1846419
75600000000,79200000000,78015768532,78015771052,2520
75600000000,79200000000,78015771052,78015774070,3018
75600000000,79200000000,78015774070,78016676082,902012
75600000000,79200000000,78016676082,78017530288,854206
75600000000,79200000000,78017530288,78017530445,157
75600000000,79200000000,78017530445,78017530450,5
75600000000,79200000000,78017530450,78018487285,956835
75600000000,79200000000,78018487285,78018487322,37
75600000000,79200000000,78018487322,78018487349,27
75600000000,79200000000,78018487349,78019374537,887188
75600000000,79200000000,78019374537,78025293748,5919211
75600000000,79200000000,78025293748,78026104745,810997
75600000000,79200000000,78026104745,78028054329,1949584
75600000000,79200000000,78028054329,78028337576,283247
75600000000,79200000000,78028337576,78029122920,785344
75600000000,79200000000,78029122920,78030833073,1710153
75600000000,79200000000,78030833073,78033739525,2906452
75600000000,79200000000,78033739525,78034656194,916669
75600000000,79200000000,78034656194,78034660601,4407
75600000000,79200000000,78034660601,78034663610,3009
75600000000,79200000000,78034663610,78034665786,2176
75600000000,79200000000,78034665786,78034668446,2660
75600000000,79200000000,78034668446,78034670857,2411
75600000000,79200000000,78034670857,78034673174,2317
75600000000,79200000000,78034673174,78034675515,2341
75600000000,79200000000,78034675515,78034678187,2672
75600000000,79200000000,78034678187,78034682487,4300
75600000000,79200000000,78034682487,78034684533,2046
75600000000,79200000000,78034684533,78034686960,2427
75600000000,79200000000,78034686960,78035580726,893766
75600000000,79200000000,78035580726,78036808803,1228077
75600000000,79200000000,78036808803,78036808827,24
75600000000,79200000000,78036808827,78036808861,34
75600000000,79200000000,78036808861,78036808914,53
75600000000,79200000000,78036808914,78036808949,35
75600000000,79200000000,78036808949,78036808980,31
75600000000,79200000000,78036808980,78036809011,31
75600000000,79200000000,78036809011,78036809088,77
75600000000,79200000000,78036809088,78036809129,41
75600000000,79200000000,78036809129,78036809140,11
75600000000,79200000000,78036809140,78036809170,30
75600000000,79200000000,78036809170,78036809186,16
75600000000,79200000000,78036809186,78036843604,34418
75600000000,79200000000,78036843604,78036856056,12452
75600000000,79200000000,78036856056,78036856060,4
75600000000,79200000000,78036856060,78038580234,1724174
75600000000,79200000000,78038580234,78038783867,203633
75600000000,79200000000,78038783867,78040585950,1802083
75600000000,79200000000,78040585950,78040585952,2
75600000000,79200000000,78040585952,78042233983,1648031
75600000000,79200000000,78042233983,78045333780,3099797
75600000000,79200000000,78045333780,78047503715,2169935
75600000000,79200000000,78047503715,78047538700,34985
75600000000,79200000000,78047538700,78047538747,47
75600000000,79200000000,78047538747,78047538752,5
75600000000,79200000000,78047538752,78049681864,2143112
75600000000,79200000000,78049681864,78051301573,1619709
75600000000,79200000000,78051301573,78052257252,955679
75600000000,79200000000,78052257252,78054337058,2079806
75600000000,79200000000,78054337058,78054342378,5320
75600000000,79200000000,78054342378,78054347526,5148
75600000000,79200000000,78054347526,78055094049,746523
75600000000,79200000000,78055094049,78055094228,179
75600000000,79200000000,78055094228,78055094233,5
75600000000,79200000000,78055094233,78055094242,9
75600000000,79200000000,78055094242,78056046452,952210
75600000000,79200000000,78056046452,78056046455,3
75600000000,79200000000,78056046455,78056046584,129
75600000000,79200000000,78056046584,78056046628,44
75600000000,79200000000,78056046628,78058144097,2097469
75600000000,79200000000,78058144097,78059072787,928690
75600000000,79200000000,78059072787,78059988684,915897
75600000000,79200000000,78059988684,78059988759,75
75600000000,79200000000,78059988759,78059989013,254
75600000000,79200000000,78059989013,78059989022,9
75600000000,79200000000,78059989022,78064489117,4500095
75600000000,79200000000,78064489117,78065813924,1324807
75600000000,79200000000,78065813924,78067726153,1912229
75600000000,79200000000,78067726153,78069464148,1737995
75600000000,79200000000,78069464148,78069630023,165875
75600000000,79200000000,78069630023,78072466654,2836631
75600000000,79200000000,78072466654,78073244882,778228
75600000000,79200000000,78073244882,78073244918,36
75600000000,79200000000,78073244918,78075225109,1980191
75600000000,79200000000,78075225109,78075329885,104776
75600000000,79200000000,78075329885,78075330270,385
75600000000,79200000000,78075330270,78078229236,2898966
75600000000,79200000000,78078229236,78078229357,121
75600000000,79200000000,78078229357,78078229362,5
75600000000,79200000000,78078229362,78078229375,13
75600000000,79200000000,78078229375,78079358034,1128659
75600000000,79200000000,78079358034,78083905937,4547903
75600000000,79200000000,78083905937,78085838952,1933015
75600000000,79200000000,78085838952,78086639521,800569
75600000000,79200000000,78086639521,78087904226,1264705
75600000000,79200000000,78087904226,78087904306,80
75600000000,79200000000,78087904306,78090508549,2604243
75600000000,79200000000,78090508549,78090518364,9815
75600000000,79200000000,78090518364,78090538788,20424
75600000000,79200000000,78090538788,78090551715,12927
75600000000,79200000000,78090551715,78091777503,1225788
75600000000,79200000000,78091777503,78091777540,37
75600000000,79200000000,78091777540,78091777545,5
75600000000,79200000000,78091777545,78092675856,898311
75600000000,79200000000,78092675856,78092675859,3
75600000000,79200000000,78092675859,78093574452,898593
75600000000,79200000000,78093574452,78094536521,962069
75600000000,79200000000,78094536521,78096236718,1700197
75600000000,79200000000,78096236718,78098122884,1886166
75600000000,79200000000,78098122884,78098122889,5
75600000000,79200000000,78098122889,78098122890,1
75600000000,79200000000,78098122890,78098122891,1
75600000000,79200000000,78098122891,78098122927,36
75600000000,79200000000,78098122927,78098122951,24
75600000000,79200000000,78098122951,78098122954,3
75600000000,79200000000,78098122954,78098123531,577
75600000000,79200000000,78098123531,78105311114,7187583
75600000000,79200000000,78105311114,78106129577,818463
75600000000,79200000000,78106129577,78107022734,893157
75600000000,79200000000,78107022734,78107022892,158
75600000000,79200000000,78107022892,78107022914,22
75600000000,79200000000,78107022914,78108339459,1316545
75600000000,79200000000,78108339459,78111682175,3342716
75600000000,79200000000,78111682175,78116119033,4436858
75600000000,79200000000,78116119033,78116140619,21586
75600000000,79200000000,78116140619,78119382954,3242335
75600000000,79200000000,78119382954,78122409081,3026127
75600000000,79200000000,78122409081,78122409126,45
75600000000,79200000000,78122409126,78122409614,488
75600000000,79200000000,78122409614,78138902301,16492687
75600000000,79200000000,78138902301,78144999441,6097140
75600000000,79200000000,78144999441,78145013348,13907
75600000000,79200000000,78145013348,78145015678,2330
75600000000,79200000000,78145015678,78145017382,1704
75600000000,79200000000,78145017382,78149939140,4921758
75600000000,79200000000,78149939140,78149939145,5
75600000000,79200000000,78149939145,78149939146,1
75600000000,79200000000,78149939146,78149939147,1
75600000000,79200000000,78149939147,78149939247,100
75600000000,79200000000,78149939247,78149939280,33
75600000000,79200000000,78149939280,78149939283,3
75600000000,79200000000,78149939283,78149939315,32
75600000000,79200000000,78149939315,78149939318,3
75600000000,79200000000,78149939318,78150014469,75151
75600000000,79200000000,78150014469,78151094433,1079964
75600000000,79200000000,78151094433,78151094448,15
75600000000,79200000000,78151094448,78152242959,1148511
75600000000,79200000000,78152242959,78152243319,360
75600000000,79200000000,78152243319,78152244566,1247
75600000000,79200000000,78152244566,78152244584,18
75600000000,79200000000,78152244584,78152244595,11
75600000000,79200000000,78152244595,78153759998,1515403
75600000000,79200000000,78153759998,78153760385,387
75600000000,79200000000,78153760385,78153762030,1645
75600000000,79200000000,78153762030,78153762035,5
75600000000,79200000000,78153762035,78153762116,81
75600000000,79200000000,78153762116,78154858631,1096515
75600000000,79200000000,78154858631,78154858658,27
75600000000,79200000000,78154858658,78154858663,5
75600000000,79200000000,78154858663,78156487913,1629250
75600000000,79200000000,78156487913,78156487952,39
75600000000,79200000000,78156487952,78156487957,5
75600000000,79200000000,78156487957,78156487962,5
75600000000,79200000000,78156487962,78162224738,5736776
75600000000,79200000000,78162224738,78164657469,2432731
75600000000,79200000000,78164657469,78164664557,7088
75600000000,79200000000,78164664557,78164667480,2923
75600000000,79200000000,78164667480,78164670183,2703
75600000000,79200000000,78164670183,78167945939,3275756
75600000000,79200000000,78167945939,78167946504,565
75600000000,79200000000,78167946504,78167950585,4081
75600000000,79200000000,78167950585,78167951500,915
75600000000,79200000000,78167951500,78169108958,1157458
75600000000,79200000000,78169108958,78171062074,1953116
75600000000,79200000000,78171062074,78172856612,1794538
75600000000,79200000000,78172856612,78174806011,1949399
75600000000,79200000000,78174806011,78174806420,409
75600000000,79200000000,78174806420,78175889501,1083081
75600000000,79200000000,78175889501,78175890159,658
75600000000,79200000000,78175890159,78175890196,37
75600000000,79200000000,78175890196,78175890201,5
75600000000,79200000000,78175890201,78178276389,2386188
75600000000,79200000000,78178276389,78183246016,4969627
75600000000,79200000000,78183246016,78183251832,5816
75600000000,79200000000,78183251832,78183257176,5344
75600000000,79200000000,78183257176,78184249489,992313
75600000000,79200000000,78184249489,78186359483,2109994
75600000000,79200000000,78186359483,78186359486,3
75600000000,79200000000,78186359486,78186359549,63
75600000000,79200000000,78186359549,78186359554,5
75600000000,79200000000,78186359554,78186359692,138
75600000000,79200000000,78186359692,78189603593,3243901
75600000000,79200000000,78189603593,78189603615,22
75600000000,79200000000,78189603615,78189607406,3791
75600000000,79200000000,78189607406,78194510860,4903454
75600000000,79200000000,78194510860,78194511003,143
75600000000,79200000000,78194511003,78194511006,3
75600000000,79200000000,78194511006,78195652035,1141029
75600000000,79200000000,78195652035,78196509960,857925
75600000000,79200000000,78196509960,78198392323,1882363
75600000000,79200000000,78198392323,78200364596,1972273
75600000000,79200000000,78200364596,78201588077,1223481
75600000000,79200000000,78201588077,78201600283,12206
75600000000,79200000000,78201600283,78204299371,2699088
75600000000,79200000000,78204299371,78204299374,3
75600000000,79200000000,78204299374,78204299375,1
75600000000,79200000000,78204299375,78204299590,215
75600000000,79200000000,78204299590,78204299594,4
75600000000,79200000000,78204299594,78204322806,23212
75600000000,79200000000,78204322806,78205201578,878772
75600000000,79200000000,78205201578,78205201813,235
75600000000,79200000000,78205201813,78205207797,5984
75600000000,79200000000,78205207797,78206044448,836651
75600000000,79200000000,78206044448,78206044525,77
75600000000,79200000000,78206044525,78206044534,9
75600000000,79200000000,78206044534,78206044541,7
75600000000,79200000000,78206044541,78207045641,1001100
75600000000,79200000000,78207045641,78208089385,1043744
75600000000,79200000000,78208089385,78209027119,937734
75600000000,79200000000,78209027119,78209032884,5765
75600000000,79200000000,78209032884,78210733291,1700407
75600000000,79200000000,78210733291,78215450715,4717424
75600000000,79200000000,78215450715,78217214339,1763624
75600000000,79200000000,78217214339,78217255195,40856
75600000000,79200000000,78217255195,78218906611,1651416
75600000000,79200000000,78218906611,78218926619,20008
75600000000,79200000000,78218926619,78220675273,1748654
75600000000,79200000000,78220675273,78229555374,8880101
75600000000,79200000000,78229555374,78229561973,6599
75600000000,79200000000,78229561973,78229567114,5141
75600000000,79200000000,78229567114,78229575071,7957
75600000000,79200000000,78229575071,78229578165,3094
75600000000,79200000000,78229578165,78229580277,2112
75600000000,79200000000,78229580277,78229582461,2184
75600000000,79200000000,78229582461,78229584128,1667
75600000000,79200000000,78229584128,78229591088,6960
75600000000,79200000000,78229591088,78229593657,2569
75600000000,79200000000,78229593657,78229600080,6423
75600000000,79200000000,78229600080,78229603018,2938
75600000000,79200000000,78229603018,78230435062,832044
75600000000,79200000000,78230435062,78232161652,1726590
75600000000,79200000000,78232161652,78232161676,24
75600000000,79200000000,78232161676,78232161701,25
75600000000,79200000000,78232161701,78232161738,37
75600000000,79200000000,78232161738,78232161742,4
75600000000,79200000000,78232161742,78232161770,28
75600000000,79200000000,78232161770,78232161793,23
75600000000,79200000000,78232161793,78232161797,4
75600000000,79200000000,78232161797,78232161821,24
75600000000,79200000000,78232161821,78232161846,25
75600000000,79200000000,78232161846,78232161856,10
75600000000,79200000000,78232161856,78232163480,1624
75600000000,79200000000,78232163480,78232165124,1644
75600000000,79200000000,78232165124,78232165148,24
75600000000,79200000000,78232165148,78232297886,132738
75600000000,79200000000,78232297886,78233542268,1244382
75600000000,79200000000,78233542268,78233542458,190
75600000000,79200000000,78233542458,78233542489,31
75600000000,79200000000,78233542489,78235207573,1665084
75600000000,79200000000,78235207573,78235237921,30348
75600000000,79200000000,78235237921,78235243443,5522
75600000000,79200000000,78235243443,78237018797,1775354
75600000000,79200000000,78237018797,78237018815,18
75600000000,79200000000,78237018815,78237048925,30110
75600000000,79200000000,78237048925,78237054263,5338
75600000000,79200000000,78237054263,78237057859,3596
75600000000,79200000000,78237057859,78238813585,1755726
75600000000,79200000000,78238813585,78238813596,11
75600000000,79200000000,78238813596,78238813608,12
75600000000,79200000000,78238813608,78246129398,7315790
75600000000,79200000000,78246129398,78247992862,1863464
75600000000,79200000000,78247992862,78249016109,1023247
75600000000,79200000000,78249016109,78249052982,36873
75600000000,79200000000,78249052982,78249060389,7407
75600000000,79200000000,78249060389,78249064971,4582
75600000000,79200000000,78249064971,78249067916,2945
75600000000,79200000000,78249067916,78249070130,2214
75600000000,79200000000,78249070130,78252132804,3062674
75600000000,79200000000,78252132804,78252187476,54672
75600000000,79200000000,78252187476,78253784882,1597406
75600000000,79200000000,78253784882,78253784914,32
75600000000,79200000000,78253784914,78253784946,32
75600000000,79200000000,78253784946,78253784981,35
75600000000,79200000000,78253784981,78253784991,10
75600000000,79200000000,78253784991,78253791009,6018
75600000000,79200000000,78253791009,78253921749,130740
75600000000,79200000000,78253921749,78253923936,2187
75600000000,79200000000,78253923936,78255219861,1295925
75600000000,79200000000,78255219861,78255442062,222201
75600000000,79200000000,78255442062,78256343260,901198
75600000000,79200000000,78256343260,78258220159,1876899
75600000000,79200000000,78258220159,78258220218,59
75600000000,79200000000,78258220218,78261785161,3564943
75600000000,79200000000,78261785161,78263543508,1758347
75600000000,79200000000,78263543508,78265331604,1788096
75600000000,79200000000,78265331604,78265331631,27
75600000000,79200000000,78265331631,78265331636,5
75600000000,79200000000,78265331636,78266901621,1569985
75600000000,79200000000,78266901621,78266907161,5540
75600000000,79200000000,78266907161,78268803636,1896475
75600000000,79200000000,78268803636,78268803646,10
75600000000,79200000000,78268803646,78268831943,28297
75600000000,79200000000,78268831943,78268835693,3750
75600000000,79200000000,78268835693,78268838990,3297
75600000000,79200000000,78268838990,78269785457,946467
75600000000,79200000000,78269785457,78270674779,889322
75600000000,79200000000,78270674779,78270674811,32
75600000000,79200000000,78270674811,78270674829,18
75600000000,79200000000,78270674829,78271256088,581259
75600000000,79200000000,78271256088,78273089365,1833277
75600000000,79200000000,78273089365,78273132313,42948
75600000000,79200000000,78273132313,78273137950,5637
75600000000,79200000000,78273137950,78273140402,2452
75600000000,79200000000,78273140402,78273146204,5802
75600000000,79200000000,78273146204,78273152233,6029
75600000000,79200000000,78273152233,78273184788,32555
75600000000,79200000000,78273184788,78273187549,2761
75600000000,79200000000,78273187549,78273190594,3045
75600000000,79200000000,78273190594,78273194881,4287
75600000000,79200000000,78273194881,78273208990,14109
75600000000,79200000000,78273208990,78273212106,3116
75600000000,79200000000,78273212106,78273218834,6728
75600000000,79200000000,78273218834,78273220765,1931
75600000000,79200000000,78273220765,78273224746,3981
75600000000,79200000000,78273224746,78275801033,2576287
75600000000,79200000000,78275801033,78278049786,2248753
75600000000,79200000000,78278049786,78278049790,4
75600000000,79200000000,78278049790,78278049791,1
75600000000,79200000000,78278049791,78278049879,88
75600000000,79200000000,78278049879,78278049882,3
75600000000,79200000000,78278049882,78278049883,1
75600000000,79200000000,78278049883,78278049923,40
75600000000,79200000000,78278049923,78278049927,4
75600000000,79200000000,78278049927,78278049928,1
75600000000,79200000000,78278049928,78278050051,123
75600000000,79200000000,78278050051,78278050076,25
75600000000,79200000000,78278050076,78278050113,37
75600000000,79200000000,78278050113,78278050117,4
75600000000,79200000000,78278050117,78278050118,1
75600000000,79200000000,78278050118,78278050119,1
75600000000,79200000000,78278050119,78278050354,235
75600000000,79200000000,78278050354,78278050358,4
75600000000,79200000000,78278050358,78278050359,1
75600000000,79200000000,78278050359,78278050360,1
75600000000,79200000000,78278050360,78278050583,223
75600000000,79200000000,78278050583,78278050627,44
75600000000,79200000000,78278050627,78278050630,3
75600000000,79200000000,78278050630,78278050668,38
75600000000,79200000000,78278050668,78278050708,40
75600000000,79200000000,78278050708,78278050711,3
75600000000,79200000000,78278050711,78278050778,67
75600000000,79200000000,78278050778,78278050781,3
75600000000,79200000000,78278050781,78278096608,45827
75600000000,79200000000,78278096608,78279859254,1762646
75600000000,79200000000,78279859254,78282594999,2735745
75600000000,79200000000,78282594999,78282595471,472
75600000000,79200000000,78282595471,78282596621,1150
75600000000,79200000000,78282596621,78282596944,323
75600000000,79200000000,78282596944,78282596971,27
75600000000,79200000000,78282596971,78282599457,2486
75600000000,79200000000,78282599457,78282599617,160
75600000000,79200000000,78282599617,78282605368,5751
75600000000,79200000000,78282605368,78282605531,163
75600000000,79200000000,78282605531,78282605882,351
75600000000,79200000000,78282605882,78282611648,5766
75600000000,79200000000,78282611648,78282611659,11
75600000000,79200000000,78282611659,78282611671,12
75600000000,79200000000,78282611671,78282611689,18
75600000000,79200000000,78282611689,78285534783,2923094
75600000000,79200000000,78285534783,78285544969,10186
75600000000,79200000000,78285544969,78286484833,939864
75600000000,79200000000,78286484833,78286484850,17
75600000000,79200000000,78286484850,78286484867,17
75600000000,79200000000,78286484867,78286484884,17
75600000000,79200000000,78286484884,78286521900,37016
75600000000,79200000000,78286521900,78287730402,1208502
75600000000,79200000000,78287730402,78287730413,11
75600000000,79200000000,78287730413,78288602452,872039
75600000000,79200000000,78288602452,78288665027,62575
75600000000,79200000000,78288665027,78288665636,609
75600000000,79200000000,78288665636,78290091382,1425746
75600000000,79200000000,78290091382,78291149274,1057892
75600000000,79200000000,78291149274,78291149293,19
75600000000,79200000000,78291149293,78292125094,975801
75600000000,79200000000,78292125094,78292132370,7276
75600000000,79200000000,78292132370,78292138276,5906
75600000000,79200000000,78292138276,78292141294,3018
75600000000,79200000000,78292141294,78292148023,6729
75600000000,79200000000,78292148023,78292153464,5441
75600000000,79200000000,78292153464,78296158602,4005138
75600000000,79200000000,78296158602,78296158605,3
75600000000,79200000000,78296158605,78296158606,1
75600000000,79200000000,78296158606,78296158665,59
75600000000,79200000000,78296158665,78296158668,3
75600000000,79200000000,78296158668,78296158669,1
75600000000,79200000000,78296158669,78296159252,583
75600000000,79200000000,78296159252,78296159473,221
75600000000,79200000000,78296159473,78296159646,173
75600000000,79200000000,78296159646,78296165184,5538
75600000000,79200000000,78296165184,78299665228,3500044
75600000000,79200000000,78299665228,78300644760,979532
75600000000,79200000000,78300644760,78300645079,319
75600000000,79200000000,78300645079,78300645122,43
75600000000,79200000000,78300645122,78300661349,16227
75600000000,79200000000,78300661349,78302309049,1647700
75600000000,79200000000,78302309049,78302309076,27
75600000000,79200000000,78302309076,78302309081,5
75600000000,79200000000,78302309081,78302309320,239
75600000000,79200000000,78302309320,78302309371,51
75600000000,79200000000,78302309371,78303401593,1092222
75600000000,79200000000,78303401593,78308197825,4796232
75600000000,79200000000,78308197825,78308198792,967
75600000000,79200000000,78308198792,78308198807,15
75600000000,79200000000,78308198807,78314921807,6723000
75600000000,79200000000,78314921807,78314926947,5140
75600000000,79200000000,78314926947,78314942161,15214
75600000000,79200000000,78314942161,78314958907,16746
75600000000,79200000000,78314958907,78314984983,26076
75600000000,79200000000,78314984983,78315016336,31353
75600000000,79200000000,78315016336,78315030530,14194
75600000000,79200000000,78315030530,78319289364,4258834
75600000000,79200000000,78319289364,78320169647,880283
75600000000,79200000000,78320169647,78320169650,3
75600000000,79200000000,78320169650,78320169687,37
75600000000,79200000000,78320169687,78320169740,53
75600000000,79200000000,78320169740,78320169743,3
75600000000,79200000000,78320169743,78320169772,29
75600000000,79200000000,78320169772,78320169776,4
75600000000,79200000000,78320169776,78320169777,1
75600000000,79200000000,78320169777,78320169778,1
75600000000,79200000000,78320169778,78320169929,151
75600000000,79200000000,78320169929,78320169932,3
75600000000,79200000000,78320169932,78320170075,143
75600000000,79200000000,78320170075,78320170078,3
75600000000,79200000000,78320170078,78323051525,2881447
75600000000,79200000000,78323051525,78323051878,353
75600000000,79200000000,78323051878,78323051993,115
75600000000,79200000000,78323051993,78323052005,12
75600000000,79200000000,78323052005,78323054590,2585
75600000000,79200000000,78323054590,78323057779,3189
75600000000,79200000000,78323057779,78323058200,421
75600000000,79200000000,78323058200,78323058403,203
75600000000,79200000000,78323058403,78323288007,229604
75600000000,79200000000,78323288007,78323291128,3121
75600000000,79200000000,78323291128,78323291208,80
75600000000,79200000000,78323291208,78323304970,13762
75600000000,79200000000,78323304970,78326204721,2899751
75600000000,79200000000,78326204721,78327374107,1169386
75600000000,79200000000,78327374107,78330817926,3443819
75600000000,79200000000,78330817926,78332203392,1385466
75600000000,79200000000,78332203392,78333382301,1178909
75600000000,79200000000,78333382301,78334509031,1126730
75600000000,79200000000,78334509031,78336688743,2179712
75600000000,79200000000,78336688743,78339831268,3142525
75600000000,79200000000,78339831268,78339843788,12520
75600000000,79200000000,78339843788,78339860424,16636
75600000000,79200000000,78339860424,78343417216,3556792
75600000000,79200000000,78343417216,78343417219,3
75600000000,79200000000,78343417219,78343417248,29
75600000000,79200000000,78343417248,78343417252,4
75600000000,79200000000,78343417252,78343417260,8
75600000000,79200000000,78343417260,78345858712,2441452
75600000000,79200000000,78345858712,78345859415,703
75600000000,79200000000,78345859415,78348107943,2248528
75600000000,79200000000,78348107943,78349235185,1127242
75600000000,79200000000,78349235185,78350302683,1067498
75600000000,79200000000,78350302683,78350358151,55468
75600000000,79200000000,78350358151,78350358153,2
75600000000,79200000000,78350358153,78352770596,2412443
75600000000,79200000000,78352770596,78353381769,611173
75600000000,79200000000,78353381769,78355488171,2106402
75600000000,79200000000,78355488171,78361402959,5914788
75600000000,79200000000,78361402959,78361410749,7790
75600000000,79200000000,78361410749,78361415340,4591
75600000000,79200000000,78361415340,78361424158,8818
75600000000,79200000000,78361424158,78361431718,7560
75600000000,79200000000,78361431718,78361434242,2524
75600000000,79200000000,78361434242,78361439171,4929
75600000000,79200000000,78361439171,78361441464,2293
75600000000,79200000000,78361441464,78361447929,6465
75600000000,79200000000,78361447929,78361457118,9189
75600000000,79200000000,78361457118,78361467682,10564
75600000000,79200000000,78361467682,78361470075,2393
75600000000,79200000000,78361470075,78361475034,4959
75600000000,79200000000,78361475034,78365560108,4085074
75600000000,79200000000,78365560108,78366450773,890665
75600000000,79200000000,78366450773,78366450777,4
75600000000,79200000000,78366450777,78366450778,1
75600000000,79200000000,78366450778,78366450779,1
75600000000,79200000000,78366450779,78366450911,132
75600000000,79200000000,78366450911,78366450915,4
75600000000,79200000000,78366450915,78366450916,1
75600000000,79200000000,78366450916,78366450917,1
75600000000,79200000000,78366450917,78366451064,147
75600000000,79200000000,78366451064,78366451082,18
75600000000,79200000000,78366451082,78366451132,50
75600000000,79200000000,78366451132,78366451135,3
75600000000,79200000000,78366451135,78366451160,25
75600000000,79200000000,78366451160,78366451164,4
75600000000,79200000000,78366451164,78366451165,1
75600000000,79200000000,78366451165,78366451166,1
75600000000,79200000000,78366451166,78366451298,132
75600000000,79200000000,78366451298,78366451302,4
75600000000,79200000000,78366451302,78366451317,15
75600000000,79200000000,78366451317,78366451341,24
75600000000,79200000000,78366451341,78366451366,25
75600000000,79200000000,78366451366,78366451474,108
75600000000,79200000000,78366451474,78366454029,2555
75600000000,79200000000,78366454029,78366454047,18
75600000000,79200000000,78366454047,78367768683,1314636
75600000000,79200000000,78367768683,78367769205,522
75600000000,79200000000,78367769205,78367769258,53
75600000000,79200000000,78367769258,78371487605,3718347
75600000000,79200000000,78371487605,78371487806,201
75600000000,79200000000,78371487806,78371487952,146
75600000000,79200000000,78371487952,78371490619,2667
75600000000,79200000000,78371490619,78371493213,2594
75600000000,79200000000,78371493213,78371493382,169
75600000000,79200000000,78371493382,78371493432,50
75600000000,79200000000,78371493432,78371495962,2530
75600000000,79200000000,78371495962,78371496524,562
75600000000,79200000000,78371496524,78371496541,17
75600000000,79200000000,78371496541,78371496558,17
75600000000,79200000000,78371496558,78371496575,17
75600000000,79200000000,78371496575,78372722199,1225624
75600000000,79200000000,78372722199,78372726195,3996
75600000000,79200000000,78372726195,78372731786,5591
75600000000,79200000000,78372731786,78374051983,1320197
75600000000,79200000000,78374051983,78374106242,54259
75600000000,79200000000,78374106242,78377154856,3048614
75600000000,79200000000,78377154856,78377154894,38
75600000000,79200000000,78377154894,78377154911,17
75600000000,79200000000,78377154911,78378581575,1426664
75600000000,79200000000,78378581575,78378581592,17
75600000000,79200000000,78378581592,78383955534,5373942
75600000000,79200000000,78383955534,78384372457,416923
75600000000,79200000000,78384372457,78385936968,1564511
75600000000,79200000000,78385936968,78385946060,9092
75600000000,79200000000,78385946060,78385951616,5556
75600000000,79200000000,78385951616,78385959984,8368
75600000000,79200000000,78385959984,78385967205,7221
75600000000,79200000000,78385967205,78385987434,20229
75600000000,79200000000,78385987434,78385999352,11918
75600000000,79200000000,78385999352,78386928776,929424
75600000000,79200000000,78386928776,78386959183,30407
75600000000,79200000000,78386959183,78386959234,51
75600000000,79200000000,78386959234,78386959240,6
75600000000,79200000000,78386959240,78386959683,443
75600000000,79200000000,78386959683,78386959686,3
75600000000,79200000000,78386959686,78390090040,3130354
75600000000,79200000000,78390090040,78391989022,1898982
75600000000,79200000000,78391989022,78391989026,4
75600000000,79200000000,78391989026,78391989027,1
75600000000,79200000000,78391989027,78391989028,1
75600000000,79200000000,78391989028,78391989159,131
75600000000,79200000000,78391989159,78391989163,4
75600000000,79200000000,78391989163,78391989164,1
75600000000,79200000000,78391989164,78391989280,116
75600000000,79200000000,78391989280,78391989284,4
75600000000,79200000000,78391989284,78391989285,1
75600000000,79200000000,78391989285,78391989286,1
75600000000,79200000000,78391989286,78391989429,143
75600000000,79200000000,78391989429,78391989463,34
75600000000,79200000000,78391989463,78391989655,192
75600000000,79200000000,78391989655,78391992269,2614
75600000000,79200000000,78391992269,78394028754,2036485
75600000000,79200000000,78394028754,78394066007,37253
75600000000,79200000000,78394066007,78398490281,4424274
75600000000,79200000000,78398490281,78398490462,181
75600000000,79200000000,78398490462,78398490637,175
75600000000,79200000000,78398490637,78398493197,2560
75600000000,79200000000,78398493197,78398495324,2127
75600000000,79200000000,78398495324,78398495496,172
75600000000,79200000000,78398495496,78398498132,2636
75600000000,79200000000,78398498132,78402832663,4334531
75600000000,79200000000,78402832663,78407018385,4185722
75600000000,79200000000,78407018385,78407019088,703
75600000000,79200000000,78407019088,78408450824,1431736
75600000000,79200000000,78408450824,78409596468,1145644
75600000000,79200000000,78409596468,78410823886,1227418
75600000000,79200000000,78410823886,78410826727,2841
75600000000,79200000000,78410826727,78410832191,5464
75600000000,79200000000,78410832191,78414133821,3301630
75600000000,79200000000,78414133821,78414133852,31
75600000000,79200000000,78414133852,78414133863,11
75600000000,79200000000,78414133863,78414228628,94765
75600000000,79200000000,78414228628,78414233253,4625
75600000000,79200000000,78414233253,78414233272,19
75600000000,79200000000,78414233272,78415685048,1451776
75600000000,79200000000,78415685048,78415685052,4
75600000000,79200000000,78415685052,78415685053,1
75600000000,79200000000,78415685053,78415685085,32
75600000000,79200000000,78415685085,78415685204,119
75600000000,79200000000,78415685204,78415688674,3470
75600000000,79200000000,78415688674,78417590504,1901830
75600000000,79200000000,78417590504,78417590665,161
75600000000,79200000000,78417590665,78417590676,11
75600000000,79200000000,78417590676,78419724534,2133858
75600000000,79200000000,78419724534,78419732231,7697
75600000000,79200000000,78419732231,78420030002,297771
75600000000,79200000000,78420030002,78420030188,186
75600000000,79200000000,78420030188,78420030207,19
75600000000,79200000000,78420030207,78431896278,11866071
75600000000,79200000000,78431896278,78433179226,1282948
75600000000,79200000000,78433179226,78434352315,1173089
75600000000,79200000000,78434352315,78434405210,52895
75600000000,79200000000,78434405210,78435427616,1022406
75600000000,79200000000,78435427616,78436618822,1191206
75600000000,79200000000,78436618822,78436701043,82221
75600000000,79200000000,78436701043,78442543241,5842198
75600000000,79200000000,78442543241,78442543518,277
75600000000,79200000000,78442543518,78443624687,1081169
75600000000,79200000000,78443624687,78443696430,71743
75600000000,79200000000,78443696430,78444930147,1233717
75600000000,79200000000,78444930147,78447286953,2356806
75600000000,79200000000,78447286953,78448284479,997526
75600000000,79200000000,78448284479,78449335910,1051431
75600000000,79200000000,78449335910,78452968823,3632913
75600000000,79200000000,78452968823,78452979214,10391
75600000000,79200000000,78452979214,78452986191,6977
75600000000,79200000000,78452986191,78453999171,1012980
75600000000,79200000000,78453999171,78453999176,5
75600000000,79200000000,78453999176,78454039854,40678
75600000000,79200000000,78454039854,78455201278,1161424
75600000000,79200000000,78455201278,78456247493,1046215
75600000000,79200000000,78456247493,78456247497,4
75600000000,79200000000,78456247497,78456247498,1
75600000000,79200000000,78456247498,78456247499,1
75600000000,79200000000,78456247499,78456247631,132
75600000000,79200000000,78456247631,78456247635,4
75600000000,79200000000,78456247635,78456247669,34
75600000000,79200000000,78456247669,78456247870,201
75600000000,79200000000,78456247870,78457348379,1100509
75600000000,79200000000,78457348379,78458303437,955058
75600000000,79200000000,78458303437,78458303576,139
75600000000,79200000000,78458303576,78458306194,2618
75600000000,79200000000,78458306194,78458306350,156
75600000000,79200000000,78458306350,78458306368,18
75600000000,79200000000,78458306368,78459333390,1027022
75600000000,79200000000,78459333390,78463653573,4320183
75600000000,79200000000,78463653573,78465529095,1875522
75600000000,79200000000,78465529095,78466507986,978891
75600000000,79200000000,78466507986,78466514317,6331
75600000000,79200000000,78466514317,78468403762,1889445
75600000000,79200000000,78468403762,78468403780,18
75600000000,79200000000,78468403780,78468403784,4
75600000000,79200000000,78468403784,78469441188,1037404
75600000000,79200000000,78469441188,78469441192,4
75600000000,79200000000,78469441192,78470452444,1011252
75600000000,79200000000,78470452444,78482908056,12455612
75600000000,79200000000,78482908056,78485092838,2184782
75600000000,79200000000,78485092838,78485132370,39532
75600000000,79200000000,78485132370,78485143972,11602
75600000000,79200000000,78485143972,78486962118,1818146
75600000000,79200000000,78486962118,78486962123,5
75600000000,79200000000,78486962123,78486962124,1
75600000000,79200000000,78486962124,78486962125,1
75600000000,79200000000,78486962125,78487048118,85993
75600000000,79200000000,78487048118,78487917864,869746
75600000000,79200000000,78487917864,78487918028,164
75600000000,79200000000,78487918028,78487920877,2849
75600000000,79200000000,78487920877,78489883213,1962336
75600000000,79200000000,78489883213,78489895106,11893
75600000000,79200000000,78489895106,78491700406,1805300
75600000000,79200000000,78491700406,78491734633,34227
75600000000,79200000000,78491734633,78491734688,55
75600000000,79200000000,78491734688,78491734695,7
75600000000,79200000000,78491734695,78493743798,2009103
75600000000,79200000000,78493743798,78495788894,2045096
75600000000,79200000000,78495788894,78496717713,928819
75600000000,79200000000,78496717713,78496718720,1007
75600000000,79200000000,78496718720,78496718730,10
75600000000,79200000000,78496718730,78496718802,72
75600000000,79200000000,78496718802,78498154252,1435450
75600000000,79200000000,78498154252,78498154815,563
75600000000,79200000000,78498154815,78498307314,152499
75600000000,79200000000,78498307314,78498307351,37
75600000000,79200000000,78498307351,78498307356,5
75600000000,79200000000,78498307356,78499280855,973499
75600000000,79200000000,78499280855,78504903420,5622565
75600000000,79200000000,78504903420,78508090956,3187536
75600000000,79200000000,78508090956,78508105407,14451
75600000000,79200000000,78508105407,78508210711,105304
75600000000,79200000000,78508210711,78510022898,1812187
75600000000,79200000000,78510022898,78510022902,4
75600000000,79200000000,78510022902,78510022903,1
75600000000,79200000000,78510022903,78510023024,121
75600000000,79200000000,78510023024,78510023028,4
75600000000,79200000000,78510023028,78510023059,31
75600000000,79200000000,78510023059,78510023063,4
75600000000,79200000000,78510023063,78510023064,1
75600000000,79200000000,78510023064,78510023065,1
75600000000,79200000000,78510023065,78510047215,24150
75600000000,79200000000,78510047215,78511801572,1754357
75600000000,79200000000,78511801572,78511802043,471
75600000000,79200000000,78511802043,78511802053,10
75600000000,79200000000,78511802053,78511802069,16
75600000000,79200000000,78511802069,78512847301,1045232
75600000000,79200000000,78512847301,78512849455,2154
75600000000,79200000000,78512849455,78512849944,489
75600000000,79200000000,78512849944,78512850112,168
75600000000,79200000000,78512850112,78512852562,2450
75600000000,79200000000,78512852562,78512852579,17
75600000000,79200000000,78512852579,78513090257,237678
75600000000,79200000000,78513090257,78513090447,190
75600000000,79200000000,78513090447,78513090452,5
75600000000,79200000000,78513090452,78513090457,5
75600000000,79200000000,78513090457,78514185574,1095117
75600000000,79200000000,78514185574,78514201637,16063
75600000000,79200000000,78514201637,78516036801,1835164
75600000000,79200000000,78516036801,78522734455,6697654
75600000000,79200000000,78522734455,78522734793,338
75600000000,79200000000,78522734793,78522734799,6
75600000000,79200000000,78522734799,78522734831,32
75600000000,79200000000,78522734831,78525680622,2945791
75600000000,79200000000,78525680622,78525681056,434
75600000000,79200000000,78525681056,78525681066,10
75600000000,79200000000,78525681066,78525681088,22
75600000000,79200000000,78525681088,78528060978,2379890
75600000000,79200000000,78528060978,78528959043,898065
75600000000,79200000000,78528959043,78528972005,12962
75600000000,79200000000,78528972005,78529021603,49598
75600000000,79200000000,78529021603,78529921826,900223
75600000000,79200000000,78529921826,78529933875,12049
75600000000,79200000000,78529933875,78529934836,961
75600000000,79200000000,78529934836,78529935323,487
75600000000,79200000000,78529935323,78529935331,8
75600000000,79200000000,78529935331,78529935353,22
75600000000,79200000000,78529935353,78530975810,1040457
75600000000,79200000000,78530975810,78530975819,9
75600000000,79200000000,78530975819,78531929901,954082
75600000000,79200000000,78531929901,78533721623,1791722
75600000000,79200000000,78533721623,78535277132,1555509
75600000000,79200000000,78535277132,78536231296,954164
75600000000,79200000000,78536231296,78536231298,2
75600000000,79200000000,78536231298,78536231847,549
75600000000,79200000000,78536231847,78536231855,8
75600000000,79200000000,78536231855,78536231895,40
75600000000,79200000000,78536231895,78536232529,634
75600000000,79200000000,78536232529,78537355929,1123400
75600000000,79200000000,78537355929,78538985755,1629826
75600000000,79200000000,78538985755,78539915395,929640
75600000000,79200000000,78539915395,78540858540,943145
75600000000,79200000000,78540858540,78543756067,2897527
75600000000,79200000000,78543756067,78544690025,933958
75600000000,79200000000,78544690025,78544700361,10336
75600000000,79200000000,78544700361,78545675402,975041
75600000000,79200000000,78545675402,78546767684,1092282
75600000000,79200000000,78546767684,78546773941,6257
75600000000,79200000000,78546773941,78546776350,2409
75600000000,79200000000,78546776350,78547623323,846973
75600000000,79200000000,78547623323,78548512184,888861
75600000000,79200000000,78548512184,78548512204,20
75600000000,79200000000,78548512204,78548512228,24
75600000000,79200000000,78548512228,78549820613,1308385
75600000000,79200000000,78549820613,78549820788,175
75600000000,79200000000,78549820788,78549820795,7
75600000000,79200000000,78549820795,78552523223,2702428
75600000000,79200000000,78552523223,78552533768,10545
75600000000,79200000000,78552533768,78554246829,1713061
75600000000,79200000000,78554246829,78554268040,21211
75600000000,79200000000,78554268040,78554268067,27
75600000000,79200000000,78554268067,78554268072,5
75600000000,79200000000,78554268072,78555148969,880897
75600000000,79200000000,78555148969,78558021850,2872881
75600000000,79200000000,78558021850,78559187130,1165280
75600000000,79200000000,78559187130,78560551897,1364767
75600000000,79200000000,78560551897,78561412076,860179
75600000000,79200000000,78561412076,78561412080,4
75600000000,79200000000,78561412080,78569962242,8550162
75600000000,79200000000,78569962242,78569975957,13715
75600000000,79200000000,78569975957,78569976096,139
75600000000,79200000000,78569976096,78572226534,2250438
75600000000,79200000000,78572226534,78572226538,4
75600000000,79200000000,78572226538,78572226539,1
75600000000,79200000000,78572226539,78572226540,1
75600000000,79200000000,78572226540,78573094641,868101
75600000000,79200000000,78573094641,78573095136,495
75600000000,79200000000,78573095136,78573095141,5
75600000000,79200000000,78573095141,78573095146,5
75600000000,79200000000,78573095146,78574131911,1036765
75600000000,79200000000,78574131911,78574132057,146
75600000000,79200000000,78574132057,78574137476,5419
75600000000,79200000000,78574137476,78574325535,188059
75600000000,79200000000,78574325535,78575280961,955426
75600000000,79200000000,78575280961,78577321481,2040520
75600000000,79200000000,78577321481,78578376103,1054622
75600000000,79200000000,78578376103,78578376337,234
75600000000,79200000000,78578376337,78578376586,249
75600000000,79200000000,78578376586,78578376614,28
75600000000,79200000000,78578376614,78590326383,11949769
75600000000,79200000000,78590326383,78590329748,3365
75600000000,79200000000,78590329748,78590337551,7803
75600000000,79200000000,78590337551,78590341098,3547
75600000000,79200000000,78590341098,78590342979,1881
75600000000,79200000000,78590342979,78590347864,4885
75600000000,79200000000,78590347864,78590357445,9581
75600000000,79200000000,78590357445,78590360001,2556
75600000000,79200000000,78590360001,78590362322,2321
75600000000,79200000000,78590362322,78590367584,5262
75600000000,79200000000,78590367584,78594382345,4014761
75600000000,79200000000,78594382345,78594382370,25
75600000000,79200000000,78594382370,78594382374,4
75600000000,79200000000,78594382374,78594382375,1
75600000000,79200000000,78594382375,78594382376,1
75600000000,79200000000,78594382376,78594382403,27
75600000000,79200000000,78594382403,78594382428,25
75600000000,79200000000,78594382428,78594382483,55
75600000000,79200000000,78594382483,78594382556,73
75600000000,79200000000,78594382556,78594382580,24
75600000000,79200000000,78594382580,78594382584,4
75600000000,79200000000,78594382584,78594382645,61
75600000000,79200000000,78594382645,78594382667,22
75600000000,79200000000,78594382667,78594382671,4
75600000000,79200000000,78594382671,78594382697,26
75600000000,79200000000,78594382697,78595515102,1132405
75600000000,79200000000,78595515102,78595515190,88
75600000000,79200000000,78595515190,78595515249,59
75600000000,79200000000,78595515249,78595515395,146
75600000000,79200000000,78595515395,78595515407,12
75600000000,79200000000,78595515407,78597280686,1765279
75600000000,79200000000,78597280686,78599964256,2683570
75600000000,79200000000,78599964256,78599964685,429
75600000000,79200000000,78599964685,78599964722,37
75600000000,79200000000,78599964722,78599964727,5
75600000000,79200000000,78599964727,78600900868,936141
75600000000,79200000000,78600900868,78603008482,2107614
75600000000,79200000000,78603008482,78603008521,39
75600000000,79200000000,78603008521,78603008526,5
75600000000,79200000000,78603008526,78603008531,5
75600000000,79200000000,78603008531,78609465329,6456798
75600000000,79200000000,78609465329,78609465744,415
75600000000,79200000000,78609465744,78609465751,7
75600000000,79200000000,78609465751,78609465770,19
75600000000,79200000000,78609465770,78611460788,1995018
75600000000,79200000000,78611460788,78611464280,3492
75600000000,79200000000,78611464280,78611467478,3198
75600000000,79200000000,78611467478,78611469897,2419
75600000000,79200000000,78611469897,78611472155,2258
75600000000,79200000000,78611472155,78611474844,2689
75600000000,79200000000,78611474844,78611476966,2122
75600000000,79200000000,78611476966,78611480955,3989
75600000000,79200000000,78611480955,78611483502,2547
75600000000,79200000000,78611483502,78611485820,2318
75600000000,79200000000,78611485820,78611495162,9342
75600000000,79200000000,78611495162,78611497741,2579
75600000000,79200000000,78611497741,78611525919,28178
75600000000,79200000000,78611525919,78611528284,2365
75600000000,79200000000,78611528284,78612405909,877625
75600000000,79200000000,78612405909,78613330553,924644
75600000000,79200000000,78613330553,78613723289,392736
75600000000,79200000000,78613723289,78614586564,863275
75600000000,79200000000,78614586564,78616291154,1704590
75600000000,79200000000,78616291154,78616291218,64
75600000000,79200000000,78616291218,78616291284,66
75600000000,79200000000,78616291284,78616291287,3
75600000000,79200000000,78616291287,78616291414,127
75600000000,79200000000,78616291414,78616291454,40
75600000000,79200000000,78616291454,78619031162,2739708
75600000000,79200000000,78619031162,78619031330,168
75600000000,79200000000,78619031330,78619960434,929104
75600000000,79200000000,78619960434,78619960452,18
75600000000,79200000000,78619960452,78619960456,4
75600000000,79200000000,78619960456,78619960457,1
75600000000,79200000000,78619960457,78619960458,1
75600000000,79200000000,78619960458,78619960589,131
75600000000,79200000000,78619960589,78619960655,66
75600000000,79200000000,78619960655,78619961151,496
75600000000,79200000000,78619961151,78619961436,285
75600000000,79200000000,78619961436,78619962091,655
75600000000,79200000000,78619962091,78619965874,3783
75600000000,79200000000,78619965874,78619965920,46
75600000000,79200000000,78619965920,78622866650,2900730
75600000000,79200000000,78622866650,78622866829,179
75600000000,79200000000,78622866829,78622869284,2455
75600000000,79200000000,78622869284,78622869309,25
75600000000,79200000000,78622869309,78622869690,381
75600000000,79200000000,78622869690,78622869703,13
75600000000,79200000000,78622869703,78625953196,3083493
75600000000,79200000000,78625953196,78629973271,4020075
75600000000,79200000000,78629973271,78633164314,3191043
75600000000,79200000000,78633164314,78633164771,457
75600000000,79200000000,78633164771,78633164777,6
75600000000,79200000000,78633164777,78633164791,14
75600000000,79200000000,78633164791,78634330681,1165890
75600000000,79200000000,78634330681,78634335954,5273
75600000000,79200000000,78634335954,78634339939,3985
75600000000,79200000000,78634339939,78634344089,4150
75600000000,79200000000,78634344089,78634348994,4905
75600000000,79200000000,78634348994,78634354159,5165
75600000000,79200000000,78634354159,78634358240,4081
75600000000,79200000000,78634358240,78634360576,2336
75600000000,79200000000,78634360576,78634362846,2270
75600000000,79200000000,78634362846,78634365524,2678
75600000000,79200000000,78634365524,78634367610,2086
75600000000,79200000000,78634367610,78634379928,12318
75600000000,79200000000,78634379928,78634380400,472
75600000000,79200000000,78634380400,78634380410,10
75600000000,79200000000,78634380410,78634380438,28
75600000000,79200000000,78634380438,78639538411,5157973
75600000000,79200000000,78639538411,78639538436,25
75600000000,79200000000,78639538436,78639538454,18
75600000000,79200000000,78639538454,78639538458,4
75600000000,79200000000,78639538458,78639538459,1
75600000000,79200000000,78639538459,78639538460,1
75600000000,79200000000,78639538460,78639538591,131
75600000000,79200000000,78639538591,78639538614,23
75600000000,79200000000,78639538614,78639542257,3643
75600000000,79200000000,78639542257,78639545519,3262
75600000000,79200000000,78639545519,78639545531,12
75600000000,79200000000,78639545531,78639545573,42
75600000000,79200000000,78639545573,78639548897,3324
75600000000,79200000000,78639548897,78643425728,3876831
75600000000,79200000000,78643425728,78643429031,3303
75600000000,79200000000,78643429031,78643431356,2325
75600000000,79200000000,78643431356,78643431764,408
75600000000,79200000000,78643431764,78643739894,308130
75600000000,79200000000,78643739894,78648913497,5173603
75600000000,79200000000,78648913497,78654520114,5606617
75600000000,79200000000,78654520114,78654527781,7667
75600000000,79200000000,78654527781,78654530647,2866
75600000000,79200000000,78654530647,78654535194,4547
75600000000,79200000000,78654535194,78654540940,5746
75600000000,79200000000,78654540940,78654548436,7496
75600000000,79200000000,78654548436,78657266630,2718194
75600000000,79200000000,78657266630,78657266633,3
75600000000,79200000000,78657266633,78657266700,67
75600000000,79200000000,78657266700,78657266705,5
75600000000,79200000000,78657266705,78657266727,22
75600000000,79200000000,78657266727,78657266731,4
75600000000,79200000000,78657266731,78657266732,1
75600000000,79200000000,78657266732,78657266733,1
75600000000,79200000000,78657266733,78657266866,133
75600000000,79200000000,78657266866,78657266944,78
75600000000,79200000000,78657266944,78657266955,11
75600000000,79200000000,78657266955,78659459526,2192571
75600000000,79200000000,78659459526,78659459545,19
75600000000,79200000000,78659459545,78659459688,143
75600000000,79200000000,78659459688,78659459712,24
75600000000,79200000000,78659459712,78659462155,2443
75600000000,79200000000,78659462155,78659551255,89100
75600000000,79200000000,78659551255,78659551772,517
75600000000,79200000000,78659551772,78660541673,989901
75600000000,79200000000,78660541673,78660541922,249
75600000000,79200000000,78660541922,78660541929,7
75600000000,79200000000,78660541929,78660541940,11
75600000000,79200000000,78660541940,78661691692,1149752
75600000000,79200000000,78661691692,78662720893,1029201
75600000000,79200000000,78662720893,78662720895,2
75600000000,79200000000,78662720895,78664536078,1815183
75600000000,79200000000,78664536078,78666382851,1846773
75600000000,79200000000,78666382851,78666383114,263
75600000000,79200000000,78666383114,78666383120,6
75600000000,79200000000,78666383120,78666383150,30
75600000000,79200000000,78666383150,78670742219,4359069
75600000000,79200000000,78670742219,78680546150,9803931
75600000000,79200000000,78680546150,78682516986,1970836
75600000000,79200000000,78682516986,78682517025,39
75600000000,79200000000,78682517025,78682517030,5
75600000000,79200000000,78682517030,78682517035,5
75600000000,79200000000,78682517035,78683968151,1451116
75600000000,79200000000,78683968151,78685088519,1120368
75600000000,79200000000,78685088519,78685088585,66
75600000000,79200000000,78685088585,78685088595,10
75600000000,79200000000,78685088595,78686143289,1054694
75600000000,79200000000,78686143289,78686198330,55041
75600000000,79200000000,78686198330,78686270294,71964
75600000000,79200000000,78686270294,78686275678,5384
75600000000,79200000000,78686275678,78688108225,1832547
75600000000,79200000000,78688108225,78688108230,5
75600000000,79200000000,78688108230,78688108231,1
75600000000,79200000000,78688108231,78688108301,70
75600000000,79200000000,78688108301,78691291859,3183558
75600000000,79200000000,78691291859,78692201725,909866
75600000000,79200000000,78692201725,78692202842,1117
75600000000,79200000000,78692202842,78692684338,481496
75600000000,79200000000,78692684338,78694579924,1895586
75600000000,79200000000,78694579924,78696495918,1915994
75600000000,79200000000,78696495918,78697482029,986111
75600000000,79200000000,78697482029,78698385950,903921
75600000000,79200000000,78698385950,78700251857,1865907
75600000000,79200000000,78700251857,78700252106,249
75600000000,79200000000,78700252106,78700252113,7
75600000000,79200000000,78700252113,78700252120,7
75600000000,79200000000,78700252120,78702243992,1991872
75600000000,79200000000,78702243992,78703961267,1717275
75600000000,79200000000,78703961267,78703961541,274
75600000000,79200000000,78703961541,78703961544,3
75600000000,79200000000,78703961544,78704842566,881022
75600000000,79200000000,78704842566,78705772317,929751
75600000000,79200000000,78705772317,78707664762,1892445
75600000000,79200000000,78707664762,78709471968,1807206
75600000000,79200000000,78709471968,78712237237,2765269
75600000000,79200000000,78712237237,78714153425,1916188
75600000000,79200000000,78714153425,78720001112,5847687
75600000000,79200000000,78720001112,78720910510,909398
75600000000,79200000000,78720910510,78720910526,16
75600000000,79200000000,78720910526,78721895928,985402
75600000000,79200000000,78721895928,78721929430,33502
75600000000,79200000000,78721929430,78723711997,1782567
75600000000,79200000000,78723711997,78723712015,18
75600000000,79200000000,78723712015,78723712019,4
75600000000,79200000000,78723712019,78723712020,1
75600000000,79200000000,78723712020,78724543109,831089
75600000000,79200000000,78724543109,78724543372,263
75600000000,79200000000,78724543372,78724579476,36104
75600000000,79200000000,78724579476,78732769403,8189927
75600000000,79200000000,78732769403,78732769688,285
75600000000,79200000000,78732769688,78732769695,7
75600000000,79200000000,78732769695,78732769702,7
75600000000,79200000000,78732769702,78737993044,5223342
75600000000,79200000000,78737993044,78738007647,14603
75600000000,79200000000,78738007647,78738974341,966694
75600000000,79200000000,78738974341,78739852410,878069
75600000000,79200000000,78739852410,78740008531,156121
75600000000,79200000000,78740008531,78740013909,5378
75600000000,79200000000,78740013909,78740898993,885084
75600000000,79200000000,78740898993,78740919827,20834
75600000000,79200000000,78740919827,78740933369,13542
75600000000,79200000000,78740933369,78740943097,9728
75600000000,79200000000,78740943097,78740948122,5025
75600000000,79200000000,78740948122,78741869726,921604
75600000000,79200000000,78741869726,78741869743,17
75600000000,79200000000,78741869743,78741892925,23182
75600000000,79200000000,78741892925,78741898749,5824
75600000000,79200000000,78741898749,78742729212,830463
75600000000,79200000000,78742729212,78742729216,4
75600000000,79200000000,78742729216,78742729217,1
75600000000,79200000000,78742729217,78742729218,1
75600000000,79200000000,78742729218,78742729308,90
75600000000,79200000000,78742729308,78742729335,27
75600000000,79200000000,78742729335,78742751875,22540
75600000000,79200000000,78742751875,78743603844,851969
75600000000,79200000000,78743603844,78743603947,103
75600000000,79200000000,78743603947,78743605460,1513
75600000000,79200000000,78743605460,78743605478,18
75600000000,79200000000,78743605478,78743605552,74
75600000000,79200000000,78743605552,78743689454,83902
75600000000,79200000000,78743689454,78743689458,4
75600000000,79200000000,78743689458,78744640832,951374
75600000000,79200000000,78744640832,78744936554,295722
75600000000,79200000000,78744936554,78744937224,670
75600000000,79200000000,78744937224,78744937236,12
75600000000,79200000000,78744937236,78744937280,44
75600000000,79200000000,78744937280,78746205532,1268252
75600000000,79200000000,78746205532,78748462681,2257149
75600000000,79200000000,78748462681,78748463014,333
75600000000,79200000000,78748463014,78748463021,7
75600000000,79200000000,78748463021,78748463028,7
75600000000,79200000000,78748463028,78749584324,1121296
75600000000,79200000000,78749584324,78751384304,1799980
75600000000,79200000000,78751384304,78754448375,3064071
75600000000,79200000000,78754448375,78754455924,7549
75600000000,79200000000,78754455924,78754479738,23814
75600000000,79200000000,78754479738,78754479889,151
75600000000,79200000000,78754479889,78754479896,7
75600000000,79200000000,78754479896,78756506366,2026470
75600000000,79200000000,78756506366,78756506378,12
75600000000,79200000000,78756506378,78756533408,27030
75600000000,79200000000,78756533408,78758795160,2261752
75600000000,79200000000,78758795160,78759851817,1056657
75600000000,79200000000,78759851817,78761650830,1799013
75600000000,79200000000,78761650830,78762675146,1024316
75600000000,79200000000,78762675146,78762677774,2628
75600000000,79200000000,78762677774,78762681938,4164
75600000000,79200000000,78762681938,78764569074,1887136
75600000000,79200000000,78764569074,78764569078,4
75600000000,79200000000,78764569078,78764569079,1
75600000000,79200000000,78764569079,78764569099,20
75600000000,79200000000,78764569099,78764569111,12
75600000000,79200000000,78764569111,78765481504,912393
75600000000,79200000000,78765481504,78765481763,259
75600000000,79200000000,78765481763,78765522567,40804
75600000000,79200000000,78765522567,78767379665,1857098
75600000000,79200000000,78767379665,78770498169,3118504
75600000000,79200000000,78770498169,78770498788,619
75600000000,79200000000,78770498788,78770498798,10
75600000000,79200000000,78770498798,78770498838,40
75600000000,79200000000,78770498838,78772470285,1971447
75600000000,79200000000,78772470285,78776405228,3934943
75600000000,79200000000,78776405228,78776405480,252
75600000000,79200000000,78776405480,78776405484,4
75600000000,79200000000,78776405484,78781627468,5221984
75600000000,79200000000,78781627468,78781628160,692
75600000000,79200000000,78781628160,78781628176,16
75600000000,79200000000,78781628176,78783726335,2098159
75600000000,79200000000,78783726335,78784676202,949867
75600000000,79200000000,78784676202,78784681587,5385
75600000000,79200000000,78784681587,78784691756,10169
75600000000,79200000000,78784691756,78784705136,13380
75600000000,79200000000,78784705136,78785571005,865869
75600000000,79200000000,78785571005,78787315797,1744792
75600000000,79200000000,78787315797,78787315800,3
75600000000,79200000000,78787315800,78787315816,16
75600000000,79200000000,78787315816,78787315820,4
75600000000,79200000000,78787315820,78787315821,1
75600000000,79200000000,78787315821,78787315822,1
75600000000,79200000000,78787315822,78787315905,83
75600000000,79200000000,78787315905,78787315909,4
75600000000,79200000000,78787315909,78787315910,1
75600000000,79200000000,78787315910,78787315911,1
75600000000,79200000000,78787315911,78789157113,1841202
75600000000,79200000000,78789157113,78789157132,19
75600000000,79200000000,78789157132,78789157225,93
75600000000,79200000000,78789157225,78789158722,1497
75600000000,79200000000,78789158722,78789158801,79
75600000000,79200000000,78789158801,78789160250,1449
75600000000,79200000000,78789160250,78789160263,13
75600000000,79200000000,78789160263,78792369351,3209088
75600000000,79200000000,78792369351,78792369428,77
75600000000,79200000000,78792369428,78795814071,3444643
75600000000,79200000000,78795814071,78795814245,174
75600000000,79200000000,78795814245,78795814260,15
75600000000,79200000000,78795814260,78797660692,1846432
75600000000,79200000000,78797660692,78797660832,140
75600000000,79200000000,78797660832,78797660837,5
75600000000,79200000000,78797660837,78797660842,5
75600000000,79200000000,78797660842,78798597609,936767
75600000000,79200000000,78798597609,78798598197,588
75600000000,79200000000,78798598197,78806704462,8106265
75600000000,79200000000,78806704462,78809258584,2554122
75600000000,79200000000,78809258584,78810209192,950608
75600000000,79200000000,78810209192,78814170352,3961160
75600000000,79200000000,78814170352,78818139786,3969434
75600000000,79200000000,78818139786,78818985629,845843
75600000000,79200000000,78818985629,78818985950,321
75600000000,79200000000,78818985950,78820836958,1851008
75600000000,79200000000,78820836958,78820844850,7892
75600000000,79200000000,78820844850,78823178040,2333190
75600000000,79200000000,78823178040,78823178043,3
75600000000,79200000000,78823178043,78823178306,263
75600000000,79200000000,78823178306,78825383552,2205246
75600000000,79200000000,78825383552,78825514423,130871
75600000000,79200000000,78825514423,78825514950,527
75600000000,79200000000,78825514950,78828185059,2670109
75600000000,79200000000,78828185059,78828185174,115
75600000000,79200000000,78828185174,78828185188,14
75600000000,79200000000,78828185188,78834679831,6494643
75600000000,79200000000,78834679831,78836384335,1704504
75600000000,79200000000,78836384335,78836384351,16
75600000000,79200000000,78836384351,78836384474,123
75600000000,79200000000,78836384474,78836384806,332
75600000000,79200000000,78836384806,78838590889,2206083
75600000000,79200000000,78838590889,78839456754,865865
75600000000,79200000000,78839456754,78839465211,8457
75600000000,79200000000,78839465211,78839470516,5305
75600000000,79200000000,78839470516,78839475943,5427
75600000000,79200000000,78839475943,78839475970,27
75600000000,79200000000,78839475970,78839475975,5
75600000000,79200000000,78839475975,78841251777,1775802
75600000000,79200000000,78841251777,78841251781,4
75600000000,79200000000,78841251781,78841251782,1
75600000000,79200000000,78841251782,78841251783,1
75600000000,79200000000,78841251783,78841251810,27
75600000000,79200000000,78841251810,78841251814,4
75600000000,79200000000,78841251814,78841251815,1
75600000000,79200000000,78841251815,78841251843,28
75600000000,79200000000,78841251843,78841251847,4
75600000000,79200000000,78841251847,78842201133,949286
75600000000,79200000000,78842201133,78842201158,25
75600000000,79200000000,78842201158,78842201301,143
75600000000,79200000000,78842201301,78842201608,307
75600000000,79200000000,78842201608,78842201729,121
75600000000,79200000000,78842201729,78842201741,12
75600000000,79200000000,78842201741,78842256622,54881
75600000000,79200000000,78842256622,78842256638,16
75600000000,79200000000,78842256638,78843224917,968279
75600000000,79200000000,78843224917,78844076501,851584
75600000000,79200000000,78844076501,78844929044,852543
75600000000,79200000000,78844929044,78846170853,1241809
75600000000,79200000000,78846170853,78846196718,25865
75600000000,79200000000,78846196718,78847953758,1757040
75600000000,79200000000,78847953758,78850827948,2874190
75600000000,79200000000,78850827948,78853884649,3056701
75600000000,79200000000,78853884649,78853895229,10580
75600000000,79200000000,78853895229,78854717812,822583
75600000000,79200000000,78854717812,78855620924,903112
75600000000,79200000000,78855620924,78857150631,1529707
75600000000,79200000000,78857150631,78857150642,11
75600000000,79200000000,78857150642,78857183670,33028
75600000000,79200000000,78857183670,78857986864,803194
75600000000,79200000000,78857986864,78858009941,23077
75600000000,79200000000,78858009941,78858015183,5242
75600000000,79200000000,78858015183,78858027565,12382
75600000000,79200000000,78858027565,78858029904,2339
75600000000,79200000000,78858029904,78858035583,5679
75600000000,79200000000,78858035583,78858853704,818121
75600000000,79200000000,78858853704,78858853722,18
75600000000,79200000000,78858853722,78858888834,35112
75600000000,79200000000,78858888834,78860851460,1962626
75600000000,79200000000,78860851460,78860851475,15
75600000000,79200000000,78860851475,78860851525,50
75600000000,79200000000,78860851525,78860851605,80
75600000000,79200000000,78860851605,78860851624,19
75600000000,79200000000,78860851624,78860851653,29
75600000000,79200000000,78860851653,78860853040,1387
75600000000,79200000000,78860853040,78860853044,4
75600000000,79200000000,78860853044,78860853045,1
75600000000,79200000000,78860853045,78860853116,71
75600000000,79200000000,78860853116,78860853120,4
75600000000,79200000000,78860853120,78861735321,882201
75600000000,79200000000,78861735321,78863477923,1742602
75600000000,79200000000,78863477923,78863477939,16
75600000000,79200000000,78863477939,78863478876,937
75600000000,79200000000,78863478876,78863478887,11
75600000000,79200000000,78863478887,78863479956,1069
75600000000,79200000000,78863479956,78863479968,12
75600000000,79200000000,78863479968,78864437994,958026
75600000000,79200000000,78864437994,78879866039,15428045
75600000000,79200000000,78879866039,78879877877,11838
75600000000,79200000000,78879877877,78879879731,1854
75600000000,79200000000,78879879731,78881867497,1987766
75600000000,79200000000,78881867497,78881867513,16
75600000000,79200000000,78881867513,78882716126,848613
75600000000,79200000000,78882716126,78882716129,3
75600000000,79200000000,78882716129,78882716151,22
75600000000,79200000000,78882716151,78882716155,4
75600000000,79200000000,78882716155,78882716178,23
75600000000,79200000000,78882716178,78884447294,1731116
75600000000,79200000000,78884447294,78884447311,17
75600000000,79200000000,78884447311,78886125345,1678034
75600000000,79200000000,78886125345,78887835502,1710157
75600000000,79200000000,78887835502,78889963333,2127831
75600000000,79200000000,78889963333,78893295756,3332423
75600000000,79200000000,78893295756,78893403321,107565
75600000000,79200000000,78893403321,78894564079,1160758
75600000000,79200000000,78894564079,78894620841,56762
75600000000,79200000000,78894620841,78894620856,15
75600000000,79200000000,78894620856,78895508398,887542
75600000000,79200000000,78895508398,78895508443,45
75600000000,79200000000,78895508443,78896445274,936831
75600000000,79200000000,78896445274,78898469033,2023759
75600000000,79200000000,78898469033,78900140266,1671233
75600000000,79200000000,78900140266,78900140371,105
75600000000,79200000000,78900140371,78900140379,8
75600000000,79200000000,78900140379,78902088128,1947749
75600000000,79200000000,78902088128,78904189728,2101600
75600000000,79200000000,78904189728,78907710025,3520297
75600000000,79200000000,78907710025,78912168575,4458550
75600000000,79200000000,78912168575,78914195070,2026495
75600000000,79200000000,78914195070,78916870802,2675732
75600000000,79200000000,78916870802,78917981494,1110692
75600000000,79200000000,78917981494,78918883596,902102
75600000000,79200000000,78918883596,78923425575,4541979
75600000000,79200000000,78923425575,78923433194,7619
75600000000,79200000000,78923433194,78923442618,9424
75600000000,79200000000,78923442618,78923812402,369784
75600000000,79200000000,78923812402,78923812406,4
75600000000,79200000000,78923812406,78923812483,77
75600000000,79200000000,78923812483,78923812488,5
75600000000,79200000000,78923812488,78924897767,1085279
75600000000,79200000000,78924897767,78925784412,886645
75600000000,79200000000,78925784412,78925784439,27
75600000000,79200000000,78925784439,78925784449,10
75600000000,79200000000,78925784449,78928771822,2987373
75600000000,79200000000,78928771822,78932501687,3729865
75600000000,79200000000,78932501687,78933374488,872801
75600000000,79200000000,78933374488,78934305427,930939
75600000000,79200000000,78934305427,78936509461,2204034
75600000000,79200000000,78936509461,78937356445,846984
75600000000,79200000000,78937356445,78937356544,99
75600000000,79200000000,78937356544,78937356549,5
75600000000,79200000000,78937356549,78937356554,5
75600000000,79200000000,78937356554,78938382232,1025678
75600000000,79200000000,78938382232,78942422069,4039837
75600000000,79200000000,78942422069,78944134796,1712727
75600000000,79200000000,78944134796,78945189146,1054350
75600000000,79200000000,78945189146,78946399552,1210406
75600000000,79200000000,78946399552,78946399848,296
75600000000,79200000000,78946399848,78947336052,936204
75600000000,79200000000,78947336052,78948216165,880113
75600000000,79200000000,78948216165,78948216167,2
75600000000,79200000000,78948216167,78949853370,1637203
75600000000,79200000000,78949853370,78950819328,965958
75600000000,79200000000,78950819328,78950819378,50
75600000000,79200000000,78950819378,78950819386,8
75600000000,79200000000,78950819386,78953475253,2655867
75600000000,79200000000,78953475253,78955374765,1899512
75600000000,79200000000,78955374765,78957420476,2045711
75600000000,79200000000,78957420476,78959206552,1786076
75600000000,79200000000,78959206552,78959206655,103
75600000000,79200000000,78959206655,78959206669,14
75600000000,79200000000,78959206669,78966312078,7105409
75600000000,79200000000,78966312078,78966312185,107
75600000000,79200000000,78966312185,78966312191,6
75600000000,79200000000,78966312191,78966312199,8
75600000000,79200000000,78966312199,78968654796,2342597
75600000000,79200000000,78968654796,78968654862,66
75600000000,79200000000,78968654862,78968654943,81
75600000000,79200000000,78968654943,78968654950,7
75600000000,79200000000,78968654950,78968654957,7
75600000000,79200000000,78968654957,78969697297,1042340
75600000000,79200000000,78969697297,78969708547,11250
75600000000,79200000000,78969708547,78971513171,1804624
75600000000,79200000000,78971513171,78971615902,102731
75600000000,79200000000,78971615902,78972574240,958338
75600000000,79200000000,78972574240,78974278465,1704225
75600000000,79200000000,78974278465,78974287385,8920
75600000000,79200000000,78974287385,78976004214,1716829
75600000000,79200000000,78976004214,78976004218,4
75600000000,79200000000,78976004218,78976004219,1
75600000000,79200000000,78976004219,78976004259,40
75600000000,79200000000,78976004259,78976025322,21063
75600000000,79200000000,78976025322,78976025325,3
75600000000,79200000000,78976025325,78976847066,821741
75600000000,79200000000,78976847066,78976847345,279
75600000000,79200000000,78976847345,78977634817,787472
75600000000,79200000000,78977634817,78979535776,1900959
75600000000,79200000000,78979535776,78979536138,362
75600000000,79200000000,78979536138,78984843341,5307203
75600000000,79200000000,78984843341,78987527494,2684153
75600000000,79200000000,78987527494,78987602736,75242
75600000000,79200000000,78987602736,78989255013,1652277
75600000000,79200000000,78989255013,78989255037,24
75600000000,79200000000,78989255037,78991292028,2036991
75600000000,79200000000,78991292028,78991292306,278
75600000000,79200000000,78991292306,78991292311,5
75600000000,79200000000,78991292311,78992505898,1213587
75600000000,79200000000,78992505898,78994314850,1808952
75600000000,79200000000,78994314850,78995239753,924903
75600000000,79200000000,78995239753,78996960277,1720524
75600000000,79200000000,78996960277,78996983331,23054
75600000000,79200000000,78996983331,78998720666,1737335
75600000000,79200000000,78998720666,78998934585,213919
75600000000,79200000000,78998934585,78998939989,5404
75600000000,79200000000,78998939989,78998943529,3540
75600000000,79200000000,78998943529,79000995694,2052165
75600000000,79200000000,79000995694,79000995704,10
75600000000,79200000000,79000995704,79001025343,29639
75600000000,79200000000,79001025343,79001031630,6287
75600000000,79200000000,79001031630,79004815935,3784305
75600000000,79200000000,79004815935,79004815962,27
75600000000,79200000000,79004815962,79004950356,134394
75600000000,79200000000,79004950356,79004957114,6758
75600000000,79200000000,79004957114,79006764621,1807507
75600000000,79200000000,79006764621,79011386165,4621544
75600000000,79200000000,79011386165,79011386214,49
75600000000,79200000000,79011386214,79011386219,5
75600000000,79200000000,79011386219,79011386224,5
75600000000,79200000000,79011386224,79017792968,6406744
75600000000,79200000000,79017792968,79019548567,1755599
75600000000,79200000000,79019548567,79020515980,967413
75600000000,79200000000,79020515980,79021343737,827757
75600000000,79200000000,79021343737,79022575620,1231883
75600000000,79200000000,79022575620,79022575651,31
75600000000,79200000000,79022575651,79023403006,827355
75600000000,79200000000,79023403006,79026991511,3588505
75600000000,79200000000,79026991511,79027002342,10831
75600000000,79200000000,79027002342,79027002565,223
75600000000,79200000000,79027002565,79028806416,1803851
75600000000,79200000000,79028806416,79030991407,2184991
75600000000,79200000000,79030991407,79032226130,1234723
75600000000,79200000000,79032226130,79033043694,817564
75600000000,79200000000,79033043694,79033043698,4
75600000000,79200000000,79033043698,79033960012,916314
75600000000,79200000000,79033960012,79034785642,825630
75600000000,79200000000,79034785642,79035630426,844784
75600000000,79200000000,79035630426,79035630442,16
75600000000,79200000000,79035630442,79036573854,943412
75600000000,79200000000,79036573854,79036573858,4
75600000000,79200000000,79036573858,79036573935,77
75600000000,79200000000,79036573935,79036573940,5
75600000000,79200000000,79036573940,79041866618,5292678
75600000000,79200000000,79041866618,79044091209,2224591
75600000000,79200000000,79044091209,79044911880,820671
75600000000,79200000000,79044911880,79046614321,1702441
75600000000,79200000000,79046614321,79046897168,282847
75600000000,79200000000,79046897168,79048600174,1703006
75600000000,79200000000,79048600174,79048607560,7386
75600000000,79200000000,79048607560,79049466869,859309
75600000000,79200000000,79049466869,79049467437,568
75600000000,79200000000,79049467437,79049467441,4
75600000000,79200000000,79049467441,79050410654,943213
75600000000,79200000000,79050410654,79051278108,867454
75600000000,79200000000,79051278108,79051278112,4
75600000000,79200000000,79051278112,79051278113,1
75600000000,79200000000,79051278113,79051278480,367
75600000000,79200000000,79051278480,79051278484,4
75600000000,79200000000,79051278484,79052170689,892205
75600000000,79200000000,79052170689,79052170719,30
75600000000,79200000000,79052170719,79052170724,5
75600000000,79200000000,79052170724,79053026399,855675
75600000000,79200000000,79053026399,79053027551,1152
75600000000,79200000000,79053027551,79053028545,994
75600000000,79200000000,79053028545,79053122586,94041
75600000000,79200000000,79053122586,79055185520,2062934
75600000000,79200000000,79055185520,79063595834,8410314
75600000000,79200000000,79063595834,79068006344,4410510
75600000000,79200000000,79068006344,79068008616,2272
75600000000,79200000000,79068008616,79068011863,3247
75600000000,79200000000,79068011863,79070636965,2625102
75600000000,79200000000,79070636965,79070636970,5
75600000000,79200000000,79070636970,79070636971,1
75600000000,79200000000,79070636971,79070637036,65
75600000000,79200000000,79070637036,79070637040,4
75600000000,79200000000,79070637040,79070637041,1
75600000000,79200000000,79070637041,79070637130,89
75600000000,79200000000,79070637130,79070663874,26744
75600000000,79200000000,79070663874,79071465871,801997
75600000000,79200000000,79071465871,79072321389,855518
75600000000,79200000000,79072321389,79072321428,39
75600000000,79200000000,79072321428,79072321514,86
75600000000,79200000000,79072321514,79072323024,1510
75600000000,79200000000,79072323024,79072408123,85099
75600000000,79200000000,79072408123,79073222532,814409
75600000000,79200000000,79073222532,79073249071,26539
75600000000,79200000000,79073249071,79074945356,1696285
75600000000,79200000000,79074945356,79075101959,156603
75600000000,79200000000,79075101959,79075101963,4
75600000000,79200000000,79075101963,79075101978,15
75600000000,79200000000,79075101978,79076715033,1613055
75600000000,79200000000,79076715033,79076715060,27
75600000000,79200000000,79076715060,79076715065,5
75600000000,79200000000,79076715065,79080642858,3927793
75600000000,79200000000,79080642858,79082401613,1758755
75600000000,79200000000,79082401613,79085168900,2767287
75600000000,79200000000,79085168900,79085169026,126
75600000000,79200000000,79085169026,79085169036,10
75600000000,79200000000,79085169036,79095439278,10270242
75600000000,79200000000,79095439278,79096261162,821884
75600000000,79200000000,79096261162,79097108612,847450
75600000000,79200000000,79097108612,79098387640,1279028
75600000000,79200000000,79098387640,79098422266,34626
75600000000,79200000000,79098422266,79098430695,8429
75600000000,79200000000,79098430695,79098431122,427
75600000000,79200000000,79098431122,79098431127,5
75600000000,79200000000,79098431127,79098431433,306
75600000000,79200000000,79098431433,79099439763,1008330
75600000000,79200000000,79099439763,79099443564,3801
75600000000,79200000000,79099443564,79099445842,2278
75600000000,79200000000,79099445842,79099448744,2902
75600000000,79200000000,79099448744,79100622035,1173291
75600000000,79200000000,79100622035,79100622046,11
75600000000,79200000000,79100622046,79101401457,779411
75600000000,79200000000,79101401457,79101401477,20
75600000000,79200000000,79101401477,79101401488,11
75600000000,79200000000,79101401488,79101401509,21
75600000000,79200000000,79101401509,79102267522,866013
75600000000,79200000000,79102267522,79110321343,8053821
75600000000,79200000000,79110321343,79112344957,2023614
75600000000,79200000000,79112344957,79112490678,145721
75600000000,79200000000,79112490678,79119053738,6563060
75600000000,79200000000,79119053738,79119934084,880346
75600000000,79200000000,79119934084,79122028337,2094253
75600000000,79200000000,79122028337,79123603354,1575017
75600000000,79200000000,79123603354,79123603431,77
75600000000,79200000000,79123603431,79123603436,5
75600000000,79200000000,79123603436,79125653818,2050382
75600000000,79200000000,79125653818,79127386882,1733064
75600000000,79200000000,79127386882,79130509899,3123017
75600000000,79200000000,79130509899,79132555877,2045978
75600000000,79200000000,79132555877,79134360671,1804794
75600000000,79200000000,79134360671,79134366330,5659
75600000000,79200000000,79134366330,79134366333,3
75600000000,79200000000,79134366333,79135941762,1575429
75600000000,79200000000,79135941762,79135941806,44
75600000000,79200000000,79135941806,79135962880,21074
75600000000,79200000000,79135962880,79137808824,1845944
75600000000,79200000000,79137808824,79140449662,2640838
75600000000,79200000000,79140449662,79142689016,2239354
75600000000,79200000000,79142689016,79142689102,86
75600000000,79200000000,79142689102,79142689108,6
75600000000,79200000000,79142689108,79142689114,6
75600000000,79200000000,79142689114,79144506851,1817737
75600000000,79200000000,79144506851,79146321968,1815117
75600000000,79200000000,79146321968,79146400439,78471
75600000000,79200000000,79146400439,79146404259,3820
75600000000,79200000000,79146404259,79148075376,1671117
75600000000,79200000000,79148075376,79148102488,27112
75600000000,79200000000,79148102488,79149805821,1703333
75600000000,79200000000,79149805821,79149887937,82116
75600000000,79200000000,79149887937,79149888063,126
75600000000,79200000000,79149888063,79154756817,4868754
75600000000,79200000000,79154756817,79154768844,12027
75600000000,79200000000,79154768844,79154784417,15573
75600000000,79200000000,79154784417,79156460171,1675754
75600000000,79200000000,79156460171,79156460677,506
75600000000,79200000000,79156460677,79156460684,7
75600000000,79200000000,79156460684,79157435204,974520
75600000000,79200000000,79157435204,79157435209,5
75600000000,79200000000,79157435209,79157435210,1
75600000000,79200000000,79157435210,79157435224,14
75600000000,79200000000,79157435224,79158293272,858048
75600000000,79200000000,79158293272,79158293464,192
75600000000,79200000000,79158293464,79160142999,1849535
75600000000,79200000000,79160142999,79161752151,1609152
75600000000,79200000000,79161752151,79161772261,20110
75600000000,79200000000,79161772261,79161772280,19
75600000000,79200000000,79161772280,79161774287,2007
75600000000,79200000000,79161774287,79161774292,5
75600000000,79200000000,79161774292,79162031892,257600
75600000000,79200000000,79162031892,79162033436,1544
75600000000,79200000000,79162033436,79162033441,5
75600000000,79200000000,79162033441,79172255811,10222370
75600000000,79200000000,79172255811,79174015953,1760142
75600000000,79200000000,79174015953,79174030426,14473
75600000000,79200000000,79174030426,79176040052,2009626
75600000000,79200000000,79176040052,79176069901,29849
75600000000,79200000000,79176069901,79176075747,5846
75600000000,79200000000,79176075747,79176079550,3803
75600000000,79200000000,79176079550,79176082177,2627
75600000000,79200000000,79176082177,79177902850,1820673
75600000000,79200000000,79177902850,79177902870,20
75600000000,79200000000,79177902870,79177903022,152
75600000000,79200000000,79177903022,79177931662,28640
75600000000,79200000000,79177931662,79179682138,1750476
75600000000,79200000000,79179682138,79180580977,898839
75600000000,79200000000,79180580977,79182216272,1635295
75600000000,79200000000,79182216272,79182239733,23461
75600000000,79200000000,79182239733,79183605948,1366215
75600000000,79200000000,79183605948,79184396664,790716
75600000000,79200000000,79184396664,79184396680,16
75600000000,79200000000,79184396680,79185350096,953416
75600000000,79200000000,79185350096,79185370594,20498
75600000000,79200000000,79185370594,79185728088,357494
75600000000,79200000000,79185728088,79186600840,872752
75600000000,79200000000,79186600840,79187445288,844448
75600000000,79200000000,79187445288,79187471504,26216
75600000000,79200000000,79187471504,79187471508,4
75600000000,79200000000,79187471508,79187471524,16
75600000000,79200000000,79187471524,79188436016,964492
75600000000,79200000000,79188436016,79188514767,78751
75600000000,79200000000,79188514767,79197928815,9414048
75600000000,79200000000,79197928815,79197928961,146
75600000000,79200000000,79197928961,79197928977,16
75600000000,79200000000,79197928977,79198803198,874221
75600000000,79200000000,79198803198,79199589531,786333
75600000000,79200000000,79199589531,79199589547,16
75600000000,79200000000,79199589547,79199590203,656
79200000000,82800000000,79200557303,79200588871,31568
79200000000,82800000000,79200588871,79200604829,15958
79200000000,82800000000,79200604829,79202266299,1661470
79200000000,82800000000,79202266299,79202298243,31944
79200000000,82800000000,79202298243,79202298280,37
79200000000,82800000000,79202298280,79202298285,5
79200000000,82800000000,79202298285,79210363880,8065595
79200000000,82800000000,79210363880,79211229907,866027
79200000000,82800000000,79211229907,79212087908,858001
79200000000,82800000000,79212087908,79212879137,791229
79200000000,82800000000,79212879137,79213699834,820697
79200000000,82800000000,79213699834,79213699908,74
79200000000,82800000000,79213699908,79216953391,3253483
79200000000,82800000000,79216953391,79220433612,3480221
79200000000,82800000000,79220433612,79220433810,198
79200000000,82800000000,79220433810,79224878147,4444337
79200000000,82800000000,79224878147,79224883398,5251
79200000000,82800000000,79224883398,79226452151,1568753
79200000000,82800000000,79226452151,79226452170,19
79200000000,82800000000,79226452170,79229435741,2983571
79200000000,82800000000,79229435741,79229435745,4
79200000000,82800000000,79229435745,79229435760,15
79200000000,82800000000,79229435760,79231164324,1728564
79200000000,82800000000,79231164324,79232053966,889642
79200000000,82800000000,79232053966,79232837366,783400
79200000000,82800000000,79232837366,79233642991,805625
79200000000,82800000000,79233642991,79234460180,817189
79200000000,82800000000,79234460180,79236083137,1622957
79200000000,82800000000,79236083137,79240326912,4243775
79200000000,82800000000,79240326912,79240329449,2537
79200000000,82800000000,79240329449,79242105138,1775689
79200000000,82800000000,79242105138,79244502265,2397127
79200000000,82800000000,79244502265,79244505589,3324
79200000000,82800000000,79244505589,79244510485,4896
79200000000,82800000000,79244510485,79244514748,4263
79200000000,82800000000,79244514748,79246177014,1662266
79200000000,82800000000,79246177014,79246177018,4
79200000000,82800000000,79246177018,79246177019,1
79200000000,82800000000,79246177019,79246177077,58
79200000000,82800000000,79246177077,79246177089,12
79200000000,82800000000,79246177089,79246177101,12
79200000000,82800000000,79246177101,79247025205,848104
79200000000,82800000000,79247025205,79247026149,944
79200000000,82800000000,79247026149,79248747884,1721735
79200000000,82800000000,79248747884,79248748404,520
79200000000,82800000000,79248748404,79250874517,2126113
79200000000,82800000000,79250874517,79251739323,864806
79200000000,82800000000,79251739323,79257981909,6242586
79200000000,82800000000,79257981909,79257986207,4298
79200000000,82800000000,79257986207,79259593466,1607259
79200000000,82800000000,79259593466,79259593507,41
79200000000,82800000000,79259593507,79260700016,1106509
79200000000,82800000000,79260700016,79260700018,2
79200000000,82800000000,79260700018,79262280199,1580181
79200000000,82800000000,79262280199,79267431730,5151531
79200000000,82800000000,79267431730,79268250770,819040
79200000000,82800000000,79268250770,79275125771,6875001
79200000000,82800000000,79275125771,79276686232,1560461
79200000000,82800000000,79276686232,79276717014,30782
79200000000,82800000000,79276717014,79279244174,2527160
79200000000,82800000000,79279244174,79279244177,3
79200000000,82800000000,79279244177,79279267147,22970
79200000000,82800000000,79279267147,79280876440,1609293
79200000000,82800000000,79280876440,79281785009,908569
79200000000,82800000000,79281785009,79282945168,1160159
79200000000,82800000000,79282945168,79282945524,356
79200000000,82800000000,79282945524,79282945531,7
79200000000,82800000000,79282945531,79284743069,1797538
79200000000,82800000000,79284743069,79288612879,3869810
79200000000,82800000000,79288612879,79288612956,77
79200000000,82800000000,79288612956,79288612961,5
79200000000,82800000000,79288612961,79289575645,962684
79200000000,82800000000,79289575645,79289575648,3
79200000000,82800000000,79289575648,79291151835,1576187
79200000000,82800000000,79291151835,79294367063,3215228
79200000000,82800000000,79294367063,79295982538,1615475
79200000000,82800000000,79295982538,79295982542,4
79200000000,82800000000,79295982542,79295982543,1
79200000000,82800000000,79295982543,79295982544,1
79200000000,82800000000,79295982544,79296011445,28901
79200000000,82800000000,79296011445,79296850911,839466
79200000000,82800000000,79296850911,79296850978,67
79200000000,82800000000,79296850978,79296852433,1455
79200000000,82800000000,79296852433,79297764503,912070
79200000000,82800000000,79297764503,79300467938,2703435
79200000000,82800000000,79300467938,79312587039,12119101
79200000000,82800000000,79312587039,79312591157,4118
79200000000,82800000000,79312591157,79312593994,2837
79200000000,82800000000,79312593994,79314268031,1674037
79200000000,82800000000,79314268031,79314268051,20
79200000000,82800000000,79314268051,79314268062,11
79200000000,82800000000,79314268062,79314293681,25619
79200000000,82800000000,79314293681,79321328014,7034333
79200000000,82800000000,79321328014,79325236529,3908515
79200000000,82800000000,79325236529,79325615153,378624
79200000000,82800000000,79325615153,79326518205,903052
79200000000,82800000000,79326518205,79326534182,15977
79200000000,82800000000,79326534182,79327481092,946910
79200000000,82800000000,79327481092,79327514510,33418
79200000000,82800000000,79327514510,79328359620,845110
79200000000,82800000000,79328359620,79329272712,913092
79200000000,82800000000,79329272712,79329272723,11
79200000000,82800000000,79329272723,79330174976,902253
79200000000,82800000000,79330174976,79333306682,3131706
79200000000,82800000000,79333306682,79334207790,901108
79200000000,82800000000,79334207790,79335142602,934812
79200000000,82800000000,79335142602,79335168398,25796
79200000000,82800000000,79335168398,79337158848,1990450
79200000000,82800000000,79337158848,79338041834,882986
79200000000,82800000000,79338041834,79339802216,1760382
79200000000,82800000000,79339802216,79340618788,816572
79200000000,82800000000,79340618788,79340618792,4
79200000000,82800000000,79340618792,79340618807,15
79200000000,82800000000,79340618807,79341462836,844029
79200000000,82800000000,79341462836,79341490263,27427
79200000000,82800000000,79341490263,79342355612,865349
79200000000,82800000000,79342355612,79342366092,10480
79200000000,82800000000,79342366092,79342366187,95
79200000000,82800000000,79342366187,79342366193,6
79200000000,82800000000,79342366193,79343350920,984727
79200000000,82800000000,79343350920,79344299629,948709
79200000000,82800000000,79344299629,79346470309,2170680
79200000000,82800000000,79346470309,79348635520,2165211
79200000000,82800000000,79348635520,79350670985,2035465
79200000000,82800000000,79350670985,79350675924,4939
79200000000,82800000000,79350675924,79350678616,2692
79200000000,82800000000,79350678616,79350685200,6584
79200000000,82800000000,79350685200,79350689740,4540
79200000000,82800000000,79350689740,79352473811,1784071
79200000000,82800000000,79352473811,79352473815,4
79200000000,82800000000,79352473815,79352473851,36
79200000000,82800000000,79352473851,79352473855,4
79200000000,82800000000,79352473855,79352473856,1
79200000000,82800000000,79352473856,79352473867,11
79200000000,82800000000,79352473867,79352473879,12
79200000000,82800000000,79352473879,79352473979,100
79200000000,82800000000,79352473979,79353421389,947410
79200000000,82800000000,79353421389,79353421700,311
79200000000,82800000000,79353421700,79353421817,117
79200000000,82800000000,79353421817,79358140622,4718805
79200000000,82800000000,79358140622,79363590066,5449444
79200000000,82800000000,79363590066,79367237206,3647140
79200000000,82800000000,79367237206,79368193834,956628
79200000000,82800000000,79368193834,79370253368,2059534
79200000000,82800000000,79370253368,79370279030,25662
79200000000,82800000000,79370279030,79371906036,1627006
79200000000,82800000000,79371906036,79372761768,855732
79200000000,82800000000,79372761768,79372761807,39
79200000000,82800000000,79372761807,79372761812,5
79200000000,82800000000,79372761812,79372761817,5
79200000000,82800000000,79372761817,79376814050,4052233
79200000000,82800000000,79376814050,79377697824,883774
79200000000,82800000000,79377697824,79377698813,989
79200000000,82800000000,79377698813,79377699416,603
79200000000,82800000000,79377699416,79380938086,3238670
79200000000,82800000000,79380938086,79380938242,156
79200000000,82800000000,79380938242,79380938249,7
79200000000,82800000000,79380938249,79386370605,5432356
79200000000,82800000000,79386370605,79387199968,829363
79200000000,82800000000,79387199968,79388807007,1607039
79200000000,82800000000,79388807007,79390659884,1852877
79200000000,82800000000,79390659884,79390659968,84
79200000000,82800000000,79390659968,79390659980,12
79200000000,82800000000,79390659980,79392944387,2284407
79200000000,82800000000,79392944387,79396447163,3502776
79200000000,82800000000,79396447163,79396447168,5
79200000000,82800000000,79396447168,79396447183,15
79200000000,82800000000,79396447183,79400039938,3592755
79200000000,82800000000,79400039938,79400040409,471
79200000000,82800000000,79400040409,79400040425,16
79200000000,82800000000,79400040425,79404953855,4913430
79200000000,82800000000,79404953855,79404959304,5449
79200000000,82800000000,79404959304,79404966327,7023
79200000000,82800000000,79404966327,79406571388,1605061
79200000000,82800000000,79406571388,79406571392,4
79200000000,82800000000,79406571392,79406571393,1
79200000000,82800000000,79406571393,79406571728,335
79200000000,82800000000,79406571728,79406571732,4
79200000000,82800000000,79406571732,79406571754,22
79200000000,82800000000,79406571754,79406571758,4
79200000000,82800000000,79406571758,79406571759,1
79200000000,82800000000,79406571759,79406657695,85936
79200000000,82800000000,79406657695,79407533591,875896
79200000000,82800000000,79407533591,79407533595,4
79200000000,82800000000,79407533595,79407533610,15
79200000000,82800000000,79407533610,79408334384,800774
79200000000,82800000000,79408334384,79408335348,964
79200000000,82800000000,79408335348,79408342583,7235
79200000000,82800000000,79408342583,79408342629,46
79200000000,82800000000,79408342629,79408342640,11
79200000000,82800000000,79408342640,79408601657,259017
79200000000,82800000000,79408601657,79409505217,903560
79200000000,82800000000,79409505217,79409505256,39
79200000000,82800000000,79409505256,79409505261,5
79200000000,82800000000,79409505261,79409505266,5
79200000000,82800000000,79409505266,79410313408,808142
79200000000,82800000000,79410313408,79410357726,44318
79200000000,82800000000,79410357726,79410360432,2706
79200000000,82800000000,79410360432,79411186843,826411
79200000000,82800000000,79411186843,79411187489,646
79200000000,82800000000,79411187489,79412025009,837520
79200000000,82800000000,79412025009,79412025044,35
79200000000,82800000000,79412025044,79413671265,1646221
79200000000,82800000000,79413671265,79415603983,1932718
79200000000,82800000000,79415603983,79415610050,6067
79200000000,82800000000,79415610050,79416493602,883552
79200000000,82800000000,79416493602,79417362625,869023
79200000000,82800000000,79417362625,79422019930,4657305
79200000000,82800000000,79422019930,79423575389,1555459
79200000000,82800000000,79423575389,79423578325,2936
79200000000,82800000000,79423578325,79423582779,4454
79200000000,82800000000,79423582779,79423588831,6052
79200000000,82800000000,79423588831,79423589207,376
79200000000,82800000000,79423589207,79424486903,897696
79200000000,82800000000,79424486903,79425348450,861547
79200000000,82800000000,79425348450,79426606354,1257904
79200000000,82800000000,79426606354,79426606377,23
79200000000,82800000000,79426606377,79426606381,4
79200000000,82800000000,79426606381,79426606457,76
79200000000,82800000000,79426606457,79427526605,920148
79200000000,82800000000,79427526605,79427526671,66
79200000000,82800000000,79427526671,79428428873,902202
79200000000,82800000000,79428428873,79430145793,1716920
79200000000,82800000000,79430145793,79430176867,31074
79200000000,82800000000,79430176867,79430176994,127
79200000000,82800000000,79430176994,79430176999,5
79200000000,82800000000,79430176999,79437277576,7100577
79200000000,82800000000,79437277576,79443877118,6599542
79200000000,82800000000,79443877118,79449525010,5647892
79200000000,82800000000,79449525010,79451202670,1677660
79200000000,82800000000,79451202670,79451225918,23248
79200000000,82800000000,79451225918,79452103534,877616
79200000000,82800000000,79452103534,79452108332,4798
79200000000,82800000000,79452108332,79452108581,249
79200000000,82800000000,79452108581,79452108588,7
79200000000,82800000000,79452108588,79452108595,7
79200000000,82800000000,79452108595,79453060947,952352
79200000000,82800000000,79453060947,79454055723,994776
79200000000,82800000000,79454055723,79460513323,6457600
79200000000,82800000000,79460513323,79462233997,1720674
79200000000,82800000000,79462233997,79463051394,817397
79200000000,82800000000,79463051394,79468504785,5453391
79200000000,82800000000,79468504785,79470563640,2058855
79200000000,82800000000,79470563640,79470597205,33565
79200000000,82800000000,79470597205,79470597209,4
79200000000,82800000000,79470597209,79470597224,15
79200000000,82800000000,79470597224,79471562873,965649
79200000000,82800000000,79471562873,79471562900,27
79200000000,82800000000,79471562900,79471562905,5
79200000000,82800000000,79471562905,79472477779,914874
79200000000,82800000000,79472477779,79474239110,1761331
79200000000,82800000000,79474239110,79480081364,5842254
79200000000,82800000000,79480081364,79480091102,9738
79200000000,82800000000,79480091102,79481637934,1546832
79200000000,82800000000,79481637934,79481637938,4
79200000000,82800000000,79481637938,79481637939,1
79200000000,82800000000,79481637939,79481637940,1
79200000000,82800000000,79481637940,79481638166,226
79200000000,82800000000,79481638166,79483355558,1717392
79200000000,82800000000,79483355558,79483355727,169
79200000000,82800000000,79483355727,79483361087,5360
79200000000,82800000000,79483361087,79483527553,166466
79200000000,82800000000,79483527553,79486926404,3398851
79200000000,82800000000,79486926404,79489467439,2541035
79200000000,82800000000,79489467439,79489467616,177
79200000000,82800000000,79489467616,79489467621,5
79200000000,82800000000,79489467621,79496142319,6674698
79200000000,82800000000,79496142319,79497027511,885192
79200000000,82800000000,79497027511,79497866831,839320
79200000000,82800000000,79497866831,79497887867,21036
79200000000,82800000000,79497887867,79497898091,10224
79200000000,82800000000,79497898091,79498773469,875378
79200000000,82800000000,79498773469,79499627012,853543
79200000000,82800000000,79499627012,79499627017,5
79200000000,82800000000,79499627017,79499627038,21
79200000000,82800000000,79499627038,79499627042,4
79200000000,82800000000,79499627042,79499627043,1
79200000000,82800000000,79499627043,79499627044,1
79200000000,82800000000,79499627044,79500425499,798455
79200000000,82800000000,79500425499,79500425503,4
79200000000,82800000000,79500425503,79500425567,64
79200000000,82800000000,79500425567,79500425766,199
79200000000,82800000000,79500425766,79500426086,320
79200000000,82800000000,79500426086,79500802049,375963
79200000000,82800000000,79500802049,79501645228,843179
79200000000,82800000000,79501645228,79501741252,96024
79200000000,82800000000,79501741252,79502565381,824129
79200000000,82800000000,79502565381,79503389802,824421
79200000000,82800000000,79503389802,79504194262,804460
79200000000,82800000000,79504194262,79504221274,27012
79200000000,82800000000,79504221274,79507945566,3724292
79200000000,82800000000,79507945566,79512198730,4253164
79200000000,82800000000,79512198730,79512206058,7328
79200000000,82800000000,79512206058,79513004300,798242
79200000000,82800000000,79513004300,79513009692,5392
79200000000,82800000000,79513009692,79513009853,161
79200000000,82800000000,79513009853,79513833366,823513
79200000000,82800000000,79513833366,79514690417,857051
79200000000,82800000000,79514690417,79519107868,4417451
79200000000,82800000000,79519107868,79523691326,4583458
79200000000,82800000000,79523691326,79523698398,7072
79200000000,82800000000,79523698398,79525759051,2060653
79200000000,82800000000,79525759051,79525759055,4
79200000000,82800000000,79525759055,79525759070,15
79200000000,82800000000,79525759070,79525759074,4
79200000000,82800000000,79525759074,79526994444,1235370
79200000000,82800000000,79526994444,79526994461,17
79200000000,82800000000,79526994461,79527019427,24966
79200000000,82800000000,79527019427,79527025339,5912
79200000000,82800000000,79527025339,79527802291,776952
79200000000,82800000000,79527802291,79527802293,2
79200000000,82800000000,79527802293,79528509425,707132
79200000000,82800000000,79528509425,79528526323,16898
79200000000,82800000000,79528526323,79529298492,772169
79200000000,82800000000,79529298492,79529663451,364959
79200000000,82800000000,79529663451,79530441330,777879
79200000000,82800000000,79530441330,79530469213,27883
79200000000,82800000000,79530469213,79531292768,823555
79200000000,82800000000,79531292768,79531316871,24103
79200000000,82800000000,79531316871,79531319892,3021
79200000000,82800000000,79531319892,79531322396,2504
79200000000,82800000000,79531322396,79531324793,2397
79200000000,82800000000,79531324793,79532167199,842406
79200000000,82800000000,79532167199,79532241950,74751
79200000000,82800000000,79532241950,79533594906,1352956
79200000000,82800000000,79533594906,79533594919,13
79200000000,82800000000,79533594919,79533594932,13
79200000000,82800000000,79533594932,79533594945,13
79200000000,82800000000,79533594945,79534438101,843156
79200000000,82800000000,79534438101,79535256041,817940
79200000000,82800000000,79535256041,79536913684,1657643
79200000000,82800000000,79536913684,79536934177,20493
79200000000,82800000000,79536934177,79536934741,564
79200000000,82800000000,79536934741,79538819534,1884793
79200000000,82800000000,79538819534,79550551762,11732228
79200000000,82800000000,79550551762,79552850893,2299131
79200000000,82800000000,79552850893,79552850896,3
79200000000,82800000000,79552850896,79552850897,1
79200000000,82800000000,79552850897,79553667881,816984
79200000000,82800000000,79553667881,79554394461,726580
79200000000,82800000000,79554394461,79554398019,3558
79200000000,82800000000,79554398019,79555511727,1113708
79200000000,82800000000,79555511727,79555574867,63140
79200000000,82800000000,79555574867,79557130242,1555375
79200000000,82800000000,79557130242,79557143118,12876
79200000000,82800000000,79557143118,79557143121,3
79200000000,82800000000,79557143121,79557978681,835560
79200000000,82800000000,79557978681,79558752079,773398
79200000000,82800000000,79558752079,79559626800,874721
79200000000,82800000000,79559626800,79559640436,13636
79200000000,82800000000,79559640436,79559640938,502
79200000000,82800000000,79559640938,79559640945,7
79200000000,82800000000,79559640945,79564841537,5200592
79200000000,82800000000,79564841537,79566773233,1931696
79200000000,82800000000,79566773233,79566804977,31744
79200000000,82800000000,79566804977,79569866997,3062020
79200000000,82800000000,79569866997,79570760660,893663
79200000000,82800000000,79570760660,79571687639,926979
79200000000,82800000000,79571687639,79573345495,1657856
79200000000,82800000000,79573345495,79574186359,840864
79200000000,82800000000,79574186359,79576043272,1856913
79200000000,82800000000,79576043272,79579981552,3938280
79200000000,82800000000,79579981552,79580861174,879622
79200000000,82800000000,79580861174,79582538121,1676947
79200000000,82800000000,79582538121,79582538125,4
79200000000,82800000000,79582538125,79582538126,1
79200000000,82800000000,79582538126,79582538127,1
79200000000,82800000000,79582538127,79583467206,929079
79200000000,82800000000,79583467206,79583467423,217
79200000000,82800000000,79583467423,79583467767,344
79200000000,82800000000,79583467767,79586580720,3112953
79200000000,82800000000,79586580720,79587715853,1135133
79200000000,82800000000,79587715853,79587715868,15
79200000000,82800000000,79587715868,79593707246,5991378
79200000000,82800000000,79593707246,79596506962,2799716
79200000000,82800000000,79596506962,79599620138,3113176
79200000000,82800000000,79599620138,79600541524,921386
79200000000,82800000000,79600541524,79600541540,16
79200000000,82800000000,79600541540,79601365505,823965
79200000000,82800000000,79601365505,79605279056,3913551
79200000000,82800000000,79605279056,79606973226,1694170
79200000000,82800000000,79606973226,79606973230,4
79200000000,82800000000,79606973230,79607819393,846163
79200000000,82800000000,79607819393,79607819398,5
79200000000,82800000000,79607819398,79608194497,375099
79200000000,82800000000,79608194497,79608194706,209
79200000000,82800000000,79608194706,79608194711,5
79200000000,82800000000,79608194711,79609153937,959226
79200000000,82800000000,79609153937,79610245347,1091410
79200000000,82800000000,79610245347,79610245426,79
79200000000,82800000000,79610245426,79610245431,5
79200000000,82800000000,79610245431,79610245436,5
79200000000,82800000000,79610245436,79612679741,2434305
79200000000,82800000000,79612679741,79613575391,895650
79200000000,82800000000,79613575391,79615355100,1779709
79200000000,82800000000,79615355100,79616224597,869497
79200000000,82800000000,79616224597,79617980639,1756042
79200000000,82800000000,79617980639,79618023361,42722
79200000000,82800000000,79618023361,79618075395,52034
79200000000,82800000000,79618075395,79618941149,865754
79200000000,82800000000,79618941149,79620101188,1160039
79200000000,82800000000,79620101188,79620101206,18
79200000000,82800000000,79620101206,79620140845,39639
79200000000,82800000000,79620140845,79622059755,1918910
79200000000,82800000000,79622059755,79623829857,1770102
79200000000,82800000000,79623829857,79624745446,915589
79200000000,82800000000,79624745446,79626508490,1763044
79200000000,82800000000,79626508490,79635891018,9382528
79200000000,82800000000,79635891018,79635891579,561
79200000000,82800000000,79635891579,79636224714,333135
79200000000,82800000000,79636224714,79636224718,4
79200000000,82800000000,79636224718,79636224733,15
79200000000,82800000000,79636224733,79637066438,841705
79200000000,82800000000,79637066438,79638015337,948899
79200000000,82800000000,79638015337,79638023726,8389
79200000000,82800000000,79638023726,79638027009,3283
79200000000,82800000000,79638027009,79638029163,2154
79200000000,82800000000,79638029163,79639643611,1614448
79200000000,82800000000,79639643611,79639643615,4
79200000000,82800000000,79639643615,79639643616,1
79200000000,82800000000,79639643616,79639643995,379
79200000000,82800000000,79639643995,79639644038,43
79200000000,82800000000,79639644038,79639644402,364
79200000000,82800000000,79639644402,79641401072,1756670
79200000000,82800000000,79641401072,79641408302,7230
79200000000,82800000000,79641408302,79644922061,3513759
79200000000,82800000000,79644922061,79651258976,6336915
79200000000,82800000000,79651258976,79651259244,268
79200000000,82800000000,79651259244,79651259251,7
79200000000,82800000000,79651259251,79653475507,2216256
79200000000,82800000000,79653475507,79653475624,117
79200000000,82800000000,79653475624,79653475629,5
79200000000,82800000000,79653475629,79655395722,1920093
79200000000,82800000000,79655395722,79656308631,912909
79200000000,82800000000,79656308631,79657200375,891744
79200000000,82800000000,79657200375,79658168228,967853
79200000000,82800000000,79658168228,79658171819,3591
79200000000,82800000000,79658171819,79659157549,985730
79200000000,82800000000,79659157549,79659157552,3
79200000000,82800000000,79659157552,79659157553,1
79200000000,82800000000,79659157553,79659201247,43694
79200000000,82800000000,79659201247,79660881484,1680237
79200000000,82800000000,79660881484,79660881915,431
79200000000,82800000000,79660881915,79660882294,379
79200000000,82800000000,79660882294,79679764271,18881977
79200000000,82800000000,79679764271,79683737073,3972802
79200000000,82800000000,79683737073,79684729571,992498
79200000000,82800000000,79684729571,79686711911,1982340
79200000000,82800000000,79686711911,79687603971,892060
79200000000,82800000000,79687603971,79687611739,7768
79200000000,82800000000,79687611739,79688441458,829719
79200000000,82800000000,79688441458,79689306789,865331
79200000000,82800000000,79689306789,79689306793,4
79200000000,82800000000,79689306793,79689306794,1
79200000000,82800000000,79689306794,79689306865,71
79200000000,82800000000,79689306865,79690114078,807213
79200000000,82800000000,79690114078,79690115014,936
79200000000,82800000000,79690115014,79699316786,9201772
79200000000,82800000000,79699316786,79699317186,400
79200000000,82800000000,79699317186,79699317191,5
79200000000,82800000000,79699317191,79699317196,5
79200000000,82800000000,79699317196,79701121014,1803818
79200000000,82800000000,79701121014,79703530739,2409725
79200000000,82800000000,79703530739,79703530744,5
79200000000,82800000000,79703530744,79704402943,872199
79200000000,82800000000,79704402943,79705021939,618996
79200000000,82800000000,79705021939,79707093673,2071734
79200000000,82800000000,79707093673,79707238486,144813
79200000000,82800000000,79707238486,79707252317,13831
79200000000,82800000000,79707252317,79707258067,5750
79200000000,82800000000,79707258067,79708110484,852417
79200000000,82800000000,79708110484,79709717525,1607041
79200000000,82800000000,79709717525,79709717543,18
79200000000,82800000000,79709717543,79709718508,965
79200000000,82800000000,79709718508,79710753665,1035157
79200000000,82800000000,79710753665,79710779622,25957
79200000000,82800000000,79710779622,79711717261,937639
79200000000,82800000000,79711717261,79712697387,980126
79200000000,82800000000,79712697387,79713606478,909091
79200000000,82800000000,79713606478,79722060197,8453719
79200000000,82800000000,79722060197,79722871987,811790
79200000000,82800000000,79722871987,79723751895,879908
79200000000,82800000000,79723751895,79724537477,785582
79200000000,82800000000,79724537477,79727286631,2749154
79200000000,82800000000,79727286631,79729515342,2228711
79200000000,82800000000,79729515342,79729597902,82560
79200000000,82800000000,79729597902,79729598467,565
79200000000,82800000000,79729598467,79729598491,24
79200000000,82800000000,79729598491,79730686249,1087758
79200000000,82800000000,79730686249,79734363057,3676808
79200000000,82800000000,79734363057,79736869217,2506160
79200000000,82800000000,79736869217,79736875033,5816
79200000000,82800000000,79736875033,79736875054,21
79200000000,82800000000,79736875054,79736875128,74
79200000000,82800000000,79736875128,79736875133,5
79200000000,82800000000,79736875133,79736875138,5
79200000000,82800000000,79736875138,79736916249,41111
79200000000,82800000000,79736916249,79737669204,752955
79200000000,82800000000,79737669204,79738761669,1092465
79200000000,82800000000,79738761669,79738780960,19291
79200000000,82800000000,79738780960,79739508928,727968
79200000000,82800000000,79739508928,79740337178,828250
79200000000,82800000000,79740337178,79740359690,22512
79200000000,82800000000,79740359690,79741164251,804561
79200000000,82800000000,79741164251,79742868289,1704038
79200000000,82800000000,79742868289,79742868295,6
79200000000,82800000000,79742868295,79743635339,767044
79200000000,82800000000,79743635339,79744595159,959820
79200000000,82800000000,79744595159,79744624657,29498
79200000000,82800000000,79744624657,79745565008,940351
79200000000,82800000000,79745565008,79746611734,1046726
79200000000,82800000000,79746611734,79746611738,4
79200000000,82800000000,79746611738,79746611739,1
79200000000,82800000000,79746611739,79748421912,1810173
79200000000,82800000000,79748421912,79748428772,6860
79200000000,82800000000,79748428772,79749010697,581925
79200000000,82800000000,79749010697,79749010870,173
79200000000,82800000000,79749010870,79749010885,15
79200000000,82800000000,79749010885,79750081470,1070585
79200000000,82800000000,79750081470,79752155128,2073658
79200000000,82800000000,79752155128,79752183402,28274
79200000000,82800000000,79752183402,79753891703,1708301
79200000000,82800000000,79753891703,79753920114,28411
79200000000,82800000000,79753920114,79757789982,3869868
79200000000,82800000000,79757789982,79758864835,1074853
79200000000,82800000000,79758864835,79760826003,1961168
79200000000,82800000000,79760826003,79760831572,5569
79200000000,82800000000,79760831572,79762883318,2051746
79200000000,82800000000,79762883318,79764650163,1766845
79200000000,82800000000,79764650163,79764656047,5884
79200000000,82800000000,79764656047,79764659867,3820
79200000000,82800000000,79764659867,79767107782,2447915
79200000000,82800000000,79767107782,79767107795,13
79200000000,82800000000,79767107795,79767107827,32
79200000000,82800000000,79767107827,79767265088,157261
79200000000,82800000000,79767265088,79768229456,964368
79200000000,82800000000,79768229456,79770027862,1798406
79200000000,82800000000,79770027862,79770129819,101957
79200000000,82800000000,79770129819,79770137877,8058
79200000000,82800000000,79770137877,79772372937,2235060
79200000000,82800000000,79772372937,79772602881,229944
79200000000,82800000000,79772602881,79774303620,1700739
79200000000,82800000000,79774303620,79775340979,1037359
79200000000,82800000000,79775340979,79777058630,1717651
79200000000,82800000000,79777058630,79777912820,854190
79200000000,82800000000,79777912820,79778859618,946798
79200000000,82800000000,79778859618,79778859678,60
79200000000,82800000000,79778859678,79778859683,5
79200000000,82800000000,79778859683,79778859688,5
79200000000,82800000000,79778859688,79783630939,4771251
79200000000,82800000000,79783630939,79787094700,3463761
79200000000,82800000000,79787094700,79792110213,5015513
79200000000,82800000000,79792110213,79792453941,343728
79200000000,82800000000,79792453941,79793192044,738103
79200000000,82800000000,79793192044,79793192071,27
79200000000,82800000000,79793192071,79793192076,5
79200000000,82800000000,79793192076,79793998478,806402
79200000000,82800000000,79793998478,79798204518,4206040
79200000000,82800000000,79798204518,79799001603,797085
79200000000,82800000000,79799001603,79799001607,4
79200000000,82800000000,79799001607,79799001622,15
79200000000,82800000000,79799001622,79804436531,5434909
79200000000,82800000000,79804436531,79804442404,5873
79200000000,82800000000,79804442404,79805295169,852765
79200000000,82800000000,79805295169,79806118629,823460
79200000000,82800000000,79806118629,79806118640,11
79200000000,82800000000,79806118640,79806244605,125965
79200000000,82800000000,79806244605,79807066435,821830
79200000000,82800000000,79807066435,79807955534,889099
79200000000,82800000000,79807955534,79809885171,1929637
79200000000,82800000000,79809885171,79809891278,6107
79200000000,82800000000,79809891278,79809892350,1072
79200000000,82800000000,79809892350,79811966319,2073969
79200000000,82800000000,79811966319,79812008464,42145
79200000000,82800000000,79812008464,79814126546,2118082
79200000000,82800000000,79814126546,79814943495,816949
79200000000,82800000000,79814943495,79814949372,5877
79200000000,82800000000,79814949372,79814952427,3055
79200000000,82800000000,79814952427,79814954835,2408
79200000000,82800000000,79814954835,79814956717,1882
79200000000,82800000000,79814956717,79817393360,2436643
79200000000,82800000000,79817393360,79817393371,11
79200000000,82800000000,79817393371,79817393383,12
79200000000,82800000000,79817393383,79817393395,12
79200000000,82800000000,79817393395,79817393407,12
79200000000,82800000000,79817393407,79819638995,2245588
79200000000,82800000000,79819638995,79828979637,9340642
79200000000,82800000000,79828979637,79829759617,779980
79200000000,82800000000,79829759617,79831430011,1670394
79200000000,82800000000,79831430011,79832247058,817047
79200000000,82800000000,79832247058,79832247174,116
79200000000,82800000000,79832247174,79833123773,876599
79200000000,82800000000,79833123773,79833130259,6486
79200000000,82800000000,79833130259,79834727955,1597696
79200000000,82800000000,79834727955,79834727989,34
79200000000,82800000000,79834727989,79839113427,4385438
79200000000,82800000000,79839113427,79840877998,1764571
79200000000,82800000000,79840877998,79843627087,2749089
79200000000,82800000000,79843627087,79843627089,2
79200000000,82800000000,79843627089,79845357294,1730205
79200000000,82800000000,79845357294,79848430085,3072791
79200000000,82800000000,79848430085,79850224907,1794822
79200000000,82800000000,79850224907,79851875060,1650153
79200000000,82800000000,79851875060,79853427102,1552042
79200000000,82800000000,79853427102,79853427106,4
79200000000,82800000000,79853427106,79853427107,1
79200000000,82800000000,79853427107,79853427108,1
79200000000,82800000000,79853427108,79854254580,827472
79200000000,82800000000,79854254580,79854254617,37
79200000000,82800000000,79854254617,79854254845,228
79200000000,82800000000,79854254845,79858110039,3855194
79200000000,82800000000,79858110039,79858115366,5327
79200000000,82800000000,79858115366,79863702981,5587615
79200000000,82800000000,79863702981,79863720142,17161
79200000000,82800000000,79863720142,79864628079,907937
79200000000,82800000000,79864628079,79865469671,841592
79200000000,82800000000,79865469671,79865550031,80360
79200000000,82800000000,79865550031,79865558784,8753
79200000000,82800000000,79865558784,79866396594,837810
79200000000,82800000000,79866396594,79866466037,69443
79200000000,82800000000,79866466037,79866469885,3848
79200000000,82800000000,79866469885,79867315036,845151
79200000000,82800000000,79867315036,79867315059,23
79200000000,82800000000,79867315059,79868577569,1262510
79200000000,82800000000,79868577569,79870747307,2169738
79200000000,82800000000,79870747307,79872532872,1785565
79200000000,82800000000,79872532872,79873591626,1058754
79200000000,82800000000,79873591626,79873591629,3
79200000000,82800000000,79873591629,79875237776,1646147
79200000000,82800000000,79875237776,79875269882,32106
79200000000,82800000000,79875269882,79875272902,3020
79200000000,82800000000,79875272902,79877011363,1738461
79200000000,82800000000,79877011363,79877011389,26
79200000000,82800000000,79877011389,79877049806,38417
79200000000,82800000000,79877049806,79877053369,3563
79200000000,82800000000,79877053369,79878037248,983879
79200000000,82800000000,79878037248,79879146907,1109659
79200000000,82800000000,79879146907,79879146918,11
79200000000,82800000000,79879146918,79879167600,20682
79200000000,82800000000,79879167600,79879174613,7013
79200000000,82800000000,79879174613,79879185200,10587
79200000000,82800000000,79879185200,79879955811,770611
79200000000,82800000000,79879955811,79882911714,2955903
79200000000,82800000000,79882911714,79882911731,17
79200000000,82800000000,79882911731,79885741347,2829616
79200000000,82800000000,79885741347,79885746800,5453
79200000000,82800000000,79885746800,79886592778,845978
79200000000,82800000000,79886592778,79886657951,65173
79200000000,82800000000,79886657951,79886677495,19544
79200000000,82800000000,79886677495,79887519755,842260
79200000000,82800000000,79887519755,79887519767,12
79200000000,82800000000,79887519767,79888310179,790412
79200000000,82800000000,79888310179,79888310196,17
79200000000,82800000000,79888310196,79888310200,4
79200000000,82800000000,79888310200,79888310201,1
79200000000,82800000000,79888310201,79888338921,28720
79200000000,82800000000,79888338921,79889166095,827174
79200000000,82800000000,79889166095,79889167018,923
79200000000,82800000000,79889167018,79891215122,2048104
79200000000,82800000000,79891215122,79892506570,1291448
79200000000,82800000000,79892506570,79892507421,851
79200000000,82800000000,79892507421,79896003276,3495855
79200000000,82800000000,79896003276,79896003597,321
79200000000,82800000000,79896003597,79896003612,15
79200000000,82800000000,79896003612,79908560132,12556520
79200000000,82800000000,79908560132,79909348506,788374
79200000000,82800000000,79909348506,79910152238,803732
79200000000,82800000000,79910152238,79912928609,2776371
79200000000,82800000000,79912928609,79914522815,1594206
79200000000,82800000000,79914522815,79919591435,5068620
79200000000,82800000000,79919591435,79920460070,868635
79200000000,82800000000,79920460070,79920460073,3
79200000000,82800000000,79920460073,79921284802,824729
79200000000,82800000000,79921284802,79921288450,3648
79200000000,82800000000,79921288450,79921288457,7
79200000000,82800000000,79921288457,79922282776,994319
79200000000,82800000000,79922282776,79925180221,2897445
79200000000,82800000000,79925180221,79925180438,217
79200000000,82800000000,79925180438,79925180443,5
79200000000,82800000000,79925180443,79930392245,5211802
79200000000,82800000000,79930392245,79945032858,14640613
79200000000,82800000000,79945032858,79949039675,4006817
79200000000,82800000000,79949039675,79950687045,1647370
79200000000,82800000000,79950687045,79952292217,1605172
79200000000,82800000000,79952292217,79953935603,1643386
79200000000,82800000000,79953935603,79953935607,4
79200000000,82800000000,79953935607,79954767612,832005
79200000000,82800000000,79954767612,79956710142,1942530
79200000000,82800000000,79956710142,79956710179,37
79200000000,82800000000,79956710179,79956710184,5
79200000000,82800000000,79956710184,79959769682,3059498
79200000000,82800000000,79959769682,79961342577,1572895
79200000000,82800000000,79961342577,79963602113,2259536
79200000000,82800000000,79963602113,79965338544,1736431
79200000000,82800000000,79965338544,79965367072,28528
79200000000,82800000000,79965367072,79970229384,4862312
79200000000,82800000000,79970229384,79971134249,904865
79200000000,82800000000,79971134249,79971134267,18
79200000000,82800000000,79971134267,79971134273,6
79200000000,82800000000,79971134273,79971134483,210
79200000000,82800000000,79971134483,79971134488,5
79200000000,82800000000,79971134488,79971134493,5
79200000000,82800000000,79971134493,79971980849,846356
79200000000,82800000000,79971980849,79971998981,18132
79200000000,82800000000,79971998981,79972008999,10018
79200000000,82800000000,79972008999,79972011047,2048
79200000000,82800000000,79972011047,79972012963,1916
79200000000,82800000000,79972012963,79972934655,921692
79200000000,82800000000,79972934655,79973753704,819049
79200000000,82800000000,79973753704,79973753903,199
79200000000,82800000000,79973753903,79973754079,176
79200000000,82800000000,79973754079,79973754092,13
79200000000,82800000000,79973754092,79975155388,1401296
79200000000,82800000000,79975155388,79975182482,27094
79200000000,82800000000,79975182482,79975182521,39
79200000000,82800000000,79975182521,79975182526,5
79200000000,82800000000,79975182526,79975182531,5
79200000000,82800000000,79975182531,79976078197,895666
79200000000,82800000000,79976078197,79976085793,7596
79200000000,82800000000,79976085793,79976963959,878166
79200000000,82800000000,79976963959,79976964724,765
79200000000,82800000000,79976964724,79977813722,848998
79200000000,82800000000,79977813722,79977813758,36
79200000000,82800000000,79977813758,79980531263,2717505
79200000000,82800000000,79980531263,79981382062,850799
79200000000,82800000000,79981382062,79982962645,1580583
79200000000,82800000000,79982962645,79983715170,752525
79200000000,82800000000,79983715170,79984540882,825712
79200000000,82800000000,79984540882,79985433364,892482
79200000000,82800000000,79985433364,79987904682,2471318
79200000000,82800000000,79987904682,79989347524,1442842
79200000000,82800000000,79989347524,79989347651,127
79200000000,82800000000,79989347651,79989347656,5
79200000000,82800000000,79989347656,79991036867,1689211
79200000000,82800000000,79991036867,79993727821,2690954
79200000000,82800000000,79993727821,79995874255,2146434
79200000000,82800000000,79995874255,79996657725,783470
79200000000,82800000000,79996657725,79999985819,3328094
79200000000,82800000000,79999985819,79999985831,12
79200000000,82800000000,79999985831,80004920123,4934292
79200000000,82800000000,80004920123,80004922288,2165
79200000000,82800000000,80004922288,80004927155,4867
79200000000,82800000000,80004927155,80005968457,1041302
79200000000,82800000000,80005968457,80005973327,4870
79200000000,82800000000,80005973327,80008991296,3017969
79200000000,82800000000,80008991296,80008991300,4
79200000000,82800000000,80008991300,80008991404,104
79200000000,82800000000,80008991404,80008991408,4
79200000000,82800000000,80008991408,80008991409,1
79200000000,82800000000,80008991409,80008991505,96
79200000000,82800000000,80008991505,80009981871,990366
79200000000,82800000000,80009981871,80009981875,4
79200000000,82800000000,80009981875,80009981890,15
79200000000,82800000000,80009981890,80009982689,799
79200000000,82800000000,80009982689,80011025483,1042794
79200000000,82800000000,80011025483,80011027789,2306
79200000000,82800000000,80011027789,80011031046,3257
79200000000,82800000000,80011031046,80011031086,40
79200000000,82800000000,80011031086,80011225432,194346
79200000000,82800000000,80011225432,80012429061,1203629
79200000000,82800000000,80012429061,80012496546,67485
79200000000,82800000000,80012496546,80013226945,730399
79200000000,82800000000,80013226945,80014020520,793575
79200000000,82800000000,80014020520,80015022351,1001831
79200000000,82800000000,80015022351,80015039859,17508
79200000000,82800000000,80015039859,80018624536,3584677
79200000000,82800000000,80018624536,80018625913,1377
79200000000,82800000000,80018625913,80019648657,1022744
79200000000,82800000000,80019648657,80020646964,998307
79200000000,82800000000,80020646964,80023637037,2990073
79200000000,82800000000,80023637037,80025716658,2079621
79200000000,82800000000,80025716658,80028067055,2350397
79200000000,82800000000,80028067055,80029100515,1033460
79200000000,82800000000,80029100515,80032071496,2970981
79200000000,82800000000,80032071496,80032571262,499766
79200000000,82800000000,80032571262,80032577699,6437
79200000000,82800000000,80032577699,80032577715,16
79200000000,82800000000,80032577715,80035404236,2826521
79200000000,82800000000,80035404236,80041194785,5790549
79200000000,82800000000,80041194785,80041207224,12439
79200000000,82800000000,80041207224,80041209907,2683
79200000000,82800000000,80041209907,80041212601,2694
79200000000,82800000000,80041212601,80041214669,2068
79200000000,82800000000,80041214669,80041216516,1847
79200000000,82800000000,80041216516,80041221801,5285
79200000000,82800000000,80041221801,80041221804,3
79200000000,82800000000,80041221804,80043685257,2463453
79200000000,82800000000,80043685257,80044685318,1000061
79200000000,82800000000,80044685318,80044685336,18
79200000000,82800000000,80044685336,80044685351,15
79200000000,82800000000,80044685351,80044685364,13
79200000000,82800000000,80044685364,80044685389,25
79200000000,82800000000,80044685389,80044685406,17
79200000000,82800000000,80044685406,80044685410,4
79200000000,82800000000,80044685410,80044685567,157
79200000000,82800000000,80044685567,80045755185,1069618
79200000000,82800000000,80045755185,80049094004,3338819
79200000000,82800000000,80049094004,80051279559,2185555
79200000000,82800000000,80051279559,80052316009,1036450
79200000000,82800000000,80052316009,80053156118,840109
79200000000,82800000000,80053156118,80053166720,10602
79200000000,82800000000,80053166720,80053175832,9112
79200000000,82800000000,80053175832,80054065309,889477
79200000000,82800000000,80054065309,80054092622,27313
79200000000,82800000000,80054092622,80054117242,24620
79200000000,82800000000,80054117242,80054120208,2966
79200000000,82800000000,80054120208,80056489147,2368939
79200000000,82800000000,80056489147,80056489173,26
79200000000,82800000000,80056489173,80056489190,17
79200000000,82800000000,80056489190,80058237577,1748387
79200000000,82800000000,80058237577,80058237614,37
79200000000,82800000000,80058237614,80058261229,23615
79200000000,82800000000,80058261229,80060049711,1788482
79200000000,82800000000,80060049711,80060235397,185686
79200000000,82800000000,80060235397,80062108547,1873150
79200000000,82800000000,80062108547,80064306025,2197478
79200000000,82800000000,80064306025,80064939422,633397
79200000000,82800000000,80064939422,80064950166,10744
79200000000,82800000000,80064950166,80064953367,3201
79200000000,82800000000,80064953367,80067203794,2250427
79200000000,82800000000,80067203794,80067203825,31
79200000000,82800000000,80067203825,80067203996,171
79200000000,82800000000,80067203996,80067260511,56515
79200000000,82800000000,80067260511,80067260700,189
79200000000,82800000000,80067260700,80067260705,5
79200000000,82800000000,80067260705,80067260710,5
79200000000,82800000000,80067260710,80076811198,9550488
79200000000,82800000000,80076811198,80078770232,1959034
79200000000,82800000000,80078770232,80078803491,33259
79200000000,82800000000,80078803491,80080615278,1811787
79200000000,82800000000,80080615278,80082367587,1752309
79200000000,82800000000,80082367587,80084614789,2247202
79200000000,82800000000,80084614789,80085536284,921495
79200000000,82800000000,80085536284,80085541986,5702
79200000000,82800000000,80085541986,80085545052,3066
79200000000,82800000000,80085545052,80085547544,2492
79200000000,82800000000,80085547544,80085550267,2723
79200000000,82800000000,80085550267,80087299648,1749381
79200000000,82800000000,80087299648,80087299659,11
79200000000,82800000000,80087299659,80087299671,12
79200000000,82800000000,80087299671,80087299682,11
79200000000,82800000000,80087299682,80087299701,19
79200000000,82800000000,80087299701,80088485720,1186019
79200000000,82800000000,80088485720,80091018152,2532432
79200000000,82800000000,80091018152,80091024836,6684
79200000000,82800000000,80091024836,80092743943,1719107
79200000000,82800000000,80092743943,80095121990,2378047
79200000000,82800000000,80095121990,80095122186,196
79200000000,82800000000,80095122186,80095122192,6
79200000000,82800000000,80095122192,80095122198,6
79200000000,82800000000,80095122198,80100893205,5771007
79200000000,82800000000,80100893205,80101831552,938347
79200000000,82800000000,80101831552,80103508474,1676922
79200000000,82800000000,80103508474,80107745921,4237447
79200000000,82800000000,80107745921,80107746096,175
79200000000,82800000000,80107746096,80107746102,6
79200000000,82800000000,80107746102,80107746108,6
79200000000,82800000000,80107746108,80112897728,5151620
79200000000,82800000000,80112897728,80114700944,1803216
79200000000,82800000000,80114700944,80119101893,4400949
79200000000,82800000000,80119101893,80119102056,163
79200000000,82800000000,80119102056,80119102145,89
79200000000,82800000000,80119102145,80119102151,6
79200000000,82800000000,80119102151,80119102157,6
79200000000,82800000000,80119102157,80120399992,1297835
79200000000,82800000000,80120399992,80122129914,1729922
79200000000,82800000000,80122129914,80122138190,8276
79200000000,82800000000,80122138190,80123747822,1609632
79200000000,82800000000,80123747822,80123770857,23035
79200000000,82800000000,80123770857,80124932860,1162003
79200000000,82800000000,80124932860,80124933244,384
79200000000,82800000000,80124933244,80124933374,130
79200000000,82800000000,80124933374,80124933380,6
79200000000,82800000000,80124933380,80124933386,6
79200000000,82800000000,80124933386,80125843718,910332
79200000000,82800000000,80125843718,80129211472,3367754
79200000000,82800000000,80129211472,80129211487,15
79200000000,82800000000,80129211487,80134255637,5044150
79200000000,82800000000,80134255637,80135929454,1673817
79200000000,82800000000,80135929454,80136859467,930013
79200000000,82800000000,80136859467,80136859514,47
79200000000,82800000000,80136859514,80136859519,5
79200000000,82800000000,80136859519,80138887955,2028436
79200000000,82800000000,80138887955,80139758930,870975
79200000000,82800000000,80139758930,80140536277,777347
79200000000,82800000000,80140536277,80141292148,755871
79200000000,82800000000,80141292148,80141308710,16562
79200000000,82800000000,80141308710,80141308712,2
79200000000,82800000000,80141308712,80141308927,215
79200000000,82800000000,80141308927,80142149289,840362
79200000000,82800000000,80142149289,80142171039,21750
79200000000,82800000000,80142171039,80142176313,5274
79200000000,82800000000,80142176313,80142181338,5025
79200000000,82800000000,80142181338,80142186633,5295
79200000000,82800000000,80142186633,80143027729,841096
79200000000,82800000000,80143027729,80144783860,1756131
79200000000,82800000000,80144783860,80144783864,4
79200000000,82800000000,80144783864,80144783944,80
79200000000,82800000000,80144783944,80144783948,4
79200000000,82800000000,80144783948,80144783979,31
79200000000,82800000000,80144783979,80144783989,10
79200000000,82800000000,80144783989,80145621851,837862
79200000000,82800000000,80145621851,80145623061,1210
79200000000,82800000000,80145623061,80148876498,3253437
79200000000,82800000000,80148876498,80148876530,32
79200000000,82800000000,80148876530,80148876638,108
79200000000,82800000000,80148876638,80148876644,6
79200000000,82800000000,80148876644,80148876650,6
79200000000,82800000000,80148876650,80152238301,3361651
79200000000,82800000000,80152238301,80152238349,48
79200000000,82800000000,80152238349,80152238354,5
79200000000,82800000000,80152238354,80152238361,7
79200000000,82800000000,80152238361,80154355266,2116905
79200000000,82800000000,80154355266,80160958446,6603180
79200000000,82800000000,80160958446,80161761831,803385
79200000000,82800000000,80161761831,80163314972,1553141
79200000000,82800000000,80163314972,80164169647,854675
79200000000,82800000000,80164169647,80164170024,377
79200000000,82800000000,80164170024,80164170035,11
79200000000,82800000000,80164170035,80164170044,9
79200000000,82800000000,80164170044,80165059058,889014
79200000000,82800000000,80165059058,80166971213,1912155
79200000000,82800000000,80166971213,80167828460,857247
79200000000,82800000000,80167828460,80168666856,838396
79200000000,82800000000,80168666856,80174219952,5553096
79200000000,82800000000,80174219952,80175862113,1642161
79200000000,82800000000,80175862113,80175862113,0
79200000000,82800000000,80175862113,80176012514,150401
79200000000,82800000000,80176012514,80176886959,874445
79200000000,82800000000,80176886959,80176894695,7736
79200000000,82800000000,80176894695,80176897402,2707
79200000000,82800000000,80176897402,80178777957,1880555
79200000000,82800000000,80178777957,80178777970,13
79200000000,82800000000,80178777970,80178777983,13
79200000000,82800000000,80178777983,80180485392,1707409
79200000000,82800000000,80180485392,80180485395,3
79200000000,82800000000,80180485395,80182049606,1564211
79200000000,82800000000,80182049606,80195566875,13517269
79200000000,82800000000,80195566875,80196316550,749675
79200000000,82800000000,80196316550,80196321748,5198
79200000000,82800000000,80196321748,80197905213,1583465
79200000000,82800000000,80197905213,80197905217,4
79200000000,82800000000,80197905217,80197905218,1
79200000000,82800000000,80197905218,80197905276,58
79200000000,82800000000,80197905276,80198992725,1087449
79200000000,82800000000,80198992725,80198993618,893
79200000000,82800000000,80198993618,80199043689,50071
79200000000,82800000000,80199043689,80199043705,16
79200000000,82800000000,80199043705,80199898222,854517
79200000000,82800000000,80199898222,80200727585,829363
79200000000,82800000000,80200727585,80201528999,801414
79200000000,82800000000,80201528999,80202424752,895753
79200000000,82800000000,80202424752,80202424791,39
79200000000,82800000000,80202424791,80202424796,5
79200000000,82800000000,80202424796,80202424801,5
79200000000,82800000000,80202424801,80203277604,852803
79200000000,82800000000,80203277604,80203550591,272987
79200000000,82800000000,80203550591,80216170951,12620360
79200000000,82800000000,80216170951,80216171372,421
79200000000,82800000000,80216171372,80216171536,164
79200000000,82800000000,80216171536,80218001341,1829805
79200000000,82800000000,80218001341,80219675071,1673730
79200000000,82800000000,80219675071,80219687135,12064
79200000000,82800000000,80219687135,80219687151,16
79200000000,82800000000,80219687151,80219687253,102
79200000000,82800000000,80219687253,80220857727,1170474
79200000000,82800000000,80220857727,80221662121,804394
79200000000,82800000000,80221662121,80221662125,4
79200000000,82800000000,80221662125,80222519033,856908
79200000000,82800000000,80222519033,80222519098,65
79200000000,82800000000,80222519098,80223356666,837568
79200000000,82800000000,80223356666,80223356727,61
79200000000,82800000000,80223356727,80226804445,3447718
79200000000,82800000000,80226804445,80226808179,3734
79200000000,82800000000,80226808179,80228378618,1570439
79200000000,82800000000,80228378618,80228413977,35359
79200000000,82800000000,80228413977,80235355374,6941397
79200000000,82800000000,80235355374,80235355378,4
79200000000,82800000000,80235355378,80235355405,27
79200000000,82800000000,80235355405,80235355410,5
79200000000,82800000000,80235355410,80237883364,2527954
79200000000,82800000000,80237883364,80237886896,3532
79200000000,82800000000,80237886896,80237889552,2656
79200000000,82800000000,80237889552,80239513188,1623636
79200000000,82800000000,80239513188,80239513207,19
79200000000,82800000000,80239513207,80239513406,199
79200000000,82800000000,80239513406,80243252336,3738930
79200000000,82800000000,80243252336,80244915505,1663169
79200000000,82800000000,80244915505,80245707857,792352
79200000000,82800000000,80245707857,80245707875,18
79200000000,82800000000,80245707875,80245804511,96636
79200000000,82800000000,80245804511,80245804515,4
79200000000,82800000000,80245804515,80245804542,27
79200000000,82800000000,80245804542,80245804547,5
79200000000,82800000000,80245804547,80249154998,3350451
79200000000,82800000000,80249154998,80251589999,2435001
79200000000,82800000000,80251589999,80251590018,19
79200000000,82800000000,80251590018,80251592029,2011
79200000000,82800000000,80251592029,80251592034,5
79200000000,82800000000,80251592034,80251825992,233958
79200000000,82800000000,80251825992,80251838285,12293
79200000000,82800000000,80251838285,80251840480,2195
79200000000,82800000000,80251840480,80251842572,2092
79200000000,82800000000,80251842572,80251849732,7160
79200000000,82800000000,80251849732,80253024405,1174673
79200000000,82800000000,80253024405,80253024409,4
79200000000,82800000000,80253024409,80253024424,15
79200000000,82800000000,80253024424,80253785204,760780
79200000000,82800000000,80253785204,80253785222,18
79200000000,82800000000,80253785222,80253785233,11
79200000000,82800000000,80253785233,80253785245,12
79200000000,82800000000,80253785245,80255480740,1695495
79200000000,82800000000,80255480740,80255480857,117
79200000000,82800000000,80255480857,80261594344,6113487
79200000000,82800000000,80261594344,80264884376,3290032
79200000000,82800000000,80264884376,80264884734,358
79200000000,82800000000,80264884734,80265678587,793853
79200000000,82800000000,80265678587,80267322190,1643603
79200000000,82800000000,80267322190,80267372097,49907
79200000000,82800000000,80267372097,80271502245,4130148
79200000000,82800000000,80271502245,80271528835,26590
79200000000,82800000000,80271528835,80271533953,5118
79200000000,82800000000,80271533953,80273151031,1617078
79200000000,82800000000,80273151031,80273973049,822018
79200000000,82800000000,80273973049,80273973052,3
79200000000,82800000000,80273973052,80273973080,28
79200000000,82800000000,80273973080,80273973108,28
79200000000,82800000000,80273973108,80275394325,1421217
79200000000,82800000000,80275394325,80282578057,7183732
79200000000,82800000000,80282578057,80284388325,1810268
79200000000,82800000000,80284388325,80290609628,6221303
79200000000,82800000000,80290609628,80290618689,9061
79200000000,82800000000,80290618689,80291437609,818920
79200000000,82800000000,80291437609,80295643270,4205661
79200000000,82800000000,80295643270,80295643274,4
79200000000,82800000000,80295643274,80295643275,1
79200000000,82800000000,80295643275,80295643276,1
79200000000,82800000000,80295643276,80295643302,26
79200000000,82800000000,80295643302,80300129823,4486521
79200000000,82800000000,80300129823,80300129833,10
79200000000,82800000000,80300129833,80300129864,31
79200000000,82800000000,80300129864,80300130408,544
79200000000,82800000000,80300130408,80301014754,884346
79200000000,82800000000,80301014754,80302542511,1527757
79200000000,82800000000,80302542511,80309273041,6730530
79200000000,82800000000,80309273041,80309275854,2813
79200000000,82800000000,80309275854,80309278343,2489
79200000000,82800000000,80309278343,80309280890,2547
79200000000,82800000000,80309280890,80309282813,1923
79200000000,82800000000,80309282813,80309293004,10191
79200000000,82800000000,80309293004,80309301247,8243
79200000000,82800000000,80309301247,80311060281,1759034
79200000000,82800000000,80311060281,80311060306,25
79200000000,82800000000,80311060306,80311060310,4
79200000000,82800000000,80311060310,80311060358,48
79200000000,82800000000,80311060358,80311060371,13
79200000000,82800000000,80311060371,80311060427,56
79200000000,82800000000,80311060427,80311060469,42
79200000000,82800000000,80311060469,80311060481,12
79200000000,82800000000,80311060481,80312044335,983854
79200000000,82800000000,80312044335,80316348943,4304608
79200000000,82800000000,80316348943,80332085225,15736282
79200000000,82800000000,80332085225,80335203351,3118126
79200000000,82800000000,80335203351,80335203355,4
79200000000,82800000000,80335203355,80336280674,1077319
79200000000,82800000000,80336280674,80336367016,86342
79200000000,82800000000,80336367016,80338526044,2159028
79200000000,82800000000,80338526044,80342834713,4308669
79200000000,82800000000,80342834713,80344902023,2067310
79200000000,82800000000,80344902023,80349009525,4107502
79200000000,82800000000,80349009525,80351448772,2439247
79200000000,82800000000,80351448772,80353463155,2014383
79200000000,82800000000,80353463155,80355188727,1725572
79200000000,82800000000,80355188727,80356098601,909874
79200000000,82800000000,80356098601,80356099060,459
79200000000,82800000000,80356099060,80356099065,5
79200000000,82800000000,80356099065,80363775405,7676340
79200000000,82800000000,80363775405,80363778343,2938
79200000000,82800000000,80363778343,80365824165,2045822
79200000000,82800000000,80365824165,80365824183,18
79200000000,82800000000,80365824183,80368665734,2841551
79200000000,82800000000,80368665734,80370454362,1788628
79200000000,82800000000,80370454362,80374145023,3690661
79200000000,82800000000,80374145023,80374145042,19
79200000000,82800000000,80374145042,80374145254,212
79200000000,82800000000,80374145254,80374145259,5
79200000000,82800000000,80374145259,80374188187,42928
79200000000,82800000000,80374188187,80374188274,87
79200000000,82800000000,80374188274,80374188279,5
79200000000,82800000000,80374188279,80375987591,1799312
79200000000,82800000000,80375987591,80377796928,1809337
79200000000,82800000000,80377796928,80384712494,6915566
79200000000,82800000000,80384712494,80384722122,9628
79200000000,82800000000,80384722122,80384724496,2374
79200000000,82800000000,80384724496,80384727436,2940
79200000000,82800000000,80384727436,80386644942,1917506
79200000000,82800000000,80386644942,80386644979,37
79200000000,82800000000,80386644979,80386645588,609
79200000000,82800000000,80386645588,80386645593,5
79200000000,82800000000,80386645593,80386645643,50
79200000000,82800000000,80386645643,80387525994,880351
79200000000,82800000000,80387525994,80388402555,876561
79200000000,82800000000,80388402555,80390031876,1629321
79200000000,82800000000,80390031876,80391690666,1658790
79200000000,82800000000,80391690666,80395092577,3401911
79200000000,82800000000,80395092577,80402715194,7622617
79200000000,82800000000,80402715194,80403475545,760351
79200000000,82800000000,80403475545,80405021223,1545678
79200000000,82800000000,80405021223,80405939682,918459
79200000000,82800000000,80405939682,80405998314,58632
79200000000,82800000000,80405998314,80407914418,1916104
79200000000,82800000000,80407914418,80408799510,885092
79200000000,82800000000,80408799510,80410384537,1585027
79200000000,82800000000,80410384537,80415244544,4860007
79200000000,82800000000,80415244544,80415244603,59
79200000000,82800000000,80415244603,80415244608,5
79200000000,82800000000,80415244608,80415244613,5
79200000000,82800000000,80415244613,80417063894,1819281
79200000000,82800000000,80417063894,80417063991,97
79200000000,82800000000,80417063991,80430888722,13824731
79200000000,82800000000,80430888722,80430891060,2338
79200000000,82800000000,80430891060,80432671181,1780121
79200000000,82800000000,80432671181,80432679798,8617
79200000000,82800000000,80432679798,80432682078,2280
79200000000,82800000000,80432682078,80436773103,4091025
79200000000,82800000000,80436773103,80436835824,62721
79200000000,82800000000,80436835824,80437670588,834764
79200000000,82800000000,80437670588,80439646916,1976328
79200000000,82800000000,80439646916,80440525488,878572
79200000000,82800000000,80440525488,80443595502,3070014
79200000000,82800000000,80443595502,80447540906,3945404
79200000000,82800000000,80447540906,80447541251,345
79200000000,82800000000,80447541251,80447541283,32
79200000000,82800000000,80447541283,80447541287,4
79200000000,82800000000,80447541287,80447550196,8909
79200000000,82800000000,80447550196,80447862808,312612
79200000000,82800000000,80447862808,80447885723,22915
79200000000,82800000000,80447885723,80447889048,3325
79200000000,82800000000,80447889048,80450076687,2187639
79200000000,82800000000,80450076687,80450134080,57393
79200000000,82800000000,80450134080,80450934457,800377
79200000000,82800000000,80450934457,80450934744,287
79200000000,82800000000,80450934744,80450986926,52182
79200000000,82800000000,80450986926,80451797831,810905
79200000000,82800000000,80451797831,80451822942,25111
79200000000,82800000000,80451822942,80451822945,3
79200000000,82800000000,80451822945,80452660949,838004
79200000000,82800000000,80452660949,80453857738,1196789
79200000000,82800000000,80453857738,80455128784,1271046
79200000000,82800000000,80455128784,80455128788,4
79200000000,82800000000,80455128788,80455128789,1
79200000000,82800000000,80455128789,80455128790,1
79200000000,82800000000,80455128790,80455926782,797992
79200000000,82800000000,80455926782,80455926953,171
79200000000,82800000000,80455926953,80455927140,187
79200000000,82800000000,80455927140,80459369540,3442400
79200000000,82800000000,80459369540,80459369589,49
79200000000,82800000000,80459369589,80459369594,5
79200000000,82800000000,80459369594,80459369599,5
79200000000,82800000000,80459369599,80470990100,11620501
79200000000,82800000000,80470990100,80470990102,2
79200000000,82800000000,80470990102,80471854681,864579
79200000000,82800000000,80471854681,80471864809,10128
79200000000,82800000000,80471864809,80471868077,3268
79200000000,82800000000,80471868077,80471870755,2678
79200000000,82800000000,80471870755,80471873021,2266
79200000000,82800000000,80471873021,80471874994,1973
79200000000,82800000000,80471874994,80471878596,3602
79200000000,82800000000,80471878596,80472772967,894371
79200000000,82800000000,80472772967,80473574945,801978
79200000000,82800000000,80473574945,80474722561,1147616
79200000000,82800000000,80474722561,80474722564,3
79200000000,82800000000,80474722564,80474722587,23
79200000000,82800000000,80474722587,80474722628,41
79200000000,82800000000,80474722628,80474722659,31
79200000000,82800000000,80474722659,80474723851,1192
79200000000,82800000000,80474723851,80474723863,12
79200000000,82800000000,80474723863,80474723888,25
79200000000,82800000000,80474723888,80474723892,4
79200000000,82800000000,80474723892,80474723893,1
79200000000,82800000000,80474723893,80476409836,1685943
79200000000,82800000000,80476409836,80476410720,884
79200000000,82800000000,80476410720,80476411115,395
79200000000,82800000000,80476411115,80476473665,62550
79200000000,82800000000,80476473665,80478083457,1609792
79200000000,82800000000,80478083457,80479805407,1721950
79200000000,82800000000,80479805407,80479840188,34781
79200000000,82800000000,80479840188,80480851571,1011383
79200000000,82800000000,80480851571,80481684435,832864
79200000000,82800000000,80481684435,80483531882,1847447
79200000000,82800000000,80483531882,80486118563,2586681
79200000000,82800000000,80486118563,80491689081,5570518
79200000000,82800000000,80491689081,80491692582,3501
79200000000,82800000000,80491692582,80491756525,63943
79200000000,82800000000,80491756525,80497091226,5334701
79200000000,82800000000,80497091226,80497091251,25
79200000000,82800000000,80497091251,80497834923,743672
79200000000,82800000000,80497834923,80502294477,4459554
79200000000,82800000000,80502294477,80503129205,834728
79200000000,82800000000,80503129205,80503129209,4
79200000000,82800000000,80503129209,80503609728,480519
79200000000,82800000000,80503609728,80505636962,2027234
79200000000,82800000000,80505636962,80505636966,4
79200000000,82800000000,80505636966,80505636988,22
79200000000,82800000000,80505636988,80505779231,142243
79200000000,82800000000,80505779231,80506700328,921097
79200000000,82800000000,80506700328,80507078353,378025
79200000000,82800000000,80507078353,80510087937,3009584
79200000000,82800000000,80510087937,80512979938,2892001
79200000000,82800000000,80512979938,80512984111,4173
79200000000,82800000000,80512984111,80513810618,826507
79200000000,82800000000,80513810618,80514667793,857175
79200000000,82800000000,80514667793,80514723726,55933
79200000000,82800000000,80514723726,80514824854,101128
79200000000,82800000000,80514824854,80514824857,3
79200000000,82800000000,80514824857,80515606918,782061
79200000000,82800000000,80515606918,80515652223,45305
79200000000,82800000000,80515652223,80515655316,3093
79200000000,82800000000,80515655316,80515658079,2763
79200000000,82800000000,80515658079,80516488289,830210
79200000000,82800000000,80516488289,80516555037,66748
79200000000,82800000000,80516555037,80516555097,60
79200000000,82800000000,80516555097,80516555104,7
79200000000,82800000000,80516555104,80516555109,5
79200000000,82800000000,80516555109,80517504985,949876
79200000000,82800000000,80517504985,80517504998,13
79200000000,82800000000,80517504998,80517505018,20
79200000000,82800000000,80517505018,80521382233,3877215
79200000000,82800000000,80521382233,80521382404,171
79200000000,82800000000,80521382404,80526173396,4790992
79200000000,82800000000,80526173396,80530596443,4423047
79200000000,82800000000,80530596443,80531588442,991999
79200000000,82800000000,80531588442,80531607262,18820
79200000000,82800000000,80531607262,80532521495,914233
79200000000,82800000000,80532521495,80532550211,28716
79200000000,82800000000,80532550211,80534437253,1887042
79200000000,82800000000,80534437253,80534437295,42
79200000000,82800000000,80534437295,80534483310,46015
79200000000,82800000000,80534483310,80535399923,916613
79200000000,82800000000,80535399923,80535480230,80307
79200000000,82800000000,80535480230,80537321762,1841532
79200000000,82800000000,80537321762,80537321766,4
79200000000,82800000000,80537321766,80537321767,1
79200000000,82800000000,80537321767,80537321768,1
79200000000,82800000000,80537321768,80538320447,998679
79200000000,82800000000,80538320447,80538320640,193
79200000000,82800000000,80538320640,80538321002,362
79200000000,82800000000,80538321002,80539402015,1081013
79200000000,82800000000,80539402015,80542784013,3381998
79200000000,82800000000,80542784013,80552843313,10059300
79200000000,82800000000,80552843313,80552843399,86
79200000000,82800000000,80552843399,80557159118,4315719
79200000000,82800000000,80557159118,80557161537,2419
79200000000,82800000000,80557161537,80557163848,2311
79200000000,82800000000,80557163848,80557167813,3965
79200000000,82800000000,80557167813,80557170219,2406
79200000000,82800000000,80557170219,80557175998,5779
79200000000,82800000000,80557175998,80557178334,2336
79200000000,82800000000,80557178334,80557182217,3883
79200000000,82800000000,80557182217,80557958267,776050
79200000000,82800000000,80557958267,80559619903,1661636
79200000000,82800000000,80559619903,80559619907,4
79200000000,82800000000,80559619907,80559619908,1
79200000000,82800000000,80559619908,80559619949,41
79200000000,82800000000,80559619949,80559619953,4
79200000000,82800000000,80559619953,80559620070,117
79200000000,82800000000,80559620070,80559620083,13
79200000000,82800000000,80559620083,80559620095,12
79200000000,82800000000,80559620095,80559620107,12
79200000000,82800000000,80559620107,80559620119,12
79200000000,82800000000,80559620119,80559620134,15
79200000000,82800000000,80559620134,80560850534,1230400
79200000000,82800000000,80560850534,80561680415,829881
79200000000,82800000000,80561680415,80561680879,464
79200000000,82800000000,80561680879,80561683850,2971
79200000000,82800000000,80561683850,80566279950,4596100
79200000000,82800000000,80566279950,80573062892,6782942
79200000000,82800000000,80573062892,80579809378,6746486
79200000000,82800000000,80579809378,80581502380,1693002
79200000000,82800000000,80581502380,80586960320,5457940
79200000000,82800000000,80586960320,80590862706,3902386
79200000000,82800000000,80590862706,80590862930,224
79200000000,82800000000,80590862930,80590862935,5
79200000000,82800000000,80590862935,80591845531,982596
79200000000,82800000000,80591845531,80591845535,4
79200000000,82800000000,80591845535,80591845651,116
79200000000,82800000000,80591845651,80592852160,1006509
79200000000,82800000000,80592852160,80595974406,3122246
79200000000,82800000000,80595974406,80596852458,878052
79200000000,82800000000,80596852458,80598605465,1753007
79200000000,82800000000,80598605465,80598605469,4
79200000000,82800000000,80598605469,80598605470,1
79200000000,82800000000,80598605470,80598605471,1
79200000000,82800000000,80598605471,80599419430,813959
79200000000,82800000000,80599419430,80599419461,31
79200000000,82800000000,80599419461,80599419675,214
79200000000,82800000000,80599419675,80599457185,37510
79200000000,82800000000,80599457185,80604915954,5458769
79200000000,82800000000,80604915954,80608885049,3969095
79200000000,82800000000,80608885049,80609784783,899734
79200000000,82800000000,80609784783,80619737349,9952566
79200000000,82800000000,80619737349,80619739730,2381
79200000000,82800000000,80619739730,80619742994,3264
79200000000,82800000000,80619742994,80621308384,1565390
79200000000,82800000000,80621308384,80621308411,27
79200000000,82800000000,80621308411,80621308450,39
79200000000,82800000000,80621308450,80623102840,1794390
79200000000,82800000000,80623102840,80624757841,1655001
79200000000,82800000000,80624757841,80625780336,1022495
79200000000,82800000000,80625780336,80642773165,16992829
79200000000,82800000000,80642773165,80642781000,7835
79200000000,82800000000,80642781000,80644479506,1698506
79200000000,82800000000,80644479506,80644479510,4
79200000000,82800000000,80644479510,80644479511,1
79200000000,82800000000,80644479511,80645292249,812738
79200000000,82800000000,80645292249,80645293211,962
79200000000,82800000000,80645293211,80646208426,915215
79200000000,82800000000,80646208426,80652563825,6355399
79200000000,82800000000,80652563825,80658804682,6240857
79200000000,82800000000,80658804682,80662657305,3852623
79200000000,82800000000,80662657305,80669237412,6580107
79200000000,82800000000,80669237412,80674554397,5316985
79200000000,82800000000,80674554397,80675392389,837992
79200000000,82800000000,80675392389,80675392485,96
79200000000,82800000000,80675392485,80681852081,6459596
79200000000,82800000000,80681852081,80681852158,77
79200000000,82800000000,80681852158,80688611261,6759103
79200000000,82800000000,80688611261,80690328887,1717626
79200000000,82800000000,80690328887,80690645713,316826
79200000000,82800000000,80690645713,80690645732,19
79200000000,82800000000,80690645732,80691552351,906619
79200000000,82800000000,80691552351,80691557724,5373
79200000000,82800000000,80691557724,80691563670,5946
79200000000,82800000000,80691563670,80691563739,69
79200000000,82800000000,80691563739,80691563744,5
79200000000,82800000000,80691563744,80691563749,5
79200000000,82800000000,80691563749,80692481419,917670
79200000000,82800000000,80692481419,80693374065,892646
79200000000,82800000000,80693374065,80693374085,20
79200000000,82800000000,80693374085,80693403434,29349
79200000000,82800000000,80693403434,80694222136,818702
79200000000,82800000000,80694222136,80695114374,892238
79200000000,82800000000,80695114374,80698026929,2912555
79200000000,82800000000,80698026929,80703844683,5817754
79200000000,82800000000,80703844683,80703845197,514
79200000000,82800000000,80703845197,80704756248,911051
79200000000,82800000000,80704756248,80705621456,865208
79200000000,82800000000,80705621456,80709041853,3420397
79200000000,82800000000,80709041853,80709867100,825247
79200000000,82800000000,80709867100,80718170563,8303463
79200000000,82800000000,80718170563,80718170720,157
79200000000,82800000000,80718170720,80718170725,5
79200000000,82800000000,80718170725,80719219307,1048582
79200000000,82800000000,80719219307,80720166188,946881
79200000000,82800000000,80720166188,80721839992,1673804
79200000000,82800000000,80721839992,80724927779,3087787
79200000000,82800000000,80724927779,80725888180,960401
79200000000,82800000000,80725888180,80726752952,864772
79200000000,82800000000,80726752952,80726941659,188707
79200000000,82800000000,80726941659,80727824197,882538
79200000000,82800000000,80727824197,80728711804,887607
79200000000,82800000000,80728711804,80728711804,0
79200000000,82800000000,80728711804,80734998564,6286760
79200000000,82800000000,80734998564,80735002464,3900
79200000000,82800000000,80735002464,80735004766,2302
79200000000,82800000000,80735004766,80735006908,2142
79200000000,82800000000,80735006908,80735008986,2078
79200000000,82800000000,80735008986,80735010674,1688
79200000000,82800000000,80735010674,80735015401,4727
79200000000,82800000000,80735015401,80735022954,7553
79200000000,82800000000,80735022954,80737657366,2634412
79200000000,82800000000,80737657366,80739320516,1663150
79200000000,82800000000,80739320516,80739320551,35
79200000000,82800000000,80739320551,80739320591,40
79200000000,82800000000,80739320591,80739320652,61
79200000000,82800000000,80739320652,80739320657,5
79200000000,82800000000,80739320657,80739320658,1
79200000000,82800000000,80739320658,80743455682,4135024
79200000000,82800000000,80743455682,80743455724,42
79200000000,82800000000,80743455724,80743455734,10
79200000000,82800000000,80743455734,80743455759,25
79200000000,82800000000,80743455759,80743455763,4
79200000000,82800000000,80743455763,80743455837,74
79200000000,82800000000,80743455837,80743455905,68
79200000000,82800000000,80743455905,80743458262,2357
79200000000,82800000000,80743458262,80745726371,2268109
79200000000,82800000000,80745726371,80749751408,4025037
79200000000,82800000000,80749751408,80749751408,0
79200000000,82800000000,80749751408,80749758084,6676
79200000000,82800000000,80749758084,80749758100,16
79200000000,82800000000,80749758100,80750703920,945820
79200000000,82800000000,80750703920,80750716138,12218
79200000000,82800000000,80750716138,80750716140,2
79200000000,82800000000,80750716140,80752898682,2182542
79200000000,82800000000,80752898682,80764306960,11408278
79200000000,82800000000,80764306960,80764311929,4969
79200000000,82800000000,80764311929,80764315878,3949
79200000000,82800000000,80764315878,80764318980,3102
79200000000,82800000000,80764318980,80764321340,2360
79200000000,82800000000,80764321340,80764331286,9946
79200000000,82800000000,80764331286,80764334415,3129
79200000000,82800000000,80764334415,80764337847,3432
79200000000,82800000000,80764337847,80764340584,2737
79200000000,82800000000,80764340584,80764343080,2496
79200000000,82800000000,80764343080,80765226187,883107
79200000000,82800000000,80765226187,80766067583,841396
79200000000,82800000000,80766067583,80766460567,392984
79200000000,82800000000,80766460567,80767293282,832715
79200000000,82800000000,80767293282,80767293496,214
79200000000,82800000000,80767293496,80767293694,198
79200000000,82800000000,80767293694,80767293706,12
79200000000,82800000000,80767293706,80767293718,12
79200000000,82800000000,80767293718,80767293743,25
79200000000,82800000000,80767293743,80767293766,23
79200000000,82800000000,80767293766,80767293789,23
79200000000,82800000000,80767293789,80767293812,23
79200000000,82800000000,80767293812,80767293835,23
79200000000,82800000000,80767293835,80770721249,3427414
79200000000,82800000000,80770721249,80770721302,53
79200000000,82800000000,80770721302,80770721308,6
79200000000,82800000000,80770721308,80770721314,6
79200000000,82800000000,80770721314,80774140983,3419669
79200000000,82800000000,80774140983,80774153619,12636
79200000000,82800000000,80774153619,80774153742,123
79200000000,82800000000,80774153742,80774153799,57
79200000000,82800000000,80774153799,80774153804,5
79200000000,82800000000,80774153804,80775148298,994494
79200000000,82800000000,80775148298,80776845085,1696787
79200000000,82800000000,80776845085,80780421484,3576399
79200000000,82800000000,80780421484,80780421702,218
79200000000,82800000000,80780421702,80780421707,5
79200000000,82800000000,80780421707,80782181206,1759499
79200000000,82800000000,80782181206,80782181210,4
79200000000,82800000000,80782181210,80782181237,27
79200000000,82800000000,80782181237,80782181242,5
79200000000,82800000000,80782181242,80787838038,5656796
79200000000,82800000000,80787838038,80791885468,4047430
79200000000,82800000000,80791885468,80791885471,3
79200000000,82800000000,80791885471,80792691611,806140
79200000000,82800000000,80792691611,80792724495,32884
79200000000,82800000000,80792724495,80793485058,760563
79200000000,82800000000,80793485058,80793564772,79714
79200000000,82800000000,80793564772,80798706552,5141780
79200000000,82800000000,80798706552,80799978559,1272007
79200000000,82800000000,80799978559,80802440283,2461724
79200000000,82800000000,80802440283,80805214483,2774200
79200000000,82800000000,80805214483,80818140879,12926396
79200000000,82800000000,80818140879,80819864281,1723402
79200000000,82800000000,80819864281,80821179823,1315542
79200000000,82800000000,80821179823,80824073093,2893270
79200000000,82800000000,80824073093,80824130780,57687
79200000000,82800000000,80824130780,80824131214,434
79200000000,82800000000,80824131214,80824973754,842540
79200000000,82800000000,80824973754,80825873412,899658
79200000000,82800000000,80825873412,80825929225,55813
79200000000,82800000000,80825929225,80826770568,841343
79200000000,82800000000,80826770568,80827518495,747927
79200000000,82800000000,80827518495,80828316538,798043
79200000000,82800000000,80828316538,80828340227,23689
79200000000,82800000000,80828340227,80844898391,16558164
79200000000,82800000000,80844898391,80844898541,150
79200000000,82800000000,80844898541,80850121408,5222867
79200000000,82800000000,80850121408,80851777613,1656205
79200000000,82800000000,80851777613,80851820112,42499
79200000000,82800000000,80851820112,80851823334,3222
79200000000,82800000000,80851823334,80851827267,3933
79200000000,82800000000,80851827267,80853880498,2053231
79200000000,82800000000,80853880498,80853919186,38688
79200000000,82800000000,80853919186,80853921480,2294
79200000000,82800000000,80853921480,80853928770,7290
79200000000,82800000000,80853928770,80853928773,3
79200000000,82800000000,80853928773,80854682355,753582
79200000000,82800000000,80854682355,80855414418,732063
79200000000,82800000000,80855414418,80855414429,11
79200000000,82800000000,80855414429,80855414442,13
79200000000,82800000000,80855414442,80855482309,67867
79200000000,82800000000,80855482309,80856229956,747647
79200000000,82800000000,80856229956,80857043335,813379
79200000000,82800000000,80857043335,80857072821,29486
79200000000,82800000000,80857072821,80857072916,95
79200000000,82800000000,80857072916,80857072963,47
79200000000,82800000000,80857072963,80857072968,5
79200000000,82800000000,80857072968,80858954413,1881445
79200000000,82800000000,80858954413,80859823443,869030
79200000000,82800000000,80859823443,80859823967,524
79200000000,82800000000,80859823967,80865359292,5535325
79200000000,82800000000,80865359292,80866211718,852426
79200000000,82800000000,80866211718,80866216685,4967
79200000000,82800000000,80866216685,80867015347,798662
79200000000,82800000000,80867015347,80867075955,60608
79200000000,82800000000,80867075955,80867882860,806905
79200000000,82800000000,80867882860,80867882883,23
79200000000,82800000000,80867882883,80868175225,292342
79200000000,82800000000,80868175225,80868178312,3087
79200000000,82800000000,80868178312,80868913301,734989
79200000000,82800000000,80868913301,80868982116,68815
79200000000,82800000000,80868982116,80869780206,798090
79200000000,82800000000,80869780206,80869780224,18
79200000000,82800000000,80869780224,80869834291,54067
79200000000,82800000000,80869834291,80870599901,765610
79200000000,82800000000,80870599901,80870675715,75814
79200000000,82800000000,80870675715,80870679128,3413
79200000000,82800000000,80870679128,80871452812,773684
79200000000,82800000000,80871452812,80871761504,308692
79200000000,82800000000,80871761504,80872538241,776737
79200000000,82800000000,80872538241,80873362175,823934
79200000000,82800000000,80873362175,80873384734,22559
79200000000,82800000000,80873384734,80875436082,2051348
79200000000,82800000000,80875436082,80877997769,2561687
79200000000,82800000000,80877997769,80877997846,77
79200000000,82800000000,80877997846,80877997851,5
79200000000,82800000000,80877997851,80877997981,130
79200000000,82800000000,80877997981,80877998018,37
79200000000,82800000000,80877998018,80877998023,5
79200000000,82800000000,80877998023,80879863777,1865754
79200000000,82800000000,80879863777,80880743858,880081
79200000000,82800000000,80880743858,80880844841,100983
79200000000,82800000000,80880844841,80881707289,862448
79200000000,82800000000,80881707289,80883319892,1612603
79200000000,82800000000,80883319892,80886382647,3062755
79200000000,82800000000,80886382647,80886383254,607
79200000000,82800000000,80886383254,80886843141,459887
79200000000,82800000000,80886843141,80886843157,16
79200000000,82800000000,80886843157,80887655051,811894
79200000000,82800000000,80887655051,80890196728,2541677
79200000000,82800000000,80890196728,80891097022,900294
79200000000,82800000000,80891097022,80893098952,2001930
79200000000,82800000000,80893098952,80895634387,2535435
79200000000,82800000000,80895634387,80895634584,197
79200000000,82800000000,80895634584,80895634600,16
79200000000,82800000000,80895634600,80898786505,3151905
79200000000,82800000000,80898786505,80902283208,3496703
79200000000,82800000000,80902283208,80902283514,306
79200000000,82800000000,80902283514,80902283759,245
79200000000,82800000000,80902283759,80915913173,13629414
79200000000,82800000000,80915913173,80915915938,2765
79200000000,82800000000,80915915938,80915921852,5914
79200000000,82800000000,80915921852,80915924438,2586
79200000000,82800000000,80915924438,80915926229,1791
79200000000,82800000000,80915926229,80915928385,2156
79200000000,82800000000,80915928385,80915935516,7131
79200000000,82800000000,80915935516,80915940648,5132
79200000000,82800000000,80915940648,80915947124,6476
79200000000,82800000000,80915947124,80915953311,6187
79200000000,82800000000,80915953311,80920419583,4466272
79200000000,82800000000,80920419583,80920419587,4
79200000000,82800000000,80920419587,80920419588,1
79200000000,82800000000,80920419588,80920419663,75
79200000000,82800000000,80920419663,80920419695,32
79200000000,82800000000,80920419695,80920419737,42
79200000000,82800000000,80920419737,80920419810,73
79200000000,82800000000,80920419810,80920419815,5
79200000000,82800000000,80920419815,80920419816,1
79200000000,82800000000,80920419816,80920419960,144
79200000000,82800000000,80920419960,80920419963,3
79200000000,82800000000,80920419963,80920419964,1
79200000000,82800000000,80920419964,80920420019,55
79200000000,82800000000,80920420019,80920420022,3
79200000000,82800000000,80920420022,80920420023,1
79200000000,82800000000,80920420023,80920420179,156
79200000000,82800000000,80920420179,80920420182,3
79200000000,82800000000,80920420182,80920420183,1
79200000000,82800000000,80920420183,80920420237,54
79200000000,82800000000,80920420237,80920420242,5
79200000000,82800000000,80920420242,80922825828,2405586
79200000000,82800000000,80922825828,80922825847,19
79200000000,82800000000,80922825847,80922826766,919
79200000000,82800000000,80922826766,80922829815,3049
79200000000,82800000000,80922829815,80922830261,446
79200000000,82800000000,80922830261,80922833411,3150
79200000000,82800000000,80922833411,80922834003,592
79200000000,82800000000,80922834003,80922834021,18
79200000000,82800000000,80922834021,80922834033,12
79200000000,82800000000,80922834033,80924665295,1831262
79200000000,82800000000,80924665295,80926273766,1608471
79200000000,82800000000,80926273766,80926273783,17
79200000000,82800000000,80926273783,80926273800,17
79200000000,82800000000,80926273800,80926333635,59835
79200000000,82800000000,80926333635,80927207292,873657
79200000000,82800000000,80927207292,80927207292,0
79200000000,82800000000,80927207292,80927215764,8472
79200000000,82800000000,80927215764,80928807209,1591445
79200000000,82800000000,80928807209,80930361140,1553931
79200000000,82800000000,80930361140,80932327607,1966467
79200000000,82800000000,80932327607,80934057179,1729572
79200000000,82800000000,80934057179,80935721513,1664334
79200000000,82800000000,80935721513,80935791714,70201
79200000000,82800000000,80935791714,80936677476,885762
79200000000,82800000000,80936677476,80937485038,807562
79200000000,82800000000,80937485038,80943966596,6481558
79200000000,82800000000,80943966596,80944922263,955667
79200000000,82800000000,80944922263,80945677680,755417
79200000000,82800000000,80945677680,80948619539,2941859
79200000000,82800000000,80948619539,80950406392,1786853
79200000000,82800000000,80950406392,80954039012,3632620
79200000000,82800000000,80954039012,80954039012,0
79200000000,82800000000,80954039012,80954044299,5287
79200000000,82800000000,80954044299,80955612497,1568198
79200000000,82800000000,80955612497,80955612497,0
79200000000,82800000000,80955612497,80956405206,792709
79200000000,82800000000,80956405206,80957141621,736415
79200000000,82800000000,80957141621,80963163327,6021706
79200000000,82800000000,80963163327,80972078910,8915583
79200000000,82800000000,80972078910,80978154741,6075831
79200000000,82800000000,80978154741,80978155949,1208
79200000000,82800000000,80978155949,80979340205,1184256
79200000000,82800000000,80979340205,80979340205,0
79200000000,82800000000,80979340205,80991958207,12618002
79200000000,82800000000,80991958207,80991958223,16
79200000000,82800000000,80991958223,81018395887,26437664
79200000000,82800000000,81018395887,81018400831,4944
79200000000,82800000000,81018400831,81018404959,4128
79200000000,82800000000,81018404959,81018409557,4598
79200000000,82800000000,81018409557,81018415437,5880
79200000000,82800000000,81018415437,81018420996,5559
79200000000,82800000000,81018420996,81018426788,5792
79200000000,82800000000,81018426788,81018434008,7220
79200000000,82800000000,81018434008,81018446868,12860
79200000000,82800000000,81018446868,81022920109,4473241
79200000000,82800000000,81022920109,81022920112,3
79200000000,82800000000,81022920112,81022920113,1
79200000000,82800000000,81022920113,81022920197,84
79200000000,82800000000,81022920197,81022920202,5
79200000000,82800000000,81022920202,81022920362,160
79200000000,82800000000,81022920362,81022920367,5
79200000000,82800000000,81022920367,81022920368,1
79200000000,82800000000,81022920368,81022920454,86
79200000000,82800000000,81022920454,81022920457,3
79200000000,82800000000,81022920457,81025024321,2103864
79200000000,82800000000,81025024321,81025848069,823748
79200000000,82800000000,81025848069,81025959863,111794
79200000000,82800000000,81025959863,81025977630,17767
79200000000,82800000000,81025977630,81025981031,3401
79200000000,82800000000,81025981031,81026833260,852229
79200000000,82800000000,81026833260,81026833263,3
79200000000,82800000000,81026833263,81026833311,48
79200000000,82800000000,81026833311,81026833314,3
79200000000,82800000000,81026833314,81026833342,28
79200000000,82800000000,81026833342,81026833345,3
79200000000,82800000000,81026833345,81026833366,21
79200000000,82800000000,81026833366,81026833370,4
79200000000,82800000000,81026833370,81026833393,23
79200000000,82800000000,81026833393,81026836441,3048
79200000000,82800000000,81026836441,81026836820,379
79200000000,82800000000,81026836820,81026839268,2448
79200000000,82800000000,81026839268,81028282183,1442915
79200000000,82800000000,81028282183,81029898828,1616645
79200000000,82800000000,81029898828,81029898851,23
79200000000,82800000000,81029898851,81029898874,23
79200000000,82800000000,81029898874,81029898886,12
79200000000,82800000000,81029898886,81029899085,199
79200000000,82800000000,81029899085,81029899156,71
79200000000,82800000000,81029899156,81029899173,17
79200000000,82800000000,81029899173,81029971985,72812
79200000000,82800000000,81029971985,81031644192,1672207
79200000000,82800000000,81031644192,81031644289,97
79200000000,82800000000,81031644289,81031644302,13
79200000000,82800000000,81031644302,81031644313,11
79200000000,82800000000,81031644313,81031644324,11
79200000000,82800000000,81031644324,81031644335,11
79200000000,82800000000,81031644335,81032391530,747195
79200000000,82800000000,81032391530,81036730523,4338993
79200000000,82800000000,81036730523,81036730524,1
79200000000,82800000000,81036730524,81038869753,2139229
79200000000,82800000000,81038869753,81038869771,18
79200000000,82800000000,81038869771,81038910242,40471
79200000000,82800000000,81038910242,81041399622,2489380
79200000000,82800000000,81041399622,81041404331,4709
79200000000,82800000000,81041404331,81047705705,6301374
79200000000,82800000000,81047705705,81049593146,1887441
79200000000,82800000000,81049593146,81049626637,33491
79200000000,82800000000,81049626637,81055935390,6308753
79200000000,82800000000,81055935390,81060361234,4425844
79200000000,82800000000,81060361234,81061202667,841433
79200000000,82800000000,81061202667,81061202694,27
79200000000,82800000000,81061202694,81061202699,5
79200000000,82800000000,81061202699,81062051475,848776
79200000000,82800000000,81062051475,81065977316,3925841
79200000000,82800000000,81065977316,81068351155,2373839
79200000000,82800000000,81068351155,81068351157,2
79200000000,82800000000,81068351157,81069297451,946294
79200000000,82800000000,81069297451,81070153729,856278
79200000000,82800000000,81070153729,81071311873,1158144
79200000000,82800000000,81071311873,81076760599,5448726
79200000000,82800000000,81076760599,81077506100,745501
79200000000,82800000000,81077506100,81078345327,839227
79200000000,82800000000,81078345327,81084897008,6551681
79200000000,82800000000,81084897008,81086527207,1630199
79200000000,82800000000,81086527207,81096230952,9703745
79200000000,82800000000,81096230952,81096230955,3
79200000000,82800000000,81096230955,81097874961,1644006
79200000000,82800000000,81097874961,81099602375,1727414
79200000000,82800000000,81099602375,81099605463,3088
79200000000,82800000000,81099605463,81099607946,2483
79200000000,82800000000,81099607946,81101223767,1615821
79200000000,82800000000,81101223767,81101223798,31
79200000000,82800000000,81101223798,81101223989,191
79200000000,82800000000,81101223989,81106005578,4781589
79200000000,82800000000,81106005578,81106010557,4979
79200000000,82800000000,81106010557,81106027297,16740
79200000000,82800000000,81106027297,81106032967,5670
79200000000,82800000000,81106032967,81110021169,3988202
79200000000,82800000000,81110021169,81110021172,3
79200000000,82800000000,81110021172,81110021310,138
79200000000,82800000000,81110021310,81110021313,3
79200000000,82800000000,81110021313,81110021463,150
79200000000,82800000000,81110021463,81110021466,3
79200000000,82800000000,81110021466,81110021603,137
79200000000,82800000000,81110021603,81110021606,3
79200000000,82800000000,81110021606,81111785121,1763515
79200000000,82800000000,81111785121,81111796471,11350
79200000000,82800000000,81111796471,81111802682,6211
79200000000,82800000000,81111802682,81111812241,9559
79200000000,82800000000,81111812241,81111814424,2183
79200000000,82800000000,81111814424,81111817859,3435
79200000000,82800000000,81111817859,81113686159,1868300
79200000000,82800000000,81113686159,81113689493,3334
79200000000,82800000000,81113689493,81113692875,3382
79200000000,82800000000,81113692875,81113696347,3472
79200000000,82800000000,81113696347,81114757265,1060918
79200000000,82800000000,81114757265,81117079297,2322032
79200000000,82800000000,81117079297,81117952236,872939
79200000000,82800000000,81117952236,81117952241,5
79200000000,82800000000,81117952241,81117952272,31
79200000000,82800000000,81117952272,81117952276,4
79200000000,82800000000,81117952276,81117952277,1
79200000000,82800000000,81117952277,81117955816,3539
79200000000,82800000000,81117955816,81117955841,25
79200000000,82800000000,81117955841,81117955845,4
79200000000,82800000000,81117955845,81117955846,1
79200000000,82800000000,81117955846,81117955904,58
79200000000,82800000000,81117955904,81117955938,34
79200000000,82800000000,81117955938,81118118843,162905
79200000000,82800000000,81118118843,81120379396,2260553
79200000000,82800000000,81120379396,81120379407,11
79200000000,82800000000,81120379407,81120380220,813
79200000000,82800000000,81120380220,81120380730,510
79200000000,82800000000,81120380730,81120380857,127
79200000000,82800000000,81120380857,81120380869,12
79200000000,82800000000,81120380869,81120442873,62004
79200000000,82800000000,81120442873,81120442891,18
79200000000,82800000000,81120442891,81123351932,2909041
79200000000,82800000000,81123351932,81123351972,40
79200000000,82800000000,81123351972,81123351978,6
79200000000,82800000000,81123351978,81127743640,4391662
79200000000,82800000000,81127743640,81127743801,161
79200000000,82800000000,81127743801,81127743806,5
79200000000,82800000000,81127743806,81127743811,5
79200000000,82800000000,81127743811,81131796445,4052634
79200000000,82800000000,81131796445,81131796449,4
79200000000,82800000000,81131796449,81132699547,903098
79200000000,82800000000,81132699547,81133880899,1181352
79200000000,82800000000,81133880899,81133881119,220
79200000000,82800000000,81133881119,81134724219,843100
79200000000,82800000000,81134724219,81138367630,3643411
79200000000,82800000000,81138367630,81138519464,151834
79200000000,82800000000,81138519464,81138520170,706
79200000000,82800000000,81138520170,81139556997,1036827
79200000000,82800000000,81139556997,81146215875,6658878
79200000000,82800000000,81146215875,81148159844,1943969
79200000000,82800000000,81148159844,81149113497,953653
79200000000,82800000000,81149113497,81149115262,1765
79200000000,82800000000,81149115262,81150068818,953556
79200000000,82800000000,81150068818,81150068821,3
79200000000,82800000000,81150068821,81150153391,84570
79200000000,82800000000,81150153391,81150155795,2404
79200000000,82800000000,81150155795,81150166749,10954
79200000000,82800000000,81150166749,81150173608,6859
79200000000,82800000000,81150173608,81152028956,1855348
79200000000,82800000000,81152028956,81152159741,130785
79200000000,82800000000,81152159741,81154042568,1882827
79200000000,82800000000,81154042568,81154987700,945132
79200000000,82800000000,81154987700,81154987704,4
79200000000,82800000000,81154987704,81154987705,1
79200000000,82800000000,81154987705,81154988349,644
79200000000,82800000000,81154988349,81154988352,3
79200000000,82800000000,81154988352,81154988386,34
79200000000,82800000000,81154988386,81154988396,10
79200000000,82800000000,81154988396,81158134368,3145972
79200000000,82800000000,81158134368,81158148720,14352
79200000000,82800000000,81158148720,81158149246,526
79200000000,82800000000,81158149246,81158149258,12
79200000000,82800000000,81158149258,81160638713,2489455
79200000000,82800000000,81160638713,81160642517,3804
79200000000,82800000000,81160642517,81162393567,1751050
79200000000,82800000000,81162393567,81163804778,1411211
79200000000,82800000000,81163804778,81165698609,1893831
79200000000,82800000000,81165698609,81165759204,60595
79200000000,82800000000,81165759204,81171609042,5849838
79200000000,82800000000,81171609042,81174338658,2729616
79200000000,82800000000,81174338658,81174338674,16
79200000000,82800000000,81174338674,81177212717,2874043
79200000000,82800000000,81177212717,81178125969,913252
79200000000,82800000000,81178125969,81178478308,352339
79200000000,82800000000,81178478308,81180263602,1785294
79200000000,82800000000,81180263602,81182100830,1837228
79200000000,82800000000,81182100830,81182100899,69
79200000000,82800000000,81182100899,81182100904,5
79200000000,82800000000,81182100904,81182100909,5
79200000000,82800000000,81182100909,81183048845,947936
79200000000,82800000000,81183048845,81183048894,49
79200000000,82800000000,81183048894,81183048899,5
79200000000,82800000000,81183048899,81183048904,5
79200000000,82800000000,81183048904,81184128577,1079673
79200000000,82800000000,81184128577,81184128895,318
79200000000,82800000000,81184128895,81184128900,5
79200000000,82800000000,81184128900,81184128907,7
79200000000,82800000000,81184128907,81184129754,847
79200000000,82800000000,81184129754,81184130038,284
79200000000,82800000000,81184130038,81184130083,45
79200000000,82800000000,81184130083,81184130170,87
79200000000,82800000000,81184130170,81184130175,5
79200000000,82800000000,81184130175,81194495165,10364990
79200000000,82800000000,81194495165,81195352706,857541
79200000000,82800000000,81195352706,81195353090,384
79200000000,82800000000,81195353090,81195353097,7
79200000000,82800000000,81195353097,81196278429,925332
79200000000,82800000000,81196278429,81196292618,14189
79200000000,82800000000,81196292618,81196319472,26854
79200000000,82800000000,81196319472,81196336429,16957
79200000000,82800000000,81196336429,81196381593,45164
79200000000,82800000000,81196381593,81201358578,4976985
79200000000,82800000000,81201358578,81201358582,4
79200000000,82800000000,81201358582,81201358583,1
79200000000,82800000000,81201358583,81201359007,424
79200000000,82800000000,81201359007,81201359011,4
79200000000,82800000000,81201359011,81201359012,1
79200000000,82800000000,81201359012,81201359192,180
79200000000,82800000000,81201359192,81201386663,27471
79200000000,82800000000,81201386663,81202228232,841569
79200000000,82800000000,81202228232,81202235213,6981
79200000000,82800000000,81202235213,81204946734,2711521
79200000000,82800000000,81204946734,81206880662,1933928
79200000000,82800000000,81206880662,81206890317,9655
79200000000,82800000000,81206890317,81206890354,37
79200000000,82800000000,81206890354,81207349849,459495
79200000000,82800000000,81207349849,81209242455,1892606
79200000000,82800000000,81209242455,81210288358,1045903
79200000000,82800000000,81210288358,81210289026,668
79200000000,82800000000,81210289026,81210289041,15
79200000000,82800000000,81210289041,81210290635,1594
79200000000,82800000000,81210290635,81211417166,1126531
79200000000,82800000000,81211417166,81216536377,5119211
79200000000,82800000000,81216536377,81218357435,1821058
79200000000,82800000000,81218357435,81220349218,1991783
79200000000,82800000000,81220349218,81220349718,500
79200000000,82800000000,81220349718,81220349769,51
79200000000,82800000000,81220349769,81221383177,1033408
79200000000,82800000000,81221383177,81236291123,14907946
79200000000,82800000000,81236291123,81236293481,2358
79200000000,82800000000,81236293481,81236299917,6436
79200000000,82800000000,81236299917,81236302594,2677
79200000000,82800000000,81236302594,81239254760,2952166
79200000000,82800000000,81239254760,81239254785,25
79200000000,82800000000,81239254785,81239254789,4
79200000000,82800000000,81239254789,81239254790,1
79200000000,82800000000,81239254790,81239254791,1
79200000000,82800000000,81239254791,81239254811,20
79200000000,82800000000,81239254811,81239254830,19
79200000000,82800000000,81239254830,81239254834,4
79200000000,82800000000,81239254834,81239254835,1
79200000000,82800000000,81239254835,81240258953,1004118
79200000000,82800000000,81240258953,81242517220,2258267
79200000000,82800000000,81242517220,81242517245,25
79200000000,82800000000,81242517245,81242517416,171
79200000000,82800000000,81242517416,81242518972,1556
79200000000,82800000000,81242518972,81242518990,18
79200000000,82800000000,81242518990,81242646880,127890
79200000000,82800000000,81242646880,81244983857,2336977
79200000000,82800000000,81244983857,81246060771,1076914
79200000000,82800000000,81246060771,81246060826,55
79200000000,82800000000,81246060826,81246060833,7
79200000000,82800000000,81246060833,81266210774,20149941
79200000000,82800000000,81266210774,81268157984,1947210
79200000000,82800000000,81268157984,81269940508,1782524
79200000000,82800000000,81269940508,81277654333,7713825
79200000000,82800000000,81277654333,81277659067,4734
79200000000,82800000000,81277659067,81277667416,8349
79200000000,82800000000,81277667416,81279348577,1681161
79200000000,82800000000,81279348577,81279348582,5
79200000000,82800000000,81279348582,81279348597,15
79200000000,82800000000,81279348597,81279348607,10
79200000000,82800000000,81279348607,81280255954,907347
79200000000,82800000000,81280255954,81280255958,4
79200000000,82800000000,81280255958,81281051312,795354
79200000000,82800000000,81281051312,81282720704,1669392
79200000000,82800000000,81282720704,81285390811,2670107
79200000000,82800000000,81285390811,81285390868,57
79200000000,82800000000,81285390868,81285390873,5
79200000000,82800000000,81285390873,81290240595,4849722
79200000000,82800000000,81290240595,81292029409,1788814
79200000000,82800000000,81292029409,81298521161,6491752
79200000000,82800000000,81298521161,81298528947,7786
79200000000,82800000000,81298528947,81301772206,3243259
79200000000,82800000000,81301772206,81301940731,168525
79200000000,82800000000,81301940731,81302766171,825440
79200000000,82800000000,81302766171,81302768968,2797
79200000000,82800000000,81302768968,81303579081,810113
79200000000,82800000000,81303579081,81304655265,1076184
79200000000,82800000000,81304655265,81305550072,894807
79200000000,82800000000,81305550072,81305550075,3
79200000000,82800000000,81305550075,81305550076,1
79200000000,82800000000,81305550076,81305550306,230
79200000000,82800000000,81305550306,81307381003,1830697
79200000000,82800000000,81307381003,81307384797,3794
79200000000,82800000000,81307384797,81307384801,4
79200000000,82800000000,81307384801,81308728429,1343628
79200000000,82800000000,81308728429,81308728461,32
79200000000,82800000000,81308728461,81308763186,34725
79200000000,82800000000,81308763186,81310543006,1779820
79200000000,82800000000,81310543006,81310588752,45746
79200000000,82800000000,81310588752,81311479397,890645
79200000000,82800000000,81311479397,81312406266,926869
79200000000,82800000000,81312406266,81318444343,6038077
79200000000,82800000000,81318444343,81318444494,151
79200000000,82800000000,81318444494,81318444501,7
79200000000,82800000000,81318444501,81319477463,1032962
79200000000,82800000000,81319477463,81321274897,1797434
79200000000,82800000000,81321274897,81321329813,54916
79200000000,82800000000,81321329813,81322211265,881452
79200000000,82800000000,81322211265,81325862047,3650782
79200000000,82800000000,81325862047,81325864643,2596
79200000000,82800000000,81325864643,81325869560,4917
79200000000,82800000000,81325869560,81325872655,3095
79200000000,82800000000,81325872655,81326689379,816724
79200000000,82800000000,81326689379,81328399833,1710454
79200000000,82800000000,81328399833,81328399847,14
79200000000,82800000000,81328399847,81328399858,11
79200000000,82800000000,81328399858,81334810482,6410624
79200000000,82800000000,81334810482,81345214734,10404252
79200000000,82800000000,81345214734,81347703911,2489177
79200000000,82800000000,81347703911,81347706821,2910
79200000000,82800000000,81347706821,81347727199,20378
79200000000,82800000000,81347727199,81352358803,4631604
79200000000,82800000000,81352358803,81352358835,32
79200000000,82800000000,81352358835,81352384688,25853
79200000000,82800000000,81352384688,81352384692,4
79200000000,82800000000,81352384692,81352384693,1
79200000000,82800000000,81352384693,81356032440,3647747
79200000000,82800000000,81356032440,81356034292,1852
79200000000,82800000000,81356034292,81359494580,3460288
79200000000,82800000000,81359494580,81359494582,2
79200000000,82800000000,81359494582,81361250959,1756377
79200000000,82800000000,81361250959,81363390220,2139261
79200000000,82800000000,81363390220,81366138058,2747838
79200000000,82800000000,81366138058,81368056417,1918359
79200000000,82800000000,81368056417,81370088089,2031672
79200000000,82800000000,81370088089,81370088287,198
79200000000,82800000000,81370088287,81370088292,5
79200000000,82800000000,81370088292,81372166964,2078672
79200000000,82800000000,81372166964,81372167011,47
79200000000,82800000000,81372167011,81372167018,7
79200000000,82800000000,81372167018,81382558565,10391547
79200000000,82800000000,81382558565,81384920596,2362031
79200000000,82800000000,81384920596,81389350839,4430243
79200000000,82800000000,81389350839,81389350842,3
79200000000,82800000000,81389350842,81389350843,1
79200000000,82800000000,81389350843,81389350844,1
79200000000,82800000000,81389350844,81390281500,930656
79200000000,82800000000,81390281500,81391223108,941608
79200000000,82800000000,81391223108,81392221719,998611
79200000000,82800000000,81392221719,81393998353,1776634
79200000000,82800000000,81393998353,81394006360,8007
79200000000,82800000000,81394006360,81398562891,4556531
79200000000,82800000000,81398562891,81398562896,5
79200000000,82800000000,81398562896,81400598744,2035848
79200000000,82800000000,81400598744,81400601184,2440
79200000000,82800000000,81400601184,81400707191,106007
79200000000,82800000000,81400707191,81400707279,88
79200000000,82800000000,81400707279,81400707284,5
79200000000,82800000000,81400707284,81400707291,7
79200000000,82800000000,81400707291,81401745811,1038520
79200000000,82800000000,81401745811,81403605146,1859335
79200000000,82800000000,81403605146,81404501564,896418
79200000000,82800000000,81404501564,81404643576,142012
79200000000,82800000000,81404643576,81404643946,370
79200000000,82800000000,81404643946,81404643951,5
79200000000,82800000000,81404643951,81405641750,997799
79200000000,82800000000,81405641750,81405711456,69706
79200000000,82800000000,81405711456,81405714450,2994
79200000000,82800000000,81405714450,81414368514,8654064
79200000000,82800000000,81414368514,81414368581,67
79200000000,82800000000,81414368581,81414368586,5
79200000000,82800000000,81414368586,81417864332,3495746
79200000000,82800000000,81417864332,81419182091,1317759
79200000000,82800000000,81419182091,81420112589,930498
79200000000,82800000000,81420112589,81422208111,2095522
79200000000,82800000000,81422208111,81426311995,4103884
79200000000,82800000000,81426311995,81430543505,4231510
79200000000,82800000000,81430543505,81430549663,6158
79200000000,82800000000,81430549663,81430558806,9143
79200000000,82800000000,81430558806,81430558809,3
79200000000,82800000000,81430558809,81431488445,929636
79200000000,82800000000,81431488445,81433289847,1801402
79200000000,82800000000,81433289847,81433289926,79
79200000000,82800000000,81433289926,81433289929,3
79200000000,82800000000,81433289929,81433289951,22
79200000000,82800000000,81433289951,81434269694,979743
79200000000,82800000000,81434269694,81434323887,54193
79200000000,82800000000,81434323887,81436363849,2039962
79200000000,82800000000,81436363849,81471838045,35474196
79200000000,82800000000,81471838045,81476639163,4801118
79200000000,82800000000,81476639163,81478411105,1771942
79200000000,82800000000,81478411105,81482917075,4505970
79200000000,82800000000,81482917075,81484625424,1708349
79200000000,82800000000,81484625424,81487330925,2705501
79200000000,82800000000,81487330925,81487330944,19
79200000000,82800000000,81487330944,81487332950,2006
79200000000,82800000000,81487332950,81487332955,5
79200000000,82800000000,81487332955,81490216022,2883067
79200000000,82800000000,81490216022,81491978870,1762848
79200000000,82800000000,81491978870,81492889347,910477
79200000000,82800000000,81492889347,81492904681,15334
79200000000,82800000000,81492904681,81492905559,878
79200000000,82800000000,81492905559,81492905617,58
79200000000,82800000000,81492905617,81493884662,979045
79200000000,82800000000,81493884662,81493930904,46242
79200000000,82800000000,81493930904,81494046403,115499
79200000000,82800000000,81494046403,81494065888,19485
79200000000,82800000000,81494065888,81496197748,2131860
79200000000,82800000000,81496197748,81497136870,939122
79200000000,82800000000,81497136870,81497136925,55
79200000000,82800000000,81497136925,81497136932,7
79200000000,82800000000,81497136932,81498136609,999677
79200000000,82800000000,81498136609,81498136627,18
79200000000,82800000000,81498136627,81498136637,10
79200000000,82800000000,81498136637,81500061972,1925335
79200000000,82800000000,81500061972,81501881945,1819973
79200000000,82800000000,81501881945,81504914281,3032336
79200000000,82800000000,81504914281,81519844593,14930312
79200000000,82800000000,81519844593,81521535190,1690597
79200000000,82800000000,81521535190,81523568351,2033161
79200000000,82800000000,81523568351,81534355067,10786716
79200000000,82800000000,81534355067,81534355104,37
79200000000,82800000000,81534355104,81534355109,5
79200000000,82800000000,81534355109,81536946992,2591883
79200000000,82800000000,81536946992,81536947471,479
79200000000,82800000000,81536947471,81536947487,16
79200000000,82800000000,81536947487,81542634098,5686611
79200000000,82800000000,81542634098,81545359690,2725592
79200000000,82800000000,81545359690,81545360017,327
79200000000,82800000000,81545360017,81546399646,1039629
79200000000,82800000000,81546399646,81550073172,3673526
79200000000,82800000000,81550073172,81552327745,2254573
79200000000,82800000000,81552327745,81554907800,2580055
79200000000,82800000000,81554907800,81556480366,1572566
79200000000,82800000000,81556480366,81559014990,2534624
79200000000,82800000000,81559014990,81559219477,204487
79200000000,82800000000,81559219477,81559223879,4402
79200000000,82800000000,81559223879,81560855783,1631904
79200000000,82800000000,81560855783,81560855809,26
79200000000,82800000000,81560855809,81560855820,11
79200000000,82800000000,81560855820,81560901349,45529
79200000000,82800000000,81560901349,81562110702,1209353
79200000000,82800000000,81562110702,81563835416,1724714
79200000000,82800000000,81563835416,81580992111,17156695
79200000000,82800000000,81580992111,81588008728,7016617
79200000000,82800000000,81588008728,81593007175,4998447
79200000000,82800000000,81593007175,81594133489,1126314
79200000000,82800000000,81594133489,81594944565,811076
79200000000,82800000000,81594944565,81595816097,871532
79200000000,82800000000,81595816097,81595822083,5986
79200000000,82800000000,81595822083,81596589479,767396
79200000000,82800000000,81596589479,81597385166,795687
79200000000,82800000000,81597385166,81599074994,1689828
79200000000,82800000000,81599074994,81599848137,773143
79200000000,82800000000,81599848137,81607245368,7397231
79200000000,82800000000,81607245368,81612443065,5197697
79200000000,82800000000,81612443065,81613292371,849306
79200000000,82800000000,81613292371,81613292428,57
79200000000,82800000000,81613292428,81613292433,5
79200000000,82800000000,81613292433,81616095328,2802895
79200000000,82800000000,81616095328,81616095756,428
79200000000,82800000000,81616095756,81616095761,5
79200000000,82800000000,81616095761,81625904819,9809058
79200000000,82800000000,81625904819,81626254042,349223
79200000000,82800000000,81626254042,81628101577,1847535
79200000000,82800000000,81628101577,81629805267,1703690
79200000000,82800000000,81629805267,81629809710,4443
79200000000,82800000000,81629809710,81631468775,1659065
79200000000,82800000000,81631468775,81631468785,10
79200000000,82800000000,81631468785,81631489871,21086
79200000000,82800000000,81631489871,81632567989,1078118
79200000000,82800000000,81632567989,81634286971,1718982
79200000000,82800000000,81634286971,81634318563,31592
79200000000,82800000000,81634318563,81636056843,1738280
79200000000,82800000000,81636056843,81642803294,6746451
79200000000,82800000000,81642803294,81642819646,16352
79200000000,82800000000,81642819646,81645379324,2559678
79200000000,82800000000,81645379324,81651643503,6264179
79200000000,82800000000,81651643503,81653280425,1636922
79200000000,82800000000,81653280425,81653294695,14270
79200000000,82800000000,81653294695,81653297288,2593
79200000000,82800000000,81653297288,81655052865,1755577
79200000000,82800000000,81655052865,81655052876,11
79200000000,82800000000,81655052876,81655052902,26
79200000000,82800000000,81655052902,81657474087,2421185
79200000000,82800000000,81657474087,81658368558,894471
79200000000,82800000000,81658368558,81660399509,2030951
79200000000,82800000000,81660399509,81661236342,836833
79200000000,82800000000,81661236342,81661237063,721
79200000000,82800000000,81661237063,81672445216,11208153
79200000000,82800000000,81672445216,81680065250,7620034
79200000000,82800000000,81680065250,81680065252,2
79200000000,82800000000,81680065252,81682296234,2230982
79200000000,82800000000,81682296234,81682332042,35808
79200000000,82800000000,81682332042,81682332045,3
79200000000,82800000000,81682332045,81683984935,1652890
79200000000,82800000000,81683984935,81695456737,11471802
79200000000,82800000000,81695456737,81695460647,3910
79200000000,82800000000,81695460647,81695460657,10
79200000000,82800000000,81695460657,81698836054,3375397
79200000000,82800000000,81698836054,81708009202,9173148
79200000000,82800000000,81708009202,81708009205,3
79200000000,82800000000,81708009205,81709737594,1728389
79200000000,82800000000,81709737594,81711723687,1986093
79200000000,82800000000,81711723687,81711724266,579
79200000000,82800000000,81711724266,81712686556,962290
79200000000,82800000000,81712686556,81712693166,6610
79200000000,82800000000,81712693166,81715009970,2316804
79200000000,82800000000,81715009970,81717544536,2534566
79200000000,82800000000,81717544536,81717547350,2814
79200000000,82800000000,81717547350,81717549618,2268
79200000000,82800000000,81717549618,81717552219,2601
79200000000,82800000000,81717552219,81717554407,2188
79200000000,82800000000,81717554407,81717558837,4430
79200000000,82800000000,81717558837,81719204745,1645908
79200000000,82800000000,81719204745,81719204781,36
79200000000,82800000000,81719204781,81719204793,12
79200000000,82800000000,81719204793,81719204806,13
79200000000,82800000000,81719204806,81719204832,26
79200000000,82800000000,81719204832,81719204836,4
79200000000,82800000000,81719204836,81719204837,1
79200000000,82800000000,81719204837,81719205045,208
79200000000,82800000000,81719205045,81719963768,758723
79200000000,82800000000,81719963768,81719963898,130
79200000000,82800000000,81719963898,81720861236,897338
79200000000,82800000000,81720861236,81722622058,1760822
79200000000,82800000000,81722622058,81729017321,6395263
79200000000,82800000000,81729017321,81729017440,119
79200000000,82800000000,81729017440,81729017445,5
79200000000,82800000000,81729017445,81729017450,5
79200000000,82800000000,81729017450,81742043007,13025557
79200000000,82800000000,81742043007,81743172005,1128998
79200000000,82800000000,81743172005,81744034604,862599
79200000000,82800000000,81744034604,81744882069,847465
79200000000,82800000000,81744882069,81746770440,1888371
79200000000,82800000000,81746770440,81749356408,2585968
79200000000,82800000000,81749356408,81751810780,2454372
79200000000,82800000000,81751810780,81751810810,30
79200000000,82800000000,81751810810,81755243667,3432857
79200000000,82800000000,81755243667,81776795048,21551381
79200000000,82800000000,81776795048,81778735592,1940544
79200000000,82800000000,81778735592,81779593766,858174
79200000000,82800000000,81779593766,81782106100,2512334
79200000000,82800000000,81782106100,81782133930,27830
79200000000,82800000000,81782133930,81783768536,1634606
79200000000,82800000000,81783768536,81785667715,1899179
79200000000,82800000000,81785667715,81786536413,868698
79200000000,82800000000,81786536413,81786536491,78
79200000000,82800000000,81786536491,81786536500,9
79200000000,82800000000,81786536500,81787391431,854931
79200000000,82800000000,81787391431,81788236284,844853
79200000000,82800000000,81788236284,81788236301,17
79200000000,82800000000,81788236301,81802562705,14326404
79200000000,82800000000,81802562705,81802565516,2811
79200000000,82800000000,81802565516,81802568029,2513
79200000000,82800000000,81802568029,81802569930,1901
79200000000,82800000000,81802569930,81802572505,2575
79200000000,82800000000,81802572505,81802575632,3127
79200000000,82800000000,81802575632,81802577907,2275
79200000000,82800000000,81802577907,81802586659,8752
79200000000,82800000000,81802586659,81804178230,1591571
79200000000,82800000000,81804178230,81804178247,17
79200000000,82800000000,81804178247,81804178272,25
79200000000,82800000000,81804178272,81804178297,25
79200000000,82800000000,81804178297,81804178320,23
79200000000,82800000000,81804178320,81804178324,4
79200000000,82800000000,81804178324,81804178325,1
79200000000,82800000000,81804178325,81804178326,1
79200000000,82800000000,81804178326,81804178395,69
79200000000,82800000000,81804178395,81804178399,4
79200000000,82800000000,81804178399,81804178400,1
79200000000,82800000000,81804178400,81804178728,328
79200000000,82800000000,81804178728,81804178740,12
79200000000,82800000000,81804178740,81805068745,890005
79200000000,82800000000,81805068745,81805975074,906329
79200000000,82800000000,81805975074,81805975116,42
79200000000,82800000000,81805975116,81805975122,6
79200000000,82800000000,81805975122,81805975128,6
79200000000,82800000000,81805975128,81806837223,862095
79200000000,82800000000,81806837223,81806837541,318
79200000000,82800000000,81806837541,81806838173,632
79200000000,82800000000,81806838173,81806848209,10036
79200000000,82800000000,81806848209,81806848221,12
79200000000,82800000000,81806848221,81807214177,365956
79200000000,82800000000,81807214177,81809710442,2496265
79200000000,82800000000,81809710442,81809710446,4
79200000000,82800000000,81809710446,81810811180,1100734
79200000000,82800000000,81810811180,81810811336,156
79200000000,82800000000,81810811336,81810852928,41592
79200000000,82800000000,81810852928,81810866927,13999
79200000000,82800000000,81810866927,81810866970,43
79200000000,82800000000,81810866970,81810866977,7
79200000000,82800000000,81810866977,81812571905,1704928
79200000000,82800000000,81812571905,81818575637,6003732
79200000000,82800000000,81818575637,81819447276,871639
79200000000,82800000000,81819447276,81820452031,1004755
79200000000,82800000000,81820452031,81822571532,2119501
79200000000,82800000000,81822571532,81822577659,6127
79200000000,82800000000,81822577659,81824374186,1796527
79200000000,82800000000,81824374186,81824374203,17
79200000000,82800000000,81824374203,81825328556,954353
79200000000,82800000000,81825328556,81829174330,3845774
79200000000,82800000000,81829174330,81833673550,4499220
79200000000,82800000000,81833673550,81833701788,28238
79200000000,82800000000,81833701788,81835596638,1894850
79200000000,82800000000,81835596638,81836492431,895793
79200000000,82800000000,81836492431,81838331493,1839062
79200000000,82800000000,81838331493,81839284621,953128
79200000000,82800000000,81839284621,81839293917,9296
79200000000,82800000000,81839293917,81839294210,293
79200000000,82800000000,81839294210,81841201352,1907142
79200000000,82800000000,81841201352,81842132685,931333
79200000000,82800000000,81842132685,81843439257,1306572
79200000000,82800000000,81843439257,81845200437,1761180
79200000000,82800000000,81845200437,81845229334,28897
79200000000,82800000000,81845229334,81851229950,6000616
79200000000,82800000000,81851229950,81852943584,1713634
79200000000,82800000000,81852943584,81852982710,39126
79200000000,82800000000,81852982710,81852989896,7186
79200000000,82800000000,81852989896,81855002931,2013035
79200000000,82800000000,81855002931,81855002955,24
79200000000,82800000000,81855002955,81860197229,5194274
79200000000,82800000000,81860197229,81865732005,5534776
79200000000,82800000000,81865732005,81866596151,864146
79200000000,82800000000,81866596151,81866658841,62690
79200000000,82800000000,81866658841,81867484189,825348
79200000000,82800000000,81867484189,81868292042,807853
79200000000,82800000000,81868292042,81869164122,872080
79200000000,82800000000,81869164122,81874242125,5078003
79200000000,82800000000,81874242125,81876159479,1917354
79200000000,82800000000,81876159479,81879640829,3481350
79200000000,82800000000,81879640829,81882172628,2531799
79200000000,82800000000,81882172628,81886123376,3950748
79200000000,82800000000,81886123376,81891543596,5420220
79200000000,82800000000,81891543596,81891543731,135
79200000000,82800000000,81891543731,81891543746,15
79200000000,82800000000,81891543746,81893149708,1605962
79200000000,82800000000,81893149708,81893149775,67
79200000000,82800000000,81893149775,81893149782,7
79200000000,82800000000,81893149782,81894346028,1196246
79200000000,82800000000,81894346028,81895142789,796761
79200000000,82800000000,81895142789,81895154316,11527
79200000000,82800000000,81895154316,81895158069,3753
79200000000,82800000000,81895158069,81895161762,3693
79200000000,82800000000,81895161762,81895179926,18164
79200000000,82800000000,81895179926,81895188224,8298
79200000000,82800000000,81895188224,81898668553,3480329
79200000000,82800000000,81898668553,81898668590,37
79200000000,82800000000,81898668590,81898668593,3
79200000000,82800000000,81898668593,81898668634,41
79200000000,82800000000,81898668634,81898668637,3
79200000000,82800000000,81898668637,81898669652,1015
79200000000,82800000000,81898669652,81898669656,4
79200000000,82800000000,81898669656,81898669657,1
79200000000,82800000000,81898669657,81898669854,197
79200000000,82800000000,81898669854,81898669857,3
79200000000,82800000000,81898669857,81898669858,1
79200000000,82800000000,81898669858,81898669888,30
79200000000,82800000000,81898669888,81898714648,44760
79200000000,82800000000,81898714648,81902241270,3526622
79200000000,82800000000,81902241270,81903138553,897283
79200000000,82800000000,81903138553,81903138566,13
79200000000,82800000000,81903138566,81903142374,3808
79200000000,82800000000,81903142374,81903166037,23663
79200000000,82800000000,81903166037,81903166420,383
79200000000,82800000000,81903166420,81903166432,12
79200000000,82800000000,81903166432,81906636776,3470344
79200000000,82800000000,81906636776,81906636785,9
79200000000,82800000000,81906636785,81911704143,5067358
79200000000,82800000000,81911704143,81920016061,8311918
79200000000,82800000000,81920016061,81920016178,117
79200000000,82800000000,81920016178,81931351848,11335670
79200000000,82800000000,81931351848,81933362180,2010332
79200000000,82800000000,81933362180,81933426229,64049
79200000000,82800000000,81933426229,81933426231,2
79200000000,82800000000,81933426231,81935703749,2277518
79200000000,82800000000,81935703749,81952933820,17230071
79200000000,82800000000,81952933820,81966334995,13401175
79200000000,82800000000,81966334995,81969261923,2926928
79200000000,82800000000,81969261923,81970177078,915155
79200000000,82800000000,81970177078,81970215400,38322
79200000000,82800000000,81970215400,81970218202,2802
79200000000,82800000000,81970218202,81970221547,3345
79200000000,82800000000,81970221547,81970227489,5942
79200000000,82800000000,81970227489,81970233645,6156
79200000000,82800000000,81970233645,81975974140,5740495
79200000000,82800000000,81975974140,81976935071,960931
79200000000,82800000000,81976935071,81976940617,5546
79200000000,82800000000,81976940617,81977969827,1029210
79200000000,82800000000,81977969827,81978028824,58997
79200000000,82800000000,81978028824,81979010960,982136
79200000000,82800000000,81979010960,81979010978,18
79200000000,82800000000,81979010978,81979010982,4
79200000000,82800000000,81979010982,81979010983,1
79200000000,82800000000,81979010983,81979011162,179
79200000000,82800000000,81979011162,81979011166,4
79200000000,82800000000,81979011166,81979011167,1
79200000000,82800000000,81979011167,81979011338,171
79200000000,82800000000,81979011338,81979011342,4
79200000000,82800000000,81979011342,81979011343,1
79200000000,82800000000,81979011343,81979011658,315
79200000000,82800000000,81979011658,81979011691,33
79200000000,82800000000,81979011691,81982580668,3568977
79200000000,82800000000,81982580668,81982580672,4
79200000000,82800000000,81982580672,81982580673,1
79200000000,82800000000,81982580673,81982580791,118
79200000000,82800000000,81982580791,81982584509,3718
79200000000,82800000000,81982584509,81982588181,3672
79200000000,82800000000,81982588181,81982592149,3968
79200000000,82800000000,81982592149,81982592161,12
79200000000,82800000000,81982592161,81982592173,12
79200000000,82800000000,81982592173,81982592184,11
79200000000,82800000000,81982592184,81982592195,11
79200000000,82800000000,81982592195,81982592213,18
79200000000,82800000000,81982592213,81982921536,329323
79200000000,82800000000,81982921536,81982922143,607
79200000000,82800000000,81982922143,81983823668,901525
79200000000,82800000000,81983823668,81984761954,938286
79200000000,82800000000,81984761954,81984762644,690
79200000000,82800000000,81984762644,81984762663,19
79200000000,82800000000,81984762663,81989725630,4962967
79200000000,82800000000,81989725630,81991519713,1794083
79200000000,82800000000,81991519713,81991587816,68103
79200000000,82800000000,81991587816,81991588056,240
79200000000,82800000000,81991588056,81991588061,5
79200000000,82800000000,81991588061,81991588066,5
79200000000,82800000000,81991588066,82001215904,9627838
79200000000,82800000000,82001215904,82002996939,1781035
79200000000,82800000000,82002996939,82008680104,5683165
79200000000,82800000000,82008680104,82009639924,959820
79200000000,82800000000,82009639924,82010624372,984448
79200000000,82800000000,82010624372,82010631250,6878
79200000000,82800000000,82010631250,82011779458,1148208
79200000000,82800000000,82011779458,82024186776,12407318
79200000000,82800000000,82024186776,82024187808,1032
79200000000,82800000000,82024187808,82024187813,5
79200000000,82800000000,82024187813,82024187818,5
79200000000,82800000000,82024187818,82029393673,5205855
79200000000,82800000000,82029393673,82029393781,108
79200000000,82800000000,82029393781,82029393786,5
79200000000,82800000000,82029393786,82040881412,11487626
79200000000,82800000000,82040881412,82046677680,5796268
79200000000,82800000000,82046677680,82049196107,2518427
79200000000,82800000000,82049196107,82049200588,4481
79200000000,82800000000,82049200588,82049200588,0
79200000000,82800000000,82049200588,82051258041,2057453
79200000000,82800000000,82051258041,82051293008,34967
79200000000,82800000000,82051293008,82051293011,3
79200000000,82800000000,82051293011,82053116304,1823293
79200000000,82800000000,82053116304,82056506007,3389703
79200000000,82800000000,82056506007,82063580663,7074656
79200000000,82800000000,82063580663,82063588356,7693
79200000000,82800000000,82063588356,82063592407,4051
79200000000,82800000000,82063592407,82063596507,4100
79200000000,82800000000,82063596507,82063602891,6384
79200000000,82800000000,82063602891,82067632286,4029395
79200000000,82800000000,82067632286,82067632289,3
79200000000,82800000000,82067632289,82067632290,1
79200000000,82800000000,82067632290,82067632359,69
79200000000,82800000000,82067632359,82067632362,3
79200000000,82800000000,82067632362,82067632363,1
79200000000,82800000000,82067632363,82067632436,73
79200000000,82800000000,82067632436,82067632439,3
79200000000,82800000000,82067632439,82067632440,1
79200000000,82800000000,82067632440,82067632488,48
79200000000,82800000000,82067632488,82067632491,3
79200000000,82800000000,82067632491,82067632492,1
79200000000,82800000000,82067632492,82067653320,20828
79200000000,82800000000,82067653320,82067653323,3
79200000000,82800000000,82067653323,82070959562,3306239
79200000000,82800000000,82070959562,82070959565,3
79200000000,82800000000,82070959565,82070959566,1
79200000000,82800000000,82070959566,82070959596,30
79200000000,82800000000,82070959596,82070960024,428
79200000000,82800000000,82070960024,82070960463,439
79200000000,82800000000,82070960463,82070960923,460
79200000000,82800000000,82070960923,82070961420,497
79200000000,82800000000,82070961420,82070961432,12
79200000000,82800000000,82070961432,82073010701,2049269
79200000000,82800000000,82073010701,82073011127,426
79200000000,82800000000,82073011127,82073011207,80
79200000000,82800000000,82073011207,82073011225,18
79200000000,82800000000,82073011225,82073011242,17
79200000000,82800000000,82073011242,82078808520,5797278
79200000000,82800000000,82078808520,82079624470,815950
79200000000,82800000000,82079624470,82080423650,799180
79200000000,82800000000,82080423650,82088343216,7919566
79200000000,82800000000,82088343216,82088343986,770
79200000000,82800000000,82088343986,82089301378,957392
79200000000,82800000000,82089301378,82092469718,3168340
79200000000,82800000000,82092469718,82093993867,1524149
79200000000,82800000000,82093993867,82105992855,11998988
79200000000,82800000000,82105992855,82107679055,1686200
79200000000,82800000000,82107679055,82125173436,17494381
79200000000,82800000000,82125173436,82127703486,2530050
79200000000,82800000000,82127703486,82129648543,1945057
79200000000,82800000000,82129648543,82130549599,901056
79200000000,82800000000,82130549599,82132172022,1622423
79200000000,82800000000,82132172022,82136586891,4414869
79200000000,82800000000,82136586891,82136586948,57
79200000000,82800000000,82136586948,82136586953,5
79200000000,82800000000,82136586953,82138255653,1668700
79200000000,82800000000,82138255653,82142133911,3878258
79200000000,82800000000,82142133911,82142133911,0
79200000000,82800000000,82142133911,82142137936,4025
79200000000,82800000000,82142137936,82142137985,49
79200000000,82800000000,82142137985,82142137995,10
79200000000,82800000000,82142137995,82148432778,6294783
79200000000,82800000000,82148432778,82153795991,5363213
79200000000,82800000000,82153795991,82158785154,4989163
79200000000,82800000000,82158785154,82161942159,3157005
79200000000,82800000000,82161942159,82163843506,1901347
79200000000,82800000000,82163843506,82164644034,800528
79200000000,82800000000,82164644034,82168855327,4211293
79200000000,82800000000,82168855327,82170640934,1785607
79200000000,82800000000,82170640934,82170674593,33659
79200000000,82800000000,82170674593,82170704423,29830
79200000000,82800000000,82170704423,82170776082,71659
79200000000,82800000000,82170776082,82170864365,88283
79200000000,82800000000,82170864365,82170893738,29373
79200000000,82800000000,82170893738,82171708294,814556
79200000000,82800000000,82171708294,82174601462,2893168
79200000000,82800000000,82174601462,82174601465,3
79200000000,82800000000,82174601465,82174601466,1
79200000000,82800000000,82174601466,82174601509,43
79200000000,82800000000,82174601509,82174601512,3
79200000000,82800000000,82174601512,82174601513,1
79200000000,82800000000,82174601513,82174601749,236
79200000000,82800000000,82174601749,82174601753,4
79200000000,82800000000,82174601753,82174601754,1
79200000000,82800000000,82174601754,82174601924,170
79200000000,82800000000,82174601924,82174601928,4
79200000000,82800000000,82174601928,82174601961,33
79200000000,82800000000,82174601961,82174601964,3
79200000000,82800000000,82174601964,82174601965,1
79200000000,82800000000,82174601965,82174602993,1028
79200000000,82800000000,82174602993,82177122518,2519525
79200000000,82800000000,82177122518,82177127505,4987
79200000000,82800000000,82177127505,82179840414,2712909
79200000000,82800000000,82179840414,82179840418,4
79200000000,82800000000,82179840418,82179840496,78
79200000000,82800000000,82179840496,82179840844,348
79200000000,82800000000,82179840844,82179845465,4621
79200000000,82800000000,82179845465,82179849080,3615
79200000000,82800000000,82179849080,82179849117,37
79200000000,82800000000,82179849117,82179870086,20969
79200000000,82800000000,82179870086,82179870097,11
79200000000,82800000000,82179870097,82183252719,3382622
79200000000,82800000000,82183252719,82183254746,2027
79200000000,82800000000,82183254746,82187482079,4227333
79200000000,82800000000,82187482079,82187482279,200
79200000000,82800000000,82187482279,82187482286,7
79200000000,82800000000,82187482286,82190434782,2952496
79200000000,82800000000,82190434782,82193301121,2866339
79200000000,82800000000,82193301121,82198212277,4911156
79200000000,82800000000,82198212277,82199072898,860621
79200000000,82800000000,82199072898,82199886921,814023
79200000000,82800000000,82199886921,82208475445,8588524
79200000000,82800000000,82208475445,82208476005,560
79200000000,82800000000,82208476005,82209521417,1045412
79200000000,82800000000,82209521417,82209565125,43708
79200000000,82800000000,82209565125,82211547147,1982022
79200000000,82800000000,82211547147,82217618345,6071198
79200000000,82800000000,82217618345,82218509431,891086
79200000000,82800000000,82218509431,82218509585,154
79200000000,82800000000,82218509585,82218509628,43
79200000000,82800000000,82218509628,82219469648,960020
79200000000,82800000000,82219469648,82225986290,6516642
79200000000,82800000000,82225986290,82225986594,304
79200000000,82800000000,82225986594,82225986602,8
79200000000,82800000000,82225986602,82229299526,3312924
79200000000,82800000000,82229299526,82230269348,969822
79200000000,82800000000,82230269348,82235416855,5147507
79200000000,82800000000,82235416855,82235420346,3491
79200000000,82800000000,82235420346,82235430850,10504
79200000000,82800000000,82235430850,82237105817,1674967
79200000000,82800000000,82237105817,82240720999,3615182
79200000000,82800000000,82240720999,82240721173,174
79200000000,82800000000,82240721173,82240721179,6
79200000000,82800000000,82240721179,82242598239,1877060
79200000000,82800000000,82242598239,82242598428,189
79200000000,82800000000,82242598428,82242598473,45
79200000000,82800000000,82242598473,82243699184,1100711
79200000000,82800000000,82243699184,82244584283,885099
79200000000,82800000000,82244584283,82246309404,1725121
79200000000,82800000000,82246309404,82247099281,789877
79200000000,82800000000,82247099281,82247897187,797906
79200000000,82800000000,82247897187,82248691257,794070
79200000000,82800000000,82248691257,82249046459,355202
79200000000,82800000000,82249046459,82249927050,880591
79200000000,82800000000,82249927050,82249955141,28091
79200000000,82800000000,82249955141,82251538528,1583387
79200000000,82800000000,82251538528,82258227215,6688687
79200000000,82800000000,82258227215,82258227497,282
79200000000,82800000000,82258227497,82258227503,6
79200000000,82800000000,82258227503,82260286408,2058905
79200000000,82800000000,82260286408,82260291145,4737
79200000000,82800000000,82260291145,82261166428,875283
79200000000,82800000000,82261166428,82262029260,862832
79200000000,82800000000,82262029260,82262029309,49
79200000000,82800000000,82262029309,82262072571,43262
79200000000,82800000000,82262072571,82263638090,1565519
79200000000,82800000000,82263638090,82266544404,2906314
79200000000,82800000000,82266544404,82268069423,1525019
79200000000,82800000000,82268069423,82269004948,935525
79200000000,82800000000,82269004948,82269005107,159
79200000000,82800000000,82269005107,82269005134,27
79200000000,82800000000,82269005134,82271019712,2014578
79200000000,82800000000,82271019712,82271019880,168
79200000000,82800000000,82271019880,82271019907,27
79200000000,82800000000,82271019907,82273442919,2423012
79200000000,82800000000,82273442919,82273444365,1446
79200000000,82800000000,82273444365,82273444376,11
79200000000,82800000000,82273444376,82276995163,3550787
79200000000,82800000000,82276995163,82278763763,1768600
79200000000,82800000000,82278763763,82278799025,35262
79200000000,82800000000,82278799025,82281586595,2787570
79200000000,82800000000,82281586595,82283255209,1668614
79200000000,82800000000,82283255209,82291613012,8357803
79200000000,82800000000,82291613012,82291613014,2
79200000000,82800000000,82291613014,82293568746,1955732
79200000000,82800000000,82293568746,82293586780,18034
79200000000,82800000000,82293586780,82293595628,8848
79200000000,82800000000,82293595628,82293608142,12514
79200000000,82800000000,82293608142,82293613631,5489
79200000000,82800000000,82293613631,82293618568,4937
79200000000,82800000000,82293618568,82294516612,898044
79200000000,82800000000,82294516612,82294516686,74
79200000000,82800000000,82294516686,82294516694,8
79200000000,82800000000,82294516694,82294516702,8
79200000000,82800000000,82294516702,82296354862,1838160
79200000000,82800000000,82296354862,82296354865,3
79200000000,82800000000,82296354865,82296354993,128
79200000000,82800000000,82296354993,82296354997,4
79200000000,82800000000,82296354997,82296355027,30
79200000000,82800000000,82296355027,82296355050,23
79200000000,82800000000,82296355050,82296355054,4
79200000000,82800000000,82296355054,82296355055,1
79200000000,82800000000,82296355055,82296355120,65
79200000000,82800000000,82296355120,82296355124,4
79200000000,82800000000,82296355124,82296355125,1
79200000000,82800000000,82296355125,82297121164,766039
79200000000,82800000000,82297121164,82298642907,1521743
79200000000,82800000000,82298642907,82298642911,4
79200000000,82800000000,82298642911,82298642988,77
79200000000,82800000000,82298642988,82298645686,2698
79200000000,82800000000,82298645686,82298646621,935
79200000000,82800000000,82298646621,82298647523,902
79200000000,82800000000,82298647523,82298647535,12
79200000000,82800000000,82298647535,82299806619,1159084
79200000000,82800000000,82299806619,82303490336,3683717
79200000000,82800000000,82303490336,82314906931,11416595
79200000000,82800000000,82314906931,82315749837,842906
79200000000,82800000000,82315749837,82320081755,4331918
79200000000,82800000000,82320081755,82320090294,8539
79200000000,82800000000,82320090294,82320090297,3
79200000000,82800000000,82320090297,82321783278,1692981
79200000000,82800000000,82321783278,82321783295,17
79200000000,82800000000,82321783295,82335535378,13752083
79200000000,82800000000,82335535378,82336385730,850352
79200000000,82800000000,82336385730,82336387185,1455
79200000000,82800000000,82336387185,82336387190,5
79200000000,82800000000,82336387190,82336387199,9
79200000000,82800000000,82336387199,82337272467,885268
79200000000,82800000000,82337272467,82347258752,9986285
79200000000,82800000000,82347258752,82349736955,2478203
79200000000,82800000000,82349736955,82351409524,1672569
79200000000,82800000000,82351409524,82352234369,824845
79200000000,82800000000,82352234369,82353879122,1644753
79200000000,82800000000,82353879122,82354768264,889142
79200000000,82800000000,82354768264,82354774200,5936
79200000000,82800000000,82354774200,82355558928,784728
79200000000,82800000000,82355558928,82356319877,760949
79200000000,82800000000,82356319877,82357381215,1061338
79200000000,82800000000,82357381215,82366117198,8735983
79200000000,82800000000,82366117198,82368077025,1959827
79200000000,82800000000,82368077025,82368098060,21035
79200000000,82800000000,82368098060,82369759618,1661558
79200000000,82800000000,82369759618,82377082376,7322758
79200000000,82800000000,82377082376,82378972133,1889757
79200000000,82800000000,82378972133,82378972154,21
79200000000,82800000000,82378972154,82378974168,2014
79200000000,82800000000,82378974168,82378974173,5
79200000000,82800000000,82378974173,82378974178,5
79200000000,82800000000,82378974178,82408583476,29609298
79200000000,82800000000,82408583476,82408583476,0
79200000000,82800000000,82408583476,82409455156,871680
79200000000,82800000000,82409455156,82413817949,4362793
79200000000,82800000000,82413817949,82415937446,2119497
79200000000,82800000000,82415937446,82415937472,26
79200000000,82800000000,82415937472,82419206192,3268720
79200000000,82800000000,82419206192,82419206279,87
79200000000,82800000000,82419206279,82419206284,5
79200000000,82800000000,82419206284,82419206293,9
79200000000,82800000000,82419206293,82419206813,520
79200000000,82800000000,82419206813,82419206864,51
79200000000,82800000000,82419206864,82419206870,6
79200000000,82800000000,82419206870,82426316170,7109300
79200000000,82800000000,82426316170,82426316287,117
79200000000,82800000000,82426316287,82428006502,1690215
79200000000,82800000000,82428006502,82430623391,2616889
79200000000,82800000000,82430623391,82430640968,17577
79200000000,82800000000,82430640968,82430648211,7243
79200000000,82800000000,82430648211,82431436226,788015
79200000000,82800000000,82431436226,82431436226,0
79200000000,82800000000,82431436226,82432283785,847559
79200000000,82800000000,82432283785,82432286602,2817
79200000000,82800000000,82432286602,82432288726,2124
79200000000,82800000000,82432288726,82432296392,7666
79200000000,82800000000,82432296392,82432298305,1913
79200000000,82800000000,82432298305,82432300316,2011
79200000000,82800000000,82432300316,82433103650,803334
79200000000,82800000000,82433103650,82433103673,23
79200000000,82800000000,82433103673,82433124586,20913
79200000000,82800000000,82433124586,82433130454,5868
79200000000,82800000000,82433130454,82433134992,4538
79200000000,82800000000,82433134992,82433135452,460
79200000000,82800000000,82433135452,82433135467,15
79200000000,82800000000,82433135467,82433996697,861230
79200000000,82800000000,82433996697,82433996701,4
79200000000,82800000000,82433996701,82433996702,1
79200000000,82800000000,82433996702,82433996703,1
79200000000,82800000000,82433996703,82433996759,56
79200000000,82800000000,82433996759,82433996771,12
79200000000,82800000000,82433996771,82433996783,12
79200000000,82800000000,82433996783,82433996795,12
79200000000,82800000000,82433996795,82433996843,48
79200000000,82800000000,82433996843,82434030989,34146
79200000000,82800000000,82434030989,82435119667,1088678
79200000000,82800000000,82435119667,82435119973,306
79200000000,82800000000,82435119973,82435120626,653
79200000000,82800000000,82435120626,82435120644,18
79200000000,82800000000,82435120644,82435120675,31
79200000000,82800000000,82435120675,82436100825,980150
79200000000,82800000000,82436100825,82436110087,9262
79200000000,82800000000,82436110087,82437643362,1533275
79200000000,82800000000,82437643362,82437644790,1428
79200000000,82800000000,82437644790,82439185684,1540894
79200000000,82800000000,82439185684,82447747228,8561544
79200000000,82800000000,82447747228,82448682444,935216
79200000000,82800000000,82448682444,82450308294,1625850
79200000000,82800000000,82450308294,82450332567,24273
79200000000,82800000000,82450332567,82451103057,770490
79200000000,82800000000,82451103057,82451108523,5466
79200000000,82800000000,82451108523,82451114514,5991
79200000000,82800000000,82451114514,82451873186,758672
79200000000,82800000000,82451873186,82451890796,17610
79200000000,82800000000,82451890796,82451901974,11178
79200000000,82800000000,82451901974,82451902065,91
79200000000,82800000000,82451902065,82451902072,7
79200000000,82800000000,82451902072,82452736509,834437
79200000000,82800000000,82452736509,82452736527,18
79200000000,82800000000,82452736527,82452738097,1570
79200000000,82800000000,82452738097,82453554495,816398
79200000000,82800000000,82453554495,82456148633,2594138
79200000000,82800000000,82456148633,82456153562,4929
79200000000,82800000000,82456153562,82456153572,10
79200000000,82800000000,82456153572,82458707155,2553583
79200000000,82800000000,82458707155,82458709597,2442
79200000000,82800000000,82458709597,82460394251,1684654
79200000000,82800000000,82460394251,82460419147,24896
79200000000,82800000000,82460419147,82462183306,1764159
79200000000,82800000000,82462183306,82469568862,7385556
79200000000,82800000000,82469568862,82471160116,1591254
79200000000,82800000000,82471160116,82471921019,760903
79200000000,82800000000,82471921019,82471926589,5570
79200000000,82800000000,82471926589,82473643822,1717233
79200000000,82800000000,82473643822,82473644705,883
79200000000,82800000000,82473644705,82473644847,142
79200000000,82800000000,82473644847,82473644852,5
79200000000,82800000000,82473644852,82473644857,5
79200000000,82800000000,82473644857,82474656585,1011728
79200000000,82800000000,82474656585,82478615807,3959222
79200000000,82800000000,82478615807,82478616903,1096
79200000000,82800000000,82478616903,82479659336,1042433
79200000000,82800000000,82479659336,82479659860,524
79200000000,82800000000,82479659860,82480555704,895844
79200000000,82800000000,82480555704,82481412710,857006
79200000000,82800000000,82481412710,82483210843,1798133
79200000000,82800000000,82483210843,82492359966,9149123
79200000000,82800000000,82492359966,82496025157,3665191
79200000000,82800000000,82496025157,82500381706,4356549
79200000000,82800000000,82500381706,82501250624,868918
79200000000,82800000000,82501250624,82501253560,2936
79200000000,82800000000,82501253560,82501254148,588
79200000000,82800000000,82501254148,82501254153,5
79200000000,82800000000,82501254153,82501254162,9
79200000000,82800000000,82501254162,82501254420,258
79200000000,82800000000,82501254420,82503055521,1801101
79200000000,82800000000,82503055521,82504100422,1044901
79200000000,82800000000,82504100422,82504856106,755684
79200000000,82800000000,82504856106,82505651957,795851
79200000000,82800000000,82505651957,82511972822,6320865
79200000000,82800000000,82511972822,82511972941,119
79200000000,82800000000,82511972941,82511972946,5
79200000000,82800000000,82511972946,82511972951,5
79200000000,82800000000,82511972951,82515335191,3362240
79200000000,82800000000,82515335191,82516847633,1512442
79200000000,82800000000,82516847633,82517668853,821220
79200000000,82800000000,82517668853,82517675269,6416
79200000000,82800000000,82517675269,82519270454,1595185
79200000000,82800000000,82519270454,82519270574,120
79200000000,82800000000,82519270574,82520048762,778188
79200000000,82800000000,82520048762,82521868459,1819697
79200000000,82800000000,82521868459,82522743031,874572
79200000000,82800000000,82522743031,82522752304,9273
79200000000,82800000000,82522752304,82522752331,27
79200000000,82800000000,82522752331,82522752336,5
79200000000,82800000000,82522752336,82524337779,1585443
79200000000,82800000000,82524337779,82524934215,596436
79200000000,82800000000,82524934215,82526439077,1504862
79200000000,82800000000,82526439077,82528709630,2270553
79200000000,82800000000,82528709630,82528709697,67
79200000000,82800000000,82528709697,82528709699,2
79200000000,82800000000,82528709699,82529546175,836476
79200000000,82800000000,82529546175,82529563220,17045
79200000000,82800000000,82529563220,82530291471,728251
79200000000,82800000000,82530291471,82531010290,718819
79200000000,82800000000,82531010290,82533748893,2738603
79200000000,82800000000,82533748893,82533752512,3619
79200000000,82800000000,82533752512,82533752528,16
79200000000,82800000000,82533752528,82534614809,862281
79200000000,82800000000,82534614809,82535358920,744111
79200000000,82800000000,82535358920,82535392880,33960
79200000000,82800000000,82535392880,82535392883,3
79200000000,82800000000,82535392883,82537128549,1735666
79200000000,82800000000,82537128549,82537986119,857570
79200000000,82800000000,82537986119,82551331571,13345452
79200000000,82800000000,82551331571,82551331571,0
79200000000,82800000000,82551331571,82563830671,12499100
79200000000,82800000000,82563830671,82566500023,2669352
79200000000,82800000000,82566500023,82566500084,61
79200000000,82800000000,82566500084,82567329108,829024
79200000000,82800000000,82567329108,82567329111,3
79200000000,82800000000,82567329111,82568931331,1602220
79200000000,82800000000,82568931331,82572872138,3940807
79200000000,82800000000,82572872138,82572872138,0
79200000000,82800000000,82572872138,82574435315,1563177
79200000000,82800000000,82574435315,82574442807,7492
79200000000,82800000000,82574442807,82574446076,3269
79200000000,82800000000,82574446076,82574448664,2588
79200000000,82800000000,82574448664,82577026508,2577844
79200000000,82800000000,82577026508,82577026519,11
79200000000,82800000000,82577026519,82577026531,12
79200000000,82800000000,82577026531,82577026562,31
79200000000,82800000000,82577026562,82577054517,27955
79200000000,82800000000,82577054517,82577068887,14370
79200000000,82800000000,82577068887,82578680960,1612073
79200000000,82800000000,82578680960,82578680960,0
79200000000,82800000000,82578680960,82578697627,16667
79200000000,82800000000,82578697627,82578697864,237
79200000000,82800000000,82578697864,82578697869,5
79200000000,82800000000,82578697869,82579605102,907233
79200000000,82800000000,82579605102,82581256781,1651679
79200000000,82800000000,82581256781,82583867794,2611013
79200000000,82800000000,82583867794,82593599900,9732106
79200000000,82800000000,82593599900,82597995683,4395783
79200000000,82800000000,82597995683,82600827635,2831952
79200000000,82800000000,82600827635,82605189146,4361511
79200000000,82800000000,82605189146,82606054701,865555
79200000000,82800000000,82606054701,82609576357,3521656
79200000000,82800000000,82609576357,82609919070,342713
79200000000,82800000000,82609919070,82611794913,1875843
79200000000,82800000000,82611794913,82612518975,724062
79200000000,82800000000,82612518975,82614005899,1486924
79200000000,82800000000,82614005899,82614005903,4
79200000000,82800000000,82614005903,82614005930,27
79200000000,82800000000,82614005930,82614005935,5
79200000000,82800000000,82614005935,82615733667,1727732
79200000000,82800000000,82615733667,82616579567,845900
79200000000,82800000000,82616579567,82616579619,52
79200000000,82800000000,82616579619,82616579624,5
79200000000,82800000000,82616579624,82616579629,5
79200000000,82800000000,82616579629,82616579945,316
79200000000,82800000000,82616579945,82621220121,4640176
79200000000,82800000000,82621220121,82622910006,1689885
79200000000,82800000000,82622910006,82623746048,836042
79200000000,82800000000,82623746048,82623746176,128
79200000000,82800000000,82623746176,82623746183,7
79200000000,82800000000,82623746183,82625491216,1745033
79200000000,82800000000,82625491216,82627128233,1637017
79200000000,82800000000,82627128233,82627950826,822593
79200000000,82800000000,82627950826,82628280975,330149
79200000000,82800000000,82628280975,82629876540,1595565
79200000000,82800000000,82629876540,82630703479,826939
79200000000,82800000000,82630703479,82630712433,8954
79200000000,82800000000,82630712433,82631467951,755518
79200000000,82800000000,82631467951,82632215428,747477
79200000000,82800000000,82632215428,82636232849,4017421
79200000000,82800000000,82636232849,82637053367,820518
79200000000,82800000000,82637053367,82637872002,818635
79200000000,82800000000,82637872002,82638632237,760235
79200000000,82800000000,82638632237,82642073866,3441629
79200000000,82800000000,82642073866,82645775780,3701914
79200000000,82800000000,82645775780,82656776559,11000779
79200000000,82800000000,82656776559,82656776911,352
79200000000,82800000000,82656776911,82667168403,10391492
79200000000,82800000000,82667168403,82689753249,22584846
79200000000,82800000000,82689753249,82699625648,9872399
79200000000,82800000000,82699625648,82706459459,6833811
79200000000,82800000000,82706459459,82708107898,1648439
79200000000,82800000000,82708107898,82728300903,20193005
79200000000,82800000000,82728300903,82730706807,2405904
79200000000,82800000000,82730706807,82732205115,1498308
79200000000,82800000000,82732205115,82732245035,39920
79200000000,82800000000,82732245035,82732245062,27
79200000000,82800000000,82732245062,82732245067,5
79200000000,82800000000,82732245067,82744088349,11843282
79200000000,82800000000,82744088349,82744092809,4460
79200000000,82800000000,82744092809,82744095315,2506
79200000000,82800000000,82744095315,82744098196,2881
79200000000,82800000000,82744098196,82744103991,5795
79200000000,82800000000,82744103991,82744110339,6348
79200000000,82800000000,82744110339,82744116908,6569
79200000000,82800000000,82744116908,82744128239,11331
79200000000,82800000000,82744128239,82744131216,2977
79200000000,82800000000,82744131216,82744139241,8025
79200000000,82800000000,82744139241,82744148602,9361
79200000000,82800000000,82744148602,82747607107,3458505
79200000000,82800000000,82747607107,82747607137,30
79200000000,82800000000,82747607137,82747607141,4
79200000000,82800000000,82747607141,82747607261,120
79200000000,82800000000,82747607261,82747607264,3
79200000000,82800000000,82747607264,82747607384,120
79200000000,82800000000,82747607384,82747607387,3
79200000000,82800000000,82747607387,82747607388,1
79200000000,82800000000,82747607388,82747607507,119
79200000000,82800000000,82747607507,82747607510,3
79200000000,82800000000,82747607510,82747607511,1
79200000000,82800000000,82747607511,82747607512,1
79200000000,82800000000,82747607512,82747607535,23
79200000000,82800000000,82747607535,82747607539,4
79200000000,82800000000,82747607539,82747607540,1
79200000000,82800000000,82747607540,82747607541,1
79200000000,82800000000,82747607541,82747607558,17
79200000000,82800000000,82747607558,82747607562,4
79200000000,82800000000,82747607562,82747607563,1
79200000000,82800000000,82747607563,82747607621,58
79200000000,82800000000,82747607621,82747607634,13
79200000000,82800000000,82747607634,82747607646,12
79200000000,82800000000,82747607646,82747607658,12
79200000000,82800000000,82747607658,82747687129,79471
79200000000,82800000000,82747687129,82750910114,3222985
79200000000,82800000000,82750910114,82750911027,913
79200000000,82800000000,82750911027,82750913700,2673
79200000000,82800000000,82750913700,82750916464,2764
79200000000,82800000000,82750916464,82750916509,45
79200000000,82800000000,82750916509,82750918440,1931
79200000000,82800000000,82750918440,82750918475,35
79200000000,82800000000,82750918475,82750918539,64
79200000000,82800000000,82750918539,82750918580,41
79200000000,82800000000,82750918580,82750918733,153
79200000000,82800000000,82750918733,82750918745,12
79200000000,82800000000,82750918745,82750918757,12
79200000000,82800000000,82750918757,82760024603,9105846
79200000000,82800000000,82760024603,82761006145,981542
79200000000,82800000000,82761006145,82761804680,798535
79200000000,82800000000,82761804680,82774504484,12699804
79200000000,82800000000,82774504484,82774505575,1091
79200000000,82800000000,82774505575,82787831430,13325855
79200000000,82800000000,82787831430,82787836508,5078
79200000000,82800000000,82787836508,82787837073,565
79200000000,82800000000,82787837073,82787837075,2
79200000000,82800000000,82787837075,82788995151,1158076
79200000000,82800000000,82788995151,82789822791,827640
79200000000,82800000000,82789822791,82795123480,5300689
79200000000,82800000000,82795123480,82799199042,4075562
82800000000,86400000000,82801784878,82803726294,1941416
82800000000,86400000000,82803726294,82805452351,1726057
82800000000,86400000000,82805452351,82805452369,18
82800000000,86400000000,82805452369,82805566227,113858
82800000000,86400000000,82805566227,82805566230,3
82800000000,86400000000,82805566230,82806340833,774603
82800000000,86400000000,82806340833,82807170842,830009
82800000000,86400000000,82807170842,82809846357,2675515
82800000000,86400000000,82809846357,82811469099,1622742
82800000000,86400000000,82811469099,82811469108,9
82800000000,86400000000,82811469108,82811503161,34053
82800000000,86400000000,82811503161,82813487560,1984399
82800000000,86400000000,82813487560,82815002476,1514916
82800000000,86400000000,82815002476,82816660254,1657778
82800000000,86400000000,82816660254,82818252553,1592299
82800000000,86400000000,82818252553,82819990349,1737796
82800000000,86400000000,82819990349,82822490816,2500467
82800000000,86400000000,82822490816,82833808114,11317298
82800000000,86400000000,82833808114,82833808116,2
82800000000,86400000000,82833808116,82835657263,1849147
82800000000,86400000000,82835657263,82837248676,1591413
82800000000,86400000000,82837248676,82845149053,7900377
82800000000,86400000000,82845149053,82847061259,1912206
82800000000,86400000000,82847061259,82848758279,1697020
82800000000,86400000000,82848758279,82850472566,1714287
82800000000,86400000000,82850472566,82851263861,791295
82800000000,86400000000,82851263861,82852150072,886211
82800000000,86400000000,82852150072,82852153053,2981
82800000000,86400000000,82852153053,82852985232,832179
82800000000,86400000000,82852985232,82853976366,991134
82800000000,86400000000,82853976366,82854312797,336431
82800000000,86400000000,82854312797,82854322428,9631
82800000000,86400000000,82854322428,82855859054,1536626
82800000000,86400000000,82855859054,82855881849,22795
82800000000,86400000000,82855881849,82855881876,27
82800000000,86400000000,82855881876,82855881881,5
82800000000,86400000000,82855881881,82871211189,15329308
82800000000,86400000000,82871211189,82871230244,19055
82800000000,86400000000,82871230244,82871233288,3044
82800000000,86400000000,82871233288,82871243590,10302
82800000000,86400000000,82871243590,82871245981,2391
82800000000,86400000000,82871245981,82871261553,15572
82800000000,86400000000,82871261553,82871294963,33410
82800000000,86400000000,82871294963,82871307146,12183
82800000000,86400000000,82871307146,82871317823,10677
82800000000,86400000000,82871317823,82873135916,1818093
82800000000,86400000000,82873135916,82873135941,25
82800000000,86400000000,82873135941,82873135945,4
82800000000,86400000000,82873135945,82873135946,1
82800000000,86400000000,82873135946,82873136019,73
82800000000,86400000000,82873136019,82873136042,23
82800000000,86400000000,82873136042,82873136046,4
82800000000,86400000000,82873136046,82873136047,1
82800000000,86400000000,82873136047,82873136119,72
82800000000,86400000000,82873136119,82873136123,4
82800000000,86400000000,82873136123,82873136124,1
82800000000,86400000000,82873136124,82873136125,1
82800000000,86400000000,82873136125,82873138134,2009
82800000000,86400000000,82873138134,82873138159,25
82800000000,86400000000,82873138159,82873138163,4
82800000000,86400000000,82873138163,82873138164,1
82800000000,86400000000,82873138164,82873138222,58
82800000000,86400000000,82873138222,82878976595,5838373
82800000000,86400000000,82878976595,82878977467,872
82800000000,86400000000,82878977467,82878978385,918
82800000000,86400000000,82878978385,82878978514,129
82800000000,86400000000,82878978514,82879034275,55761
82800000000,86400000000,82879034275,82879035467,1192
82800000000,86400000000,82879035467,82882038872,3003405
82800000000,86400000000,82882038872,82882038875,3
82800000000,86400000000,82882038875,82884524180,2485305
82800000000,86400000000,82884524180,82888969385,4445205
82800000000,86400000000,82888969385,82888969501,116
82800000000,86400000000,82888969501,82888969516,15
82800000000,86400000000,82888969516,82888969534,18
82800000000,86400000000,82888969534,82898101821,9132287
82800000000,86400000000,82898101821,82900193812,2091991
82800000000,86400000000,82900193812,82905204129,5010317
82800000000,86400000000,82905204129,82905204748,619
82800000000,86400000000,82905204748,82905319521,114773
82800000000,86400000000,82905319521,82905320521,1000
82800000000,86400000000,82905320521,82906248718,928197
82800000000,86400000000,82906248718,82911896888,5648170
82800000000,86400000000,82911896888,82911897053,165
82800000000,86400000000,82911897053,82914408506,2511453
82800000000,86400000000,82914408506,82919307341,4898835
82800000000,86400000000,82919307341,82925654991,6347650
82800000000,86400000000,82925654991,82934582324,8927333
82800000000,86400000000,82934582324,82935579856,997532
82800000000,86400000000,82935579856,82935597189,17333
82800000000,86400000000,82935597189,82936579894,982705
82800000000,86400000000,82936579894,82936606531,26637
82800000000,86400000000,82936606531,82938455445,1848914
82800000000,86400000000,82938455445,82938455469,24
82800000000,86400000000,82938455469,82938476927,21458
82800000000,86400000000,82938476927,82939510566,1033639
82800000000,86400000000,82939510566,82945819536,6308970
82800000000,86400000000,82945819536,82963364086,17544550
82800000000,86400000000,82963364086,82982091990,18727904
82800000000,86400000000,82982091990,82988967478,6875488
82800000000,86400000000,82988967478,82988973473,5995
82800000000,86400000000,82988973473,82988979074,5601
82800000000,86400000000,82988979074,82988985154,6080
82800000000,86400000000,82988985154,82988987776,2622
82800000000,86400000000,82988987776,82988992294,4518
82800000000,86400000000,82988992294,82989009402,17108
82800000000,86400000000,82989009402,82989016483,7081
82800000000,86400000000,82989016483,82989022275,5792
82800000000,86400000000,82989022275,82989028166,5891
82800000000,86400000000,82989028166,82989034594,6428
82800000000,86400000000,82989034594,82993011897,3977303
82800000000,86400000000,82993011897,82993011902,5
82800000000,86400000000,82993011902,82993012041,139
82800000000,86400000000,82993012041,82993012044,3
82800000000,86400000000,82993012044,82993012170,126
82800000000,86400000000,82993012170,82993012173,3
82800000000,86400000000,82993012173,82993012200,27
82800000000,86400000000,82993012200,82993012203,3
82800000000,86400000000,82993012203,82993837126,824923
82800000000,86400000000,82993837126,82996332361,2495235
82800000000,86400000000,82996332361,82996332364,3
82800000000,86400000000,82996332364,82996332365,1
82800000000,86400000000,82996332365,82996332401,36
82800000000,86400000000,82996332401,82996332405,4
82800000000,86400000000,82996332405,82996332406,1
82800000000,86400000000,82996332406,82996332407,1
82800000000,86400000000,82996332407,82996332442,35
82800000000,86400000000,82996332442,82996332445,3
82800000000,86400000000,82996332445,82996332446,1
82800000000,86400000000,82996332446,82996332500,54
82800000000,86400000000,82996332500,82996332503,3
82800000000,86400000000,82996332503,82996332504,1
82800000000,86400000000,82996332504,82996332547,43
82800000000,86400000000,82996332547,82996362531,29984
82800000000,86400000000,82996362531,82999153677,2791146
82800000000,86400000000,82999153677,83000019329,865652
82800000000,86400000000,83000019329,83002030891,2011562
82800000000,86400000000,83002030891,83002033766,2875
82800000000,86400000000,83002033766,83002033799,33
82800000000,86400000000,83002033799,83002033809,10
82800000000,86400000000,83002033809,83002033852,43
82800000000,86400000000,83002033852,83002033905,53
82800000000,86400000000,83002033905,83002069581,35676
82800000000,86400000000,83002069581,83002069936,355
82800000000,86400000000,83002069936,83002069959,23
82800000000,86400000000,83002069959,83002070333,374
82800000000,86400000000,83002070333,83005735247,3664914
82800000000,86400000000,83005735247,83007391940,1656693
82800000000,86400000000,83007391940,83007391958,18
82800000000,86400000000,83007391958,83007392362,404
82800000000,86400000000,83007392362,83010292421,2900059
82800000000,86400000000,83010292421,83010292433,12
82800000000,86400000000,83010292433,83011213368,920935
82800000000,86400000000,83011213368,83011213386,18
82800000000,86400000000,83011213386,83025332612,14119226
82800000000,86400000000,83025332612,83026238020,905408
82800000000,86400000000,83026238020,83033393580,7155560
82800000000,86400000000,83033393580,83034489904,1096324
82800000000,86400000000,83034489904,83039523422,5033518
82800000000,86400000000,83039523422,83043083668,3560246
82800000000,86400000000,83043083668,83043100627,16959
82800000000,86400000000,83043100627,83045150703,2050076
82800000000,86400000000,83045150703,83049397484,4246781
82800000000,86400000000,83049397484,83049398547,1063
82800000000,86400000000,83049398547,83049398636,89
82800000000,86400000000,83049398636,83049398641,5
82800000000,86400000000,83049398641,83052795947,3397306
82800000000,86400000000,83052795947,83053689286,893339
82800000000,86400000000,83053689286,83054618550,929264
82800000000,86400000000,83054618550,83060087700,5469150
82800000000,86400000000,83060087700,83060088003,303
82800000000,86400000000,83060088003,83060088198,195
82800000000,86400000000,83060088198,83060088239,41
82800000000,86400000000,83060088239,83060088245,6
82800000000,86400000000,83060088245,83060088251,6
82800000000,86400000000,83060088251,83065778337,5690086
82800000000,86400000000,83065778337,83067536512,1758175
82800000000,86400000000,83067536512,83069248368,1711856
82800000000,86400000000,83069248368,83085570824,16322456
82800000000,86400000000,83085570824,83085571261,437
82800000000,86400000000,83085571261,83085571266,5
82800000000,86400000000,83085571266,83097207138,11635872
82800000000,86400000000,83097207138,83098749229,1542091
82800000000,86400000000,83098749229,83099589757,840528
82800000000,86400000000,83099589757,83100358570,768813
82800000000,86400000000,83100358570,83101264231,905661
82800000000,86400000000,83101264231,83103043368,1779137
82800000000,86400000000,83103043368,83103046748,3380
82800000000,86400000000,83103046748,83103051481,4733
82800000000,86400000000,83103051481,83103053662,2181
82800000000,86400000000,83103053662,83103058172,4510
82800000000,86400000000,83103058172,83103065075,6903
82800000000,86400000000,83103065075,83103072785,7710
82800000000,86400000000,83103072785,83103078421,5636
82800000000,86400000000,83103078421,83103086333,7912
82800000000,86400000000,83103086333,83104697009,1610676
82800000000,86400000000,83104697009,83106344441,1647432
82800000000,86400000000,83106344441,83107500880,1156439
82800000000,86400000000,83107500880,83107500883,3
82800000000,86400000000,83107500883,83107500884,1
82800000000,86400000000,83107500884,83107500926,42
82800000000,86400000000,83107500926,83107500929,3
82800000000,86400000000,83107500929,83107500930,1
82800000000,86400000000,83107500930,83107501175,245
82800000000,86400000000,83107501175,83107501178,3
82800000000,86400000000,83107501178,83107501179,1
82800000000,86400000000,83107501179,83107501233,54
82800000000,86400000000,83107501233,83107501236,3
82800000000,86400000000,83107501236,83107501237,1
82800000000,86400000000,83107501237,83109831629,2330392
82800000000,86400000000,83109831629,83110683897,852268
82800000000,86400000000,83110683897,83111527906,844009
82800000000,86400000000,83111527906,83111527941,35
82800000000,86400000000,83111527941,83111527944,3
82800000000,86400000000,83111527944,83111527945,1
82800000000,86400000000,83111527945,83111527997,52
82800000000,86400000000,83111527997,83111528009,12
82800000000,86400000000,83111528009,83111528453,444
82800000000,86400000000,83111528453,83111528457,4
82800000000,86400000000,83111528457,83111528458,1
82800000000,86400000000,83111528458,83111528523,65
82800000000,86400000000,83111528523,83111532302,3779
82800000000,86400000000,83111532302,83111532688,386
82800000000,86400000000,83111532688,83111533105,417
82800000000,86400000000,83111533105,83111533131,26
82800000000,86400000000,83111533131,83113204146,1671015
82800000000,86400000000,83113204146,83113228243,24097
82800000000,86400000000,83113228243,83113228440,197
82800000000,86400000000,83113228440,83113228455,15
82800000000,86400000000,83113228455,83115021597,1793142
82800000000,86400000000,83115021597,83115022504,907
82800000000,86400000000,83115022504,83115022541,37
82800000000,86400000000,83115022541,83115023678,1137
82800000000,86400000000,83115023678,83118227423,3203745
82800000000,86400000000,83118227423,83118227850,427
82800000000,86400000000,83118227850,83118227868,18
82800000000,86400000000,83118227868,83118227879,11
82800000000,86400000000,83118227879,83118227897,18
82800000000,86400000000,83118227897,83118267461,39564
82800000000,86400000000,83118267461,83118267551,90
82800000000,86400000000,83118267551,83118267566,15
82800000000,86400000000,83118267566,83123894382,5626816
82800000000,86400000000,83123894382,83128894457,5000075
82800000000,86400000000,83128894457,83129745411,850954
82800000000,86400000000,83129745411,83130596233,850822
82800000000,86400000000,83130596233,83134203306,3607073
82800000000,86400000000,83134203306,83136995952,2792646
82800000000,86400000000,83136995952,83137890287,894335
82800000000,86400000000,83137890287,83137890708,421
82800000000,86400000000,83137890708,83141744368,3853660
82800000000,86400000000,83141744368,83146138154,4393786
82800000000,86400000000,83146138154,83146138156,2
82800000000,86400000000,83146138156,83147786936,1648780
82800000000,86400000000,83147786936,83148756489,969553
82800000000,86400000000,83148756489,83148765932,9443
82800000000,86400000000,83148765932,83164529750,15763818
82800000000,86400000000,83164529750,83164530086,336
82800000000,86400000000,83164530086,83173803884,9273798
82800000000,86400000000,83173803884,83176300976,2497092
82800000000,86400000000,83176300976,83179640255,3339279
82800000000,86400000000,83179640255,83179640454,199
82800000000,86400000000,83179640454,83179640461,7
82800000000,86400000000,83179640461,83179640817,356
82800000000,86400000000,83179640817,83187226974,7586157
82800000000,86400000000,83187226974,83187226977,3
82800000000,86400000000,83187226977,83188738346,1511369
82800000000,86400000000,83188738346,83205431477,16693131
82800000000,86400000000,83205431477,83205439850,8373
82800000000,86400000000,83205439850,83205447214,7364
82800000000,86400000000,83205447214,83205457599,10385
82800000000,86400000000,83205457599,83205465599,8000
82800000000,86400000000,83205465599,83207843503,2377904
82800000000,86400000000,83207843503,83207843508,5
82800000000,86400000000,83207843508,83207843544,36
82800000000,86400000000,83207843544,83207843548,4
82800000000,86400000000,83207843548,83207843563,15
82800000000,86400000000,83207843563,83207843567,4
82800000000,86400000000,83207843567,83207843568,1
82800000000,86400000000,83207843568,83207843569,1
82800000000,86400000000,83207843569,83207843609,40
82800000000,86400000000,83207843609,83207843614,5
82800000000,86400000000,83207843614,83207843615,1
82800000000,86400000000,83207843615,83207843732,117
82800000000,86400000000,83207843732,83207843736,4
82800000000,86400000000,83207843736,83207843737,1
82800000000,86400000000,83207843737,83210270281,2426544
82800000000,86400000000,83210270281,83210270286,5
82800000000,86400000000,83210270286,83210270345,59
82800000000,86400000000,83210270345,83210270350,5
82800000000,86400000000,83210270350,83210270420,70
82800000000,86400000000,83210270420,83210270443,23
82800000000,86400000000,83210270443,83210270527,84
82800000000,86400000000,83210270527,83210270550,23
82800000000,86400000000,83210270550,83210273185,2635
82800000000,86400000000,83210273185,83210274118,933
82800000000,86400000000,83210274118,83210274130,12
82800000000,86400000000,83210274130,83212109857,1835727
82800000000,86400000000,83212109857,83212111078,1221
82800000000,86400000000,83212111078,83213897712,1786634
82800000000,86400000000,83213897712,83218163864,4266152
82800000000,86400000000,83218163864,83226236941,8073077
82800000000,86400000000,83226236941,83227866622,1629681
82800000000,86400000000,83227866622,83229170061,1303439
82800000000,86400000000,83229170061,83239463873,10293812
82800000000,86400000000,83239463873,83244894078,5430205
82800000000,86400000000,83244894078,83244896819,2741
82800000000,86400000000,83244896819,83244896829,10
82800000000,86400000000,83244896829,83250620538,5723709
82800000000,86400000000,83250620538,83250620646,108
82800000000,86400000000,83250620646,83250620651,5
82800000000,86400000000,83250620651,83251556117,935466
82800000000,86400000000,83251556117,83251556681,564
82800000000,86400000000,83251556681,83252545091,988410
82800000000,86400000000,83252545091,83253450658,905567
82800000000,86400000000,83253450658,83255279966,1829308
82800000000,86400000000,83255279966,83255279995,29
82800000000,86400000000,83255279995,83255280000,5
82800000000,86400000000,83255280000,83259600442,4320442
82800000000,86400000000,83259600442,83264366902,4766460
82800000000,86400000000,83264366902,83265954835,1587933
82800000000,86400000000,83265954835,83275091854,9137019
82800000000,86400000000,83275091854,83276596222,1504368
82800000000,86400000000,83276596222,83281177335,4581113
82800000000,86400000000,83281177335,83282965749,1788414
82800000000,86400000000,83282965749,83285153373,2187624
82800000000,86400000000,83285153373,83285904181,750808
82800000000,86400000000,83285904181,83287410626,1506445
82800000000,86400000000,83287410626,83287426448,15822
82800000000,86400000000,83287426448,83288936487,1510039
82800000000,86400000000,83288936487,83288998127,61640
82800000000,86400000000,83288998127,83289864177,866050
82800000000,86400000000,83289864177,83289882526,18349
82800000000,86400000000,83289882526,83289893089,10563
82800000000,86400000000,83289893089,83291668510,1775421
82800000000,86400000000,83291668510,83291955711,287201
82800000000,86400000000,83291955711,83294190166,2234455
82800000000,86400000000,83294190166,83294190171,5
82800000000,86400000000,83294190171,83294190172,1
82800000000,86400000000,83294190172,83294191210,1038
82800000000,86400000000,83294191210,83294191213,3
82800000000,86400000000,83294191213,83294191214,1
82800000000,86400000000,83294191214,83294191339,125
82800000000,86400000000,83294191339,83294191344,5
82800000000,86400000000,83294191344,83294191345,1
82800000000,86400000000,83294191345,83299121727,4930382
82800000000,86400000000,83299121727,83299121800,73
82800000000,86400000000,83299121800,83299148754,26954
82800000000,86400000000,83299148754,83299148797,43
82800000000,86400000000,83299148797,83299151376,2579
82800000000,86400000000,83299151376,83302584922,3433546
82800000000,86400000000,83302584922,83303410596,825674
82800000000,86400000000,83303410596,83303411410,814
82800000000,86400000000,83303411410,83303457225,45815
82800000000,86400000000,83303457225,83303457240,15
82800000000,86400000000,83303457240,83306885851,3428611
82800000000,86400000000,83306885851,83306885878,27
82800000000,86400000000,83306885878,83306885883,5
82800000000,86400000000,83306885883,83306886418,535
82800000000,86400000000,83306886418,83306886445,27
82800000000,86400000000,83306886445,83306886450,5
82800000000,86400000000,83306886450,83314176823,7290373
82800000000,86400000000,83314176823,83320560759,6383936
82800000000,86400000000,83320560759,83322312508,1751749
82800000000,86400000000,83322312508,83336678679,14366171
82800000000,86400000000,83336678679,83336678786,107
82800000000,86400000000,83336678786,83336678791,5
82800000000,86400000000,83336678791,83343713595,7034804
82800000000,86400000000,83343713595,83346726428,3012833
82800000000,86400000000,83346726428,83347895193,1168765
82800000000,86400000000,83347895193,83347929464,34271
82800000000,86400000000,83347929464,83349835913,1906449
82800000000,86400000000,83349835913,83350813054,977141
82800000000,86400000000,83350813054,83350813272,218
82800000000,86400000000,83350813272,83350813277,5
82800000000,86400000000,83350813277,83356380426,5567149
82800000000,86400000000,83356380426,83357588711,1208285
82800000000,86400000000,83357588711,83358407395,818684
82800000000,86400000000,83358407395,83358407395,0
82800000000,86400000000,83358407395,83358414748,7353
82800000000,86400000000,83358414748,83363437930,5023182
82800000000,86400000000,83363437930,83366955581,3517651
82800000000,86400000000,83366955581,83366969467,13886
82800000000,86400000000,83366969467,83367024638,55171
82800000000,86400000000,83367024638,83367040326,15688
82800000000,86400000000,83367040326,83367169213,128887
82800000000,86400000000,83367169213,83371710185,4540972
82800000000,86400000000,83371710185,83371710241,56
82800000000,86400000000,83371710241,83371710244,3
82800000000,86400000000,83371710244,83371710245,1
82800000000,86400000000,83371710245,83371710286,41
82800000000,86400000000,83371710286,83371710321,35
82800000000,86400000000,83371710321,83371710338,17
82800000000,86400000000,83371710338,83373326527,1616189
82800000000,86400000000,83373326527,83373326569,42
82800000000,86400000000,83373326569,83375928349,2601780
82800000000,86400000000,83375928349,83376762668,834319
82800000000,86400000000,83376762668,83376762727,59
82800000000,86400000000,83376762727,83376762732,5
82800000000,86400000000,83376762732,83376762737,5
82800000000,86400000000,83376762737,83380572639,3809902
82800000000,86400000000,83380572639,83385154082,4581443
82800000000,86400000000,83385154082,83388510467,3356385
82800000000,86400000000,83388510467,83388510654,187
82800000000,86400000000,83388510654,83388510661,7
82800000000,86400000000,83388510661,83392127770,3617109
82800000000,86400000000,83392127770,83392127919,149
82800000000,86400000000,83392127919,83392127924,5
82800000000,86400000000,83392127924,83392127929,5
82800000000,86400000000,83392127929,83414607181,22479252
82800000000,86400000000,83414607181,83416363424,1756243
82800000000,86400000000,83416363424,83416395580,32156
82800000000,86400000000,83416395580,83416395584,4
82800000000,86400000000,83416395584,83417251678,856094
82800000000,86400000000,83417251678,83418093461,841783
82800000000,86400000000,83418093461,83418130293,36832
82800000000,86400000000,83418130293,83419031464,901171
82800000000,86400000000,83419031464,83420021717,990253
82800000000,86400000000,83420021717,83420022233,516
82800000000,86400000000,83420022233,83420022242,9
82800000000,86400000000,83420022242,83434601785,14579543
82800000000,86400000000,83434601785,83436214014,1612229
82800000000,86400000000,83436214014,83442118548,5904534
82800000000,86400000000,83442118548,83454715073,12596525
82800000000,86400000000,83454715073,83454720414,5341
82800000000,86400000000,83454720414,83454720416,2
82800000000,86400000000,83454720416,83456661491,1941075
82800000000,86400000000,83456661491,83456661502,11
82800000000,86400000000,83456661502,83456683340,21838
82800000000,86400000000,83456683340,83462902651,6219311
82800000000,86400000000,83462902651,83463639635,736984
82800000000,86400000000,83463639635,83464366411,726776
82800000000,86400000000,83464366411,83467213245,2846834
82800000000,86400000000,83467213245,83469720411,2507166
82800000000,86400000000,83469720411,83470486782,766371
82800000000,86400000000,83470486782,83471349459,862677
82800000000,86400000000,83471349459,83472104906,755447
82800000000,86400000000,83472104906,83473507517,1402611
82800000000,86400000000,83473507517,83474350421,842904
82800000000,86400000000,83474350421,83482817364,8466943
82800000000,86400000000,83482817364,83491549871,8732507
82800000000,86400000000,83491549871,83491550010,139
82800000000,86400000000,83491550010,83491550017,7
82800000000,86400000000,83491550017,83496470823,4920806
82800000000,86400000000,83496470823,83496470826,3
82800000000,86400000000,83496470826,83497278934,808108
82800000000,86400000000,83497278934,83498071493,792559
82800000000,86400000000,83498071493,83498849159,777666
82800000000,86400000000,83498849159,83508884240,10035081
82800000000,86400000000,83508884240,83508888137,3897
82800000000,86400000000,83508888137,83508892877,4740
82800000000,86400000000,83508892877,83508895195,2318
82800000000,86400000000,83508895195,83508896980,1785
82800000000,86400000000,83508896980,83508902772,5792
82800000000,86400000000,83508902772,83508906355,3583
82800000000,86400000000,83508906355,83510356467,1450112
82800000000,86400000000,83510356467,83510356506,39
82800000000,86400000000,83510356506,83510356516,10
82800000000,86400000000,83510356516,83510356528,12
82800000000,86400000000,83510356528,83510356541,13
82800000000,86400000000,83510356541,83510356566,25
82800000000,86400000000,83510356566,83510356570,4
82800000000,86400000000,83510356570,83510356571,1
82800000000,86400000000,83510356571,83510356636,65
82800000000,86400000000,83510356636,83510720447,363811
82800000000,86400000000,83510720447,83510720945,498
82800000000,86400000000,83510720945,83510720950,5
82800000000,86400000000,83510720950,83510720957,7
82800000000,86400000000,83510720957,83511512398,791441
82800000000,86400000000,83511512398,83511513373,975
82800000000,86400000000,83511513373,83513411546,1898173
82800000000,86400000000,83513411546,83513411594,48
82800000000,86400000000,83513411594,83513411599,5
82800000000,86400000000,83513411599,83517594447,4182848
82800000000,86400000000,83517594447,83522033833,4439386
82800000000,86400000000,83522033833,83530101007,8067174
82800000000,86400000000,83530101007,83532769134,2668127
82800000000,86400000000,83532769134,83532769398,264
82800000000,86400000000,83532769398,83532769403,5
82800000000,86400000000,83532769403,83532769550,147
82800000000,86400000000,83532769550,83532769566,16
82800000000,86400000000,83532769566,83536857750,4088184
82800000000,86400000000,83536857750,83539301679,2443929
82800000000,86400000000,83539301679,83539301879,200
82800000000,86400000000,83539301879,83539301886,7
82800000000,86400000000,83539301886,83543870655,4568769
82800000000,86400000000,83543870655,83546488906,2618251
82800000000,86400000000,83546488906,83547270660,781754
82800000000,86400000000,83547270660,83548860460,1589800
82800000000,86400000000,83548860460,83556247686,7387226
82800000000,86400000000,83556247686,83562691596,6443910
82800000000,86400000000,83562691596,83562692161,565
82800000000,86400000000,83562692161,83572234398,9542237
82800000000,86400000000,83572234398,83574358718,2124320
82800000000,86400000000,83574358718,83576362021,2003303
82800000000,86400000000,83576362021,83576362124,103
82800000000,86400000000,83576362124,83576362131,7
82800000000,86400000000,83576362131,83577303792,941661
82800000000,86400000000,83577303792,83578167960,864168
82800000000,86400000000,83578167960,83578174931,6971
82800000000,86400000000,83578174931,83578177606,2675
82800000000,86400000000,83578177606,83579720884,1543278
82800000000,86400000000,83579720884,83579720895,11
82800000000,86400000000,83579720895,83579720922,27
82800000000,86400000000,83579720922,83585235160,5514238
82800000000,86400000000,83585235160,83592433471,7198311
82800000000,86400000000,83592433471,83593942024,1508553
82800000000,86400000000,83593942024,83596499244,2557220
82800000000,86400000000,83596499244,83596503661,4417
82800000000,86400000000,83596503661,83598888169,2384508
82800000000,86400000000,83598888169,83600542555,1654386
82800000000,86400000000,83600542555,83603078128,2535573
82800000000,86400000000,83603078128,83603078128,0
82800000000,86400000000,83603078128,83604892160,1814032
82800000000,86400000000,83604892160,83621996405,17104245
82800000000,86400000000,83621996405,83626103494,4107089
82800000000,86400000000,83626103494,83626103494,0
82800000000,86400000000,83626103494,83633433641,7330147
82800000000,86400000000,83633433641,83633433646,5
82800000000,86400000000,83633433646,83633434454,808
82800000000,86400000000,83633434454,83633434469,15
82800000000,86400000000,83633434469,83635281839,1847370
82800000000,86400000000,83635281839,83636830271,1548432
82800000000,86400000000,83636830271,83636832829,2558
82800000000,86400000000,83636832829,83636839810,6981
82800000000,86400000000,83636839810,83638623317,1783507
82800000000,86400000000,83638623317,83638623327,10
82800000000,86400000000,83638623327,83642617876,3994549
82800000000,86400000000,83642617876,83643574419,956543
82800000000,86400000000,83643574419,83643585623,11204
82800000000,86400000000,83643585623,83644351191,765568
82800000000,86400000000,83644351191,83644403163,51972
82800000000,86400000000,83644403163,83644418478,15315
82800000000,86400000000,83644418478,83644418546,68
82800000000,86400000000,83644418546,83644418551,5
82800000000,86400000000,83644418551,83645325306,906755
82800000000,86400000000,83645325306,83645325317,11
82800000000,86400000000,83645325317,83646192942,867625
82800000000,86400000000,83646192942,83649444315,3251373
82800000000,86400000000,83649444315,83651067749,1623434
82800000000,86400000000,83651067749,83660319080,9251331
82800000000,86400000000,83660319080,83660329582,10502
82800000000,86400000000,83660329582,83660329587,5
82800000000,86400000000,83660329587,83670896227,10566640
82800000000,86400000000,83670896227,83672755004,1858777
82800000000,86400000000,83672755004,83678862242,6107238
82800000000,86400000000,83678862242,83683539887,4677645
82800000000,86400000000,83683539887,83695577173,12037286
82800000000,86400000000,83695577173,83697057525,1480352
82800000000,86400000000,83697057525,83697077252,19727
82800000000,86400000000,83697077252,83701223772,4146520
82800000000,86400000000,83701223772,83701237506,13734
82800000000,86400000000,83701237506,83702865884,1628378
82800000000,86400000000,83702865884,83702865888,4
82800000000,86400000000,83702865888,83702865889,1
82800000000,86400000000,83702865889,83702865890,1
82800000000,86400000000,83702865890,83702866137,247
82800000000,86400000000,83702866137,83704563287,1697150
82800000000,86400000000,83704563287,83704563332,45
82800000000,86400000000,83704563332,83704570369,7037
82800000000,86400000000,83704570369,83705921489,1351120
82800000000,86400000000,83705921489,83717534629,11613140
82800000000,86400000000,83717534629,83722261793,4727164
82800000000,86400000000,83722261793,83722267042,5249
82800000000,86400000000,83722267042,83723926031,1658989
82800000000,86400000000,83723926031,83723926042,11
82800000000,86400000000,83723926042,83723941831,15789
82800000000,86400000000,83723941831,83726658071,2716240
82800000000,86400000000,83726658071,83731200577,4542506
82800000000,86400000000,83731200577,83755046155,23845578
82800000000,86400000000,83755046155,83755046472,317
82800000000,86400000000,83755046472,83755046477,5
82800000000,86400000000,83755046477,83759104245,4057768
82800000000,86400000000,83759104245,83759104247,2
82800000000,86400000000,83759104247,83760728136,1623889
82800000000,86400000000,83760728136,83765223895,4495759
82800000000,86400000000,83765223895,83770691642,5467747
82800000000,86400000000,83770691642,83770695683,4041
82800000000,86400000000,83770695683,83770698200,2517
82800000000,86400000000,83770698200,83770701023,2823
82800000000,86400000000,83770701023,83770703254,2231
82800000000,86400000000,83770703254,83772616305,1913051
82800000000,86400000000,83772616305,83772616316,11
82800000000,86400000000,83772616316,83772616327,11
82800000000,86400000000,83772616327,83772616346,19
82800000000,86400000000,83772616346,83772616356,10
82800000000,86400000000,83772616356,83775755551,3139195
82800000000,86400000000,83775755551,83786469888,10714337
82800000000,86400000000,83786469888,83787380321,910433
82800000000,86400000000,83787380321,83787380930,609
82800000000,86400000000,83787380930,83787486265,105335
82800000000,86400000000,83787486265,83788255819,769554
82800000000,86400000000,83788255819,83789988842,1733023
82800000000,86400000000,83789988842,83790702407,713565
82800000000,86400000000,83790702407,83791458895,756488
82800000000,86400000000,83791458895,83792255161,796266
82800000000,86400000000,83792255161,83792255164,3
82800000000,86400000000,83792255164,83793066072,810908
82800000000,86400000000,83793066072,83794218597,1152525
82800000000,86400000000,83794218597,83794253876,35279
82800000000,86400000000,83794253876,83799298833,5044957
82800000000,86400000000,83799298833,83799298851,18
82800000000,86400000000,83799298851,83800214201,915350
82800000000,86400000000,83800214201,83803572121,3357920
82800000000,86400000000,83803572121,83812709690,9137569
82800000000,86400000000,83812709690,83812709693,3
82800000000,86400000000,83812709693,83814324808,1615115
82800000000,86400000000,83814324808,83822740048,8415240
82800000000,86400000000,83822740048,83822752519,12471
82800000000,86400000000,83822752519,83822757698,5179
82800000000,86400000000,83822757698,83822762691,4993
82800000000,86400000000,83822762691,83822767282,4591
82800000000,86400000000,83822767282,83822780442,13160
82800000000,86400000000,83822780442,83823568478,788036
82800000000,86400000000,83823568478,83827217515,3649037
82800000000,86400000000,83827217515,83827217518,3
82800000000,86400000000,83827217518,83827217519,1
82800000000,86400000000,83827217519,83827217555,36
82800000000,86400000000,83827217555,83827217558,3
82800000000,86400000000,83827217558,83827217559,1
82800000000,86400000000,83827217559,83827217613,54
82800000000,86400000000,83827217613,83827217616,3
82800000000,86400000000,83827217616,83827217617,1
82800000000,86400000000,83827217617,83827217671,54
82800000000,86400000000,83827217671,83827217674,3
82800000000,86400000000,83827217674,83827217675,1
82800000000,86400000000,83827217675,83829501059,2283384
82800000000,86400000000,83829501059,83830269490,768431
82800000000,86400000000,83830269490,83830269528,38
82800000000,86400000000,83830269528,83830269532,4
82800000000,86400000000,83830269532,83830269584,52
82800000000,86400000000,83830269584,83830270043,459
82800000000,86400000000,83830270043,83830270483,440
82800000000,86400000000,83830270483,83830270878,395
82800000000,86400000000,83830270878,83830271353,475
82800000000,86400000000,83830271353,83830271365,12
82800000000,86400000000,83830271365,83830271377,12
82800000000,86400000000,83830271377,83831861006,1589629
82800000000,86400000000,83831861006,83831861023,17
82800000000,86400000000,83831861023,83831885846,24823
82800000000,86400000000,83831885846,83831890117,4271
82800000000,86400000000,83831890117,83833345233,1455116
82800000000,86400000000,83833345233,83853821876,20476643
82800000000,86400000000,83853821876,83857120746,3298870
82800000000,86400000000,83857120746,83878078820,20958074
82800000000,86400000000,83878078820,83878083891,5071
82800000000,86400000000,83878083891,83878089614,5723
82800000000,86400000000,83878089614,83878092040,2426
82800000000,86400000000,83878092040,83878097596,5556
82800000000,86400000000,83878097596,83878111953,14357
82800000000,86400000000,83878111953,83879716355,1604402
82800000000,86400000000,83879716355,83881652733,1936378
82800000000,86400000000,83881652733,83881652736,3
82800000000,86400000000,83881652736,83881652737,1
82800000000,86400000000,83881652737,83881652775,38
82800000000,86400000000,83881652775,83881652798,23
82800000000,86400000000,83881652798,83881652801,3
82800000000,86400000000,83881652801,83881652829,28
82800000000,86400000000,83881652829,83881652832,3
82800000000,86400000000,83881652832,83881653852,1020
82800000000,86400000000,83881653852,83881653856,4
82800000000,86400000000,83881653856,83881653857,1
82800000000,86400000000,83881653857,83881653898,41
82800000000,86400000000,83881653898,83885661127,4007229
82800000000,86400000000,83885661127,83885661535,408
82800000000,86400000000,83885661535,83885661546,11
82800000000,86400000000,83885661546,83885661589,43
82800000000,86400000000,83885661589,83885661946,357
82800000000,86400000000,83885661946,83885689122,27176
82800000000,86400000000,83885689122,83892620626,6931504
82800000000,86400000000,83892620626,83892620811,185
82800000000,86400000000,83892620811,83892620825,14
82800000000,86400000000,83892620825,83908474822,15853997
82800000000,86400000000,83908474822,83909993024,1518202
82800000000,86400000000,83909993024,83910021909,28885
82800000000,86400000000,83910021909,83915529577,5507668
82800000000,86400000000,83915529577,83916468873,939296
82800000000,86400000000,83916468873,83916476155,7282
82800000000,86400000000,83916476155,83917414242,938087
82800000000,86400000000,83917414242,83919250651,1836409
82800000000,86400000000,83919250651,83919250683,32
82800000000,86400000000,83919250683,83922679655,3428972
82800000000,86400000000,83922679655,83922680286,631
82800000000,86400000000,83922680286,83922680294,8
82800000000,86400000000,83922680294,83922680308,14
82800000000,86400000000,83922680308,83930861723,8181415
82800000000,86400000000,83930861723,83937148751,6287028
82800000000,86400000000,83937148751,83937148852,101
82800000000,86400000000,83937148852,83937148859,7
82800000000,86400000000,83937148859,83941923992,4775133
82800000000,86400000000,83941923992,83946436204,4512212
82800000000,86400000000,83946436204,83946462596,26392
82800000000,86400000000,83946462596,83946462787,191
82800000000,86400000000,83946462787,83946462794,7
82800000000,86400000000,83946462794,83948291427,1828633
82800000000,86400000000,83948291427,83948296850,5423
82800000000,86400000000,83948296850,83949957702,1660852
82800000000,86400000000,83949957702,83949957706,4
82800000000,86400000000,83949957706,83949957807,101
82800000000,86400000000,83949957807,83949957811,4
82800000000,86400000000,83949957811,83950965691,1007880
82800000000,86400000000,83950965691,83951827807,862116
82800000000,86400000000,83951827807,83951829078,1271
82800000000,86400000000,83951829078,83952930052,1100974
82800000000,86400000000,83952930052,83959577794,6647742
82800000000,86400000000,83959577794,83961107997,1530203
82800000000,86400000000,83961107997,83976611117,15503120
82800000000,86400000000,83976611117,83979095081,2483964
82800000000,86400000000,83979095081,83979151994,56913
82800000000,86400000000,83979151994,83986866022,7714028
82800000000,86400000000,83986866022,83995183770,8317748
82800000000,86400000000,83995183770,83995183886,116
82800000000,86400000000,83995183886,83995183893,7
82800000000,86400000000,83995183893,84001520192,6336299
82800000000,86400000000,84001520192,84002323640,803448
82800000000,86400000000,84002323640,84002323779,139
82800000000,86400000000,84002323779,84002323786,7
82800000000,86400000000,84002323786,84015814804,13491018
82800000000,86400000000,84015814804,84015822278,7474
82800000000,86400000000,84015822278,84017273259,1450981
82800000000,86400000000,84017273259,84017306151,32892
82800000000,86400000000,84017306151,84019055617,1749466
82800000000,86400000000,84019055617,84023669844,4614227
82800000000,86400000000,84023669844,84025737244,2067400
82800000000,86400000000,84025737244,84026771181,1033937
82800000000,86400000000,84026771181,84036801499,10030318
82800000000,86400000000,84036801499,84038421729,1620230
82800000000,86400000000,84038421729,84039206826,785097
82800000000,86400000000,84039206826,84040032663,825837
82800000000,86400000000,84040032663,84040866804,834141
82800000000,86400000000,84040866804,84040902215,35411
82800000000,86400000000,84040902215,84040902312,97
82800000000,86400000000,84040902312,84040928815,26503
82800000000,86400000000,84040928815,84040931392,2577
82800000000,86400000000,84040931392,84041806788,875396
82800000000,86400000000,84041806788,84041818253,11465
82800000000,86400000000,84041818253,84041818441,188
82800000000,86400000000,84041818441,84041818448,7
82800000000,86400000000,84041818448,84042765419,946971
82800000000,86400000000,84042765419,84043591400,825981
82800000000,86400000000,84043591400,84043655291,63891
82800000000,86400000000,84043655291,84044497924,842633
82800000000,86400000000,84044497924,84044885280,387356
82800000000,86400000000,84044885280,84045741249,855969
82800000000,86400000000,84045741249,84046691179,949930
82800000000,86400000000,84046691179,84047554745,863566
82800000000,86400000000,84047554745,84048405298,850553
82800000000,86400000000,84048405298,84066132268,17726970
82800000000,86400000000,84066132268,84068742064,2609796
82800000000,86400000000,84068742064,84072908492,4166428
82800000000,86400000000,84072908492,84072957382,48890
82800000000,86400000000,84072957382,84075517098,2559716
82800000000,86400000000,84075517098,84075631266,114168
82800000000,86400000000,84075631266,84075715142,83876
82800000000,86400000000,84075715142,84075828049,112907
82800000000,86400000000,84075828049,84075856864,28815
82800000000,86400000000,84075856864,84075932237,75373
82800000000,86400000000,84075932237,84075934582,2345
82800000000,86400000000,84075934582,84076380803,446221
82800000000,86400000000,84076380803,84078511692,2130889
82800000000,86400000000,84078511692,84078511694,2
82800000000,86400000000,84078511694,84080969805,2458111
82800000000,86400000000,84080969805,84080969809,4
82800000000,86400000000,84080969809,84080969810,1
82800000000,86400000000,84080969810,84080969811,1
82800000000,86400000000,84080969811,84080969873,62
82800000000,86400000000,84080969873,84080969924,51
82800000000,86400000000,84080969924,84080971058,1134
82800000000,86400000000,84080971058,84080971088,30
82800000000,86400000000,84080971088,84080971100,12
82800000000,86400000000,84080971100,84080971119,19
82800000000,86400000000,84080971119,84080991573,20454
82800000000,86400000000,84080991573,84084274914,3283341
82800000000,86400000000,84084274914,84084275091,177
82800000000,86400000000,84084275091,84084275221,130
82800000000,86400000000,84084275221,84084275622,401
82800000000,86400000000,84084275622,84088345736,4070114
82800000000,86400000000,84088345736,84109703112,21357376
82800000000,86400000000,84109703112,84111643006,1939894
82800000000,86400000000,84111643006,84111643010,4
82800000000,86400000000,84111643010,84111643011,1
82800000000,86400000000,84111643011,84111790718,147707
82800000000,86400000000,84111790718,84112632369,841651
82800000000,86400000000,84112632369,84112633724,1355
82800000000,86400000000,84112633724,84119855635,7221911
82800000000,86400000000,84119855635,84121844617,1988982
82800000000,86400000000,84121844617,84129470814,7626197
82800000000,86400000000,84129470814,84129471015,201
82800000000,86400000000,84129471015,84129471018,3
82800000000,86400000000,84129471018,84130375941,904923
82800000000,86400000000,84130375941,84131185690,809749
82800000000,86400000000,84131185690,84136999900,5814210
82800000000,86400000000,84136999900,84137784185,784285
82800000000,86400000000,84137784185,84138525983,741798
82800000000,86400000000,84138525983,84138551821,25838
82800000000,86400000000,84138551821,84138559071,7250
82800000000,86400000000,84138559071,84139301150,742079
82800000000,86400000000,84139301150,84140867214,1566064
82800000000,86400000000,84140867214,84140867225,11
82800000000,86400000000,84140867225,84154204859,13337634
82800000000,86400000000,84154204859,84157734313,3529454
82800000000,86400000000,84157734313,84159864507,2130194
82800000000,86400000000,84159864507,84159868338,3831
82800000000,86400000000,84159868338,84161228434,1360096
82800000000,86400000000,84161228434,84161228446,12
82800000000,86400000000,84161228446,84177319452,16091006
82800000000,86400000000,84177319452,84178831012,1511560
82800000000,86400000000,84178831012,84188345364,9514352
82800000000,86400000000,84188345364,84189139293,793929
82800000000,86400000000,84189139293,84189915982,776689
82800000000,86400000000,84189915982,84190104848,188866
82800000000,86400000000,84190104848,84190808170,703322
82800000000,86400000000,84190808170,84191593953,785783
82800000000,86400000000,84191593953,84192420088,826135
82800000000,86400000000,84192420088,84196829459,4409371
82800000000,86400000000,84196829459,84196829526,67
82800000000,86400000000,84196829526,84196829533,7
82800000000,86400000000,84196829533,84199341014,2511481
82800000000,86400000000,84199341014,84200097691,756677
82800000000,86400000000,84200097691,84200888251,790560
82800000000,86400000000,84200888251,84207827012,6938761
82800000000,86400000000,84207827012,84207848391,21379
82800000000,86400000000,84207848391,84209380855,1532464
82800000000,86400000000,84209380855,84209380878,23
82800000000,86400000000,84209380878,84209380882,4
82800000000,86400000000,84209380882,84210157517,776635
82800000000,86400000000,84210157517,84210964839,807322
82800000000,86400000000,84210964839,84211724571,759732
82800000000,86400000000,84211724571,84224402745,12678174
82800000000,86400000000,84224402745,84226856920,2454175
82800000000,86400000000,84226856920,84228483919,1626999
82800000000,86400000000,84228483919,84228502155,18236
82800000000,86400000000,84228502155,84231087736,2585581
82800000000,86400000000,84231087736,84234272722,3184986
82800000000,86400000000,84234272722,84234285141,12419
82800000000,86400000000,84234285141,84235911352,1626211
82800000000,86400000000,84235911352,84235912272,920
82800000000,86400000000,84235912272,84253889254,17976982
82800000000,86400000000,84253889254,84255550357,1661103
82800000000,86400000000,84255550357,84265777234,10226877
82800000000,86400000000,84265777234,84267435380,1658146
82800000000,86400000000,84267435380,84274479007,7043627
82800000000,86400000000,84274479007,84276016234,1537227
82800000000,86400000000,84276016234,84281419439,5403205
82800000000,86400000000,84281419439,84282239417,819978
82800000000,86400000000,84282239417,84282239621,204
82800000000,86400000000,84282239621,84289545447,7305826
82800000000,86400000000,84289545447,84292043145,2497698
82800000000,86400000000,84292043145,84295458721,3415576
82800000000,86400000000,84295458721,84297142874,1684153
82800000000,86400000000,84297142874,84298661874,1519000
82800000000,86400000000,84298661874,84300398862,1736988
82800000000,86400000000,84300398862,84300428179,29317
82800000000,86400000000,84300428179,84300428179,0
82800000000,86400000000,84300428179,84304478937,4050758
82800000000,86400000000,84304478937,84306118133,1639196
82800000000,86400000000,84306118133,84306147892,29759
82800000000,86400000000,84306147892,84308083313,1935421
82800000000,86400000000,84308083313,84313719255,5635942
82800000000,86400000000,84313719255,84313746224,26969
82800000000,86400000000,84313746224,84313748791,2567
82800000000,86400000000,84313748791,84315396588,1647797
82800000000,86400000000,84315396588,84315397463,875
82800000000,86400000000,84315397463,84315397474,11
82800000000,86400000000,84315397474,84324911992,9514518
82800000000,86400000000,84324911992,84324911992,0
82800000000,86400000000,84324911992,84326059822,1147830
82800000000,86400000000,84326059822,84326884894,825072
82800000000,86400000000,84326884894,84326884894,0
82800000000,86400000000,84326884894,84327725201,840307
82800000000,86400000000,84327725201,84331274456,3549255
82800000000,86400000000,84331274456,84331277413,2957
82800000000,86400000000,84331277413,84331280094,2681
82800000000,86400000000,84331280094,84331282367,2273
82800000000,86400000000,84331282367,84331284848,2481
82800000000,86400000000,84331284848,84331287325,2477
82800000000,86400000000,84331287325,84332704482,1417157
82800000000,86400000000,84332704482,84332704492,10
82800000000,86400000000,84332704492,84332704504,12
82800000000,86400000000,84332704504,84332704531,27
82800000000,86400000000,84332704531,84332704556,25
82800000000,86400000000,84332704556,84332704566,10
82800000000,86400000000,84332704566,84333473557,768991
82800000000,86400000000,84333473557,84333473559,2
82800000000,86400000000,84333473559,84335057542,1583983
82800000000,86400000000,84335057542,84340366741,5309199
82800000000,86400000000,84340366741,84344981307,4614566
82800000000,86400000000,84344981307,84349529125,4547818
82800000000,86400000000,84349529125,84359137077,9607952
82800000000,86400000000,84359137077,84359137172,95
82800000000,86400000000,84359137172,84365139897,6002725
82800000000,86400000000,84365139897,84368217225,3077328
82800000000,86400000000,84368217225,84370584293,2367068
82800000000,86400000000,84370584293,84373277192,2692899
82800000000,86400000000,84373277192,84374863711,1586519
82800000000,86400000000,84374863711,84374864244,533
82800000000,86400000000,84374864244,84374864249,5
82800000000,86400000000,84374864249,84388962723,14098474
82800000000,86400000000,84388962723,84389768262,805539
82800000000,86400000000,84389768262,84389768434,172
82800000000,86400000000,84389768434,84390674093,905659
82800000000,86400000000,84390674093,84390674096,3
82800000000,86400000000,84390674096,84391402585,728489
82800000000,86400000000,84391402585,84396200534,4797949
82800000000,86400000000,84396200534,84396952838,752304
82800000000,86400000000,84396952838,84397766162,813324
82800000000,86400000000,84397766162,84397776458,10296
82800000000,86400000000,84397776458,84397776535,77
82800000000,86400000000,84397776535,84397776540,5
82800000000,86400000000,84397776540,84399502844,1726304
82800000000,86400000000,84399502844,84409346073,9843229
82800000000,86400000000,84409346073,84411537943,2191870
82800000000,86400000000,84411537943,84411776404,238461
82800000000,86400000000,84411776404,84411782683,6279
82800000000,86400000000,84411782683,84411784607,1924
82800000000,86400000000,84411784607,84411786506,1899
82800000000,86400000000,84411786506,84413173535,1387029
82800000000,86400000000,84413173535,84413173559,24
82800000000,86400000000,84413173559,84413173575,16
82800000000,86400000000,84413173575,84413173592,17
82800000000,86400000000,84413173592,84413173596,4
82800000000,86400000000,84413173596,84413173597,1
82800000000,86400000000,84413173597,84413173668,71
82800000000,86400000000,84413173668,84413173672,4
82800000000,86400000000,84413173672,84414969642,1795970
82800000000,86400000000,84414969642,84414970555,913
82800000000,86400000000,84414970555,84414970567,12
82800000000,86400000000,84414970567,84420034794,5064227
82800000000,86400000000,84420034794,84420034913,119
82800000000,86400000000,84420034913,84420034918,5
82800000000,86400000000,84420034918,84420034923,5
82800000000,86400000000,84420034923,84422886226,2851303
82800000000,86400000000,84422886226,84422893772,7546
82800000000,86400000000,84422893772,84423715531,821759
82800000000,86400000000,84423715531,84424467091,751560
82800000000,86400000000,84424467091,84424533660,66569
82800000000,86400000000,84424533660,84425584141,1050481
82800000000,86400000000,84425584141,84426347915,763774
82800000000,86400000000,84426347915,84429542716,3194801
82800000000,86400000000,84429542716,84431081668,1538952
82800000000,86400000000,84431081668,84435970740,4889072
82800000000,86400000000,84435970740,84438379490,2408750
82800000000,86400000000,84438379490,84439934591,1555101
82800000000,86400000000,84439934591,84439979638,45047
82800000000,86400000000,84439979638,84439979641,3
82800000000,86400000000,84439979641,84441586601,1606960
82800000000,86400000000,84441586601,84441613299,26698
82800000000,86400000000,84441613299,84445635124,4021825
82800000000,86400000000,84445635124,84448356689,2721565
82800000000,86400000000,84448356689,84448356755,66
82800000000,86400000000,84448356755,84459258145,10901390
82800000000,86400000000,84459258145,84460044182,786037
82800000000,86400000000,84460044182,84460744584,700402
82800000000,86400000000,84460744584,84460744584,0
82800000000,86400000000,84460744584,84461461515,716931
82800000000,86400000000,84461461515,84462306901,845386
82800000000,86400000000,84462306901,84464779930,2473029
82800000000,86400000000,84464779930,84465554470,774540
82800000000,86400000000,84465554470,84466340630,786160
82800000000,86400000000,84466340630,84467193356,852726
82800000000,86400000000,84467193356,84470341658,3148302
82800000000,86400000000,84470341658,84471104048,762390
82800000000,86400000000,84471104048,84471126879,22831
82800000000,86400000000,84471126879,84471131430,4551
82800000000,86400000000,84471131430,84471847204,715774
82800000000,86400000000,84471847204,84472707709,860505
82800000000,86400000000,84472707709,84472707727,18
82800000000,86400000000,84472707727,84473527711,819984
82800000000,86400000000,84473527711,84473530467,2756
82800000000,86400000000,84473530467,84473533512,3045
82800000000,86400000000,84473533512,84475137836,1604324
82800000000,86400000000,84475137836,84475137861,25
82800000000,86400000000,84475137861,84475137892,31
82800000000,86400000000,84475137892,84475184554,46662
82800000000,86400000000,84475184554,84475188226,3672
82800000000,86400000000,84475188226,84475194358,6132
82800000000,86400000000,84475194358,84475200383,6025
82800000000,86400000000,84475200383,84476781110,1580727
82800000000,86400000000,84476781110,84476781783,673
82800000000,86400000000,84476781783,84476782498,715
82800000000,86400000000,84476782498,84476883598,101100
82800000000,86400000000,84476883598,84476886907,3309
82800000000,86400000000,84476886907,84476890436,3529
82800000000,86400000000,84476890436,84476894328,3892
82800000000,86400000000,84476894328,84476894331,3
82800000000,86400000000,84476894331,84477624678,730347
82800000000,86400000000,84477624678,84479059685,1435007
82800000000,86400000000,84479059685,84479059824,139
82800000000,86400000000,84479059824,84479059866,42
82800000000,86400000000,84479059866,84479059890,24
82800000000,86400000000,84479059890,84480954185,1894295
82800000000,86400000000,84480954185,84481951298,997113
82800000000,86400000000,84481951298,84482773865,822567
82800000000,86400000000,84482773865,84483667912,894047
82800000000,86400000000,84483667912,84483667983,71
82800000000,86400000000,84483667983,84483667988,5
82800000000,86400000000,84483667988,84483668536,548
82800000000,86400000000,84483668536,84485443445,1774909
82800000000,86400000000,84485443445,84486208733,765288
82800000000,86400000000,84486208733,84486953707,744974
82800000000,86400000000,84486953707,84486972603,18896
82800000000,86400000000,84486972603,84487806943,834340
82800000000,86400000000,84487806943,84488616126,809183
82800000000,86400000000,84488616126,84488688989,72863
82800000000,86400000000,84488688989,84488690045,1056
82800000000,86400000000,84488690045,84494167574,5477529
82800000000,86400000000,84494167574,84495703679,1536105
82800000000,86400000000,84495703679,84495703683,4
82800000000,86400000000,84495703683,84495703684,1
82800000000,86400000000,84495703684,84497289492,1585808
82800000000,86400000000,84497289492,84497289711,219
82800000000,86400000000,84497289711,84498136527,846816
82800000000,86400000000,84498136527,84501765445,3628918
82800000000,86400000000,84501765445,84503700460,1935015
82800000000,86400000000,84503700460,84503718042,17582
82800000000,86400000000,84503718042,84503718209,167
82800000000,86400000000,84503718209,84503718214,5
82800000000,86400000000,84503718214,84516272817,12554603
82800000000,86400000000,84516272817,84516272835,18
82800000000,86400000000,84516272835,84516272853,18
82800000000,86400000000,84516272853,84528402400,12129547
82800000000,86400000000,84528402400,84528402627,227
82800000000,86400000000,84528402627,84528402632,5
82800000000,86400000000,84528402632,84528402880,248
82800000000,86400000000,84528402880,84535956988,7554108
82800000000,86400000000,84535956988,84537352701,1395713
82800000000,86400000000,84537352701,84537376804,24103
82800000000,86400000000,84537376804,84538851911,1475107
82800000000,86400000000,84538851911,84538851915,4
82800000000,86400000000,84538851915,84538851916,1
82800000000,86400000000,84538851916,84539622072,770156
82800000000,86400000000,84539622072,84539622963,891
82800000000,86400000000,84539622963,84542022024,2399061
82800000000,86400000000,84542022024,84543708374,1686350
82800000000,86400000000,84543708374,84544587708,879334
82800000000,86400000000,84544587708,84546591797,2004089
82800000000,86400000000,84546591797,84549769639,3177842
82800000000,86400000000,84549769639,84551273608,1503969
82800000000,86400000000,84551273608,84559126429,7852821
82800000000,86400000000,84559126429,84561545642,2419213
82800000000,86400000000,84561545642,84563796896,2251254
82800000000,86400000000,84563796896,84563796935,39
82800000000,86400000000,84563796935,84563796940,5
82800000000,86400000000,84563796940,84563797111,171
82800000000,86400000000,84563797111,84563798338,1227
82800000000,86400000000,84563798338,84563798348,10
82800000000,86400000000,84563798348,84570757277,6958929
82800000000,86400000000,84570757277,84570762786,5509
82800000000,86400000000,84570762786,84570762853,67
82800000000,86400000000,84570762853,84570762858,5
82800000000,86400000000,84570762858,84571700413,937555
82800000000,86400000000,84571700413,84571700415,2
82800000000,86400000000,84571700415,84572510579,810164
82800000000,86400000000,84572510579,84573279579,769000
82800000000,86400000000,84573279579,84575972603,2693024
82800000000,86400000000,84575972603,84582143236,6170633
82800000000,86400000000,84582143236,84582170075,26839
82800000000,86400000000,84582170075,84583696573,1526498
82800000000,86400000000,84583696573,84590030623,6334050
82800000000,86400000000,84590030623,84594771209,4740586
82800000000,86400000000,84594771209,84598136379,3365170
82800000000,86400000000,84598136379,84604156235,6019856
82800000000,86400000000,84604156235,84611768055,7611820
82800000000,86400000000,84611768055,84613344975,1576920
82800000000,86400000000,84613344975,84616561621,3216646
82800000000,86400000000,84616561621,84616561657,36
82800000000,86400000000,84616561657,84626386238,9824581
82800000000,86400000000,84626386238,84626386241,3
82800000000,86400000000,84626386241,84627200596,814355
82800000000,86400000000,84627200596,84627945330,744734
82800000000,86400000000,84627945330,84627980617,35287
82800000000,86400000000,84627980617,84627984205,3588
82800000000,86400000000,84627984205,84628001426,17221
82800000000,86400000000,84628001426,84628008902,7476
82800000000,86400000000,84628008902,84628738375,729473
82800000000,86400000000,84628738375,84628755400,17025
82800000000,86400000000,84628755400,84628762017,6617
82800000000,86400000000,84628762017,84629539680,777663
82800000000,86400000000,84629539680,84629539722,42
82800000000,86400000000,84629539722,84629539735,13
82800000000,86400000000,84629539735,84629539746,11
82800000000,86400000000,84629539746,84630321839,782093
82800000000,86400000000,84630321839,84639666033,9344194
82800000000,86400000000,84639666033,84641174864,1508831
82800000000,86400000000,84641174864,84641178769,3905
82800000000,86400000000,84641178769,84642645180,1466411
82800000000,86400000000,84642645180,84642645192,12
82800000000,86400000000,84642645192,84644684931,2039739
82800000000,86400000000,84644684931,84644685328,397
82800000000,86400000000,84644685328,84644685333,5
82800000000,86400000000,84644685333,84652004120,7318787
82800000000,86400000000,84652004120,84652004122,2
82800000000,86400000000,84652004122,84654098611,2094489
82800000000,86400000000,84654098611,84654291573,192962
82800000000,86400000000,84654291573,84654291732,159
82800000000,86400000000,84654291732,84659783075,5491343
82800000000,86400000000,84659783075,84661337749,1554674
82800000000,86400000000,84661337749,84662177308,839559
82800000000,86400000000,84662177308,84662982305,804997
82800000000,86400000000,84662982305,84662982305,0
82800000000,86400000000,84662982305,84663672649,690344
82800000000,86400000000,84663672649,84675386665,11714016
82800000000,86400000000,84675386665,84677253575,1866910
82800000000,86400000000,84677253575,84679646968,2393393
82800000000,86400000000,84679646968,84679653477,6509
82800000000,86400000000,84679653477,84679656083,2606
82800000000,86400000000,84679656083,84681885356,2229273
82800000000,86400000000,84681885356,84681885387,31
82800000000,86400000000,84681885387,84681903751,18364
82800000000,86400000000,84681903751,84687165309,5261558
82800000000,86400000000,84687165309,84687165309,0
82800000000,86400000000,84687165309,84695443065,8277756
82800000000,86400000000,84695443065,84695443068,3
82800000000,86400000000,84695443068,84696201857,758789
82800000000,86400000000,84696201857,84697043931,842074
82800000000,86400000000,84697043931,84697066505,22574
82800000000,86400000000,84697066505,84697070192,3687
82800000000,86400000000,84697070192,84697074759,4567
82800000000,86400000000,84697074759,84698941472,1866713
82800000000,86400000000,84698941472,84698941503,31
82800000000,86400000000,84698941503,84698941507,4
82800000000,86400000000,84698941507,84698941571,64
82800000000,86400000000,84698941571,84699778267,836696
82800000000,86400000000,84699778267,84700673728,895461
82800000000,86400000000,84700673728,84706479395,5805667
82800000000,86400000000,84706479395,84707981395,1502000
82800000000,86400000000,84707981395,84728190106,20208711
82800000000,86400000000,84728190106,84729779990,1589884
82800000000,86400000000,84729779990,84729801861,21871
82800000000,86400000000,84729801861,84732599451,2797590
82800000000,86400000000,84732599451,84743483485,10884034
82800000000,86400000000,84743483485,84744338168,854683
82800000000,86400000000,84744338168,84745971286,1633118
82800000000,86400000000,84745971286,84748377623,2406337
82800000000,86400000000,84748377623,84749883321,1505698
82800000000,86400000000,84749883321,84750650642,767321
82800000000,86400000000,84750650642,84750689207,38565
82800000000,86400000000,84750689207,84750689215,8
82800000000,86400000000,84750689215,84751721329,1032114
82800000000,86400000000,84751721329,84756665116,4943787
82800000000,86400000000,84756665116,84758353906,1688790
82800000000,86400000000,84758353906,84760112460,1758554
82800000000,86400000000,84760112460,84761864287,1751827
82800000000,86400000000,84761864287,84763044042,1179755
82800000000,86400000000,84763044042,84763659140,615098
82800000000,86400000000,84763659140,84763659187,47
82800000000,86400000000,84763659187,84763659192,5
82800000000,86400000000,84763659192,84767647890,3988698
82800000000,86400000000,84767647890,84773808869,6160979
82800000000,86400000000,84773808869,84775581187,1772318
82800000000,86400000000,84775581187,84776816357,1235170
82800000000,86400000000,84776816357,84778960898,2144541
82800000000,86400000000,84778960898,84779016410,55512
82800000000,86400000000,84779016410,84786735661,7719251
82800000000,86400000000,84786735661,84788542458,1806797
82800000000,86400000000,84788542458,84789452420,909962
82800000000,86400000000,84789452420,84791033861,1581441
82800000000,86400000000,84791033861,84796620096,5586235
82800000000,86400000000,84796620096,84797909486,1289390
82800000000,86400000000,84797909486,84798973745,1064259
82800000000,86400000000,84798973745,84798973749,4
82800000000,86400000000,84798973749,84800421589,1447840
82800000000,86400000000,84800421589,84803225626,2804037
82800000000,86400000000,84803225626,84806967267,3741641
82800000000,86400000000,84806967267,84808451721,1484454
82800000000,86400000000,84808451721,84808478640,26919
82800000000,86400000000,84808478640,84808478859,219
82800000000,86400000000,84808478859,84808478864,5
82800000000,86400000000,84808478864,84808478869,5
82800000000,86400000000,84808478869,84809637679,1158810
82800000000,86400000000,84809637679,84811325315,1687636
82800000000,86400000000,84811325315,84811347754,22439
82800000000,86400000000,84811347754,84819214754,7867000
82800000000,86400000000,84819214754,84819214854,100
82800000000,86400000000,84819214854,84819214859,5
82800000000,86400000000,84819214859,84819214864,5
82800000000,86400000000,84819214864,84820498826,1283962
82800000000,86400000000,84820498826,84824460184,3961358
82800000000,86400000000,84824460184,84825323998,863814
82800000000,86400000000,84825323998,84825324045,47
82800000000,86400000000,84825324045,84825324050,5
82800000000,86400000000,84825324050,84825324153,103
82800000000,86400000000,84825324153,84826272006,947853
82800000000,86400000000,84826272006,84826272010,4
82800000000,86400000000,84826272010,84826272595,585
82800000000,86400000000,84826272595,84827859050,1586455
82800000000,86400000000,84827859050,84828690866,831816
82800000000,86400000000,84828690866,84828691490,624
82800000000,86400000000,84828691490,84828691494,4
82800000000,86400000000,84828691494,84828691509,15
82800000000,86400000000,84828691509,84828691578,69
82800000000,86400000000,84828691578,84829532047,840469
82800000000,86400000000,84829532047,84829532062,15
82800000000,86400000000,84829532062,84832506733,2974671
82800000000,86400000000,84832506733,84832507040,307
82800000000,86400000000,84832507040,84837559816,5052776
82800000000,86400000000,84837559816,84838390192,830376
82800000000,86400000000,84838390192,84839204476,814284
82800000000,86400000000,84839204476,84845645113,6440637
82800000000,86400000000,84845645113,84850364385,4719272
82800000000,86400000000,84850364385,84853990830,3626445
82800000000,86400000000,84853990830,84854815271,824441
82800000000,86400000000,84854815271,84854815274,3
82800000000,86400000000,84854815274,84859765884,4950610
82800000000,86400000000,84859765884,84859766607,723
82800000000,86400000000,84859766607,84859766633,26
82800000000,86400000000,84859766633,84879608879,19842246
82800000000,86400000000,84879608879,84881664947,2056068
82800000000,86400000000,84881664947,84881664951,4
82800000000,86400000000,84881664951,84882773072,1108121
82800000000,86400000000,84882773072,84883623166,850094
82800000000,86400000000,84883623166,84886036116,2412950
82800000000,86400000000,84886036116,84886074742,38626
82800000000,86400000000,84886074742,84886079039,4297
82800000000,86400000000,84886079039,84888235789,2156750
82800000000,86400000000,84888235789,84889401618,1165829
82800000000,86400000000,84889401618,84889413181,11563
82800000000,86400000000,84889413181,84890970175,1556994
82800000000,86400000000,84890970175,84895086034,4115859
82800000000,86400000000,84895086034,84897850563,2764529
82800000000,86400000000,84897850563,84897855798,5235
82800000000,86400000000,84897855798,84898693578,837780
82800000000,86400000000,84898693578,84899566313,872735
82800000000,86400000000,84899566313,84899566326,13
82800000000,86400000000,84899566326,84902189504,2623178
82800000000,86400000000,84902189504,84902195272,5768
82800000000,86400000000,84902195272,84902993590,798318
82800000000,86400000000,84902993590,84903815348,821758
82800000000,86400000000,84903815348,84903815360,12
82800000000,86400000000,84903815360,84909009688,5194328
82800000000,86400000000,84909009688,84910605446,1595758
82800000000,86400000000,84910605446,84912582201,1976755
82800000000,86400000000,84912582201,84916013554,3431353
82800000000,86400000000,84916013554,84916020998,7444
82800000000,86400000000,84916020998,84922523923,6502925
82800000000,86400000000,84922523923,84922524011,88
82800000000,86400000000,84922524011,84922524016,5
82800000000,86400000000,84922524016,84927628238,5104222
82800000000,86400000000,84927628238,84927634196,5958
82800000000,86400000000,84927634196,84929498933,1864737
82800000000,86400000000,84929498933,84929522572,23639
82800000000,86400000000,84929522572,84931654970,2132398
82800000000,86400000000,84931654970,84936921144,5266174
82800000000,86400000000,84936921144,84938939860,2018716
82800000000,86400000000,84938939860,84941131616,2191756
82800000000,86400000000,84941131616,84941564073,432457
82800000000,86400000000,84941564073,84943604023,2039950
82800000000,86400000000,84943604023,84943762494,158471
82800000000,86400000000,84943762494,84943765604,3110
82800000000,86400000000,84943765604,84945721449,1955845
82800000000,86400000000,84945721449,84945721467,18
82800000000,86400000000,84945721467,84948608515,2887048
82800000000,86400000000,84948608515,84950389036,1780521
82800000000,86400000000,84950389036,84962754458,12365422
82800000000,86400000000,84962754458,84967677240,4922782
82800000000,86400000000,84967677240,84967677242,2
82800000000,86400000000,84967677242,84971530235,3852993
82800000000,86400000000,84971530235,84980247405,8717170
82800000000,86400000000,84980247405,84981797413,1550008
82800000000,86400000000,84981797413,84990482098,8684685
82800000000,86400000000,84990482098,84992051829,1569731
82800000000,86400000000,84992051829,84997706459,5654630
82800000000,86400000000,84997706459,84997711256,4797
82800000000,86400000000,84997711256,84998507989,796733
82800000000,86400000000,84998507989,84998508298,309
82800000000,86400000000,84998508298,84998508303,5
82800000000,86400000000,84998508303,84999384030,875727
82800000000,86400000000,84999384030,84999384059,29
82800000000,86400000000,84999384059,85005378965,5994906
82800000000,86400000000,85005378965,85005378968,3
82800000000,86400000000,85005378968,85006892189,1513221
82800000000,86400000000,85006892189,85013322568,6430379
82800000000,86400000000,85013322568,85015808603,2486035
82800000000,86400000000,85015808603,85017715673,1907070
82800000000,86400000000,85017715673,85022573676,4858003
82800000000,86400000000,85022573676,85022573967,291
82800000000,86400000000,85022573967,85024110588,1536621
82800000000,86400000000,85024110588,85024115318,4730
82800000000,86400000000,85024115318,85024115329,11
82800000000,86400000000,85024115329,85035380150,11264821
82800000000,86400000000,85035380150,85038161568,2781418
82800000000,86400000000,85038161568,85038161804,236
82800000000,86400000000,85038161804,85038161811,7
82800000000,86400000000,85038161811,85039081973,920162
82800000000,86400000000,85039081973,85039086168,4195
82800000000,86400000000,85039086168,85039997266,911098
82800000000,86400000000,85039997266,85041561794,1564528
82800000000,86400000000,85041561794,85041561797,3
82800000000,86400000000,85041561797,85041561904,107
82800000000,86400000000,85041561904,85043156931,1595027
82800000000,86400000000,85043156931,85043160151,3220
82800000000,86400000000,85043160151,85044881503,1721352
82800000000,86400000000,85044881503,85044929768,48265
82800000000,86400000000,85044929768,85044992540,62772
82800000000,86400000000,85044992540,85046614081,1621541
82800000000,86400000000,85046614081,85047461648,847567
82800000000,86400000000,85047461648,85050176701,2715053
82800000000,86400000000,85050176701,85050264573,87872
82800000000,86400000000,85050264573,85051918280,1653707
82800000000,86400000000,85051918280,85055940501,4022221
82800000000,86400000000,85055940501,85057471086,1530585
82800000000,86400000000,85057471086,85057471089,3
82800000000,86400000000,85057471089,85059525942,2054853
82800000000,86400000000,85059525942,85062140832,2614890
82800000000,86400000000,85062140832,85069961650,7820818
82800000000,86400000000,85069961650,85074320137,4358487
82800000000,86400000000,85074320137,85074329795,9658
82800000000,86400000000,85074329795,85074335541,5746
82800000000,86400000000,85074335541,85076835109,2499568
82800000000,86400000000,85076835109,85076835112,3
82800000000,86400000000,85076835112,85076835243,131
82800000000,86400000000,85076835243,85076835246,3
82800000000,86400000000,85076835246,85076835356,110
82800000000,86400000000,85076835356,85076858581,23225
82800000000,86400000000,85076858581,85076858670,89
82800000000,86400000000,85076858670,85076858675,5
82800000000,86400000000,85076858675,85076858680,5
82800000000,86400000000,85076858680,85079559189,2700509
82800000000,86400000000,85079559189,85079563315,4126
82800000000,86400000000,85079563315,85082707365,3144050
82800000000,86400000000,85082707365,85083604185,896820
82800000000,86400000000,85083604185,85083620497,16312
82800000000,86400000000,85083620497,85084391030,770533
82800000000,86400000000,85084391030,85084431477,40447
82800000000,86400000000,85084431477,85085249219,817742
82800000000,86400000000,85085249219,85085249230,11
82800000000,86400000000,85085249230,85086057179,807949
82800000000,86400000000,85086057179,85086983124,925945
82800000000,86400000000,85086983124,85087885120,901996
82800000000,86400000000,85087885120,85088709410,824290
82800000000,86400000000,85088709410,85088823320,113910
82800000000,86400000000,85088823320,85089862941,1039621
82800000000,86400000000,85089862941,85089880528,17587
82800000000,86400000000,85089880528,85091024289,1143761
82800000000,86400000000,85091024289,85091067887,43598
82800000000,86400000000,85091067887,85092604100,1536213
82800000000,86400000000,85092604100,85093545382,941282
82800000000,86400000000,85093545382,85093556117,10735
82800000000,86400000000,85093556117,85097554533,3998416
82800000000,86400000000,85097554533,85099271221,1716688
82800000000,86400000000,85099271221,85104904501,5633280
82800000000,86400000000,85104904501,85104904598,97
82800000000,86400000000,85104904598,85104904603,5
82800000000,86400000000,85104904603,85105786488,881885
82800000000,86400000000,85105786488,85107732526,1946038
82800000000,86400000000,85107732526,85111400443,3667917
82800000000,86400000000,85111400443,85120039506,8639063
82800000000,86400000000,85120039506,85120877885,838379
82800000000,86400000000,85120877885,85121660111,782226
82800000000,86400000000,85121660111,85122527459,867348
82800000000,86400000000,85122527459,85122544345,16886
82800000000,86400000000,85122544345,85124442166,1897821
82800000000,86400000000,85124442166,85125425646,983480
82800000000,86400000000,85125425646,85127049686,1624040
82800000000,86400000000,85127049686,85127233296,183610
82800000000,86400000000,85127233296,85127233432,136
82800000000,86400000000,85127233432,85128171384,937952
82800000000,86400000000,85128171384,85129841293,1669909
82800000000,86400000000,85129841293,85129867000,25707
82800000000,86400000000,85129867000,85134339628,4472628
82800000000,86400000000,85134339628,85136329719,1990091
82800000000,86400000000,85136329719,85142230174,5900455
82800000000,86400000000,85142230174,85145852234,3622060
82800000000,86400000000,85145852234,85146702184,849950
82800000000,86400000000,85146702184,85146707439,5255
82800000000,86400000000,85146707439,85146716542,9103
82800000000,86400000000,85146716542,85147543806,827264
82800000000,86400000000,85147543806,85147560855,17049
82800000000,86400000000,85147560855,85149126375,1565520
82800000000,86400000000,85149126375,85149126419,44
82800000000,86400000000,85149126419,85149144762,18343
82800000000,86400000000,85149144762,85149144957,195
82800000000,86400000000,85149144957,85149144966,9
82800000000,86400000000,85149144966,85150046646,901680
82800000000,86400000000,85150046646,85164910907,14864261
82800000000,86400000000,85164910907,85164913637,2730
82800000000,86400000000,85164913637,85166776961,1863324
82800000000,86400000000,85166776961,85166776965,4
82800000000,86400000000,85166776965,85166777185,220
82800000000,86400000000,85166777185,85168420365,1643180
82800000000,86400000000,85168420365,85169404235,983870
82800000000,86400000000,85169404235,85175198821,5794586
82800000000,86400000000,85175198821,85176935946,1737125
82800000000,86400000000,85176935946,85179664186,2728240
82800000000,86400000000,85179664186,85183593480,3929294
82800000000,86400000000,85183593480,85183600894,7414
82800000000,86400000000,85183600894,85183603515,2621
82800000000,86400000000,85183603515,85186810412,3206897
82800000000,86400000000,85186810412,85186810415,3
82800000000,86400000000,85186810415,85186810450,35
82800000000,86400000000,85186810450,85186810478,28
82800000000,86400000000,85186810478,85189658275,2847797
82800000000,86400000000,85189658275,85202095702,12437427
82800000000,86400000000,85202095702,85202102780,7078
82800000000,86400000000,85202102780,85202106104,3324
82800000000,86400000000,85202106104,85202109065,2961
82800000000,86400000000,85202109065,85202112324,3259
82800000000,86400000000,85202112324,85202118536,6212
82800000000,86400000000,85202118536,85205631050,3512514
82800000000,86400000000,85205631050,85205631079,29
82800000000,86400000000,85205631079,85205631101,22
82800000000,86400000000,85205631101,85205631156,55
82800000000,86400000000,85205631156,85205631200,44
82800000000,86400000000,85205631200,85205632282,1082
82800000000,86400000000,85205632282,85209158554,3526272
82800000000,86400000000,85209158554,85215703346,6544792
82800000000,86400000000,85215703346,85218572256,2868910
82800000000,86400000000,85218572256,85218572313,57
82800000000,86400000000,85218572313,85218572318,5
82800000000,86400000000,85218572318,85221704448,3132130
82800000000,86400000000,85221704448,85221710445,5997
82800000000,86400000000,85221710445,85221715741,5296
82800000000,86400000000,85221715741,85221718453,2712
82800000000,86400000000,85221718453,85221721474,3021
82800000000,86400000000,85221721474,85223710449,1988975
82800000000,86400000000,85223710449,85225846804,2136355
82800000000,86400000000,85225846804,85225847781,977
82800000000,86400000000,85225847781,85225850544,2763
82800000000,86400000000,85225850544,85225850587,43
82800000000,86400000000,85225850587,85225851543,956
82800000000,86400000000,85225851543,85228924893,3073350
82800000000,86400000000,85228924893,85230655696,1730803
82800000000,86400000000,85230655696,85231549147,893451
82800000000,86400000000,85231549147,85240550922,9001775
82800000000,86400000000,85240550922,85243528079,2977157
82800000000,86400000000,85243528079,85244702838,1174759
82800000000,86400000000,85244702838,85246325220,1622382
82800000000,86400000000,85246325220,85246346981,21761
82800000000,86400000000,85246346981,85248126832,1779851
82800000000,86400000000,85248126832,85248146229,19397
82800000000,86400000000,85248146229,85249016413,870184
82800000000,86400000000,85249016413,85249874332,857919
82800000000,86400000000,85249874332,85250981053,1106721
82800000000,86400000000,85250981053,85252608892,1627839
82800000000,86400000000,85252608892,85252617920,9028
82800000000,86400000000,85252617920,85252621487,3567
82800000000,86400000000,85252621487,85252623812,2325
82800000000,86400000000,85252623812,85252625887,2075
82800000000,86400000000,85252625887,85252628057,2170
82800000000,86400000000,85252628057,85252630476,2419
82800000000,86400000000,85252630476,85252632256,1780
82800000000,86400000000,85252632256,85255639040,3006784
82800000000,86400000000,85255639040,85255639059,19
82800000000,86400000000,85255639059,85255639077,18
82800000000,86400000000,85255639077,85255639095,18
82800000000,86400000000,85255639095,85255639105,10
82800000000,86400000000,85255639105,85255639132,27
82800000000,86400000000,85255639132,85255639142,10
82800000000,86400000000,85255639142,85255639154,12
82800000000,86400000000,85255639154,85273630145,17990991
82800000000,86400000000,85273630145,85273633171,3026
82800000000,86400000000,85273633171,85273635278,2107
82800000000,86400000000,85273635278,85273638652,3374
82800000000,86400000000,85273638652,85273640630,1978
82800000000,86400000000,85273640630,85273642987,2357
82800000000,86400000000,85273642987,85273645048,2061
82800000000,86400000000,85273645048,85273648386,3338
82800000000,86400000000,85273648386,85273651206,2820
82800000000,86400000000,85273651206,85273655212,4006
82800000000,86400000000,85273655212,85273662523,7311
82800000000,86400000000,85273662523,85276188637,2526114
82800000000,86400000000,85276188637,85276188663,26
82800000000,86400000000,85276188663,85276188685,22
82800000000,86400000000,85276188685,85276188703,18
82800000000,86400000000,85276188703,85276188721,18
82800000000,86400000000,85276188721,85276188732,11
82800000000,86400000000,85276188732,85276188758,26
82800000000,86400000000,85276188758,85276188773,15
82800000000,86400000000,85276188773,85276188807,34
82800000000,86400000000,85276188807,85276188831,24
82800000000,86400000000,85276188831,85278199376,2010545
82800000000,86400000000,85278199376,85278199378,2
82800000000,86400000000,85278199378,85280032132,1832754
82800000000,86400000000,85280032132,85288719903,8687771
82800000000,86400000000,85288719903,85290399580,1679677
82800000000,86400000000,85290399580,85293801601,3402021
82800000000,86400000000,85293801601,85295447253,1645652
82800000000,86400000000,85295447253,85295452075,4822
82800000000,86400000000,85295452075,85295454969,2894
82800000000,86400000000,85295454969,85295477639,22670
82800000000,86400000000,85295477639,85295480079,2440
82800000000,86400000000,85295480079,85295483137,3058
82800000000,86400000000,85295483137,85297336066,1852929
82800000000,86400000000,85297336066,85297336089,23
82800000000,86400000000,85297336089,85297336112,23
82800000000,86400000000,85297336112,85297336116,4
82800000000,86400000000,85297336116,85297336117,1
82800000000,86400000000,85297336117,85297336118,1
82800000000,86400000000,85297336118,85297336182,64
82800000000,86400000000,85297336182,85297336200,18
82800000000,86400000000,85297336200,85299475592,2139392
82800000000,86400000000,85299475592,85299476152,560
82800000000,86400000000,85299476152,85299476859,707
82800000000,86400000000,85299476859,85301304287,1827428
82800000000,86400000000,85301304287,85302244624,940337
82800000000,86400000000,85302244624,85314516327,12271703
82800000000,86400000000,85314516327,85314545545,29218
82800000000,86400000000,85314545545,85317218035,2672490
82800000000,86400000000,85317218035,85317218039,4
82800000000,86400000000,85317218039,85317218040,1
82800000000,86400000000,85317218040,85317218106,66
82800000000,86400000000,85317218106,85317353096,134990
82800000000,86400000000,85317353096,85317353099,3
82800000000,86400000000,85317353099,85318197354,844255
82800000000,86400000000,85318197354,85319043644,846290
82800000000,86400000000,85319043644,85319044707,1063
82800000000,86400000000,85319044707,85319845634,800927
82800000000,86400000000,85319845634,85322750847,2905213
82800000000,86400000000,85322750847,85328981207,6230360
82800000000,86400000000,85328981207,85332835521,3854314
82800000000,86400000000,85332835521,85332841333,5812
82800000000,86400000000,85332841333,85332843635,2302
82800000000,86400000000,85332843635,85335320943,2477308
82800000000,86400000000,85335320943,85335321008,65
82800000000,86400000000,85335321008,85335321011,3
82800000000,86400000000,85335321011,85335321020,9
82800000000,86400000000,85335321020,85336084312,763292
82800000000,86400000000,85336084312,85352516814,16432502
82800000000,86400000000,85352516814,85352519329,2515
82800000000,86400000000,85352519329,85352561956,42627
82800000000,86400000000,85352561956,85356156525,3594569
82800000000,86400000000,85356156525,85356159859,3334
82800000000,86400000000,85356159859,85358098126,1938267
82800000000,86400000000,85358098126,85358917144,819018
82800000000,86400000000,85358917144,85358917147,3
82800000000,86400000000,85358917147,85358917148,1
82800000000,86400000000,85358917148,85358917683,535
82800000000,86400000000,85358917683,85358917708,25
82800000000,86400000000,85358917708,85361522271,2604563
82800000000,86400000000,85361522271,85362497454,975183
82800000000,86400000000,85362497454,85366567083,4069629
82800000000,86400000000,85366567083,85366579100,12017
82800000000,86400000000,85366579100,85369117205,2538105
82800000000,86400000000,85369117205,85370242968,1125763
82800000000,86400000000,85370242968,85371323016,1080048
82800000000,86400000000,85371323016,85372705182,1382166
82800000000,86400000000,85372705182,85372710566,5384
82800000000,86400000000,85372710566,85372717732,7166
82800000000,86400000000,85372717732,85372724203,6471
82800000000,86400000000,85372724203,85373807376,1083173
82800000000,86400000000,85373807376,85375633163,1825787
82800000000,86400000000,85375633163,85375633166,3
82800000000,86400000000,85375633166,85375633181,15
82800000000,86400000000,85375633181,85375633185,4
82800000000,86400000000,85375633185,85375633186,1
82800000000,86400000000,85375633186,85375633251,65
82800000000,86400000000,85375633251,85375633255,4
82800000000,86400000000,85375633255,85375633256,1
82800000000,86400000000,85375633256,85377704597,2071341
82800000000,86400000000,85377704597,85377705491,894
82800000000,86400000000,85377705491,85377706424,933
82800000000,86400000000,85377706424,85377706564,140
82800000000,86400000000,85377706564,85377706582,18
82800000000,86400000000,85377706582,85381655655,3949073
82800000000,86400000000,85381655655,85382618664,963009
82800000000,86400000000,85382618664,85383647524,1028860
82800000000,86400000000,85383647524,85386041150,2393626
82800000000,86400000000,85386041150,85386041746,596
82800000000,86400000000,85386041746,85386043072,1326
82800000000,86400000000,85386043072,85387515450,1472378
82800000000,86400000000,85387515450,85388420899,905449
82800000000,86400000000,85388420899,85390823055,2402156
82800000000,86400000000,85390823055,85390950134,127079
82800000000,86400000000,85390950134,85390950134,0
82800000000,86400000000,85390950134,85392136378,1186244
82800000000,86400000000,85392136378,85392187764,51386
82800000000,86400000000,85392187764,85392205930,18166
82800000000,86400000000,85392205930,85392269139,63209
82800000000,86400000000,85392269139,85392302650,33511
82800000000,86400000000,85392302650,85392332960,30310
82800000000,86400000000,85392332960,85392342935,9975
82800000000,86400000000,85392342935,85392379440,36505
82800000000,86400000000,85392379440,85392511265,131825
82800000000,86400000000,85392511265,85392513386,2121
82800000000,86400000000,85392513386,85392515435,2049
82800000000,86400000000,85392515435,85394740980,2225545
82800000000,86400000000,85394740980,85394741344,364
82800000000,86400000000,85394741344,85394741349,5
82800000000,86400000000,85394741349,85395844557,1103208
82800000000,86400000000,85395844557,85398185315,2340758
82800000000,86400000000,85398185315,85398185318,3
82800000000,86400000000,85398185318,85398185319,1
82800000000,86400000000,85398185319,85398186414,1095
82800000000,86400000000,85398186414,85398186417,3
82800000000,86400000000,85398186417,85398186418,1
82800000000,86400000000,85398186418,85398186744,326
82800000000,86400000000,85398186744,85398186747,3
82800000000,86400000000,85398186747,85398186748,1
82800000000,86400000000,85398186748,85398187056,308
82800000000,86400000000,85398187056,85398187059,3
82800000000,86400000000,85398187059,85398187060,1
82800000000,86400000000,85398187060,85398301741,114681
82800000000,86400000000,85398301741,85405751903,7450162
82800000000,86400000000,85405751903,85405751907,4
82800000000,86400000000,85405751907,85405751970,63
82800000000,86400000000,85405751970,85405751994,24
82800000000,86400000000,85405751994,85405752017,23
82800000000,86400000000,85405752017,85405752021,4
82800000000,86400000000,85405752021,85405752045,24
82800000000,86400000000,85405752045,85405808972,56927
82800000000,86400000000,85405808972,85413477154,7668182
82800000000,86400000000,85413477154,85413477459,305
82800000000,86400000000,85413477459,85413477464,5
82800000000,86400000000,85413477464,85415617043,2139579
82800000000,86400000000,85415617043,85415617047,4
82800000000,86400000000,85415617047,85415621796,4749
82800000000,86400000000,85415621796,85415650466,28670
82800000000,86400000000,85415650466,85415656923,6457
82800000000,86400000000,85415656923,85422059951,6403028
82800000000,86400000000,85422059951,85422070632,10681
82800000000,86400000000,85422070632,85422070643,11
82800000000,86400000000,85422070643,85422070654,11
82800000000,86400000000,85422070654,85422070665,11
82800000000,86400000000,85422070665,85422070676,11
82800000000,86400000000,85422070676,85422070735,59
82800000000,86400000000,85422070735,85422070867,132
82800000000,86400000000,85422070867,85422992721,921854
82800000000,86400000000,85422992721,85426511089,3518368
82800000000,86400000000,85426511089,85426555959,44870
82800000000,86400000000,85426555959,85426568450,12491
82800000000,86400000000,85426568450,85426574812,6362
82800000000,86400000000,85426574812,85426585349,10537
82800000000,86400000000,85426585349,85426587472,2123
82800000000,86400000000,85426587472,85426591488,4016
82800000000,86400000000,85426591488,85431611641,5020153
82800000000,86400000000,85431611641,85431612199,558
82800000000,86400000000,85431612199,85431805797,193598
82800000000,86400000000,85431805797,85431808359,2562
82800000000,86400000000,85431808359,85431808712,353
82800000000,86400000000,85431808712,85432954228,1145516
82800000000,86400000000,85432954228,85433081443,127215
82800000000,86400000000,85433081443,85433081816,373
82800000000,86400000000,85433081816,85433081821,5
82800000000,86400000000,85433081821,85436858588,3776767
82800000000,86400000000,85436858588,85436858620,32
82800000000,86400000000,85436858620,85436858655,35
82800000000,86400000000,85436858655,85436858658,3
82800000000,86400000000,85436858658,85436858659,1
82800000000,86400000000,85436858659,85436858960,301
82800000000,86400000000,85436858960,85436859039,79
82800000000,86400000000,85436859039,85436923986,64947
82800000000,86400000000,85436923986,85436924003,17
82800000000,86400000000,85436924003,85445422443,8498440
82800000000,86400000000,85445422443,85445429603,7160
82800000000,86400000000,85445429603,85445429657,54
82800000000,86400000000,85445429657,85448631352,3201695
82800000000,86400000000,85448631352,85451381930,2750578
82800000000,86400000000,85451381930,85454022449,2640519
82800000000,86400000000,85454022449,85457380238,3357789
82800000000,86400000000,85457380238,85457380242,4
82800000000,86400000000,85457380242,85458892853,1512611
82800000000,86400000000,85458892853,85458951360,58507
82800000000,86400000000,85458951360,85458960624,9264
82800000000,86400000000,85458960624,85458974297,13673
82800000000,86400000000,85458974297,85458988636,14339
82800000000,86400000000,85458988636,85459010172,21536
82800000000,86400000000,85459010172,85459014614,4442
82800000000,86400000000,85459014614,85459024514,9900
82800000000,86400000000,85459024514,85459071213,46699
82800000000,86400000000,85459071213,85460438579,1367366
82800000000,86400000000,85460438579,85461664081,1225502
82800000000,86400000000,85461664081,85461783625,119544
82800000000,86400000000,85461783625,85466060056,4276431
82800000000,86400000000,85466060056,85466060059,3
82800000000,86400000000,85466060059,85466060098,39
82800000000,86400000000,85466060098,85466060103,5
82800000000,86400000000,85466060103,85466060134,31
82800000000,86400000000,85466060134,85466060139,5
82800000000,86400000000,85466060139,85466060140,1
82800000000,86400000000,85466060140,85466061301,1161
82800000000,86400000000,85466061301,85466150214,88913
82800000000,86400000000,85466150214,85471583967,5433753
82800000000,86400000000,85471583967,85471584041,74
82800000000,86400000000,85471584041,85471584120,79
82800000000,86400000000,85471584120,85471584151,31
82800000000,86400000000,85471584151,85471584194,43
82800000000,86400000000,85471584194,85471623413,39219
82800000000,86400000000,85471623413,85471623429,16
82800000000,86400000000,85471623429,85471623693,264
82800000000,86400000000,85471623693,85471623959,266
82800000000,86400000000,85471623959,85472706885,1082926
82800000000,86400000000,85472706885,85478787685,6080800
82800000000,86400000000,85478787685,85481632951,2845266
82800000000,86400000000,85481632951,85490110092,8477141
82800000000,86400000000,85490110092,85490138717,28625
82800000000,86400000000,85490138717,85490143318,4601
82800000000,86400000000,85490143318,85490146998,3680
82800000000,86400000000,85490146998,85490150493,3495
82800000000,86400000000,85490150493,85491449839,1299346
82800000000,86400000000,85491449839,85491906405,456566
82800000000,86400000000,85491906405,85499899131,7992726
82800000000,86400000000,85499899131,85499899175,44
82800000000,86400000000,85499899175,85499899556,381
82800000000,86400000000,85499899556,85499902537,2981
82800000000,86400000000,85499902537,85499902567,30
82800000000,86400000000,85499902567,85499902592,25
82800000000,86400000000,85499902592,85513207979,13305387
82800000000,86400000000,85513207979,85516350752,3142773
82800000000,86400000000,85516350752,85516399041,48289
82800000000,86400000000,85516399041,85518592796,2193755
82800000000,86400000000,85518592796,85518592812,16
82800000000,86400000000,85518592812,85519736050,1143238
82800000000,86400000000,85519736050,85522148122,2412072
82800000000,86400000000,85522148122,85522148141,19
82800000000,86400000000,85522148141,85522148145,4
82800000000,86400000000,85522148145,85522148146,1
82800000000,86400000000,85522148146,85523208022,1059876
82800000000,86400000000,85523208022,85524305216,1097194
82800000000,86400000000,85524305216,85524306463,1247
82800000000,86400000000,85524306463,85524935317,628854
82800000000,86400000000,85524935317,85538758652,13823335
82800000000,86400000000,85538758652,85538779202,20550
82800000000,86400000000,85538779202,85538782041,2839
82800000000,86400000000,85538782041,85538784105,2064
82800000000,86400000000,85538784105,85538786372,2267
82800000000,86400000000,85538786372,85538790262,3890
82800000000,86400000000,85538790262,85538791921,1659
82800000000,86400000000,85538791921,85538792177,256
82800000000,86400000000,85538792177,85538792182,5
82800000000,86400000000,85538792182,85541463899,2671717
82800000000,86400000000,85541463899,85541463912,13
82800000000,86400000000,85541463912,85541463925,13
82800000000,86400000000,85541463925,85541463937,12
82800000000,86400000000,85541463937,85541463949,12
82800000000,86400000000,85541463949,85544672817,3208868
82800000000,86400000000,85544672817,85558109907,13437090
82800000000,86400000000,85558109907,85558109909,2
82800000000,86400000000,85558109909,85559933070,1823161
82800000000,86400000000,85559933070,85563862398,3929328
82800000000,86400000000,85563862398,85563862689,291
82800000000,86400000000,85563862689,85570107675,6244986
82800000000,86400000000,85570107675,85571107759,1000084
82800000000,86400000000,85571107759,85571118498,10739
82800000000,86400000000,85571118498,85574313479,3194981
82800000000,86400000000,85574313479,85574313503,24
82800000000,86400000000,85574313503,85574313507,4
82800000000,86400000000,85574313507,85577936045,3622538
82800000000,86400000000,85577936045,85577936230,185
82800000000,86400000000,85577936230,85577936235,5
82800000000,86400000000,85577936235,85583651140,5714905
82800000000,86400000000,85583651140,85583651283,143
82800000000,86400000000,85583651283,85583651290,7
82800000000,86400000000,85583651290,85589088877,5437587
82800000000,86400000000,85589088877,85589112769,23892
82800000000,86400000000,85589112769,85589116014,3245
82800000000,86400000000,85589116014,85589116169,155
82800000000,86400000000,85589116169,85589116174,5
82800000000,86400000000,85589116174,85591133557,2017383
82800000000,86400000000,85591133557,85591133846,289
82800000000,86400000000,85591133846,85591135040,1194
82800000000,86400000000,85591135040,85593452618,2317578
82800000000,86400000000,85593452618,85596301088,2848470
82800000000,86400000000,85596301088,85596302011,923
82800000000,86400000000,85596302011,85596302229,218
82800000000,86400000000,85596302229,85596302355,126
82800000000,86400000000,85596302355,85596302360,5
82800000000,86400000000,85596302360,85597453612,1151252
82800000000,86400000000,85597453612,85609612947,12159335
82800000000,86400000000,85609612947,85609617458,4511
82800000000,86400000000,85609617458,85609623747,6289
82800000000,86400000000,85609623747,85609644707,20960
82800000000,86400000000,85609644707,85611514190,1869483
82800000000,86400000000,85611514190,85612637220,1123030
82800000000,86400000000,85612637220,85612637225,5
82800000000,86400000000,85612637225,85612637476,251
82800000000,86400000000,85612637476,85612637485,9
82800000000,86400000000,85612637485,85612637514,29
82800000000,86400000000,85612637514,85615847524,3210010
82800000000,86400000000,85615847524,85615847556,32
82800000000,86400000000,85615847556,85615854876,7320
82800000000,86400000000,85615854876,85622812060,6957184
82800000000,86400000000,85622812060,85623733606,921546
82800000000,86400000000,85623733606,85624641607,908001
82800000000,86400000000,85624641607,85627271909,2630302
82800000000,86400000000,85627271909,85627271912,3
82800000000,86400000000,85627271912,85628961494,1689582
82800000000,86400000000,85628961494,85629926679,965185
82800000000,86400000000,85629926679,85630078672,151993
82800000000,86400000000,85630078672,85630089772,11100
82800000000,86400000000,85630089772,85630097846,8074
82800000000,86400000000,85630097846,85630103549,5703
82800000000,86400000000,85630103549,85635377090,5273541
82800000000,86400000000,85635377090,85635377093,3
82800000000,86400000000,85635377093,85635377104,11
82800000000,86400000000,85635377104,85635377157,53
82800000000,86400000000,85635377157,85635394382,17225
82800000000,86400000000,85635394382,85635400579,6197
82800000000,86400000000,85635400579,85635400583,4
82800000000,86400000000,85635400583,85635400584,1
82800000000,86400000000,85635400584,85640060714,4660130
82800000000,86400000000,85640060714,85640060731,17
82800000000,86400000000,85640060731,85643601230,3540499
82800000000,86400000000,85643601230,85643777776,176546
82800000000,86400000000,85643777776,85644801524,1023748
82800000000,86400000000,85644801524,85644801524,0
82800000000,86400000000,85644801524,85646619342,1817818
82800000000,86400000000,85646619342,85647929333,1309991
82800000000,86400000000,85647929333,85648753852,824519
82800000000,86400000000,85648753852,85650721549,1967697
82800000000,86400000000,85650721549,85650735057,13508
82800000000,86400000000,85650735057,85651699313,964256
82800000000,86400000000,85651699313,85651703336,4023
82800000000,86400000000,85651703336,85651703481,145
82800000000,86400000000,85651703481,85652983700,1280219
82800000000,86400000000,85652983700,85652983704,4
82800000000,86400000000,85652983704,85652983705,1
82800000000,86400000000,85652983705,85652983826,121
82800000000,86400000000,85652983826,85652983830,4
82800000000,86400000000,85652983830,85652983831,1
82800000000,86400000000,85652983831,85656609773,3625942
82800000000,86400000000,85656609773,85656612409,2636
82800000000,86400000000,85656612409,85656618745,6336
82800000000,86400000000,85656618745,85656618765,20
82800000000,86400000000,85656618765,85663469190,6850425
82800000000,86400000000,85663469190,85668666631,5197441
82800000000,86400000000,85668666631,85668666631,0
82800000000,86400000000,85668666631,85672286675,3620044
82800000000,86400000000,85672286675,85672286842,167
82800000000,86400000000,85672286842,85672286849,7
82800000000,86400000000,85672286849,85681239889,8953040
82800000000,86400000000,85681239889,85684021169,2781280
82800000000,86400000000,85684021169,85684024355,3186
82800000000,86400000000,85684024355,85684024603,248
82800000000,86400000000,85684024603,85684024608,5
82800000000,86400000000,85684024608,85686059040,2034432
82800000000,86400000000,85686059040,85687103570,1044530
82800000000,86400000000,85687103570,85687105377,1807
82800000000,86400000000,85687105377,85687105418,41
82800000000,86400000000,85687105418,85692022038,4916620
82800000000,86400000000,85692022038,85694001055,1979017
82800000000,86400000000,85694001055,85703805174,9804119
82800000000,86400000000,85703805174,85705892113,2086939
82800000000,86400000000,85705892113,85708810320,2918207
82800000000,86400000000,85708810320,85709838029,1027709
82800000000,86400000000,85709838029,85711698352,1860323
82800000000,86400000000,85711698352,85736972815,25274463
82800000000,86400000000,85736972815,85736975217,2402
82800000000,86400000000,85736975217,85738177065,1201848
82800000000,86400000000,85738177065,85739110009,932944
82800000000,86400000000,85739110009,85739110014,5
82800000000,86400000000,85739110014,85739110036,22
82800000000,86400000000,85739110036,85739153217,43181
82800000000,86400000000,85739153217,85739153693,476
82800000000,86400000000,85739153693,85739153700,7
82800000000,86400000000,85739153700,85740199068,1045368
82800000000,86400000000,85740199068,85740199072,4
82800000000,86400000000,85740199072,85741138834,939762
82800000000,86400000000,85741138834,85747128646,5989812
82800000000,86400000000,85747128646,85749079659,1951013
82800000000,86400000000,85749079659,85755722444,6642785
82800000000,86400000000,85755722444,85755745182,22738
82800000000,86400000000,85755745182,85758504447,2759265
82800000000,86400000000,85758504447,85758504452,5
82800000000,86400000000,85758504452,85758504453,1
82800000000,86400000000,85758504453,85758505529,1076
82800000000,86400000000,85758505529,85763726423,5220894
82800000000,86400000000,85763726423,85763751847,25424
82800000000,86400000000,85763751847,85765836030,2084183
82800000000,86400000000,85765836030,85765836594,564
82800000000,86400000000,85765836594,85766721035,884441
82800000000,86400000000,85766721035,85768491987,1770952
82800000000,86400000000,85768491987,85772400263,3908276
82800000000,86400000000,85772400263,85772511246,110983
82800000000,86400000000,85772511246,85772514751,3505
82800000000,86400000000,85772514751,85774637080,2122329
82800000000,86400000000,85774637080,85774638162,1082
82800000000,86400000000,85774638162,85775727718,1089556
82800000000,86400000000,85775727718,85775727756,38
82800000000,86400000000,85775727756,85775727761,5
82800000000,86400000000,85775727761,85779729194,4001433
82800000000,86400000000,85779729194,85780654510,925316
82800000000,86400000000,85780654510,85782774917,2120407
82800000000,86400000000,85782774917,85787295233,4520316
82800000000,86400000000,85787295233,85792558843,5263610
82800000000,86400000000,85792558843,85802229553,9670710
82800000000,86400000000,85802229553,85804121044,1891491
82800000000,86400000000,85804121044,85805044638,923594
82800000000,86400000000,85805044638,85806019778,975140
82800000000,86400000000,85806019778,85806075191,55413
82800000000,86400000000,85806075191,85806082893,7702
82800000000,86400000000,85806082893,85806085325,2432
82800000000,86400000000,85806085325,85806087922,2597
82800000000,86400000000,85806087922,85806090552,2630
82800000000,86400000000,85806090552,85806095407,4855
82800000000,86400000000,85806095407,85807141024,1045617
82800000000,86400000000,85807141024,85808968742,1827718
82800000000,86400000000,85808968742,85808968751,9
82800000000,86400000000,85808968751,85808968780,29
82800000000,86400000000,85808968780,85808968783,3
82800000000,86400000000,85808968783,85808968784,1
82800000000,86400000000,85808968784,85808968785,1
82800000000,86400000000,85808968785,85808968842,57
82800000000,86400000000,85808968842,85808968874,32
82800000000,86400000000,85808968874,85808968898,24
82800000000,86400000000,85808968898,85808968913,15
82800000000,86400000000,85808968913,85810058252,1089339
82800000000,86400000000,85810058252,85811063423,1005171
82800000000,86400000000,85811063423,85811063469,46
82800000000,86400000000,85811063469,85811063835,366
82800000000,86400000000,85811063835,85811063889,54
82800000000,86400000000,85811063889,85811064921,1032
82800000000,86400000000,85811064921,85812089913,1024992
82800000000,86400000000,85812089913,85812138201,48288
82800000000,86400000000,85812138201,85813093852,955651
82800000000,86400000000,85813093852,85814398337,1304485
82800000000,86400000000,85814398337,85815437019,1038682
82800000000,86400000000,85815437019,85816607966,1170947
82800000000,86400000000,85816607966,85818566683,1958717
82800000000,86400000000,85818566683,85818639022,72339
82800000000,86400000000,85818639022,85818639041,19
82800000000,86400000000,85818639041,85826147912,7508871
82800000000,86400000000,85826147912,85826158872,10960
82800000000,86400000000,85826158872,85826164228,5356
82800000000,86400000000,85826164228,85826166635,2407
82800000000,86400000000,85826166635,85827995155,1828520
82800000000,86400000000,85827995155,85827995169,14
82800000000,86400000000,85827995169,85827995181,12
82800000000,86400000000,85827995181,85827995193,12
82800000000,86400000000,85827995193,85834645744,6650551
82800000000,86400000000,85834645744,85837212514,2566770
82800000000,86400000000,85837212514,85841341721,4129207
82800000000,86400000000,85841341721,85841344580,2859
82800000000,86400000000,85841344580,85841344589,9
82800000000,86400000000,85841344589,85844383027,3038438
82800000000,86400000000,85844383027,85845529935,1146908
82800000000,86400000000,85845529935,85845532378,2443
82800000000,86400000000,85845532378,85848810200,3277822
82800000000,86400000000,85848810200,85848810203,3
82800000000,86400000000,85848810203,85848810224,21
82800000000,86400000000,85848810224,85848810228,4
82800000000,86400000000,85848810228,85849828748,1018520
82800000000,86400000000,85849828748,85852919756,3091008
82800000000,86400000000,85852919756,85852921446,1690
82800000000,86400000000,85852921446,85854385945,1464499
82800000000,86400000000,85854385945,85854385947,2
82800000000,86400000000,85854385947,85854385956,9
82800000000,86400000000,85854385956,85854386065,109
82800000000,86400000000,85854386065,85854386070,5
82800000000,86400000000,85854386070,85854386075,5
82800000000,86400000000,85854386075,85857025761,2639686
82800000000,86400000000,85857025761,85859031848,2006087
82800000000,86400000000,85859031848,85860452829,1420981
82800000000,86400000000,85860452829,85862368499,1915670
82800000000,86400000000,85862368499,85862565022,196523
82800000000,86400000000,85862565022,85864843448,2278426
82800000000,86400000000,85864843448,85865816192,972744
82800000000,86400000000,85865816192,85865819628,3436
82800000000,86400000000,85865819628,85865825745,6117
82800000000,86400000000,85865825745,85865827926,2181
82800000000,86400000000,85865827926,85865854236,26310
82800000000,86400000000,85865854236,85865866597,12361
82800000000,86400000000,85865866597,85865870676,4079
82800000000,86400000000,85865870676,85865870713,37
82800000000,86400000000,85865870713,85865870718,5
82800000000,86400000000,85865870718,85865871516,798
82800000000,86400000000,85865871516,85866807219,935703
82800000000,86400000000,85866807219,85866807222,3
82800000000,86400000000,85866807222,85868027216,1219994
82800000000,86400000000,85868027216,85869891029,1863813
82800000000,86400000000,85869891029,85869891032,3
82800000000,86400000000,85869891032,85869891033,1
82800000000,86400000000,85869891033,85869893154,2121
82800000000,86400000000,85869893154,85869893158,4
82800000000,86400000000,85869893158,85869893167,9
82800000000,86400000000,85869893167,85869893186,19
82800000000,86400000000,85869893186,85869893408,222
82800000000,86400000000,85869893408,85869893650,242
82800000000,86400000000,85869893650,85873921169,4027519
82800000000,86400000000,85873921169,85875913137,1991968
82800000000,86400000000,85875913137,85876931235,1018098
82800000000,86400000000,85876931235,85876931295,60
82800000000,86400000000,85876931295,85877008908,77613
82800000000,86400000000,85877008908,85887394129,10385221
82800000000,86400000000,85887394129,85887394368,239
82800000000,86400000000,85887394368,85887394373,5
82800000000,86400000000,85887394373,85887394736,363
82800000000,86400000000,85887394736,85887394866,130
82800000000,86400000000,85887394866,85891866408,4471542
82800000000,86400000000,85891866408,85891963769,97361
82800000000,86400000000,85891963769,85891983781,20012
82800000000,86400000000,85891983781,85891988573,4792
82800000000,86400000000,85891988573,85892848649,860076
82800000000,86400000000,85892848649,85892848665,16
82800000000,86400000000,85892848665,85895835466,2986801
82800000000,86400000000,85895835466,85895835713,247
82800000000,86400000000,85895835713,85895839148,3435
82800000000,86400000000,85895839148,85904744243,8905095
82800000000,86400000000,85904744243,85904786324,42081
82800000000,86400000000,85904786324,85906065319,1278995
82800000000,86400000000,85906065319,85909081556,3016237
82800000000,86400000000,85909081556,85909081573,17
82800000000,86400000000,85909081573,85915560644,6479071
82800000000,86400000000,85915560644,85916008385,447741
82800000000,86400000000,85916008385,85916008875,490
82800000000,86400000000,85916008875,85916008886,11
82800000000,86400000000,85916008886,85918605996,2597110
82800000000,86400000000,85918605996,85922736469,4130473
82800000000,86400000000,85922736469,85929033711,6297242
82800000000,86400000000,85929033711,85929033715,4
82800000000,86400000000,85929033715,85931660743,2627028
82800000000,86400000000,85931660743,85931660746,3
82800000000,86400000000,85931660746,85933994110,2333364
82800000000,86400000000,85933994110,85935215558,1221448
82800000000,86400000000,85935215558,85935216140,582
82800000000,86400000000,85935216140,85935216145,5
82800000000,86400000000,85935216145,85935216150,5
82800000000,86400000000,85935216150,85939115750,3899600
82800000000,86400000000,85939115750,85939118292,2542
82800000000,86400000000,85939118292,85941153829,2035537
82800000000,86400000000,85941153829,85941153852,23
82800000000,86400000000,85941153852,85957234972,16081120
82800000000,86400000000,85957234972,85957249586,14614
82800000000,86400000000,85957249586,85957252475,2889
82800000000,86400000000,85957252475,85959173886,1921411
82800000000,86400000000,85959173886,85959173890,4
82800000000,86400000000,85959173890,85959173891,1
82800000000,86400000000,85959173891,85959173892,1
82800000000,86400000000,85959173892,85959173911,19
82800000000,86400000000,85959173911,85960550406,1376495
82800000000,86400000000,85960550406,85960550431,25
82800000000,86400000000,85960550431,85960550922,491
82800000000,86400000000,85960550922,85961563700,1012778
82800000000,86400000000,85961563700,85969662880,8099180
82800000000,86400000000,85969662880,85970587147,924267
82800000000,86400000000,85970587147,85971864304,1277157
82800000000,86400000000,85971864304,85976179180,4314876
82800000000,86400000000,85976179180,85976179180,0
82800000000,86400000000,85976179180,85982555744,6376564
82800000000,86400000000,85982555744,85984371109,1815365
82800000000,86400000000,85984371109,85984405323,34214
82800000000,86400000000,85984405323,85984405326,3
82800000000,86400000000,85984405326,85986230075,1824749
82800000000,86400000000,85986230075,85986276968,46893
82800000000,86400000000,85986276968,85990089371,3812403
82800000000,86400000000,85990089371,85997985695,7896324
82800000000,86400000000,85997985695,85997986584,889
82800000000,86400000000,85997986584,85997986604,20
82800000000,86400000000,85997986604,85997986698,94
82800000000,86400000000,85997986698,86001329417,3342719
82800000000,86400000000,86001329417,86001337729,8312
82800000000,86400000000,86001337729,86001337729,0
82800000000,86400000000,86001337729,86003103208,1765479
82800000000,86400000000,86003103208,86003103212,4
82800000000,86400000000,86003103212,86003103213,1
82800000000,86400000000,86003103213,86003103214,1
82800000000,86400000000,86003103214,86004290432,1187218
82800000000,86400000000,86004290432,86004290654,222
82800000000,86400000000,86004290654,86004291246,592
82800000000,86400000000,86004291246,86005871626,1580380
82800000000,86400000000,86005871626,86005882663,11037
82800000000,86400000000,86005882663,86005884098,1435
82800000000,86400000000,86005884098,86005884104,6
82800000000,86400000000,86005884104,86008172365,2288261
82800000000,86400000000,86008172365,86012668710,4496345
82800000000,86400000000,86012668710,86012669048,338
82800000000,86400000000,86012669048,86015926537,3257489
82800000000,86400000000,86015926537,86019641385,3714848
82800000000,86400000000,86019641385,86019646451,5066
82800000000,86400000000,86019646451,86019662508,16057
82800000000,86400000000,86019662508,86021391595,1729087
82800000000,86400000000,86021391595,86022326660,935065
82800000000,86400000000,86022326660,86022326737,77
82800000000,86400000000,86022326737,86022326740,3
82800000000,86400000000,86022326740,86022326741,1
82800000000,86400000000,86022326741,86022327808,1067
82800000000,86400000000,86022327808,86022327812,4
82800000000,86400000000,86022327812,86024404934,2077122
82800000000,86400000000,86024404934,86026418738,2013804
82800000000,86400000000,86026418738,86026443885,25147
82800000000,86400000000,86026443885,86026444083,198
82800000000,86400000000,86026444083,86029049283,2605200
82800000000,86400000000,86029049283,86034367228,5317945
82800000000,86400000000,86034367228,86041486135,7118907
82800000000,86400000000,86041486135,86041498184,12049
82800000000,86400000000,86041498184,86045129123,3630939
82800000000,86400000000,86045129123,86045129128,5
82800000000,86400000000,86045129128,86045129366,238
82800000000,86400000000,86045129366,86045203132,73766
82800000000,86400000000,86045203132,86045217713,14581
82800000000,86400000000,86045217713,86046015547,797834
82800000000,86400000000,86046015547,86047066942,1051395
82800000000,86400000000,86047066942,86047253831,186889
82800000000,86400000000,86047253831,86048065529,811698
82800000000,86400000000,86048065529,86049775649,1710120
82800000000,86400000000,86049775649,86049775883,234
82800000000,86400000000,86049775883,86049775894,11
82800000000,86400000000,86049775894,86052267340,2491446
82800000000,86400000000,86052267340,86052267369,29
82800000000,86400000000,86052267369,86052362979,95610
82800000000,86400000000,86052362979,86052363087,108
82800000000,86400000000,86052363087,86052363092,5
82800000000,86400000000,86052363092,86052363103,11
82800000000,86400000000,86052363103,86060728107,8365004
82800000000,86400000000,86060728107,86060756306,28199
82800000000,86400000000,86060756306,86062688652,1932346
82800000000,86400000000,86062688652,86062688655,3
82800000000,86400000000,86062688655,86062688656,1
82800000000,86400000000,86062688656,86064622331,1933675
82800000000,86400000000,86064622331,86064628486,6155
82800000000,86400000000,86064628486,86069593776,4965290
82800000000,86400000000,86069593776,86073748914,4155138
82800000000,86400000000,86073748914,86074747740,998826
82800000000,86400000000,86074747740,86075791877,1044137
82800000000,86400000000,86075791877,86094339333,18547456
82800000000,86400000000,86094339333,86094347940,8607
82800000000,86400000000,86094347940,86094350837,2897
82800000000,86400000000,86094350837,86094353987,3150
82800000000,86400000000,86094353987,86094355809,1822
82800000000,86400000000,86094355809,86094358227,2418
82800000000,86400000000,86094358227,86094360896,2669
82800000000,86400000000,86094360896,86095319050,958154
82800000000,86400000000,86095319050,86099076616,3757566
82800000000,86400000000,86099076616,86099076629,13
82800000000,86400000000,86099076629,86099076650,21
82800000000,86400000000,86099076650,86099076674,24
82800000000,86400000000,86099076674,86099076690,16
82800000000,86400000000,86099076690,86099076710,20
82800000000,86400000000,86099076710,86099076721,11
82800000000,86400000000,86099076721,86099077505,784
82800000000,86400000000,86099077505,86101233148,2155643
82800000000,86400000000,86101233148,86104621839,3388691
82800000000,86400000000,86104621839,86106231560,1609721
82800000000,86400000000,86106231560,86107147492,915932
82800000000,86400000000,86107147492,86107203565,56073
82800000000,86400000000,86107203565,86109200986,1997421
82800000000,86400000000,86109200986,86126616654,17415668
82800000000,86400000000,86126616654,86127876946,1260292
82800000000,86400000000,86127876946,86127876948,2
82800000000,86400000000,86127876948,86129716922,1839974
82800000000,86400000000,86129716922,86129753642,36720
82800000000,86400000000,86129753642,86129759486,5844
82800000000,86400000000,86129759486,86129763756,4270
82800000000,86400000000,86129763756,86129765891,2135
82800000000,86400000000,86129765891,86129768061,2170
82800000000,86400000000,86129768061,86129773080,5019
82800000000,86400000000,86129773080,86131492206,1719126
82800000000,86400000000,86131492206,86131492232,26
82800000000,86400000000,86131492232,86131492264,32
82800000000,86400000000,86131492264,86131492274,10
82800000000,86400000000,86131492274,86131492286,12
82800000000,86400000000,86131492286,86151789469,20297183
82800000000,86400000000,86151789469,86157296141,5506672
82800000000,86400000000,86157296141,86158194380,898239
82800000000,86400000000,86158194380,86160744016,2549636
82800000000,86400000000,86160744016,86161593936,849920
82800000000,86400000000,86161593936,86162437003,843067
82800000000,86400000000,86162437003,86166387738,3950735
82800000000,86400000000,86166387738,86168400343,2012605
82800000000,86400000000,86168400343,86168401072,729
82800000000,86400000000,86168401072,86169398713,997641
82800000000,86400000000,86169398713,86169398949,236
82800000000,86400000000,86169398949,86169398952,3
82800000000,86400000000,86169398952,86172866608,3467656
82800000000,86400000000,86172866608,86172900983,34375
82800000000,86400000000,86172900983,86172904099,3116
82800000000,86400000000,86172904099,86174488248,1584149
82800000000,86400000000,86174488248,86177086342,2598094
82800000000,86400000000,86177086342,86179158020,2071678
82800000000,86400000000,86179158020,86185817132,6659112
82800000000,86400000000,86185817132,86187364507,1547375
82800000000,86400000000,86187364507,86187514708,150201
82800000000,86400000000,86187514708,86187514787,79
82800000000,86400000000,86187514787,86187514792,5
82800000000,86400000000,86187514792,86187514797,5
82800000000,86400000000,86187514797,86188766207,1251410
82800000000,86400000000,86188766207,86188766376,169
82800000000,86400000000,86188766376,86188766381,5
82800000000,86400000000,86188766381,86188766386,5
82800000000,86400000000,86188766386,86189608483,842097
82800000000,86400000000,86189608483,86189611271,2788
82800000000,86400000000,86189611271,86190504469,893198
82800000000,86400000000,86190504469,86190505066,597
82800000000,86400000000,86190505066,86190505266,200
82800000000,86400000000,86190505266,86191343532,838266
82800000000,86400000000,86191343532,86191343536,4
82800000000,86400000000,86191343536,86191343556,20
82800000000,86400000000,86191343556,86191451472,107916
82800000000,86400000000,86191451472,86192265622,814150
82800000000,86400000000,86192265622,86195019369,2753747
82800000000,86400000000,86195019369,86195026080,6711
82800000000,86400000000,86195026080,86195921269,895189
82800000000,86400000000,86195921269,86196812634,891365
82800000000,86400000000,86196812634,86201686304,4873670
82800000000,86400000000,86201686304,86203635152,1948848
82800000000,86400000000,86203635152,86204538767,903615
82800000000,86400000000,86204538767,86204543343,4576
82800000000,86400000000,86204543343,86206362528,1819185
82800000000,86400000000,86206362528,86207257386,894858
82800000000,86400000000,86207257386,86208933772,1676386
82800000000,86400000000,86208933772,86209825897,892125
82800000000,86400000000,86209825897,86216653689,6827792
82800000000,86400000000,86216653689,86217527531,873842
82800000000,86400000000,86217527531,86219398161,1870630
82800000000,86400000000,86219398161,86220262992,864831
82800000000,86400000000,86220262992,86220266340,3348
82800000000,86400000000,86220266340,86220275265,8925
82800000000,86400000000,86220275265,86220275324,59
82800000000,86400000000,86220275324,86220275331,7
82800000000,86400000000,86220275331,86220275336,5
82800000000,86400000000,86220275336,86221277664,1002328
82800000000,86400000000,86221277664,86222432459,1154795
82800000000,86400000000,86222432459,86222432462,3
82800000000,86400000000,86222432462,86222432463,1
82800000000,86400000000,86222432463,86222432691,228
82800000000,86400000000,86222432691,86225903944,3471253
82800000000,86400000000,86225903944,86225903981,37
82800000000,86400000000,86225903981,86225910013,6032
82800000000,86400000000,86225910013,86239365457,13455444
82800000000,86400000000,86239365457,86239373024,7567
82800000000,86400000000,86239373024,86239406888,33864
82800000000,86400000000,86239406888,86240299696,892808
82800000000,86400000000,86240299696,86241197772,898076
82800000000,86400000000,86241197772,86241197777,5
82800000000,86400000000,86241197777,86241197778,1
82800000000,86400000000,86241197778,86241197779,1
82800000000,86400000000,86241197779,86241199796,2017
82800000000,86400000000,86241199796,86245759625,4559829
82800000000,86400000000,86245759625,86247641332,1881707
82800000000,86400000000,86247641332,86247641458,126
82800000000,86400000000,86247641458,86253890712,6249254
82800000000,86400000000,86253890712,86255574582,1683870
82800000000,86400000000,86255574582,86255575967,1385
82800000000,86400000000,86255575967,86255575983,16
82800000000,86400000000,86255575983,86259312120,3736137
82800000000,86400000000,86259312120,86259405940,93820
82800000000,86400000000,86259405940,86260401245,995305
82800000000,86400000000,86260401245,86262290197,1888952
82800000000,86400000000,86262290197,86265865058,3574861
82800000000,86400000000,86265865058,86265866295,1237
82800000000,86400000000,86265866295,86265982434,116139
82800000000,86400000000,86265982434,86265982492,58
82800000000,86400000000,86265982492,86265983442,950
82800000000,86400000000,86265983442,86265983519,77
82800000000,86400000000,86265983519,86271226262,5242743
82800000000,86400000000,86271226262,86288662714,17436452
82800000000,86400000000,86288662714,86293327129,4664415
82800000000,86400000000,86293327129,86294343794,1016665
82800000000,86400000000,86294343794,86295505644,1161850
82800000000,86400000000,86295505644,86295511040,5396
82800000000,86400000000,86295511040,86295511047,7
82800000000,86400000000,86295511047,86300238882,4727835
82800000000,86400000000,86300238882,86300239034,152
82800000000,86400000000,86300239034,86300239044,10
82800000000,86400000000,86300239044,86301318484,1079440
82800000000,86400000000,86301318484,86302514306,1195822
82800000000,86400000000,86302514306,86303669503,1155197
82800000000,86400000000,86303669503,86305082212,1412709
82800000000,86400000000,86305082212,86306194539,1112327
82800000000,86400000000,86306194539,86311054312,4859773
82800000000,86400000000,86311054312,86313316422,2262110
82800000000,86400000000,86313316422,86315260288,1943866
82800000000,86400000000,86315260288,86325794501,10534213
82800000000,86400000000,86325794501,86326792237,997736
82800000000,86400000000,86326792237,86327901942,1109705
82800000000,86400000000,86327901942,86327901946,4
82800000000,86400000000,86327901946,86327901947,1
82800000000,86400000000,86327901947,86327901948,1
82800000000,86400000000,86327901948,86328952822,1050874
82800000000,86400000000,86328952822,86328952847,25
82800000000,86400000000,86328952847,86328953336,489
82800000000,86400000000,86328953336,86331411024,2457688
82800000000,86400000000,86331411024,86333253703,1842679
82800000000,86400000000,86333253703,86339779357,6525654
82800000000,86400000000,86339779357,86339780150,793
82800000000,86400000000,86339780150,86339780155,5
82800000000,86400000000,86339780155,86343648917,3868762
82800000000,86400000000,86343648917,86343651440,2523
82800000000,86400000000,86343651440,86343657591,6151
82800000000,86400000000,86343657591,86343664518,6927
82800000000,86400000000,86343664518,86343666731,2213
82800000000,86400000000,86343666731,86345550166,1883435
82800000000,86400000000,86345550166,86345550177,11
82800000000,86400000000,86345550177,86345550190,13
82800000000,86400000000,86345550190,86345550215,25
82800000000,86400000000,86345550215,86345550219,4
82800000000,86400000000,86345550219,86345550220,1
82800000000,86400000000,86345550220,86345550221,1
82800000000,86400000000,86345550221,86345550305,84
82800000000,86400000000,86345550305,86345576589,26284
82800000000,86400000000,86345576589,86346867180,1290591
82800000000,86400000000,86346867180,86346867235,55
82800000000,86400000000,86346867235,86346867509,274
82800000000,86400000000,86346867509,86347839193,971684
82800000000,86400000000,86347839193,86348765707,926514
82800000000,86400000000,86348765707,86360180487,11414780
82800000000,86400000000,86360180487,86362263194,2082707
82800000000,86400000000,86362263194,86364928022,2664828
82800000000,86400000000,86364928022,86365835214,907192
82800000000,86400000000,86365835214,86365958405,123191
82800000000,86400000000,86365958405,86365981556,23151
82800000000,86400000000,86365981556,86372784643,6803087
82800000000,86400000000,86372784643,86373639960,855317
82800000000,86400000000,86373639960,86373639987,27
82800000000,86400000000,86373639987,86373640010,23
82800000000,86400000000,86373640010,86375900465,2260455
82800000000,86400000000,86375900465,86377511862,1611397
82800000000,86400000000,86377511862,86377511862,0
82800000000,86400000000,86377511862,86378477749,965887
82800000000,86400000000,86378477749,86378478008,259
82800000000,86400000000,86378478008,86378478013,5
82800000000,86400000000,86378478013,86383403364,4925351
82800000000,86400000000,86383403364,86385241055,1837691
82800000000,86400000000,86385241055,86392015731,6774676
82800000000,86400000000,86392015731,86395253310,3237579
86400000000,90000000000,86401839076,86403024860,1185784
86400000000,90000000000,86403024860,86403028588,3728
86400000000,90000000000,86403028588,86406805661,3777073
86400000000,90000000000,86406805661,86406805665,4
86400000000,90000000000,86406805665,86406805842,177
86400000000,90000000000,86406805842,86406807113,1271
86400000000,90000000000,86406807113,86408069317,1262204
86400000000,90000000000,86408069317,86409326585,1257268
86400000000,90000000000,86409326585,86409476478,149893
86400000000,90000000000,86409476478,86410654861,1178383
86400000000,90000000000,86410654861,86411777610,1122749
86400000000,90000000000,86411777610,86411917332,139722
86400000000,90000000000,86411917332,86415017877,3100545
86400000000,90000000000,86415017877,86418559912,3542035
86400000000,90000000000,86418559912,86418644956,85044
86400000000,90000000000,86418644956,86425969356,7324400
86400000000,90000000000,86425969356,86431371841,5402485
86400000000,90000000000,86431371841,86431371843,2
86400000000,90000000000,86431371843,86433386636,2014793
86400000000,90000000000,86433386636,86434800876,1414240
86400000000,90000000000,86434800876,86434800935,59
86400000000,90000000000,86434800935,86434800940,5
86400000000,90000000000,86434800940,86434800945,5
86400000000,90000000000,86434800945,86442323495,7522550
86400000000,90000000000,86442323495,86442335245,11750
86400000000,90000000000,86442335245,86442341195,5950
86400000000,90000000000,86442341195,86442344956,3761
86400000000,90000000000,86442344956,86442347032,2076
86400000000,90000000000,86442347032,86443587789,1240757
86400000000,90000000000,86443587789,86443588030,241
86400000000,90000000000,86443588030,86444650851,1062821
86400000000,90000000000,86444650851,86444650855,4
86400000000,90000000000,86444650855,86444650856,1
86400000000,90000000000,86444650856,86444650857,1
86400000000,90000000000,86444650857,86444650903,46
86400000000,90000000000,86444650903,86444650907,4
86400000000,90000000000,86444650907,86444650908,1
86400000000,90000000000,86444650908,86444650909,1
86400000000,90000000000,86444650909,86444650952,43
86400000000,90000000000,86444650952,86444650978,26
86400000000,90000000000,86444650978,86444650988,10
86400000000,90000000000,86444650988,86447989547,3338559
86400000000,90000000000,86447989547,86447989764,217
86400000000,90000000000,86447989764,86447990012,248
86400000000,90000000000,86447990012,86447990278,266
86400000000,90000000000,86447990278,86447991084,806
86400000000,90000000000,86447991084,86447991109,25
86400000000,90000000000,86447991109,86449694020,1702911
86400000000,90000000000,86449694020,86451862675,2168655
86400000000,90000000000,86451862675,86451862679,4
86400000000,90000000000,86451862679,86451862717,38
86400000000,90000000000,86451862717,86451862722,5
86400000000,90000000000,86451862722,86453010548,1147826
86400000000,90000000000,86453010548,86474859471,21848923
86400000000,90000000000,86474859471,86482742584,7883113
86400000000,90000000000,86482742584,86488042807,5300223
86400000000,90000000000,86488042807,86489193246,1150439
86400000000,90000000000,86489193246,86489193303,57
86400000000,90000000000,86489193303,86489193308,5
86400000000,90000000000,86489193308,86493900496,4707188
86400000000,90000000000,86493900496,86493901016,520
86400000000,90000000000,86493901016,86493901173,157
86400000000,90000000000,86493901173,86506024525,12123352
86400000000,90000000000,86506024525,86507719090,1694565
86400000000,90000000000,86507719090,86507725626,6536
86400000000,90000000000,86507725626,86507727903,2277
86400000000,90000000000,86507727903,86507729761,1858
86400000000,90000000000,86507729761,86507731663,1902
86400000000,90000000000,86507731663,86507735899,4236
86400000000,90000000000,86507735899,86507738685,2786
86400000000,90000000000,86507738685,86511675968,3937283
86400000000,90000000000,86511675968,86511675971,3
86400000000,90000000000,86511675971,86511676086,115
86400000000,90000000000,86511676086,86511676099,13
86400000000,90000000000,86511676099,86511676125,26
86400000000,90000000000,86511676125,86511676141,16
86400000000,90000000000,86511676141,86511676154,13
86400000000,90000000000,86511676154,86511676290,136
86400000000,90000000000,86511676290,86511676294,4
86400000000,90000000000,86511676294,86512480603,804309
86400000000,90000000000,86512480603,86514176203,1695600
86400000000,90000000000,86514176203,86514179341,3138
86400000000,90000000000,86514179341,86515538847,1359506
86400000000,90000000000,86515538847,86516295909,757062
86400000000,90000000000,86516295909,86522165405,5869496
86400000000,90000000000,86522165405,86522949220,783815
86400000000,90000000000,86522949220,86522957804,8584
86400000000,90000000000,86522957804,86523705051,747247
86400000000,90000000000,86523705051,86523726121,21070
86400000000,90000000000,86523726121,86523735253,9132
86400000000,90000000000,86523735253,86524568160,832907
86400000000,90000000000,86524568160,86525375342,807182
86400000000,90000000000,86525375342,86525375360,18
86400000000,90000000000,86525375360,86525396527,21167
86400000000,90000000000,86525396527,86526220486,823959
86400000000,90000000000,86526220486,86526590398,369912
86400000000,90000000000,86526590398,86526590401,3
86400000000,90000000000,86526590401,86527346865,756464
86400000000,90000000000,86527346865,86528157113,810248
86400000000,90000000000,86528157113,86528197520,40407
86400000000,90000000000,86528197520,86529829308,1631788
86400000000,90000000000,86529829308,86536551850,6722542
86400000000,90000000000,86536551850,86545699466,9147616
86400000000,90000000000,86545699466,86546659860,960394
86400000000,90000000000,86546659860,86550415369,3755509
86400000000,90000000000,86550415369,86551277318,861949
86400000000,90000000000,86551277318,86552235646,958328
86400000000,90000000000,86552235646,86554021642,1785996
86400000000,90000000000,86554021642,86557983178,3961536
86400000000,90000000000,86557983178,86557983197,19
86400000000,90000000000,86557983197,86557984642,1445
86400000000,90000000000,86557984642,86559373628,1388986
86400000000,90000000000,86559373628,86563591323,4217695
86400000000,90000000000,86563591323,86563597133,5810
86400000000,90000000000,86563597133,86563657997,60864
86400000000,90000000000,86563657997,86565277106,1619109
86400000000,90000000000,86565277106,86565278078,972
86400000000,90000000000,86565278078,86565278094,16
86400000000,90000000000,86565278094,86567919568,2641474
86400000000,90000000000,86567919568,86572796746,4877178
86400000000,90000000000,86572796746,86572796746,0
86400000000,90000000000,86572796746,86576373179,3576433
86400000000,90000000000,86576373179,86576373200,21
86400000000,90000000000,86576373200,86576393358,20158
86400000000,90000000000,86576393358,86576393363,5
86400000000,90000000000,86576393363,86576393368,5
86400000000,90000000000,86576393368,86577251584,858216
86400000000,90000000000,86577251584,86577350623,99039
86400000000,90000000000,86577350623,86582918859,5568236
86400000000,90000000000,86582918859,86584843719,1924860
86400000000,90000000000,86584843719,86595701260,10857541
86400000000,90000000000,86595701260,86595701260,0
86400000000,90000000000,86595701260,86601713857,6012597
86400000000,90000000000,86601713857,86601765601,51744
86400000000,90000000000,86601765601,86608343423,6577822
86400000000,90000000000,86608343423,86608343426,3
86400000000,90000000000,86608343426,86608343435,9
86400000000,90000000000,86608343435,86609608753,1265318
86400000000,90000000000,86609608753,86609684171,75418
86400000000,90000000000,86609684171,86612023040,2338869
86400000000,90000000000,86612023040,86612033951,10911
86400000000,90000000000,86612033951,86613144360,1110409
86400000000,90000000000,86613144360,86619168990,6024630
86400000000,90000000000,86619168990,86620378401,1209411
86400000000,90000000000,86620378401,86620378551,150
86400000000,90000000000,86620378551,86620378556,5
86400000000,90000000000,86620378556,86621365543,986987
86400000000,90000000000,86621365543,86621510238,144695
86400000000,90000000000,86621510238,86627026639,5516401
86400000000,90000000000,86627026639,86631667363,4640724
86400000000,90000000000,86631667363,86633574759,1907396
86400000000,90000000000,86633574759,86634331902,757143
86400000000,90000000000,86634331902,86634351159,19257
86400000000,90000000000,86634351159,86636426116,2074957
86400000000,90000000000,86636426116,86636426120,4
86400000000,90000000000,86636426120,86636469837,43717
86400000000,90000000000,86636469837,86637457829,987992
86400000000,90000000000,86637457829,86637457834,5
86400000000,90000000000,86637457834,86638466721,1008887
86400000000,90000000000,86638466721,86642254352,3787631
86400000000,90000000000,86642254352,86642266546,12194
86400000000,90000000000,86642266546,86645740726,3474180
86400000000,90000000000,86645740726,86647818752,2078026
86400000000,90000000000,86647818752,86647861890,43138
86400000000,90000000000,86647861890,86658768683,10906793
86400000000,90000000000,86658768683,86659642544,873861
86400000000,90000000000,86659642544,86659643117,573
86400000000,90000000000,86659643117,86663229941,3586824
86400000000,90000000000,86663229941,86663230501,560
86400000000,90000000000,86663230501,86664907164,1676663
86400000000,90000000000,86664907164,86665817156,909992
86400000000,90000000000,86665817156,86675663132,9845976
86400000000,90000000000,86675663132,86685480240,9817108
86400000000,90000000000,86685480240,86689008500,3528260
86400000000,90000000000,86689008500,86690971594,1963094
86400000000,90000000000,86690971594,86690971597,3
86400000000,90000000000,86690971597,86691787618,816021
86400000000,90000000000,86691787618,86692674431,886813
86400000000,90000000000,86692674431,86695106210,2431779
86400000000,90000000000,86695106210,86702829129,7722919
86400000000,90000000000,86702829129,86704526821,1697692
86400000000,90000000000,86704526821,86704564498,37677
86400000000,90000000000,86704564498,86706610827,2046329
86400000000,90000000000,86706610827,86707451038,840211
86400000000,90000000000,86707451038,86707482067,31029
86400000000,90000000000,86707482067,86707484833,2766
86400000000,90000000000,86707484833,86707487033,2200
86400000000,90000000000,86707487033,86710191002,2703969
86400000000,90000000000,86710191002,86710191015,13
86400000000,90000000000,86710191015,86710191028,13
86400000000,90000000000,86710191028,86710191096,68
86400000000,90000000000,86710191096,86715297452,5106356
86400000000,90000000000,86715297452,86716163608,866156
86400000000,90000000000,86716163608,86717022708,859100
86400000000,90000000000,86717022708,86717041417,18709
86400000000,90000000000,86717041417,86718771335,1729918
86400000000,90000000000,86718771335,86718801000,29665
86400000000,90000000000,86718801000,86719702370,901370
86400000000,90000000000,86719702370,86720536228,833858
86400000000,90000000000,86720536228,86723675323,3139095
86400000000,90000000000,86723675323,86725076775,1401452
86400000000,90000000000,86725076775,86725076777,2
86400000000,90000000000,86725076777,86725955344,878567
86400000000,90000000000,86725955344,86726011799,56455
86400000000,90000000000,86726011799,86726948906,937107
86400000000,90000000000,86726948906,86739609453,12660547
86400000000,90000000000,86739609453,86741189774,1580321
86400000000,90000000000,86741189774,86748258928,7069154
86400000000,90000000000,86748258928,86748258977,49
86400000000,90000000000,86748258977,86748258982,5
86400000000,90000000000,86748258982,86748258989,7
86400000000,90000000000,86748258989,86750986958,2727969
86400000000,90000000000,86750986958,86750986961,3
86400000000,90000000000,86750986961,86753303626,2316665
86400000000,90000000000,86753303626,86757999754,4696128
86400000000,90000000000,86757999754,86759737494,1737740
86400000000,90000000000,86759737494,86765778447,6040953
86400000000,90000000000,86765778447,86765778450,3
86400000000,90000000000,86765778450,86765778532,82
86400000000,90000000000,86765778532,86770717792,4939260
86400000000,90000000000,86770717792,86771639839,922047
86400000000,90000000000,86771639839,86771639876,37
86400000000,90000000000,86771639876,86771639881,5
86400000000,90000000000,86771639881,86771640860,979
86400000000,90000000000,86771640860,86772689907,1049047
86400000000,90000000000,86772689907,86772689911,4
86400000000,90000000000,86772689911,86772689912,1
86400000000,90000000000,86772689912,86772689913,1
86400000000,90000000000,86772689913,86772745439,55526
86400000000,90000000000,86772745439,86772745442,3
86400000000,90000000000,86772745442,86774508765,1763323
86400000000,90000000000,86774508765,86774508958,193
86400000000,90000000000,86774508958,86774509389,431
86400000000,90000000000,86774509389,86775425141,915752
86400000000,90000000000,86775425141,86780391848,4966707
86400000000,90000000000,86780391848,86780404934,13086
86400000000,90000000000,86780404934,86782117178,1712244
86400000000,90000000000,86782117178,86783020344,903166
86400000000,90000000000,86783020344,86783022860,2516
86400000000,90000000000,86783022860,86784821690,1798830
86400000000,90000000000,86784821690,86784821703,13
86400000000,90000000000,86784821703,86791361438,6539735
86400000000,90000000000,86791361438,86796063318,4701880
86400000000,90000000000,86796063318,86796065908,2590
86400000000,90000000000,86796065908,86797644722,1578814
86400000000,90000000000,86797644722,86797644733,11
86400000000,90000000000,86797644733,86809685407,12040674
86400000000,90000000000,86809685407,86809702335,16928
86400000000,90000000000,86809702335,86811769832,2067497
86400000000,90000000000,86811769832,86827071553,15301721
86400000000,90000000000,86827071553,86828735714,1664161
86400000000,90000000000,86828735714,86828735718,4
86400000000,90000000000,86828735718,86829577892,842174
86400000000,90000000000,86829577892,86829625696,47804
86400000000,90000000000,86829625696,86829625990,294
86400000000,90000000000,86829625990,86832640313,3014323
86400000000,90000000000,86832640313,86835168743,2528430
86400000000,90000000000,86835168743,86842226008,7057265
86400000000,90000000000,86842226008,86842226325,317
86400000000,90000000000,86842226325,86842226330,5
86400000000,90000000000,86842226330,86845746077,3519747
86400000000,90000000000,86845746077,86845762376,16299
86400000000,90000000000,86845762376,86847469091,1706715
86400000000,90000000000,86847469091,86847469256,165
86400000000,90000000000,86847469256,86847469260,4
86400000000,90000000000,86847469260,86847469261,1
86400000000,90000000000,86847469261,86847469262,1
86400000000,90000000000,86847469262,86849223908,1754646
86400000000,90000000000,86849223908,86849223945,37
86400000000,90000000000,86849223945,86849224430,485
86400000000,90000000000,86849224430,86854858905,5634475
86400000000,90000000000,86854858905,86854859149,244
86400000000,90000000000,86854859149,86854859154,5
86400000000,90000000000,86854859154,86859040998,4181844
86400000000,90000000000,86859040998,86865496756,6455758
86400000000,90000000000,86865496756,86865515560,18804
86400000000,90000000000,86865515560,86867203847,1688287
86400000000,90000000000,86867203847,86867203850,3
86400000000,90000000000,86867203850,86867203851,1
86400000000,90000000000,86867203851,86867204922,1071
86400000000,90000000000,86867204922,86869920766,2715844
86400000000,90000000000,86869920766,86869943828,23062
86400000000,90000000000,86869943828,86870667367,723539
86400000000,90000000000,86870667367,86872533348,1865981
86400000000,90000000000,86872533348,86874361735,1828387
86400000000,90000000000,86874361735,86881256506,6894771
86400000000,90000000000,86881256506,86881274453,17947
86400000000,90000000000,86881274453,86883094866,1820413
86400000000,90000000000,86883094866,86883125537,30671
86400000000,90000000000,86883125537,86886456746,3331209
86400000000,90000000000,86886456746,86886456750,4
86400000000,90000000000,86886456750,86886456751,1
86400000000,90000000000,86886456751,86887379998,923247
86400000000,90000000000,86887379998,86887384208,4210
86400000000,90000000000,86887384208,86899801162,12416954
86400000000,90000000000,86899801162,86901927140,2125978
86400000000,90000000000,86901927140,86901965650,38510
86400000000,90000000000,86901965650,86903038117,1072467
86400000000,90000000000,86903038117,86904078783,1040666
86400000000,90000000000,86904078783,86905769545,1690762
86400000000,90000000000,86905769545,86910791465,5021920
86400000000,90000000000,86910791465,86910801823,10358
86400000000,90000000000,86910801823,86912750303,1948480
86400000000,90000000000,86912750303,86914672206,1921903
86400000000,90000000000,86914672206,86921884877,7212671
86400000000,90000000000,86921884877,86928235252,6350375
86400000000,90000000000,86928235252,86930336666,2101414
86400000000,90000000000,86930336666,86933089467,2752801
86400000000,90000000000,86933089467,86933090028,561
86400000000,90000000000,86933090028,86933090035,7
86400000000,90000000000,86933090035,86935533335,2443300
86400000000,90000000000,86935533335,86936511498,978163
86400000000,90000000000,86936511498,86936511652,154
86400000000,90000000000,86936511652,86936511699,47
86400000000,90000000000,86936511699,86936511704,5
86400000000,90000000000,86936511704,86937542301,1030597
86400000000,90000000000,86937542301,86937542838,537
86400000000,90000000000,86937542838,86937542843,5
86400000000,90000000000,86937542843,86937543537,694
86400000000,90000000000,86937543537,86937543606,69
86400000000,90000000000,86937543606,86937543611,5
86400000000,90000000000,86937543611,86937543620,9
86400000000,90000000000,86937543620,86946545236,9001616
86400000000,90000000000,86946545236,86953921962,7376726
86400000000,90000000000,86953921962,86953922071,109
86400000000,90000000000,86953922071,86953922076,5
86400000000,90000000000,86953922076,86953922081,5
86400000000,90000000000,86953922081,86954979353,1057272
86400000000,90000000000,86954979353,86957493132,2513779
86400000000,90000000000,86957493132,86959309115,1815983
86400000000,90000000000,86959309115,86960898267,1589152
86400000000,90000000000,86960898267,86962117542,1219275
86400000000,90000000000,86962117542,86965745088,3627546
86400000000,90000000000,86965745088,86965761072,15984
86400000000,90000000000,86965761072,86965763406,2334
86400000000,90000000000,86965763406,86965773890,10484
86400000000,90000000000,86965773890,86966734630,960740
86400000000,90000000000,86966734630,86966792433,57803
86400000000,90000000000,86966792433,86967708544,916111
86400000000,90000000000,86967708544,86967708579,35
86400000000,90000000000,86967708579,86967708595,16
86400000000,90000000000,86967708595,86973944728,6236133
86400000000,90000000000,86973944728,86973944997,269
86400000000,90000000000,86973944997,86973945002,5
86400000000,90000000000,86973945002,86978486788,4541786
86400000000,90000000000,86978486788,86978491371,4583
86400000000,90000000000,86978491371,86979373238,881867
86400000000,90000000000,86979373238,86980295284,922046
86400000000,90000000000,86980295284,86983145106,2849822
86400000000,90000000000,86983145106,86995838147,12693041
86400000000,90000000000,86995838147,86997579383,1741236
86400000000,90000000000,86997579383,86999227326,1647943
86400000000,90000000000,86999227326,87001691722,2464396
86400000000,90000000000,87001691722,87006815935,5124213
86400000000,90000000000,87006815935,87006821054,5119
86400000000,90000000000,87006821054,87007672370,851316
86400000000,90000000000,87007672370,87007672706,336
86400000000,90000000000,87007672706,87008520551,847845
86400000000,90000000000,87008520551,87008520580,29
86400000000,90000000000,87008520580,87008520584,4
86400000000,90000000000,87008520584,87008520585,1
86400000000,90000000000,87008520585,87008543601,23016
86400000000,90000000000,87008543601,87009432591,888990
86400000000,90000000000,87009432591,87009433535,944
86400000000,90000000000,87009433535,87010372537,939002
86400000000,90000000000,87010372537,87011195548,823011
86400000000,90000000000,87011195548,87011197931,2383
86400000000,90000000000,87011197931,87011984988,787057
86400000000,90000000000,87011984988,87013090375,1105387
86400000000,90000000000,87013090375,87013090386,11
86400000000,90000000000,87013090386,87013963556,873170
86400000000,90000000000,87013963556,87013973064,9508
86400000000,90000000000,87013973064,87015473906,1500842
86400000000,90000000000,87015473906,87016364751,890845
86400000000,90000000000,87016364751,87018332729,1967978
86400000000,90000000000,87018332729,87019143672,810943
86400000000,90000000000,87019143672,87022569439,3425767
86400000000,90000000000,87022569439,87022569492,53
86400000000,90000000000,87022569492,87022569498,6
86400000000,90000000000,87022569498,87022569504,6
86400000000,90000000000,87022569504,87026877367,4307863
86400000000,90000000000,87026877367,87026905971,28604
86400000000,90000000000,87026905971,87026909293,3322
86400000000,90000000000,87026909293,87026911237,1944
86400000000,90000000000,87026911237,87026913406,2169
86400000000,90000000000,87026913406,87028782302,1868896
86400000000,90000000000,87028782302,87028782312,10
86400000000,90000000000,87028782312,87028782324,12
86400000000,90000000000,87028782324,87028782337,13
86400000000,90000000000,87028782337,87028782349,12
86400000000,90000000000,87028782349,87032037960,3255611
86400000000,90000000000,87032037960,87034588082,2550122
86400000000,90000000000,87034588082,87034588109,27
86400000000,90000000000,87034588109,87034588114,5
86400000000,90000000000,87034588114,87042823093,8234979
86400000000,90000000000,87042823093,87046603954,3780861
86400000000,90000000000,87046603954,87046624244,20290
86400000000,90000000000,87046624244,87048710165,2085921
86400000000,90000000000,87048710165,87048710169,4
86400000000,90000000000,87048710169,87048710170,1
86400000000,90000000000,87048710170,87048710171,1
86400000000,90000000000,87048710171,87049907432,1197261
86400000000,90000000000,87049907432,87049907639,207
86400000000,90000000000,87049907639,87049907922,283
86400000000,90000000000,87049907922,87053050258,3142336
86400000000,90000000000,87053050258,87054290151,1239893
86400000000,90000000000,87054290151,87054290153,2
86400000000,90000000000,87054290153,87055112605,822452
86400000000,90000000000,87055112605,87055112776,171
86400000000,90000000000,87055112776,87055912626,799850
86400000000,90000000000,87055912626,87057610799,1698173
86400000000,90000000000,87057610799,87058511691,900892
86400000000,90000000000,87058511691,87059392426,880735
86400000000,90000000000,87059392426,87059394646,2220
86400000000,90000000000,87059394646,87060609663,1215017
86400000000,90000000000,87060609663,87061481213,871550
86400000000,90000000000,87061481213,87061481224,11
86400000000,90000000000,87061481224,87061515873,34649
86400000000,90000000000,87061515873,87061527012,11139
86400000000,90000000000,87061527012,87063087171,1560159
86400000000,90000000000,87063087171,87063087344,173
86400000000,90000000000,87063087344,87063120776,33432
86400000000,90000000000,87063120776,87063128323,7547
86400000000,90000000000,87063128323,87063950975,822652
86400000000,90000000000,87063950975,87064776900,825925
86400000000,90000000000,87064776900,87064810399,33499
86400000000,90000000000,87064810399,87065599153,788754
86400000000,90000000000,87065599153,87065623815,24662
86400000000,90000000000,87065623815,87066374126,750311
86400000000,90000000000,87066374126,87067147689,773563
86400000000,90000000000,87067147689,87068799600,1651911
86400000000,90000000000,87068799600,87075478337,6678737
86400000000,90000000000,87075478337,87078061177,2582840
86400000000,90000000000,87078061177,87078083612,22435
86400000000,90000000000,87078083612,87078090200,6588
86400000000,90000000000,87078090200,87078093400,3200
86400000000,90000000000,87078093400,87081596168,3502768
86400000000,90000000000,87081596168,87081596184,16
86400000000,90000000000,87081596184,87082425253,829069
86400000000,90000000000,87082425253,87082425256,3
86400000000,90000000000,87082425256,87082425257,1
86400000000,90000000000,87082425257,87082426334,1077
86400000000,90000000000,87082426334,87082426337,3
86400000000,90000000000,87082426337,87082426338,1
86400000000,90000000000,87082426338,87082427471,1133
86400000000,90000000000,87082427471,87082429900,2429
86400000000,90000000000,87082429900,87083337341,907441
86400000000,90000000000,87083337341,87084908716,1571375
86400000000,90000000000,87084908716,87084917964,9248
86400000000,90000000000,87084917964,87084934721,16757
86400000000,90000000000,87084934721,87085776275,841554
86400000000,90000000000,87085776275,87085792674,16399
86400000000,90000000000,87085792674,87085816589,23915
86400000000,90000000000,87085816589,87088240926,2424337
86400000000,90000000000,87088240926,87088263548,22622
86400000000,90000000000,87088263548,87088290730,27182
86400000000,90000000000,87088290730,87088290747,17
86400000000,90000000000,87088290747,87093696715,5405968
86400000000,90000000000,87093696715,87097700479,4003764
86400000000,90000000000,87097700479,87097700618,139
86400000000,90000000000,87097700618,87097700626,8
86400000000,90000000000,87097700626,87098879389,1178763
86400000000,90000000000,87098879389,87100889841,2010452
86400000000,90000000000,87100889841,87100889845,4
86400000000,90000000000,87100889845,87100889846,1
86400000000,90000000000,87100889846,87102819035,1929189
86400000000,90000000000,87102819035,87102820085,1050
86400000000,90000000000,87102820085,87113147636,10327551
86400000000,90000000000,87113147636,87113151838,4202
86400000000,90000000000,87113151838,87114148159,996321
86400000000,90000000000,87114148159,87114152701,4542
86400000000,90000000000,87114152701,87116425942,2273241
86400000000,90000000000,87116425942,87119221896,2795954
86400000000,90000000000,87119221896,87119221913,17
86400000000,90000000000,87119221913,87119221931,18
86400000000,90000000000,87119221931,87119221949,18
86400000000,90000000000,87119221949,87119281848,59899
86400000000,90000000000,87119281848,87120480370,1198522
86400000000,90000000000,87120480370,87121613535,1133165
86400000000,90000000000,87121613535,87122994427,1380892
86400000000,90000000000,87122994427,87124069365,1074938
86400000000,90000000000,87124069365,87124069394,29
86400000000,90000000000,87124069394,87124192667,123273
86400000000,90000000000,87124192667,87124212043,19376
86400000000,90000000000,87124212043,87125260892,1048849
86400000000,90000000000,87125260892,87127801471,2540579
86400000000,90000000000,87127801471,87129774243,1972772
86400000000,90000000000,87129774243,87129774596,353
86400000000,90000000000,87129774596,87137413428,7638832
86400000000,90000000000,87137413428,87137413431,3
86400000000,90000000000,87137413431,87140518220,3104789
86400000000,90000000000,87140518220,87141618884,1100664
86400000000,90000000000,87141618884,87155587752,13968868
86400000000,90000000000,87155587752,87157354013,1766261
86400000000,90000000000,87157354013,87173935391,16581378
86400000000,90000000000,87173935391,87184477721,10542330
86400000000,90000000000,87184477721,87192190239,7712518
86400000000,90000000000,87192190239,87193025774,835535
86400000000,90000000000,87193025774,87194680533,1654759
86400000000,90000000000,87194680533,87204927849,10247316
86400000000,90000000000,87204927849,87206542630,1614781
86400000000,90000000000,87206542630,87206573033,30403
86400000000,90000000000,87206573033,87208251842,1678809
86400000000,90000000000,87208251842,87208292951,41109
86400000000,90000000000,87208292951,87208293158,207
86400000000,90000000000,87208293158,87208293163,5
86400000000,90000000000,87208293163,87216119485,7826322
86400000000,90000000000,87216119485,87222109503,5990018
86400000000,90000000000,87222109503,87224408205,2298702
86400000000,90000000000,87224408205,87224408209,4
86400000000,90000000000,87224408209,87224408224,15
86400000000,90000000000,87224408224,87235185108,10776884
86400000000,90000000000,87235185108,87240821555,5636447
86400000000,90000000000,87240821555,87245257403,4435848
86400000000,90000000000,87245257403,87246513562,1256159
86400000000,90000000000,87246513562,87247383912,870350
86400000000,90000000000,87247383912,87248164713,780801
86400000000,90000000000,87248164713,87251508768,3344055
86400000000,90000000000,87251508768,87252370122,861354
86400000000,90000000000,87252370122,87252385081,14959
86400000000,90000000000,87252385081,87253123733,738652
86400000000,90000000000,87253123733,87253155403,31670
86400000000,90000000000,87253155403,87253951689,796286
86400000000,90000000000,87253951689,87253951703,14
86400000000,90000000000,87253951703,87255582210,1630507
86400000000,90000000000,87255582210,87273892125,18309915
86400000000,90000000000,87273892125,87273896358,4233
86400000000,90000000000,87273896358,87275658397,1762039
86400000000,90000000000,87275658397,87275685589,27192
86400000000,90000000000,87275685589,87275696352,10763
86400000000,90000000000,87275696352,87275699323,2971
86400000000,90000000000,87275699323,87275701823,2500
86400000000,90000000000,87275701823,87277379943,1678120
86400000000,90000000000,87277379943,87277379955,12
86400000000,90000000000,87277379955,87277380192,237
86400000000,90000000000,87277380192,87277380209,17
86400000000,90000000000,87277380209,87279630134,2249925
86400000000,90000000000,87279630134,87279636722,6588
86400000000,90000000000,87279636722,87281279168,1642446
86400000000,90000000000,87281279168,87281279247,79
86400000000,90000000000,87281279247,87281311107,31860
86400000000,90000000000,87281311107,87281311301,194
86400000000,90000000000,87281311301,87285355779,4044478
86400000000,90000000000,87285355779,87300973964,15618185
86400000000,90000000000,87300973964,87300979086,5122
86400000000,90000000000,87300979086,87300979678,592
86400000000,90000000000,87300979678,87301947043,967365
86400000000,90000000000,87301947043,87302874648,927605
86400000000,90000000000,87302874648,87305597482,2722834
86400000000,90000000000,87305597482,87308330680,2733198
86400000000,90000000000,87308330680,87309250220,919540
86400000000,90000000000,87309250220,87311023397,1773177
86400000000,90000000000,87311023397,87312256156,1232759
86400000000,90000000000,87312256156,87313982286,1726130
86400000000,90000000000,87313982286,87319781335,5799049
86400000000,90000000000,87319781335,87321472585,1691250
86400000000,90000000000,87321472585,87321479296,6711
86400000000,90000000000,87321479296,87321485572,6276
86400000000,90000000000,87321485572,87321491833,6261
86400000000,90000000000,87321491833,87321497907,6074
86400000000,90000000000,87321497907,87324416524,2918617
86400000000,90000000000,87324416524,87324416528,4
86400000000,90000000000,87324416528,87324416686,158
86400000000,90000000000,87324416686,87324416691,5
86400000000,90000000000,87324416691,87324416815,124
86400000000,90000000000,87324416815,87324416819,4
86400000000,90000000000,87324416819,87324416820,1
86400000000,90000000000,87324416820,87324416860,40
86400000000,90000000000,87324416860,87324416926,66
86400000000,90000000000,87324416926,87327474858,3057932
86400000000,90000000000,87327474858,87327477652,2794
86400000000,90000000000,87327477652,87327477690,38
86400000000,90000000000,87327477690,87327480533,2843
86400000000,90000000000,87327480533,87327711481,230948
86400000000,90000000000,87327711481,87334261139,6549658
86400000000,90000000000,87334261139,87339637228,5376089
86400000000,90000000000,87339637228,87339645598,8370
86400000000,90000000000,87339645598,87339652037,6439
86400000000,90000000000,87339652037,87341327587,1675550
86400000000,90000000000,87341327587,87341327589,2
86400000000,90000000000,87341327589,87342981778,1654189
86400000000,90000000000,87342981778,87342981781,3
86400000000,90000000000,87342981781,87342981914,133
86400000000,90000000000,87342981914,87342982081,167
86400000000,90000000000,87342982081,87343625784,643703
86400000000,90000000000,87343625784,87344695221,1069437
86400000000,90000000000,87344695221,87345602121,906900
86400000000,90000000000,87345602121,87345605455,3334
86400000000,90000000000,87345605455,87346539233,933778
86400000000,90000000000,87346539233,87360315141,13775908
86400000000,90000000000,87360315141,87360325271,10130
86400000000,90000000000,87360325271,87363703127,3377856
86400000000,90000000000,87363703127,87363703190,63
86400000000,90000000000,87363703190,87370221192,6518002
86400000000,90000000000,87370221192,87371220623,999431
86400000000,90000000000,87371220623,87372239856,1019233
86400000000,90000000000,87372239856,87372239885,29
86400000000,90000000000,87372239885,87373435580,1195695
86400000000,90000000000,87373435580,87373502030,66450
86400000000,90000000000,87373502030,87375337928,1835898
86400000000,90000000000,87375337928,87375383111,45183
86400000000,90000000000,87375383111,87377095481,1712370
86400000000,90000000000,87377095481,87377499643,404162
86400000000,90000000000,87377499643,87377499646,3
86400000000,90000000000,87377499646,87378306697,807051
86400000000,90000000000,87378306697,87379107403,800706
86400000000,90000000000,87379107403,87379152508,45105
86400000000,90000000000,87379152508,87379152794,286
86400000000,90000000000,87379152794,87379995831,843037
86400000000,90000000000,87379995831,87380830791,834960
86400000000,90000000000,87380830791,87382453585,1622794
86400000000,90000000000,87382453585,87383297254,843669
86400000000,90000000000,87383297254,87384925216,1627962
86400000000,90000000000,87384925216,87384940855,15639
86400000000,90000000000,87384940855,87385916078,975223
86400000000,90000000000,87385916078,87390768046,4851968
86400000000,90000000000,87390768046,87390768370,324
86400000000,90000000000,87390768370,87390768410,40
86400000000,90000000000,87390768410,87390768416,6
86400000000,90000000000,87390768416,87391705059,936643
86400000000,90000000000,87391705059,87396984799,5279740
86400000000,90000000000,87396984799,87396985459,660
86400000000,90000000000,87396985459,87396985508,49
86400000000,90000000000,87396985508,87396985513,5
86400000000,90000000000,87396985513,87396985518,5
86400000000,90000000000,87396985518,87403752254,6766736
86400000000,90000000000,87403752254,87406369473,2617219
86400000000,90000000000,87406369473,87412961149,6591676
86400000000,90000000000,87412961149,87413810239,849090
86400000000,90000000000,87413810239,87419981158,6170919
86400000000,90000000000,87419981158,87419987585,6427
86400000000,90000000000,87419987585,87420843506,855921
86400000000,90000000000,87420843506,87420851389,7883
86400000000,90000000000,87420851389,87424158998,3307609
86400000000,90000000000,87424158998,87424159031,33
86400000000,90000000000,87424159031,87425011866,852835
86400000000,90000000000,87425011866,87425011888,22
86400000000,90000000000,87425011888,87427582139,2570251
86400000000,90000000000,87427582139,87429222520,1640381
86400000000,90000000000,87429222520,87435586497,6363977
86400000000,90000000000,87435586497,87435586704,207
86400000000,90000000000,87435586704,87436571448,984744
86400000000,90000000000,87436571448,87438426655,1855207
86400000000,90000000000,87438426655,87443794989,5368334
86400000000,90000000000,87443794989,87443799498,4509
86400000000,90000000000,87443799498,87443802154,2656
86400000000,90000000000,87443802154,87444613880,811726
86400000000,90000000000,87444613880,87445454727,840847
86400000000,90000000000,87445454727,87445454739,12
86400000000,90000000000,87445454739,87445454751,12
86400000000,90000000000,87445454751,87446713231,1258480
86400000000,90000000000,87446713231,87455325343,8612112
86400000000,90000000000,87455325343,87463537661,8212318
86400000000,90000000000,87463537661,87463545794,8133
86400000000,90000000000,87463545794,87463550899,5105
86400000000,90000000000,87463550899,87463553363,2464
86400000000,90000000000,87463553363,87463556684,3321
86400000000,90000000000,87463556684,87468046936,4490252
86400000000,90000000000,87468046936,87468046984,48
86400000000,90000000000,87468046984,87468047006,22
86400000000,90000000000,87468047006,87468047010,4
86400000000,90000000000,87468047010,87468047011,1
86400000000,90000000000,87468047011,87468047012,1
86400000000,90000000000,87468047012,87468047112,100
86400000000,90000000000,87468047112,87468047116,4
86400000000,90000000000,87468047116,87468047117,1
86400000000,90000000000,87468047117,87470634018,2586901
86400000000,90000000000,87470634018,87470634067,49
86400000000,90000000000,87470634067,87470634249,182
86400000000,90000000000,87470634249,87470635472,1223
86400000000,90000000000,87470635472,87470635484,12
86400000000,90000000000,87470635484,87470696075,60591
86400000000,90000000000,87470696075,87472372950,1676875
86400000000,90000000000,87472372950,87472373492,542
86400000000,90000000000,87472373492,87476770592,4397100
86400000000,90000000000,87476770592,87476770592,0
86400000000,90000000000,87476770592,87481296471,4525879
86400000000,90000000000,87481296471,87481301975,5504
86400000000,90000000000,87481301975,87481307991,6016
86400000000,90000000000,87481307991,87481315648,7657
86400000000,90000000000,87481315648,87481327596,11948
86400000000,90000000000,87481327596,87481336108,8512
86400000000,90000000000,87481336108,87481338722,2614
86400000000,90000000000,87481338722,87486820243,5481521
86400000000,90000000000,87486820243,87486820247,4
86400000000,90000000000,87486820247,87486820248,1
86400000000,90000000000,87486820248,87486820266,18
86400000000,90000000000,87486820266,87486820290,24
86400000000,90000000000,87486820290,87486820317,27
86400000000,90000000000,87486820317,87486820384,67
86400000000,90000000000,87486820384,87486826695,6311
86400000000,90000000000,87486826695,87486831373,4678
86400000000,90000000000,87486831373,87488683987,1852614
86400000000,90000000000,87488683987,87489547958,863971
86400000000,90000000000,87489547958,87491132973,1585015
86400000000,90000000000,87491132973,87491132996,23
86400000000,90000000000,87491132996,87492820001,1687005
86400000000,90000000000,87492820001,87492821041,1040
86400000000,90000000000,87492821041,87494543242,1722201
86400000000,90000000000,87494543242,87496308906,1765664
86400000000,90000000000,87496308906,87496396518,87612
86400000000,90000000000,87496396518,87496396888,370
86400000000,90000000000,87496396888,87501429456,5032568
86400000000,90000000000,87501429456,87501429456,0
86400000000,90000000000,87501429456,87509550480,8121024
86400000000,90000000000,87509550480,87512714444,3163964
86400000000,90000000000,87512714444,87512722303,7859
86400000000,90000000000,87512722303,87512727165,4862
86400000000,90000000000,87512727165,87512735458,8293
86400000000,90000000000,87512735458,87513723412,987954
86400000000,90000000000,87513723412,87513723686,274
86400000000,90000000000,87513723686,87516878686,3155000
86400000000,90000000000,87516878686,87516878690,4
86400000000,90000000000,87516878690,87516878751,61
86400000000,90000000000,87516878751,87516878819,68
86400000000,90000000000,87516878819,87516878856,37
86400000000,90000000000,87516878856,87517058768,179912
86400000000,90000000000,87517058768,87519788430,2729662
86400000000,90000000000,87519788430,87519789024,594
86400000000,90000000000,87519789024,87520860810,1071786
86400000000,90000000000,87520860810,87520997953,137143
86400000000,90000000000,87520997953,87525742288,4744335
86400000000,90000000000,87525742288,87525742291,3
86400000000,90000000000,87525742291,87526728336,986045
86400000000,90000000000,87526728336,87527761580,1033244
86400000000,90000000000,87527761580,87530910644,3149064
86400000000,90000000000,87530910644,87530920325,9681
86400000000,90000000000,87530920325,87530922903,2578
86400000000,90000000000,87530922903,87530929937,7034
86400000000,90000000000,87530929937,87533047577,2117640
86400000000,90000000000,87533047577,87533047580,3
86400000000,90000000000,87533047580,87533047581,1
86400000000,90000000000,87533047581,87533047633,52
86400000000,90000000000,87533047633,87533047637,4
86400000000,90000000000,87533047637,87533047725,88
86400000000,90000000000,87533047725,87533047736,11
86400000000,90000000000,87533047736,87533090873,43137
86400000000,90000000000,87533090873,87533976828,885955
86400000000,90000000000,87533976828,87533976871,43
86400000000,90000000000,87533976871,87533977749,878
86400000000,90000000000,87533977749,87535279639,1301890
86400000000,90000000000,87535279639,87535322663,43024
86400000000,90000000000,87535322663,87535334544,11881
86400000000,90000000000,87535334544,87536245150,910606
86400000000,90000000000,87536245150,87536254842,9692
86400000000,90000000000,87536254842,87542584229,6329387
86400000000,90000000000,87542584229,87544767926,2183697
86400000000,90000000000,87544767926,87551205030,6437104
86400000000,90000000000,87551205030,87551206078,1048
86400000000,90000000000,87551206078,87551206105,27
86400000000,90000000000,87551206105,87551206110,5
86400000000,90000000000,87551206110,87552306696,1100586
86400000000,90000000000,87552306696,87553233591,926895
86400000000,90000000000,87553233591,87555322619,2089028
86400000000,90000000000,87555322619,87555322623,4
86400000000,90000000000,87555322623,87555322624,1
86400000000,90000000000,87555322624,87557050248,1727624
86400000000,90000000000,87557050248,87557050291,43
86400000000,90000000000,87557050291,87561684390,4634099
86400000000,90000000000,87561684390,87561685773,1383
86400000000,90000000000,87561685773,87561685777,4
86400000000,90000000000,87561685777,87561685824,47
86400000000,90000000000,87561685824,87561685829,5
86400000000,90000000000,87561685829,87571752500,10066671
86400000000,90000000000,87571752500,87572837864,1085364
86400000000,90000000000,87572837864,87572843841,5977
86400000000,90000000000,87572843841,87572851788,7947
86400000000,90000000000,87572851788,87572853456,1668
86400000000,90000000000,87572853456,87574445152,1591696
86400000000,90000000000,87574445152,87574445156,4
86400000000,90000000000,87574445156,87574445157,1
86400000000,90000000000,87574445157,87574445158,1
86400000000,90000000000,87574445158,87574445168,10
86400000000,90000000000,87574445168,87574445192,24
86400000000,90000000000,87574445192,87574445196,4
86400000000,90000000000,87574445196,87574445197,1
86400000000,90000000000,87574445197,87574445207,10
86400000000,90000000000,87574445207,87576509004,2063797
86400000000,90000000000,87576509004,87576509027,23
86400000000,90000000000,87576509027,87576509038,11
86400000000,90000000000,87576509038,87576509081,43
86400000000,90000000000,87576509081,87576509099,18
86400000000,90000000000,87576509099,87583605581,7096482
86400000000,90000000000,87583605581,87588119409,4513828
86400000000,90000000000,87588119409,87588119756,347
86400000000,90000000000,87588119756,87588119761,5
86400000000,90000000000,87588119761,87590310199,2190438
86400000000,90000000000,87590310199,87591107285,797086
86400000000,90000000000,87591107285,87592731989,1624704
86400000000,90000000000,87592731989,87592731993,4
86400000000,90000000000,87592731993,87592731994,1
86400000000,90000000000,87592731994,87593609777,877783
86400000000,90000000000,87593609777,87593609820,43
86400000000,90000000000,87593609820,87600868791,7258971
86400000000,90000000000,87600868791,87601777236,908445
86400000000,90000000000,87601777236,87603721681,1944445
86400000000,90000000000,87603721681,87605485099,1763418
86400000000,90000000000,87605485099,87607236813,1751714
86400000000,90000000000,87607236813,87608369251,1132438
86400000000,90000000000,87608369251,87609229379,860128
86400000000,90000000000,87609229379,87609270517,41138
86400000000,90000000000,87609270517,87612278162,3007645
86400000000,90000000000,87612278162,87612278259,97
86400000000,90000000000,87612278259,87613082463,804204
86400000000,90000000000,87613082463,87614667986,1585523
86400000000,90000000000,87614667986,87614692760,24774
86400000000,90000000000,87614692760,87615507139,814379
86400000000,90000000000,87615507139,87616295761,788622
86400000000,90000000000,87616295761,87616295822,61
86400000000,90000000000,87616295822,87617198296,902474
86400000000,90000000000,87617198296,87617231300,33004
86400000000,90000000000,87617231300,87618751250,1519950
86400000000,90000000000,87618751250,87618780182,28932
86400000000,90000000000,87618780182,87618785612,5430
86400000000,90000000000,87618785612,87618785638,26
86400000000,90000000000,87618785638,87618785645,7
86400000000,90000000000,87618785645,87620049114,1263469
86400000000,90000000000,87620049114,87620912422,863308
86400000000,90000000000,87620912422,87622716585,1804163
86400000000,90000000000,87622716585,87622717340,755
86400000000,90000000000,87622717340,87622717982,642
86400000000,90000000000,87622717982,87623827646,1109664
86400000000,90000000000,87623827646,87624788498,960852
86400000000,90000000000,87624788498,87624964019,175521
86400000000,90000000000,87624964019,87626652446,1688427
86400000000,90000000000,87626652446,87633398793,6746347
86400000000,90000000000,87633398793,87634341289,942496
86400000000,90000000000,87634341289,87634346504,5215
86400000000,90000000000,87634346504,87634349339,2835
86400000000,90000000000,87634349339,87634351393,2054
86400000000,90000000000,87634351393,87635175715,824322
86400000000,90000000000,87635175715,87635210028,34313
86400000000,90000000000,87635210028,87635210074,46
86400000000,90000000000,87635210074,87635210082,8
86400000000,90000000000,87635210082,87636218612,1008530
86400000000,90000000000,87636218612,87636218614,2
86400000000,90000000000,87636218614,87637090990,872376
86400000000,90000000000,87637090990,87637091021,31
86400000000,90000000000,87637091021,87637092437,1416
86400000000,90000000000,87637092437,87637092449,12
86400000000,90000000000,87637092449,87638100582,1008133
86400000000,90000000000,87638100582,87639883087,1782505
86400000000,90000000000,87639883087,87640834258,951171
86400000000,90000000000,87640834258,87642106806,1272548
86400000000,90000000000,87642106806,87645292622,3185816
86400000000,90000000000,87645292622,87647276257,1983635
86400000000,90000000000,87647276257,87647276257,0
86400000000,90000000000,87647276257,87648993092,1716835
86400000000,90000000000,87648993092,87650832226,1839134
86400000000,90000000000,87650832226,87650872736,40510
86400000000,90000000000,87650872736,87651748828,876092
86400000000,90000000000,87651748828,87652780200,1031372
86400000000,90000000000,87652780200,87653675547,895347
86400000000,90000000000,87653675547,87655141611,1466064
86400000000,90000000000,87655141611,87655160282,18671
86400000000,90000000000,87655160282,87658528709,3368427
86400000000,90000000000,87658528709,87658528713,4
86400000000,90000000000,87658528713,87658528714,1
86400000000,90000000000,87658528714,87658528746,32
86400000000,90000000000,87658528746,87658528749,3
86400000000,90000000000,87658528749,87658528750,1
86400000000,90000000000,87658528750,87658528893,143
86400000000,90000000000,87658528893,87660236291,1707398
86400000000,90000000000,87660236291,87660236334,43
86400000000,90000000000,87660236334,87660236511,177
86400000000,90000000000,87660236511,87660237819,1308
86400000000,90000000000,87660237819,87661988384,1750565
86400000000,90000000000,87661988384,87661988473,89
86400000000,90000000000,87661988473,87661988478,5
86400000000,90000000000,87661988478,87661988483,5
86400000000,90000000000,87661988483,87661988566,83
86400000000,90000000000,87661988566,87667476289,5487723
86400000000,90000000000,87667476289,87667476561,272
86400000000,90000000000,87667476561,87667476564,3
86400000000,90000000000,87667476564,87669131240,1654676
86400000000,90000000000,87669131240,87669167602,36362
86400000000,90000000000,87669167602,87669167602,0
86400000000,90000000000,87669167602,87670090299,922697
86400000000,90000000000,87670090299,87674810521,4720222
86400000000,90000000000,87674810521,87675958919,1148398
86400000000,90000000000,87675958919,87676869832,910913
86400000000,90000000000,87676869832,87679606382,2736550
86400000000,90000000000,87679606382,87680524850,918468
86400000000,90000000000,87680524850,87681395383,870533
86400000000,90000000000,87681395383,87689070795,7675412
86400000000,90000000000,87689070795,87690820024,1749229
86400000000,90000000000,87690820024,87693635739,2815715
86400000000,90000000000,87693635739,87694563332,927593
86400000000,90000000000,87694563332,87694569633,6301
86400000000,90000000000,87694569633,87696992618,2422985
86400000000,90000000000,87696992618,87696992621,3
86400000000,90000000000,87696992621,87696992622,1
86400000000,90000000000,87696992622,87696993694,1072
86400000000,90000000000,87696993694,87696993698,4
86400000000,90000000000,87696993698,87696993699,1
86400000000,90000000000,87696993699,87700634610,3640911
86400000000,90000000000,87700634610,87700654812,20202
86400000000,90000000000,87700654812,87700655685,873
86400000000,90000000000,87700655685,87700655905,220
86400000000,90000000000,87700655905,87706864913,6209008
86400000000,90000000000,87706864913,87706870985,6072
86400000000,90000000000,87706870985,87706873509,2524
86400000000,90000000000,87706873509,87708817724,1944215
86400000000,90000000000,87708817724,87708817743,19
86400000000,90000000000,87708817743,87708817766,23
86400000000,90000000000,87708817766,87719568996,10751230
86400000000,90000000000,87719568996,87721346386,1777390
86400000000,90000000000,87721346386,87723084540,1738154
86400000000,90000000000,87723084540,87723087920,3380
86400000000,90000000000,87723087920,87723093630,5710
86400000000,90000000000,87723093630,87723946027,852397
86400000000,90000000000,87723946027,87723956412,10385
86400000000,90000000000,87723956412,87725642848,1686436
86400000000,90000000000,87725642848,87725643024,176
86400000000,90000000000,87725643024,87725643042,18
86400000000,90000000000,87725643042,87727430906,1787864
86400000000,90000000000,87727430906,87727430924,18
86400000000,90000000000,87727430924,87730627643,3196719
86400000000,90000000000,87730627643,87730627646,3
86400000000,90000000000,87730627646,87732470098,1842452
86400000000,90000000000,87732470098,87733560815,1090717
86400000000,90000000000,87733560815,87737480811,3919996
86400000000,90000000000,87737480811,87741408244,3927433
86400000000,90000000000,87741408244,87741410457,2213
86400000000,90000000000,87741410457,87743137483,1727026
86400000000,90000000000,87743137483,87743137495,12
86400000000,90000000000,87743137495,87744992825,1855330
86400000000,90000000000,87744992825,87745960775,967950
86400000000,90000000000,87745960775,87745960833,58
86400000000,90000000000,87745960833,87745960840,7
86400000000,90000000000,87745960840,87749997120,4036280
86400000000,90000000000,87749997120,87752112097,2114977
86400000000,90000000000,87752112097,87760448736,8336639
86400000000,90000000000,87760448736,87760454237,5501
86400000000,90000000000,87760454237,87760456586,2349
86400000000,90000000000,87760456586,87760460160,3574
86400000000,90000000000,87760460160,87762503693,2043533
86400000000,90000000000,87762503693,87762503706,13
86400000000,90000000000,87762503706,87762503729,23
86400000000,90000000000,87762503729,87762503733,4
86400000000,90000000000,87762503733,87762503734,1
86400000000,90000000000,87762503734,87762503767,33
86400000000,90000000000,87762503767,87763449531,945764
86400000000,90000000000,87763449531,87763449582,51
86400000000,90000000000,87763449582,87772516979,9067397
86400000000,90000000000,87772516979,87772517126,147
86400000000,90000000000,87772517126,87772517133,7
86400000000,90000000000,87772517133,87777468769,4951636
86400000000,90000000000,87777468769,87779234551,1765782
86400000000,90000000000,87779234551,87779245698,11147
86400000000,90000000000,87779245698,87781777775,2532077
86400000000,90000000000,87781777775,87781777778,3
86400000000,90000000000,87781777778,87781777779,1
86400000000,90000000000,87781777779,87781799462,21683
86400000000,90000000000,87781799462,87783479767,1680305
86400000000,90000000000,87783479767,87783479821,54
86400000000,90000000000,87783479821,87784642645,1162824
86400000000,90000000000,87784642645,87784665816,23171
86400000000,90000000000,87784665816,87784681768,15952
86400000000,90000000000,87784681768,87784682470,702
86400000000,90000000000,87784682470,87785563336,880866
86400000000,90000000000,87785563336,87785563373,37
86400000000,90000000000,87785563373,87785563378,5
86400000000,90000000000,87785563378,87790079901,4516523
86400000000,90000000000,87790079901,87796137280,6057379
86400000000,90000000000,87796137280,87799935195,3797915
86400000000,90000000000,87799935195,87809509806,9574611
86400000000,90000000000,87809509806,87811129878,1620072
86400000000,90000000000,87811129878,87813818846,2688968
86400000000,90000000000,87813818846,87813822519,3673
86400000000,90000000000,87813822519,87815514034,1691515
86400000000,90000000000,87815514034,87815514073,39
86400000000,90000000000,87815514073,87817677074,2163001
86400000000,90000000000,87817677074,87828902831,11225757
86400000000,90000000000,87828902831,87828904168,1337
86400000000,90000000000,87828904168,87828904178,10
86400000000,90000000000,87828904178,87831899140,2994962
86400000000,90000000000,87831899140,87833597157,1698017
86400000000,90000000000,87833597157,87833597161,4
86400000000,90000000000,87833597161,87833597162,1
86400000000,90000000000,87833597162,87835095329,1498167
86400000000,90000000000,87835095329,87835096595,1266
86400000000,90000000000,87835096595,87835978733,882138
86400000000,90000000000,87835978733,87835978760,27
86400000000,90000000000,87835978760,87835978765,5
86400000000,90000000000,87835978765,87839755265,3776500
86400000000,90000000000,87839755265,87846575651,6820386
86400000000,90000000000,87846575651,87846575699,48
86400000000,90000000000,87846575699,87846575704,5
86400000000,90000000000,87846575704,87856295658,9719954
86400000000,90000000000,87856295658,87863111513,6815855
86400000000,90000000000,87863111513,87863121485,9972
86400000000,90000000000,87863121485,87866615655,3494170
86400000000,90000000000,87866615655,87866615658,3
86400000000,90000000000,87866615658,87866615907,249
86400000000,90000000000,87866615907,87867455345,839438
86400000000,90000000000,87867455345,87868242595,787250
86400000000,90000000000,87868242595,87869165672,923077
86400000000,90000000000,87869165672,87869175609,9937
86400000000,90000000000,87869175609,87869175638,29
86400000000,90000000000,87869175638,87869175644,6
86400000000,90000000000,87869175644,87871848126,2672482
86400000000,90000000000,87871848126,87871848153,27
86400000000,90000000000,87871848153,87871848158,5
86400000000,90000000000,87871848158,87875586595,3738437
86400000000,90000000000,87875586595,87876546519,959924
86400000000,90000000000,87876546519,87876546523,4
86400000000,90000000000,87876546523,87876546609,86
86400000000,90000000000,87876546609,87883585210,7038601
86400000000,90000000000,87883585210,87883590985,5775
86400000000,90000000000,87883590985,87883594355,3370
86400000000,90000000000,87883594355,87886130480,2536125
86400000000,90000000000,87886130480,87886130555,75
86400000000,90000000000,87886130555,87895556494,9425939
86400000000,90000000000,87895556494,87901014462,5457968
86400000000,90000000000,87901014462,87903192278,2177816
86400000000,90000000000,87903192278,87905828040,2635762
86400000000,90000000000,87905828040,87905828176,136
86400000000,90000000000,87905828176,87906837699,1009523
86400000000,90000000000,87906837699,87911456761,4619062
86400000000,90000000000,87911456761,87915531862,4075101
86400000000,90000000000,87915531862,87915535727,3865
86400000000,90000000000,87915535727,87916475164,939437
86400000000,90000000000,87916475164,87916483522,8358
86400000000,90000000000,87916483522,87916484006,484
86400000000,90000000000,87916484006,87916484023,17
86400000000,90000000000,87916484023,87917494849,1010826
86400000000,90000000000,87917494849,87917567571,72722
86400000000,90000000000,87917567571,87918471975,904404
86400000000,90000000000,87918471975,87920383222,1911247
86400000000,90000000000,87920383222,87920383250,28
86400000000,90000000000,87920383250,87920383256,6
86400000000,90000000000,87920383256,87926471589,6088333
86400000000,90000000000,87926471589,87930255082,3783493
86400000000,90000000000,87930255082,87930257764,2682
86400000000,90000000000,87930257764,87930260293,2529
86400000000,90000000000,87930260293,87931154560,894267
86400000000,90000000000,87931154560,87931154560,0
86400000000,90000000000,87931154560,87932039354,884794
86400000000,90000000000,87932039354,87932039366,12
86400000000,90000000000,87932039366,87932039378,12
86400000000,90000000000,87932039378,87933842613,1803235
86400000000,90000000000,87933842613,87933842758,145
86400000000,90000000000,87933842758,87933842763,5
86400000000,90000000000,87933842763,87935941003,2098240
86400000000,90000000000,87935941003,87937207004,1266001
86400000000,90000000000,87937207004,87949134896,11927892
86400000000,90000000000,87949134896,87949137260,2364
86400000000,90000000000,87949137260,87949139309,2049
86400000000,90000000000,87949139309,87949141256,1947
86400000000,90000000000,87949141256,87950797143,1655887
86400000000,90000000000,87950797143,87950797171,28
86400000000,90000000000,87950797171,87950797188,17
86400000000,90000000000,87950797188,87950797192,4
86400000000,90000000000,87950797192,87950797193,1
86400000000,90000000000,87950797193,87950797203,10
86400000000,90000000000,87950797203,87951643971,846768
86400000000,90000000000,87951643971,87951644039,68
86400000000,90000000000,87951644039,87953395358,1751319
86400000000,90000000000,87953395358,87953395360,2
86400000000,90000000000,87953395360,87955089574,1694214
86400000000,90000000000,87955089574,87959692296,4602722
86400000000,90000000000,87959692296,87959698442,6146
86400000000,90000000000,87959698442,87962241041,2542599
86400000000,90000000000,87962241041,87965692338,3451297
86400000000,90000000000,87965692338,87965692564,226
86400000000,90000000000,87965692564,87965693136,572
86400000000,90000000000,87965693136,87967436842,1743706
86400000000,90000000000,87967436842,87975402483,7965641
86400000000,90000000000,87975402483,87980810989,5408506
86400000000,90000000000,87980810989,87980811346,357
86400000000,90000000000,87980811346,87980811351,5
86400000000,90000000000,87980811351,87982562851,1751500
86400000000,90000000000,87982562851,87984908875,2346024
86400000000,90000000000,87984908875,87984916097,7222
86400000000,90000000000,87984916097,87984922720,6623
86400000000,90000000000,87984922720,87988833658,3910938
86400000000,90000000000,87988833658,87988833683,25
86400000000,90000000000,87988833683,87991527258,2693575
86400000000,90000000000,87991527258,87994091787,2564529
86400000000,90000000000,87994091787,87994957766,865979
86400000000,90000000000,87994957766,87995914956,957190
86400000000,90000000000,87995914956,87996722508,807552
86400000000,90000000000,87996722508,87996722511,3
86400000000,90000000000,87996722511,87997590332,867821
86400000000,90000000000,87997590332,87997707892,117560
86400000000,90000000000,87997707892,87997708120,228
86400000000,90000000000,87997708120,87997708250,130
86400000000,90000000000,87997708250,87997708255,5
86400000000,90000000000,87997708255,87997708260,5
86400000000,90000000000,87997708260,87998725838,1017578
86400000000,90000000000,87998725838,87998773032,47194
86400000000,90000000000,87998773032,88002685780,3912748
86400000000,90000000000,88002685780,88003715196,1029416
86400000000,90000000000,88003715196,88003715234,38
86400000000,90000000000,88003715234,88003715239,5
86400000000,90000000000,88003715239,88003715341,102
86400000000,90000000000,88003715341,88004732515,1017174
86400000000,90000000000,88004732515,88004792325,59810
86400000000,90000000000,88004792325,88004795505,3180
86400000000,90000000000,88004795505,88004795516,11
86400000000,90000000000,88004795516,88010898856,6103340
86400000000,90000000000,88010898856,88016978968,6080112
86400000000,90000000000,88016978968,88021261101,4282133
86400000000,90000000000,88021261101,88021261606,505
86400000000,90000000000,88021261606,88023113365,1851759
86400000000,90000000000,88023113365,88023121895,8530
86400000000,90000000000,88023121895,88024647490,1525595
86400000000,90000000000,88024647490,88025472051,824561
86400000000,90000000000,88025472051,88025472084,33
86400000000,90000000000,88025472084,88025497574,25490
86400000000,90000000000,88025497574,88026381157,883583
86400000000,90000000000,88026381157,88026422779,41622
86400000000,90000000000,88026422779,88027228180,805401
86400000000,90000000000,88027228180,88029236657,2008477
86400000000,90000000000,88029236657,88030145974,909317
86400000000,90000000000,88030145974,88030151693,5719
86400000000,90000000000,88030151693,88030156544,4851
86400000000,90000000000,88030156544,88031014935,858391
86400000000,90000000000,88031014935,88031022513,7578
86400000000,90000000000,88031022513,88031917613,895100
86400000000,90000000000,88031917613,88031917617,4
86400000000,90000000000,88031917617,88031917618,1
86400000000,90000000000,88031917618,88031917705,87
86400000000,90000000000,88031917705,88031917709,4
86400000000,90000000000,88031917709,88031917710,1
86400000000,90000000000,88031917710,88031917781,71
86400000000,90000000000,88031917781,88031917785,4
86400000000,90000000000,88031917785,88031917786,1
86400000000,90000000000,88031917786,88034901577,2983791
86400000000,90000000000,88034901577,88034902461,884
86400000000,90000000000,88034902461,88034903361,900
86400000000,90000000000,88034903361,88034904467,1106
86400000000,90000000000,88034904467,88034904541,74
86400000000,90000000000,88034904541,88034904553,12
86400000000,90000000000,88034904553,88034904565,12
86400000000,90000000000,88034904565,88038485728,3581163
86400000000,90000000000,88038485728,88040150241,1664513
86400000000,90000000000,88040150241,88040179757,29516
86400000000,90000000000,88040179757,88042861963,2682206
86400000000,90000000000,88042861963,88047078903,4216940
86400000000,90000000000,88047078903,88048307731,1228828
86400000000,90000000000,88048307731,88048319883,12152
86400000000,90000000000,88048319883,88048321882,1999
86400000000,90000000000,88048321882,88051351274,3029392
86400000000,90000000000,88051351274,88052168050,816776
86400000000,90000000000,88052168050,88052168054,4
86400000000,90000000000,88052168054,88052168071,17
86400000000,90000000000,88052168071,88052168095,24
86400000000,90000000000,88052168095,88053032168,864073
86400000000,90000000000,88053032168,88054732565,1700397
86400000000,90000000000,88054732565,88054739514,6949
86400000000,90000000000,88054739514,88055619021,879507
86400000000,90000000000,88055619021,88056785426,1166405
86400000000,90000000000,88056785426,88057667365,881939
86400000000,90000000000,88057667365,88059288491,1621126
86400000000,90000000000,88059288491,88061169290,1880799
86400000000,90000000000,88061169290,88062130435,961145
86400000000,90000000000,88062130435,88063026235,895800
86400000000,90000000000,88063026235,88064445764,1419529
86400000000,90000000000,88064445764,88066317248,1871484
86400000000,90000000000,88066317248,88066364511,47263
86400000000,90000000000,88066364511,88067619054,1254543
86400000000,90000000000,88067619054,88068465598,846544
86400000000,90000000000,88068465598,88069340027,874429
86400000000,90000000000,88069340027,88072378233,3038206
86400000000,90000000000,88072378233,88072448435,70202
86400000000,90000000000,88072448435,88073289874,841439
86400000000,90000000000,88073289874,88075186889,1897015
86400000000,90000000000,88075186889,88085303861,10116972
86400000000,90000000000,88085303861,88085309927,6066
86400000000,90000000000,88085309927,88085415522,105595
86400000000,90000000000,88085415522,88087177012,1761490
86400000000,90000000000,88087177012,88087177035,23
86400000000,90000000000,88087177035,88087227853,50818
86400000000,90000000000,88087227853,88087231568,3715
86400000000,90000000000,88087231568,88089293590,2062022
86400000000,90000000000,88089293590,88089293621,31
86400000000,90000000000,88089293621,88089630201,336580
86400000000,90000000000,88089630201,88089635999,5798
86400000000,90000000000,88089635999,88091375880,1739881
86400000000,90000000000,88091375880,88091376582,702
86400000000,90000000000,88091376582,88091469698,93116
86400000000,90000000000,88091469698,88091473286,3588
86400000000,90000000000,88091473286,88091476120,2834
86400000000,90000000000,88091476120,88094985285,3509165
86400000000,90000000000,88094985285,88094985307,22
86400000000,90000000000,88094985307,88094985355,48
86400000000,90000000000,88094985355,88101502363,6517008
86400000000,90000000000,88101502363,88101505087,2724
86400000000,90000000000,88101505087,88104325764,2820677
86400000000,90000000000,88104325764,88104325775,11
86400000000,90000000000,88104325775,88106663930,2338155
86400000000,90000000000,88106663930,88106664008,78
86400000000,90000000000,88106664008,88106664013,5
86400000000,90000000000,88106664013,88108014905,1350892
86400000000,90000000000,88108014905,88108015358,453
86400000000,90000000000,88108015358,88108015387,29
86400000000,90000000000,88108015387,88110069212,2053825
86400000000,90000000000,88110069212,88110071551,2339
86400000000,90000000000,88110071551,88110076049,4498
86400000000,90000000000,88110076049,88114245735,4169686
86400000000,90000000000,88114245735,88114245758,23
86400000000,90000000000,88114245758,88114248369,2611
86400000000,90000000000,88114248369,88126434940,12186571
86400000000,90000000000,88126434940,88128211842,1776902
86400000000,90000000000,88128211842,88129185526,973684
86400000000,90000000000,88129185526,88129187900,2374
86400000000,90000000000,88129187900,88131675037,2487137
86400000000,90000000000,88131675037,88131675041,4
86400000000,90000000000,88131675041,88131675057,16
86400000000,90000000000,88131675057,88132943387,1268330
86400000000,90000000000,88132943387,88146157495,13214108
86400000000,90000000000,88146157495,88146158389,894
86400000000,90000000000,88146158389,88148040327,1881938
86400000000,90000000000,88148040327,88148071800,31473
86400000000,90000000000,88148071800,88148075157,3357
86400000000,90000000000,88148075157,88148078257,3100
86400000000,90000000000,88148078257,88150796542,2718285
86400000000,90000000000,88150796542,88150796546,4
86400000000,90000000000,88150796546,88150796547,1
86400000000,90000000000,88150796547,88150796548,1
86400000000,90000000000,88150796548,88150796580,32
86400000000,90000000000,88150796580,88150796623,43
86400000000,90000000000,88150796623,88150797280,657
86400000000,90000000000,88150797280,88152581766,1784486
86400000000,90000000000,88152581766,88152581791,25
86400000000,90000000000,88152581791,88152582438,647
86400000000,90000000000,88152582438,88153930019,1347581
86400000000,90000000000,88153930019,88153930389,370
86400000000,90000000000,88153930389,88156930846,3000457
86400000000,90000000000,88156930846,88156932348,1502
86400000000,90000000000,88156932348,88156932355,7
86400000000,90000000000,88156932355,88173001222,16068867
86400000000,90000000000,88173001222,88176916166,3914944
86400000000,90000000000,88176916166,88178044877,1128711
86400000000,90000000000,88178044877,88178044964,87
86400000000,90000000000,88178044964,88178044969,5
86400000000,90000000000,88178044969,88191109639,13064670
86400000000,90000000000,88191109639,88193799641,2690002
86400000000,90000000000,88193799641,88196586858,2787217
86400000000,90000000000,88196586858,88199128600,2541742
86400000000,90000000000,88199128600,88201207241,2078641
86400000000,90000000000,88201207241,88208460252,7253011
86400000000,90000000000,88208460252,88210129352,1669100
86400000000,90000000000,88210129352,88210129356,4
86400000000,90000000000,88210129356,88210129357,1
86400000000,90000000000,88210129357,88212117922,1988565
86400000000,90000000000,88212117922,88212119224,1302
86400000000,90000000000,88212119224,88212202349,83125
86400000000,90000000000,88212202349,88213090431,888082
86400000000,90000000000,88213090431,88213095556,5125
86400000000,90000000000,88213095556,88213098668,3112
86400000000,90000000000,88213098668,88213105147,6479
86400000000,90000000000,88213105147,88213111034,5887
86400000000,90000000000,88213111034,88213832365,721331
86400000000,90000000000,88213832365,88216342026,2509661
86400000000,90000000000,88216342026,88216342282,256
86400000000,90000000000,88216342282,88216342292,10
86400000000,90000000000,88216342292,88216342328,36
86400000000,90000000000,88216342328,88217223125,880797
86400000000,90000000000,88217223125,88224937096,7713971
86400000000,90000000000,88224937096,88226120753,1183657
86400000000,90000000000,88226120753,88226121302,549
86400000000,90000000000,88226121302,88226121307,5
86400000000,90000000000,88226121307,88227092573,971266
86400000000,90000000000,88227092573,88227578067,485494
86400000000,90000000000,88227578067,88227581772,3705
86400000000,90000000000,88227581772,88227584126,2354
86400000000,90000000000,88227584126,88229328066,1743940
86400000000,90000000000,88229328066,88229328078,12
86400000000,90000000000,88229328078,88229328097,19
86400000000,90000000000,88229328097,88230310962,982865
86400000000,90000000000,88230310962,88230329142,18180
86400000000,90000000000,88230329142,88232074409,1745267
86400000000,90000000000,88232074409,88232125564,51155
86400000000,90000000000,88232125564,88235255574,3130010
86400000000,90000000000,88235255574,88235309741,54167
86400000000,90000000000,88235309741,88235309841,100
86400000000,90000000000,88235309841,88235309846,5
86400000000,90000000000,88235309846,88235309853,7
86400000000,90000000000,88235309853,88245034025,9724172
86400000000,90000000000,88245034025,88245034120,95
86400000000,90000000000,88245034120,88245034129,9
86400000000,90000000000,88245034129,88246995454,1961325
86400000000,90000000000,88246995454,88246998980,3526
86400000000,90000000000,88246998980,88247002567,3587
86400000000,90000000000,88247002567,88247792306,789739
86400000000,90000000000,88247792306,88247792764,458
86400000000,90000000000,88247792764,88247792769,5
86400000000,90000000000,88247792769,88249070458,1277689
86400000000,90000000000,88249070458,88249973040,902582
86400000000,90000000000,88249973040,88249973059,19
86400000000,90000000000,88249973059,88249973969,910
86400000000,90000000000,88249973969,88251934627,1960658
86400000000,90000000000,88251934627,88252831804,897177
86400000000,90000000000,88252831804,88255568742,2736938
86400000000,90000000000,88255568742,88255568744,2
86400000000,90000000000,88255568744,88257441300,1872556
86400000000,90000000000,88257441300,88259551434,2110134
86400000000,90000000000,88259551434,88260507494,956060
86400000000,90000000000,88260507494,88261484089,976595
86400000000,90000000000,88261484089,88264372770,2888681
86400000000,90000000000,88264372770,88264373353,583
86400000000,90000000000,88264373353,88264373358,5
86400000000,90000000000,88264373358,88264373363,5
86400000000,90000000000,88264373363,88265532813,1159450
86400000000,90000000000,88265532813,88267555736,2022923
86400000000,90000000000,88267555736,88269369541,1813805
86400000000,90000000000,88269369541,88271174410,1804869
86400000000,90000000000,88271174410,88271174856,446
86400000000,90000000000,88271174856,88272138914,964058
86400000000,90000000000,88272138914,88272145033,6119
86400000000,90000000000,88272145033,88272147908,2875
86400000000,90000000000,88272147908,88273006036,858128
86400000000,90000000000,88273006036,88273006463,427
86400000000,90000000000,88273006463,88273993256,986793
86400000000,90000000000,88273993256,88273993266,10
86400000000,90000000000,88273993266,88274044316,51050
86400000000,90000000000,88274044316,88275952642,1908326
86400000000,90000000000,88275952642,88282803198,6850556
86400000000,90000000000,88282803198,88284924772,2121574
86400000000,90000000000,88284924772,88285782349,857577
86400000000,90000000000,88285782349,88285782919,570
86400000000,90000000000,88285782919,88285782950,31
86400000000,90000000000,88285782950,88286774491,991541
86400000000,90000000000,88286774491,88294235565,7461074
86400000000,90000000000,88294235565,88297771675,3536110
86400000000,90000000000,88297771675,88297771678,3
86400000000,90000000000,88297771678,88298665067,893389
86400000000,90000000000,88298665067,88299909881,1244814
86400000000,90000000000,88299909881,88303575628,3665747
86400000000,90000000000,88303575628,88315605147,12029519
86400000000,90000000000,88315605147,88317285832,1680685
86400000000,90000000000,88317285832,88317285837,5
86400000000,90000000000,88317285837,88317285838,1
86400000000,90000000000,88317285838,88319937032,2651194
86400000000,90000000000,88319937032,88319955223,18191
86400000000,90000000000,88319955223,88323454352,3499129
86400000000,90000000000,88323454352,88326038833,2584481
86400000000,90000000000,88326038833,88326906534,867701
86400000000,90000000000,88326906534,88326906750,216
86400000000,90000000000,88326906750,88328044493,1137743
86400000000,90000000000,88328044493,88328044493,0
86400000000,90000000000,88328044493,88332559278,4514785
86400000000,90000000000,88332559278,88332559281,3
86400000000,90000000000,88332559281,88334382201,1822920
86400000000,90000000000,88334382201,88334408352,26151
86400000000,90000000000,88334408352,88334425551,17199
86400000000,90000000000,88334425551,88336231450,1805899
86400000000,90000000000,88336231450,88336231454,4
86400000000,90000000000,88336231454,88336231455,1
86400000000,90000000000,88336231455,88336231532,77
86400000000,90000000000,88336231532,88336231536,4
86400000000,90000000000,88336231536,88336231537,1
86400000000,90000000000,88336231537,88338090826,1859289
86400000000,90000000000,88338090826,88338090869,43
86400000000,90000000000,88338090869,88338091835,966
86400000000,90000000000,88338091835,88338091853,18
86400000000,90000000000,88338091853,88339993820,1901967
86400000000,90000000000,88339993820,88352722077,12728257
86400000000,90000000000,88352722077,88352725938,3861
86400000000,90000000000,88352725938,88354902015,2176077
86400000000,90000000000,88354902015,88354902019,4
86400000000,90000000000,88354902019,88354902020,1
86400000000,90000000000,88354902020,88354902093,73
86400000000,90000000000,88354902093,88356731245,1829152
86400000000,90000000000,88356731245,88356732410,1165
86400000000,90000000000,88356732410,88360505852,3773442
86400000000,90000000000,88360505852,88360506009,157
86400000000,90000000000,88360506009,88360506014,5
86400000000,90000000000,88360506014,88370634004,10127990
86400000000,90000000000,88370634004,88371474873,840869
86400000000,90000000000,88371474873,88372233861,758988
86400000000,90000000000,88372233861,88372262947,29086
86400000000,90000000000,88372262947,88373076688,813741
86400000000,90000000000,88373076688,88373942828,866140
86400000000,90000000000,88373942828,88373942831,3
86400000000,90000000000,88373942831,88373942832,1
86400000000,90000000000,88373942832,88376034690,2091858
86400000000,90000000000,88376034690,88377233958,1199268
86400000000,90000000000,88377233958,88377240786,6828
86400000000,90000000000,88377240786,88377780033,539247
86400000000,90000000000,88377780033,88379523131,1743098
86400000000,90000000000,88379523131,88380434613,911482
86400000000,90000000000,88380434613,88384670971,4236358
86400000000,90000000000,88384670971,88384671028,57
86400000000,90000000000,88384671028,88384671033,5
86400000000,90000000000,88384671033,88390385035,5714002
86400000000,90000000000,88390385035,88390385920,885
86400000000,90000000000,88390385920,88391304962,919042
86400000000,90000000000,88391304962,88391330940,25978
86400000000,90000000000,88391330940,88391343003,12063
86400000000,90000000000,88391343003,88391343040,37
86400000000,90000000000,88391343040,88391343045,5
86400000000,90000000000,88391343045,88391343460,415
86400000000,90000000000,88391343460,88392454848,1111388
86400000000,90000000000,88392454848,88393305786,850938
86400000000,90000000000,88393305786,88393305790,4
86400000000,90000000000,88393305790,88393305791,1
86400000000,90000000000,88393305791,88394170577,864786
86400000000,90000000000,88394170577,88394171796,1219
86400000000,90000000000,88394171796,88408227035,14055239
86400000000,90000000000,88408227035,88408227142,107
86400000000,90000000000,88408227142,88408227147,5
86400000000,90000000000,88408227147,88411954349,3727202
86400000000,90000000000,88411954349,88411959317,4968
86400000000,90000000000,88411959317,88411963217,3900
86400000000,90000000000,88411963217,88411965106,1889
86400000000,90000000000,88411965106,88411967830,2724
86400000000,90000000000,88411967830,88415821600,3853770
86400000000,90000000000,88415821600,88415821620,20
86400000000,90000000000,88415821620,88415821642,22
86400000000,90000000000,88415821642,88415821660,18
86400000000,90000000000,88415821660,88415821703,43
86400000000,90000000000,88415821703,88415821707,4
86400000000,90000000000,88415821707,88415821708,1
86400000000,90000000000,88415821708,88415946127,124419
86400000000,90000000000,88415946127,88418721211,2775084
86400000000,90000000000,88418721211,88418722430,1219
86400000000,90000000000,88418722430,88425505358,6782928
86400000000,90000000000,88425505358,88429604330,4098972
86400000000,90000000000,88429604330,88432054827,2450497
86400000000,90000000000,88432054827,88433931713,1876886
86400000000,90000000000,88433931713,88435315664,1383951
86400000000,90000000000,88435315664,88437302687,1987023
86400000000,90000000000,88437302687,88438340766,1038079
86400000000,90000000000,88438340766,88438340793,27
86400000000,90000000000,88438340793,88438340798,5
86400000000,90000000000,88438340798,88441536737,3195939
86400000000,90000000000,88441536737,88441537115,378
86400000000,90000000000,88441537115,88441537132,17
86400000000,90000000000,88441537132,88443546704,2009572
86400000000,90000000000,88443546704,88443546708,4
86400000000,90000000000,88443546708,88443546745,37
86400000000,90000000000,88443546745,88443546750,5
86400000000,90000000000,88443546750,88444519115,972365
86400000000,90000000000,88444519115,88446359314,1840199
86400000000,90000000000,88446359314,88448123786,1764472
86400000000,90000000000,88448123786,88449000794,877008
86400000000,90000000000,88449000794,88449900470,899676
86400000000,90000000000,88449900470,88451014558,1114088
86400000000,90000000000,88451014558,88454134832,3120274
86400000000,90000000000,88454134832,88455919303,1784471
86400000000,90000000000,88455919303,88461121645,5202342
86400000000,90000000000,88461121645,88461121797,152
86400000000,90000000000,88461121797,88464876792,3754995
86400000000,90000000000,88464876792,88464894059,17267
86400000000,90000000000,88464894059,88466688102,1794043
86400000000,90000000000,88466688102,88467697213,1009111
86400000000,90000000000,88467697213,88467697216,3
86400000000,90000000000,88467697216,88467697217,1
86400000000,90000000000,88467697217,88467698292,1075
86400000000,90000000000,88467698292,88470275003,2576711
86400000000,90000000000,88470275003,88470291533,16530
86400000000,90000000000,88470291533,88471823631,1532098
86400000000,90000000000,88471823631,88473821031,1997400
86400000000,90000000000,88473821031,88483565937,9744906
86400000000,90000000000,88483565937,88483565937,0
86400000000,90000000000,88483565937,88483573001,7064
86400000000,90000000000,88483573001,88483576287,3286
86400000000,90000000000,88483576287,88483581309,5022
86400000000,90000000000,88483581309,88483583227,1918
86400000000,90000000000,88483583227,88483585164,1937
86400000000,90000000000,88483585164,88483929423,344259
86400000000,90000000000,88483929423,88483930173,750
86400000000,90000000000,88483930173,88485817033,1886860
86400000000,90000000000,88485817033,88485817037,4
86400000000,90000000000,88485817037,88485817038,1
86400000000,90000000000,88485817038,88485817055,17
86400000000,90000000000,88485817055,88485817079,24
86400000000,90000000000,88485817079,88485817102,23
86400000000,90000000000,88485817102,88485817106,4
86400000000,90000000000,88485817106,88485817195,89
86400000000,90000000000,88485817195,88486710548,893353
86400000000,90000000000,88486710548,88486710579,31
86400000000,90000000000,88486710579,88486710667,88
86400000000,90000000000,88486710667,88493390929,6680262
86400000000,90000000000,88493390929,88495916035,2525106
86400000000,90000000000,88495916035,88497647953,1731918
86400000000,90000000000,88497647953,88501491281,3843328
86400000000,90000000000,88501491281,88501499015,7734
86400000000,90000000000,88501499015,88501508594,9579
86400000000,90000000000,88501508594,88506575945,5067351
86400000000,90000000000,88506575945,88506575949,4
86400000000,90000000000,88506575949,88506575950,1
86400000000,90000000000,88506575950,88506576074,124
86400000000,90000000000,88506576074,88506600533,24459
86400000000,90000000000,88506600533,88507300993,700460
86400000000,90000000000,88507300993,88508331892,1030899
86400000000,90000000000,88508331892,88508332063,171
86400000000,90000000000,88508332063,88509170125,838062
86400000000,90000000000,88509170125,88510109065,938940
86400000000,90000000000,88510109065,88510944645,835580
86400000000,90000000000,88510944645,88510944687,42
86400000000,90000000000,88510944687,88511082861,138174
86400000000,90000000000,88511082861,88511873713,790852
86400000000,90000000000,88511873713,88513527956,1654243
86400000000,90000000000,88513527956,88513528004,48
86400000000,90000000000,88513528004,88513555313,27309
86400000000,90000000000,88513555313,88514466778,911465
86400000000,90000000000,88514466778,88514466828,50
86400000000,90000000000,88514466828,88514466833,5
86400000000,90000000000,88514466833,88514467628,795
86400000000,90000000000,88514467628,88515365730,898102
86400000000,90000000000,88515365730,88528483280,13117550
86400000000,90000000000,88528483280,88530391227,1907947
86400000000,90000000000,88530391227,88530391231,4
86400000000,90000000000,88530391231,88530391308,77
86400000000,90000000000,88530391308,88530391315,7
86400000000,90000000000,88530391315,88532290932,1899617
86400000000,90000000000,88532290932,88533306867,1015935
86400000000,90000000000,88533306867,88534257347,950480
86400000000,90000000000,88534257347,88534257350,3
86400000000,90000000000,88534257350,88534257351,1
86400000000,90000000000,88534257351,88535272440,1015089
86400000000,90000000000,88535272440,88540283063,5010623
86400000000,90000000000,88540283063,88540338523,55460
86400000000,90000000000,88540338523,88546674216,6335693
86400000000,90000000000,88546674216,88546674268,52
86400000000,90000000000,88546674268,88559873854,13199586
86400000000,90000000000,88559873854,88559873891,37
86400000000,90000000000,88559873891,88559873896,5
86400000000,90000000000,88559873896,88562806142,2932246
86400000000,90000000000,88562806142,88562806146,4
86400000000,90000000000,88562806146,88563901716,1095570
86400000000,90000000000,88563901716,88563902417,701
86400000000,90000000000,88563902417,88564803059,900642
86400000000,90000000000,88564803059,88564803450,391
86400000000,90000000000,88564803450,88564803982,532
86400000000,90000000000,88564803982,88564804017,35
86400000000,90000000000,88564804017,88565948147,1144130
86400000000,90000000000,88565948147,88565948147,0
86400000000,90000000000,88565948147,88566912724,964577
86400000000,90000000000,88566912724,88567477486,564762
86400000000,90000000000,88567477486,88567477551,65
86400000000,90000000000,88567477551,88567477558,7
86400000000,90000000000,88567477558,88573198066,5720508
86400000000,90000000000,88573198066,88573263393,65327
86400000000,90000000000,88573263393,88573263516,123
86400000000,90000000000,88573263516,88576404186,3140670
86400000000,90000000000,88576404186,88580008869,3604683
86400000000,90000000000,88580008869,88591962266,11953397
86400000000,90000000000,88591962266,88595934207,3971941
86400000000,90000000000,88595934207,88595949234,15027
86400000000,90000000000,88595949234,88599196502,3247268
86400000000,90000000000,88599196502,88599196505,3
86400000000,90000000000,88599196505,88599196506,1
86400000000,90000000000,88599196506,88599197594,1088
86400000000,90000000000,88599197594,88600423054,1225460
86400000000,90000000000,88600423054,88600423420,366
86400000000,90000000000,88600423420,88600423427,7
86400000000,90000000000,88600423427,88600423974,547
86400000000,90000000000,88600423974,88600424021,47
86400000000,90000000000,88600424021,88600424026,5
86400000000,90000000000,88600424026,88602708785,2284759
86400000000,90000000000,88602708785,88602737638,28853
86400000000,90000000000,88602737638,88610207305,7469667
86400000000,90000000000,88610207305,88612874795,2667490
86400000000,90000000000,88612874795,88616998136,4123341
86400000000,90000000000,88616998136,88617002144,4008
86400000000,90000000000,88617002144,88617004223,2079
86400000000,90000000000,88617004223,88617015726,11503
86400000000,90000000000,88617015726,88617022619,6893
86400000000,90000000000,88617022619,88617034865,12246
86400000000,90000000000,88617034865,88619973181,2938316
86400000000,90000000000,88619973181,88619973184,3
86400000000,90000000000,88619973184,88621728202,1755018
86400000000,90000000000,88621728202,88621728220,18
86400000000,90000000000,88621728220,88621728259,39
86400000000,90000000000,88621728259,88621728296,37
86400000000,90000000000,88621728296,88621728299,3
86400000000,90000000000,88621728299,88621728334,35
86400000000,90000000000,88621728334,88621728368,34
86400000000,90000000000,88621728368,88624781306,3052938
86400000000,90000000000,88624781306,88624781355,49
86400000000,90000000000,88624781355,88625848261,1066906
86400000000,90000000000,88625848261,88629346741,3498480
86400000000,90000000000,88629346741,88629707768,361027
86400000000,90000000000,88629707768,88629707768,0
86400000000,90000000000,88629707768,88635824287,6116519
86400000000,90000000000,88635824287,88635847080,22793
86400000000,90000000000,88635847080,88635855051,7971
86400000000,90000000000,88635855051,88635859872,4821
86400000000,90000000000,88635859872,88642088271,6228399
86400000000,90000000000,88642088271,88642117754,29483
86400000000,90000000000,88642117754,88642121247,3493
86400000000,90000000000,88642121247,88642123690,2443
86400000000,90000000000,88642123690,88645860788,3737098
86400000000,90000000000,88645860788,88645861215,427
86400000000,90000000000,88645861215,88647240886,1379671
86400000000,90000000000,88647240886,88649560919,2320033
86400000000,90000000000,88649560919,88649560919,0
86400000000,90000000000,88649560919,88650996025,1435106
86400000000,90000000000,88650996025,88650996028,3
86400000000,90000000000,88650996028,88653028270,2032242
86400000000,90000000000,88653028270,88654092464,1064194
86400000000,90000000000,88654092464,88654092464,0
86400000000,90000000000,88654092464,88655210445,1117981
86400000000,90000000000,88655210445,88655329141,118696
86400000000,90000000000,88655329141,88655329303,162
86400000000,90000000000,88655329303,88655329310,7
86400000000,90000000000,88655329310,88658754385,3425075
86400000000,90000000000,88658754385,88658763360,8975
86400000000,90000000000,88658763360,88658768910,5550
86400000000,90000000000,88658768910,88658783601,14691
86400000000,90000000000,88658783601,88658796584,12983
86400000000,90000000000,88658796584,88658796823,239
86400000000,90000000000,88658796823,88658796828,5
86400000000,90000000000,88658796828,88660052818,1255990
86400000000,90000000000,88660052818,88660052818,0
86400000000,90000000000,88660052818,88661486988,1434170
86400000000,90000000000,88661486988,88661487075,87
86400000000,90000000000,88661487075,88661487082,7
86400000000,90000000000,88661487082,88662520552,1033470
86400000000,90000000000,88662520552,88662520579,27
86400000000,90000000000,88662520579,88662520599,20
86400000000,90000000000,88662520599,88663845464,1324865
86400000000,90000000000,88663845464,88669864555,6019091
86400000000,90000000000,88669864555,88671837370,1972815
86400000000,90000000000,88671837370,88671837370,0
86400000000,90000000000,88671837370,88679851119,8013749
86400000000,90000000000,88679851119,88679857095,5976
86400000000,90000000000,88679857095,88683107197,3250102
86400000000,90000000000,88683107197,88685442367,2335170
86400000000,90000000000,88685442367,88685442371,4
86400000000,90000000000,88685442371,88685442372,1
86400000000,90000000000,88685442372,88685442516,144
86400000000,90000000000,88685442516,88685442519,3
86400000000,90000000000,88685442519,88686466099,1023580
86400000000,90000000000,88686466099,88686466099,0
86400000000,90000000000,88686466099,88688389221,1923122
86400000000,90000000000,88688389221,88688392015,2794
86400000000,90000000000,88688392015,88688392025,10
86400000000,90000000000,88688392025,88688392883,858
86400000000,90000000000,88688392883,88692801066,4408183
86400000000,90000000000,88692801066,88693704445,903379
86400000000,90000000000,88693704445,88693718325,13880
86400000000,90000000000,88693718325,88695007341,1289016
86400000000,90000000000,88695007341,88695040228,32887
86400000000,90000000000,88695040228,88697069998,2029770
86400000000,90000000000,88697069998,88697070015,17
86400000000,90000000000,88697070015,88697098395,28380
86400000000,90000000000,88697098395,88698103332,1004937
86400000000,90000000000,88698103332,88698147109,43777
86400000000,90000000000,88698147109,88698147109,0
86400000000,90000000000,88698147109,88708989773,10842664
86400000000,90000000000,88708989773,88710759985,1770212
86400000000,90000000000,88710759985,88710759985,0
86400000000,90000000000,88710759985,88710766161,6176
86400000000,90000000000,88710766161,88710769609,3448
86400000000,90000000000,88710769609,88710773273,3664
86400000000,90000000000,88710773273,88716486728,5713455
86400000000,90000000000,88716486728,88717399325,912597
86400000000,90000000000,88717399325,88717399396,71
86400000000,90000000000,88717399396,88719348131,1948735
86400000000,90000000000,88719348131,88722146188,2798057
86400000000,90000000000,88722146188,88723726591,1580403
86400000000,90000000000,88723726591,88726501977,2775386
86400000000,90000000000,88726501977,88729051374,2549397
86400000000,90000000000,88729051374,88730734534,1683160
86400000000,90000000000,88730734534,88731550683,816149
86400000000,90000000000,88731550683,88732506416,955733
86400000000,90000000000,88732506416,88732506420,4
86400000000,90000000000,88732506420,88732506421,1
86400000000,90000000000,88732506421,88733411038,904617
86400000000,90000000000,88733411038,88734324765,913727
86400000000,90000000000,88734324765,88734325854,1089
86400000000,90000000000,88734325854,88736400198,2074344
86400000000,90000000000,88736400198,88737308332,908134
86400000000,90000000000,88737308332,88739482249,2173917
86400000000,90000000000,88739482249,88739482368,119
86400000000,90000000000,88739482368,88743439349,3956981
86400000000,90000000000,88743439349,88745082649,1643300
86400000000,90000000000,88745082649,88745948695,866046
86400000000,90000000000,88745948695,88745959321,10626
86400000000,90000000000,88745959321,88748435206,2475885
86400000000,90000000000,88748435206,88756305982,7870776
86400000000,90000000000,88756305982,88756306119,137
86400000000,90000000000,88756306119,88756306124,5
86400000000,90000000000,88756306124,88760396274,4090150
86400000000,90000000000,88760396274,88760413368,17094
86400000000,90000000000,88760413368,88762001321,1587953
86400000000,90000000000,88762001321,88762001325,4
86400000000,90000000000,88762001325,88762001326,1
86400000000,90000000000,88762001326,88762002384,1058
86400000000,90000000000,88762002384,88765676944,3674560
86400000000,90000000000,88765676944,88766479298,802354
86400000000,90000000000,88766479298,88766507180,27882
86400000000,90000000000,88766507180,88774035142,7527962
86400000000,90000000000,88774035142,88777938157,3903015
86400000000,90000000000,88777938157,88777938884,727
86400000000,90000000000,88777938884,88778812001,873117
86400000000,90000000000,88778812001,88778819486,7485
86400000000,90000000000,88778819486,88778822348,2862
86400000000,90000000000,88778822348,88781750296,2927948
86400000000,90000000000,88781750296,88781750354,58
86400000000,90000000000,88781750354,88781750391,37
86400000000,90000000000,88781750391,88781817364,66973
86400000000,90000000000,88781817364,88783629573,1812209
86400000000,90000000000,88783629573,88798017953,14388380
86400000000,90000000000,88798017953,88798028405,10452
86400000000,90000000000,88798028405,88800020588,1992183
86400000000,90000000000,88800020588,88805626773,5606185
86400000000,90000000000,88805626773,88807450638,1823865
86400000000,90000000000,88807450638,88807487313,36675
86400000000,90000000000,88807487313,88807487733,420
86400000000,90000000000,88807487733,88807487738,5
86400000000,90000000000,88807487738,88809652011,2164273
86400000000,90000000000,88809652011,88810554258,902247
86400000000,90000000000,88810554258,88811529225,974967
86400000000,90000000000,88811529225,88817666014,6136789
86400000000,90000000000,88817666014,88817682200,16186
86400000000,90000000000,88817682200,88819593311,1911111
86400000000,90000000000,88819593311,88819593358,47
86400000000,90000000000,88819593358,88820694866,1101508
86400000000,90000000000,88820694866,88822579187,1884321
86400000000,90000000000,88822579187,88834061686,11482499
86400000000,90000000000,88834061686,88835017978,956292
86400000000,90000000000,88835017978,88836027270,1009292
86400000000,90000000000,88836027270,88836034226,6956
86400000000,90000000000,88836034226,88836036555,2329
86400000000,90000000000,88836036555,88836039302,2747
86400000000,90000000000,88836039302,88836043553,4251
86400000000,90000000000,88836043553,88836047832,4279
86400000000,90000000000,88836047832,88839333763,3285931
86400000000,90000000000,88839333763,88839333767,4
86400000000,90000000000,88839333767,88839333846,79
86400000000,90000000000,88839333846,88839333856,10
86400000000,90000000000,88839333856,88839333889,33
86400000000,90000000000,88839333889,88839333924,35
86400000000,90000000000,88839333924,88839337781,3857
86400000000,90000000000,88839337781,88839498923,161142
86400000000,90000000000,88839498923,88839606720,107797
86400000000,90000000000,88839606720,88840654534,1047814
86400000000,90000000000,88840654534,88841587111,932577
86400000000,90000000000,88841587111,88850281233,8694122
86400000000,90000000000,88850281233,88854318800,4037567
86400000000,90000000000,88854318800,88854324536,5736
86400000000,90000000000,88854324536,88854327348,2812
86400000000,90000000000,88854327348,88854330119,2771
86400000000,90000000000,88854330119,88854331995,1876
86400000000,90000000000,88854331995,88854332559,564
86400000000,90000000000,88854332559,88856129405,1796846
86400000000,90000000000,88856129405,88856129452,47
86400000000,90000000000,88856129452,88856129542,90
86400000000,90000000000,88856129542,88856129562,20
86400000000,90000000000,88856129562,88857111036,981474
86400000000,90000000000,88857111036,88857111038,2
86400000000,90000000000,88857111038,88858786436,1675398
86400000000,90000000000,88858786436,88858818350,31914
86400000000,90000000000,88858818350,88859739041,920691
86400000000,90000000000,88859739041,88861837517,2098476
86400000000,90000000000,88861837517,88870113366,8275849
86400000000,90000000000,88870113366,88877340765,7227399
86400000000,90000000000,88877340765,88877353658,12893
86400000000,90000000000,88877353658,88879071632,1717974
86400000000,90000000000,88879071632,88879114686,43054
86400000000,90000000000,88879114686,88879132777,18091
86400000000,90000000000,88879132777,88880927818,1795041
86400000000,90000000000,88880927818,88880972769,44951
86400000000,90000000000,88880972769,88885657517,4684748
86400000000,90000000000,88885657517,88890730033,5072516
86400000000,90000000000,88890730033,88892572190,1842157
86400000000,90000000000,88892572190,88893705014,1132824
86400000000,90000000000,88893705014,88894612020,907006
86400000000,90000000000,88894612020,88894612023,3
86400000000,90000000000,88894612023,88896339810,1727787
86400000000,90000000000,88896339810,88897200777,860967
86400000000,90000000000,88897200777,88897206997,6220
86400000000,90000000000,88897206997,88917059303,19852306
86400000000,90000000000,88917059303,88917059697,394
86400000000,90000000000,88917059697,88917162290,102593
86400000000,90000000000,88917162290,88921727981,4565691
86400000000,90000000000,88921727981,88925450922,3722941
86400000000,90000000000,88925450922,88929783842,4332920
86400000000,90000000000,88929783842,88937080841,7296999
86400000000,90000000000,88937080841,88939626180,2545339
86400000000,90000000000,88939626180,88942294516,2668336
86400000000,90000000000,88942294516,88942297533,3017
86400000000,90000000000,88942297533,88943203007,905474
86400000000,90000000000,88943203007,88943252248,49241
86400000000,90000000000,88943252248,88944911393,1659145
86400000000,90000000000,88944911393,88946730656,1819263
86400000000,90000000000,88946730656,88946730660,4
86400000000,90000000000,88946730660,88946730661,1
86400000000,90000000000,88946730661,88949667880,2937219
86400000000,90000000000,88949667880,88949672169,4289
86400000000,90000000000,88949672169,88949672293,124
86400000000,90000000000,88949672293,88956195951,6523658
86400000000,90000000000,88956195951,88957102919,906968
86400000000,90000000000,88957102919,88959153028,2050109
86400000000,90000000000,88959153028,88962041166,2888138
86400000000,90000000000,88962041166,88962042033,867
86400000000,90000000000,88962042033,88962042041,8
86400000000,90000000000,88962042041,88964695007,2652966
86400000000,90000000000,88964695007,88966513679,1818672
86400000000,90000000000,88966513679,88966516641,2962
86400000000,90000000000,88966516641,88968380343,1863702
86400000000,90000000000,88968380343,88968380368,25
86400000000,90000000000,88968380368,88968380372,4
86400000000,90000000000,88968380372,88968380373,1
86400000000,90000000000,88968380373,88969570853,1190480
86400000000,90000000000,88969570853,88969571844,991
86400000000,90000000000,88969571844,88969638104,66260
86400000000,90000000000,88969638104,88972210563,2572459
86400000000,90000000000,88972210563,88973096007,885444
86400000000,90000000000,88973096007,88984679243,11583236
86400000000,90000000000,88984679243,88985483685,804442
86400000000,90000000000,88985483685,88987021881,1538196
86400000000,90000000000,88987021881,88987021884,3
86400000000,90000000000,88987021884,88987021885,1
86400000000,90000000000,88987021885,88987062246,40361
86400000000,90000000000,88987062246,88987895230,832984
86400000000,90000000000,88987895230,88987897245,2015
86400000000,90000000000,88987897245,88988829763,932518
86400000000,90000000000,88988829763,88990268726,1438963
86400000000,90000000000,88990268726,89002243064,11974338
86400000000,90000000000,89002243064,89004906446,2663382
86400000000,90000000000,89004906446,89004914043,7597
86400000000,90000000000,89004914043,89004920204,6161
86400000000,90000000000,89004920204,89006745144,1824940
86400000000,90000000000,89006745144,89006745168,24
86400000000,90000000000,89006745168,89006745172,4
86400000000,90000000000,89006745172,89006745173,1
86400000000,90000000000,89006745173,89006796060,50887
86400000000,90000000000,89006796060,89006796882,822
86400000000,90000000000,89006796882,89008639424,1842542
86400000000,90000000000,89008639424,89008640587,1163
86400000000,90000000000,89008640587,89009514119,873532
86400000000,90000000000,89009514119,89009514393,274
86400000000,90000000000,89009514393,89013192366,3677973
86400000000,90000000000,89013192366,89013192447,81
86400000000,90000000000,89013192447,89032603029,19410582
86400000000,90000000000,89032603029,89034355552,1752523
86400000000,90000000000,89034355552,89034355559,7
86400000000,90000000000,89034355559,89034373243,17684
86400000000,90000000000,89034373243,89034383526,10283
86400000000,90000000000,89034383526,89037228865,2845339
86400000000,90000000000,89037228865,89037228868,3
86400000000,90000000000,89037228868,89037228904,36
86400000000,90000000000,89037228904,89040011511,2782607
86400000000,90000000000,89040011511,89044714298,4702787
86400000000,90000000000,89044714298,89044715542,1244
86400000000,90000000000,89044715542,89044715560,18
86400000000,90000000000,89044715560,89050454390,5738830
86400000000,90000000000,89050454390,89050454397,7
86400000000,90000000000,89050454397,89061198511,10744114
86400000000,90000000000,89061198511,89067976963,6778452
86400000000,90000000000,89067976963,89067981931,4968
86400000000,90000000000,89067981931,89070875546,2893615
86400000000,90000000000,89070875546,89070875620,74
86400000000,90000000000,89070875620,89072658482,1782862
86400000000,90000000000,89072658482,89074467104,1808622
86400000000,90000000000,89074467104,89074467805,701
86400000000,90000000000,89074467805,89075341860,874055
86400000000,90000000000,89075341860,89076962552,1620692
86400000000,90000000000,89076962552,89079397336,2434784
86400000000,90000000000,89079397336,89079397485,149
86400000000,90000000000,89079397485,89079397490,5
86400000000,90000000000,89079397490,89079397495,5
86400000000,90000000000,89079397495,89083764050,4366555
86400000000,90000000000,89083764050,89083764066,16
86400000000,90000000000,89083764066,89083764779,713
86400000000,90000000000,89083764779,89085684564,1919785
86400000000,90000000000,89085684564,89085687397,2833
86400000000,90000000000,89085687397,89085709027,21630
86400000000,90000000000,89085709027,89085727010,17983
86400000000,90000000000,89085727010,89088923486,3196476
86400000000,90000000000,89088923486,89088923718,232
86400000000,90000000000,89088923718,89088924021,303
86400000000,90000000000,89088924021,89092683424,3759403
86400000000,90000000000,89092683424,89094320491,1637067
86400000000,90000000000,89094320491,89095532229,1211738
86400000000,90000000000,89095532229,89095549176,16947
86400000000,90000000000,89095549176,89097555960,2006784
86400000000,90000000000,89097555960,89099616681,2060721
86400000000,90000000000,89099616681,89101937538,2320857
86400000000,90000000000,89101937538,89101977079,39541
86400000000,90000000000,89101977079,89102968327,991248
86400000000,90000000000,89102968327,89103957177,988850
86400000000,90000000000,89103957177,89105789028,1831851
86400000000,90000000000,89105789028,89106721871,932843
86400000000,90000000000,89106721871,89107606703,884832
86400000000,90000000000,89107606703,89107640468,33765
86400000000,90000000000,89107640468,89109440163,1799695
86400000000,90000000000,89109440163,89110312132,871969
86400000000,90000000000,89110312132,89111638652,1326520
86400000000,90000000000,89111638652,89123950089,12311437
86400000000,90000000000,89123950089,89123950327,238
86400000000,90000000000,89123950327,89123950332,5
86400000000,90000000000,89123950332,89128875164,4924832
86400000000,90000000000,89128875164,89130598468,1723304
86400000000,90000000000,89130598468,89130656030,57562
86400000000,90000000000,89130656030,89134993690,4337660
86400000000,90000000000,89134993690,89134993692,2
86400000000,90000000000,89134993692,89137384503,2390811
86400000000,90000000000,89137384503,89149787083,12402580
86400000000,90000000000,89149787083,89149805206,18123
86400000000,90000000000,89149805206,89152519322,2714116
86400000000,90000000000,89152519322,89152519325,3
86400000000,90000000000,89152519325,89152519326,1
86400000000,90000000000,89152519326,89152520453,1127
86400000000,90000000000,89152520453,89152520456,3
86400000000,90000000000,89152520456,89153541025,1020569
86400000000,90000000000,89153541025,89157250922,3709897
86400000000,90000000000,89157250922,89157274863,23941
86400000000,90000000000,89157274863,89157290686,15823
86400000000,90000000000,89157290686,89161125501,3834815
86400000000,90000000000,89161125501,89163030731,1905230
86400000000,90000000000,89163030731,89163043312,12581
86400000000,90000000000,89163043312,89163900422,857110
86400000000,90000000000,89163900422,89163940419,39997
86400000000,90000000000,89163940419,89164762451,822032
86400000000,90000000000,89164762451,89164762550,99
86400000000,90000000000,89164762550,89164762555,5
86400000000,90000000000,89164762555,89166974125,2211570
86400000000,90000000000,89166974125,89166974136,11
86400000000,90000000000,89166974136,89166974154,18
86400000000,90000000000,89166974154,89166974164,10
86400000000,90000000000,89166974164,89168151395,1177231
86400000000,90000000000,89168151395,89170024631,1873236
86400000000,90000000000,89170024631,89171019430,994799
86400000000,90000000000,89171019430,89172873291,1853861
86400000000,90000000000,89172873291,89172873295,4
86400000000,90000000000,89172873295,89172873296,1
86400000000,90000000000,89172873296,89174776642,1903346
86400000000,90000000000,89174776642,89174778130,1488
86400000000,90000000000,89174778130,89185009866,10231736
86400000000,90000000000,89185009866,89185009869,3
86400000000,90000000000,89185009869,89186880295,1870426
86400000000,90000000000,89186880295,89190376601,3496306
86400000000,90000000000,89190376601,89191409309,1032708
86400000000,90000000000,89191409309,89192407938,998629
86400000000,90000000000,89192407938,89192407942,4
86400000000,90000000000,89192407942,89193608197,1200255
86400000000,90000000000,89193608197,89193608202,5
86400000000,90000000000,89193608202,89193608297,95
86400000000,90000000000,89193608297,89194666540,1058243
86400000000,90000000000,89194666540,89196913683,2247143
86400000000,90000000000,89196913683,89205566794,8653111
86400000000,90000000000,89205566794,89205567293,499
86400000000,90000000000,89205567293,89205567324,31
86400000000,90000000000,89205567324,89206746945,1179621
86400000000,90000000000,89206746945,89219849229,13102284
86400000000,90000000000,89219849229,89220788585,939356
86400000000,90000000000,89220788585,89222148740,1360155
86400000000,90000000000,89222148740,89222199411,50671
86400000000,90000000000,89222199411,89222199972,561
86400000000,90000000000,89222199972,89223309889,1109917
86400000000,90000000000,89223309889,89223350600,40711
86400000000,90000000000,89223350600,89223363824,13224
86400000000,90000000000,89223363824,89225320893,1957069
86400000000,90000000000,89225320893,89225320897,4
86400000000,90000000000,89225320897,89225320898,1
86400000000,90000000000,89225320898,89225320899,1
86400000000,90000000000,89225320899,89227312778,1991879
86400000000,90000000000,89227312778,89227312809,31
86400000000,90000000000,89227312809,89227313098,289
86400000000,90000000000,89227313098,89229188526,1875428
86400000000,90000000000,89229188526,89229188866,340
86400000000,90000000000,89229188866,89243375721,14186855
86400000000,90000000000,89243375721,89243389263,13542
86400000000,90000000000,89243389263,89243769667,380404
86400000000,90000000000,89243769667,89245788776,2019109
86400000000,90000000000,89245788776,89245788807,31
86400000000,90000000000,89245788807,89247863163,2074356
86400000000,90000000000,89247863163,89259189356,11326193
86400000000,90000000000,89259189356,89263625301,4435945
86400000000,90000000000,89263625301,89278751547,15126246
86400000000,90000000000,89278751547,89278751995,448
86400000000,90000000000,89278751995,89278752000,5
86400000000,90000000000,89278752000,89282179630,3427630
86400000000,90000000000,89282179630,89282181757,2127
86400000000,90000000000,89282181757,89283831581,1649824
86400000000,90000000000,89283831581,89283831605,24
86400000000,90000000000,89283831605,89295427424,11595819
86400000000,90000000000,89295427424,89295427807,383
86400000000,90000000000,89295427807,89295427937,130
86400000000,90000000000,89295427937,89295427942,5
86400000000,90000000000,89295427942,89295428352,410
86400000000,90000000000,89295428352,89315495363,20067011
86400000000,90000000000,89315495363,89321813990,6318627
86400000000,90000000000,89321813990,89323604841,1790851
86400000000,90000000000,89323604841,89324496365,891524
86400000000,90000000000,89324496365,89325324190,827825
86400000000,90000000000,89325324190,89326897473,1573283
86400000000,90000000000,89326897473,89333221696,6324223
86400000000,90000000000,89333221696,89333221753,57
86400000000,90000000000,89333221753,89333221760,7
86400000000,90000000000,89333221760,89333221765,5
86400000000,90000000000,89333221765,89349279066,16057301
86400000000,90000000000,89349279066,89352385980,3106914
86400000000,90000000000,89352385980,89354583078,2197098
86400000000,90000000000,89354583078,89359956223,5373145
86400000000,90000000000,89359956223,89368958544,9002321
86400000000,90000000000,89368958544,89387319520,18360976
86400000000,90000000000,89387319520,89406832798,19513278
86400000000,90000000000,89406832798,89406842773,9975
86400000000,90000000000,89406842773,89408459135,1616362
86400000000,90000000000,89408459135,89408459139,4
86400000000,90000000000,89408459139,89408459140,1
86400000000,90000000000,89408459140,89408459158,18
86400000000,90000000000,89408459158,89409321098,861940
86400000000,90000000000,89409321098,89409321187,89
86400000000,90000000000,89409321187,89411850136,2528949
86400000000,90000000000,89411850136,89411853128,2992
86400000000,90000000000,89411853128,89413553191,1700063
86400000000,90000000000,89413553191,89413553297,106
86400000000,90000000000,89413553297,89413585192,31895
86400000000,90000000000,89413585192,89413613327,28135
86400000000,90000000000,89413613327,89415157850,1544523
86400000000,90000000000,89415157850,89415157881,31
86400000000,90000000000,89415157881,89417192849,2034968
86400000000,90000000000,89417192849,89418069765,876916
86400000000,90000000000,89418069765,89418075345,5580
86400000000,90000000000,89418075345,89419881997,1806652
86400000000,90000000000,89419881997,89419882008,11
86400000000,90000000000,89419882008,89420846756,964748
86400000000,90000000000,89420846756,89421669382,822626
86400000000,90000000000,89421669382,89421669398,16
86400000000,90000000000,89421669398,89422521830,852432
86400000000,90000000000,89422521830,89424928210,2406380
86400000000,90000000000,89424928210,89424931319,3109
86400000000,90000000000,89424931319,89424933882,2563
86400000000,90000000000,89424933882,89424937592,3710
86400000000,90000000000,89424937592,89426978084,2040492
86400000000,90000000000,89426978084,89426978414,330
86400000000,90000000000,89426978414,89426979059,645
86400000000,90000000000,89426979059,89426979071,12
86400000000,90000000000,89426979071,89436205329,9226258
86400000000,90000000000,89436205329,89436208467,3138
86400000000,90000000000,89436208467,89436208469,2
86400000000,90000000000,89436208469,89439283869,3075400
86400000000,90000000000,89439283869,89439283879,10
86400000000,90000000000,89439283879,89444426291,5142412
86400000000,90000000000,89444426291,89444435938,9647
86400000000,90000000000,89444435938,89446227907,1791969
86400000000,90000000000,89446227907,89446227919,12
86400000000,90000000000,89446227919,89446255034,27115
86400000000,90000000000,89446255034,89448152692,1897658
86400000000,90000000000,89448152692,89448178780,26088
86400000000,90000000000,89448178780,89456929201,8750421
86400000000,90000000000,89456929201,89458960241,2031040
86400000000,90000000000,89458960241,89458960341,100
86400000000,90000000000,89458960341,89458960346,5
86400000000,90000000000,89458960346,89458960351,5
86400000000,90000000000,89458960351,89460868558,1908207
86400000000,90000000000,89460868558,89460879332,10774
86400000000,90000000000,89460879332,89460882049,2717
86400000000,90000000000,89460882049,89462536296,1654247
86400000000,90000000000,89462536296,89462536320,24
86400000000,90000000000,89462536320,89462536387,67
86400000000,90000000000,89462536387,89462576385,39998
86400000000,90000000000,89462576385,89464493562,1917177
86400000000,90000000000,89464493562,89471625329,7131767
86400000000,90000000000,89471625329,89474352304,2726975
86400000000,90000000000,89474352304,89476077211,1724907
86400000000,90000000000,89476077211,89476112581,35370
86400000000,90000000000,89476112581,89476112964,383
86400000000,90000000000,89476112964,89476112971,7
86400000000,90000000000,89476112971,89478100514,1987543
86400000000,90000000000,89478100514,89478101245,731
86400000000,90000000000,89478101245,89480176386,2075141
86400000000,90000000000,89480176386,89481052216,875830
86400000000,90000000000,89481052216,89481892870,840654
86400000000,90000000000,89481892870,89487030700,5137830
86400000000,90000000000,89487030700,89497777073,10746373
86400000000,90000000000,89497777073,89498526871,749798
86400000000,90000000000,89498526871,89499352244,825373
86400000000,90000000000,89499352244,89499352280,36
86400000000,90000000000,89499352280,89499352287,7
86400000000,90000000000,89499352287,89510016054,10663767
86400000000,90000000000,89510016054,89510016057,3
86400000000,90000000000,89510016057,89512059028,2042971
86400000000,90000000000,89512059028,89514636335,2577307
86400000000,90000000000,89514636335,89514636338,3
86400000000,90000000000,89514636338,89516161826,1525488
86400000000,90000000000,89516161826,89516232446,70620
86400000000,90000000000,89516232446,89520315369,4082923
86400000000,90000000000,89520315369,89520315372,3
86400000000,90000000000,89520315372,89521926952,1611580
86400000000,90000000000,89521926952,89523928835,2001883
86400000000,90000000000,89523928835,89525527982,1599147
86400000000,90000000000,89525527982,89534884261,9356279
86400000000,90000000000,89534884261,89534887800,3539
86400000000,90000000000,89534887800,89534891018,3218
86400000000,90000000000,89534891018,89536573006,1681988
86400000000,90000000000,89536573006,89536573018,12
86400000000,90000000000,89536573018,89540780209,4207191
86400000000,90000000000,89540780209,89557669364,16889155
86400000000,90000000000,89557669364,89557670139,775
86400000000,90000000000,89557670139,89557670486,347
86400000000,90000000000,89557670486,89557670491,5
86400000000,90000000000,89557670491,89561376622,3706131
86400000000,90000000000,89561376622,89562281079,904457
86400000000,90000000000,89562281079,89564377002,2095923
86400000000,90000000000,89564377002,89564405486,28484
86400000000,90000000000,89564405486,89564405944,458
86400000000,90000000000,89564405944,89564405949,5
86400000000,90000000000,89564405949,89570606311,6200362
86400000000,90000000000,89570606311,89575981418,5375107
86400000000,90000000000,89575981418,89576866512,885094
86400000000,90000000000,89576866512,89578513257,1646745
86400000000,90000000000,89578513257,89586433810,7920553
86400000000,90000000000,89586433810,89588158896,1725086
86400000000,90000000000,89588158896,89588161212,2316
86400000000,90000000000,89588161212,89590145520,1984308
86400000000,90000000000,89590145520,89590145562,42
86400000000,90000000000,89590145562,89590145566,4
86400000000,90000000000,89590145566,89590166879,21313
86400000000,90000000000,89590166879,89591076244,909365
86400000000,90000000000,89591076244,89591076248,4
86400000000,90000000000,89591076248,89591844821,768573
86400000000,90000000000,89591844821,89602775740,10930919
86400000000,90000000000,89602775740,89602779736,3996
86400000000,90000000000,89602779736,89604535694,1755958
86400000000,90000000000,89604535694,89634331926,29796232
86400000000,90000000000,89634331926,89636044837,1712911
86400000000,90000000000,89636044837,89638624328,2579491
86400000000,90000000000,89638624328,89642703949,4079621
86400000000,90000000000,89642703949,89642709023,5074
86400000000,90000000000,89642709023,89643566638,857615
86400000000,90000000000,89643566638,89643573213,6575
86400000000,90000000000,89643573213,89644739420,1166207
86400000000,90000000000,89644739420,89644739430,10
86400000000,90000000000,89644739430,89645617046,877616
86400000000,90000000000,89645617046,89645617056,10
86400000000,90000000000,89645617056,89646590618,973562
86400000000,90000000000,89646590618,89648283825,1693207
86400000000,90000000000,89648283825,89653414476,5130651
86400000000,90000000000,89653414476,89653414623,147
86400000000,90000000000,89653414623,89653414628,5
86400000000,90000000000,89653414628,89666914113,13499485
86400000000,90000000000,89666914113,89670573693,3659580
86400000000,90000000000,89670573693,89670574244,551
86400000000,90000000000,89670574244,89670574249,5
86400000000,90000000000,89670574249,89671538895,964646
86400000000,90000000000,89671538895,89671541734,2839
86400000000,90000000000,89671541734,89671544057,2323
86400000000,90000000000,89671544057,89672774937,1230880
86400000000,90000000000,89672774937,89672775408,471
86400000000,90000000000,89672775408,89673619908,844500
86400000000,90000000000,89673619908,89673619921,13
86400000000,90000000000,89673619921,89673619934,13
86400000000,90000000000,89673619934,89673657146,37212
86400000000,90000000000,89673657146,89687079370,13422224
86400000000,90000000000,89687079370,89688258703,1179333
86400000000,90000000000,89688258703,89688258954,251
86400000000,90000000000,89688258954,89688258959,5
86400000000,90000000000,89688258959,89689215033,956074
86400000000,90000000000,89689215033,89690613409,1398376
86400000000,90000000000,89690613409,89690613409,0
86400000000,90000000000,89690613409,89692230901,1617492
86400000000,90000000000,89692230901,89692233377,2476
86400000000,90000000000,89692233377,89692250092,16715
86400000000,90000000000,89692250092,89695126489,2876397
86400000000,90000000000,89695126489,89695126522,33
86400000000,90000000000,89695126522,89695126527,5
86400000000,90000000000,89695126527,89695126528,1
86400000000,90000000000,89695126528,89695127610,1082
86400000000,90000000000,89695127610,89695127615,5
86400000000,90000000000,89695127615,89695127616,1
86400000000,90000000000,89695127616,89696739119,1611503
86400000000,90000000000,89696739119,89700785729,4046610
86400000000,90000000000,89700785729,89700806086,20357
86400000000,90000000000,89700806086,89700832348,26262
86400000000,90000000000,89700832348,89700832366,18
86400000000,90000000000,89700832366,89702177640,1345274
86400000000,90000000000,89702177640,89706194823,4017183
86400000000,90000000000,89706194823,89708527453,2332630
86400000000,90000000000,89708527453,89708527714,261
86400000000,90000000000,89708527714,89708589321,61607
86400000000,90000000000,89708589321,89708594587,5266
86400000000,90000000000,89708594587,89709854291,1259704
86400000000,90000000000,89709854291,89710658695,804404
86400000000,90000000000,89710658695,89710658705,10
86400000000,90000000000,89710658705,89711510765,852060
86400000000,90000000000,89711510765,89714163042,2652277
86400000000,90000000000,89714163042,89716041724,1878682
86400000000,90000000000,89716041724,89716041724,0
86400000000,90000000000,89716041724,89717911829,1870105
86400000000,90000000000,89717911829,89718859786,947957
86400000000,90000000000,89718859786,89723552398,4692612
86400000000,90000000000,89723552398,89729388560,5836162
86400000000,90000000000,89729388560,89730475662,1087102
86400000000,90000000000,89730475662,89730478343,2681
86400000000,90000000000,89730478343,89730480894,2551
86400000000,90000000000,89730480894,89730484940,4046
86400000000,90000000000,89730484940,89730487413,2473
86400000000,90000000000,89730487413,89730489384,1971
86400000000,90000000000,89730489384,89732750341,2260957
86400000000,90000000000,89732750341,89732750382,41
86400000000,90000000000,89732750382,89732750393,11
86400000000,90000000000,89732750393,89732750405,12
86400000000,90000000000,89732750405,89732750431,26
86400000000,90000000000,89732750431,89732750462,31
86400000000,90000000000,89732750462,89732832348,81886
86400000000,90000000000,89732832348,89735046619,2214271
86400000000,90000000000,89735046619,89735188681,142062
86400000000,90000000000,89735188681,89737374705,2186024
86400000000,90000000000,89737374705,89739864313,2489608
86400000000,90000000000,89739864313,89741086301,1221988
86400000000,90000000000,89741086301,89741508941,422640
86400000000,90000000000,89741508941,89741508969,28
86400000000,90000000000,89741508969,89741508974,5
86400000000,90000000000,89741508974,89745283272,3774298
86400000000,90000000000,89745283272,89745283274,2
86400000000,90000000000,89745283274,89747340322,2057048
86400000000,90000000000,89747340322,89748561392,1221070
86400000000,90000000000,89748561392,89750875779,2314387
86400000000,90000000000,89750875779,89752060301,1184522
86400000000,90000000000,89752060301,89752065539,5238
86400000000,90000000000,89752065539,89756802289,4736750
86400000000,90000000000,89756802289,89756802304,15
86400000000,90000000000,89756802304,89763646311,6844007
86400000000,90000000000,89763646311,89774207982,10561671
86400000000,90000000000,89774207982,89776441104,2233122
86400000000,90000000000,89776441104,89776476502,35398
86400000000,90000000000,89776476502,89778519271,2042769
86400000000,90000000000,89778519271,89780396707,1877436
86400000000,90000000000,89780396707,89781329564,932857
86400000000,90000000000,89781329564,89783215914,1886350
86400000000,90000000000,89783215914,89784025555,809641
86400000000,90000000000,89784025555,89784026198,643
86400000000,90000000000,89784026198,89785046542,1020344
86400000000,90000000000,89785046542,89785058524,11982
86400000000,90000000000,89785058524,89787071979,2013455
86400000000,90000000000,89787071979,89787072005,26
86400000000,90000000000,89787072005,89787072009,4
86400000000,90000000000,89787072009,89787072010,1
86400000000,90000000000,89787072010,89787962542,890532
86400000000,90000000000,89787962542,89787962665,123
86400000000,90000000000,89787962665,89789684329,1721664
86400000000,90000000000,89789684329,89800067075,10382746
86400000000,90000000000,89800067075,89802433569,2366494
86400000000,90000000000,89802433569,89804311178,1877609
86400000000,90000000000,89804311178,89804326724,15546
86400000000,90000000000,89804326724,89804346549,19825
86400000000,90000000000,89804346549,89804364540,17991
86400000000,90000000000,89804364540,89808239584,3875044
86400000000,90000000000,89808239584,89808239587,3
86400000000,90000000000,89808239587,89808239588,1
86400000000,90000000000,89808239588,89808240685,1097
86400000000,90000000000,89808240685,89808240690,5
86400000000,90000000000,89808240690,89808240691,1
86400000000,90000000000,89808240691,89808241779,1088
86400000000,90000000000,89808241779,89808241782,3
86400000000,90000000000,89808241782,89808241783,1
86400000000,90000000000,89808241783,89808296641,54858
86400000000,90000000000,89808296641,89814675347,6378706
86400000000,90000000000,89814675347,89815603437,928090
86400000000,90000000000,89815603437,89815629329,25892
86400000000,90000000000,89815629329,89815656290,26961
86400000000,90000000000,89815656290,89815682614,26324
86400000000,90000000000,89815682614,89815682632,18
86400000000,90000000000,89815682632,89820892395,5209763
86400000000,90000000000,89820892395,89823353725,2461330
86400000000,90000000000,89823353725,89825099273,1745548
86400000000,90000000000,89825099273,89825099276,3
86400000000,90000000000,89825099276,89828183143,3083867
86400000000,90000000000,89828183143,89828282002,98859
86400000000,90000000000,89828282002,89829289855,1007853
86400000000,90000000000,89829289855,89830595955,1306100
86400000000,90000000000,89830595955,89836991711,6395756
86400000000,90000000000,89836991711,89849952517,12960806
86400000000,90000000000,89849952517,89850009027,56510
86400000000,90000000000,89850009027,89851308142,1299115
86400000000,90000000000,89851308142,89852842261,1534119
86400000000,90000000000,89852842261,89854062751,1220490
86400000000,90000000000,89854062751,89854062755,4
86400000000,90000000000,89854062755,89854062756,1
86400000000,90000000000,89854062756,89854062836,80
86400000000,90000000000,89854062836,89856700407,2637571
86400000000,90000000000,89856700407,89856702833,2426
86400000000,90000000000,89856702833,89863103307,6400474
86400000000,90000000000,89863103307,89864464533,1361226
86400000000,90000000000,89864464533,89866725552,2261019
86400000000,90000000000,89866725552,89867943270,1217718
86400000000,90000000000,89867943270,89875694453,7751183
86400000000,90000000000,89875694453,89875698318,3865
86400000000,90000000000,89875698318,89877875761,2177443
86400000000,90000000000,89877875761,89877875765,4
86400000000,90000000000,89877875765,89877875796,31
86400000000,90000000000,89877875796,89877875800,4
86400000000,90000000000,89877875800,89877875801,1
86400000000,90000000000,89877875801,89879993374,2117573
86400000000,90000000000,89879993374,89879994292,918
86400000000,90000000000,89879994292,89879994321,29
86400000000,90000000000,89879994321,89880073991,79670
86400000000,90000000000,89880073991,89891428268,11354277
86400000000,90000000000,89891428268,89891437142,8874
86400000000,90000000000,89891437142,89894038967,2601825
86400000000,90000000000,89894038967,89894038977,10
86400000000,90000000000,89894038977,89894073574,34597
86400000000,90000000000,89894073574,89894948080,874506
86400000000,90000000000,89894948080,89894954423,6343
86400000000,90000000000,89894954423,89894957208,2785
86400000000,90000000000,89894957208,89894960057,2849
86400000000,90000000000,89894960057,89894961887,1830
86400000000,90000000000,89894961887,89894964047,2160
86400000000,90000000000,89894964047,89894967057,3010
86400000000,90000000000,89894967057,89897337591,2370534
86400000000,90000000000,89897337591,89897337811,220
86400000000,90000000000,89897337811,89897338132,321
86400000000,90000000000,89897338132,89897338176,44
86400000000,90000000000,89897338176,89897338194,18
86400000000,90000000000,89897338194,89897338245,51
86400000000,90000000000,89897338245,89897338395,150
86400000000,90000000000,89897338395,89898457213,1118818
86400000000,90000000000,89898457213,89900264489,1807276
86400000000,90000000000,89900264489,89911173858,10909369
86400000000,90000000000,89911173858,89913362618,2188760
86400000000,90000000000,89913362618,89914372602,1009984
86400000000,90000000000,89914372602,89916306458,1933856
86400000000,90000000000,89916306458,89916306462,4
86400000000,90000000000,89916306462,89916306463,1
86400000000,90000000000,89916306463,89916352074,45611
86400000000,90000000000,89916352074,89917360034,1007960
86400000000,90000000000,89917360034,89917361007,973
86400000000,90000000000,89917361007,89927083320,9722313
86400000000,90000000000,89927083320,89935168799,8085479
86400000000,90000000000,89935168799,89937199166,2030367
86400000000,90000000000,89937199166,89937231725,32559
86400000000,90000000000,89937231725,89938920205,1688480
86400000000,90000000000,89938920205,89941057271,2137066
86400000000,90000000000,89941057271,89942771491,1714220
86400000000,90000000000,89942771491,89946375730,3604239
86400000000,90000000000,89946375730,89949031392,2655662
86400000000,90000000000,89949031392,89954548437,5517045
86400000000,90000000000,89954548437,89963632423,9083986
86400000000,90000000000,89963632423,89964923151,1290728
86400000000,90000000000,89964923151,89968040141,3116990
86400000000,90000000000,89968040141,89969719402,1679261
86400000000,90000000000,89969719402,89971752334,2032932
86400000000,90000000000,89971752334,89971752440,106
86400000000,90000000000,89971752440,89986844308,15091868
86400000000,90000000000,89986844308,89991739290,4894982
86400000000,90000000000,89991739290,89992521083,781793
86400000000,90000000000,89992521083,89993628563,1107480
90000000000,93600000000,90010126133,90010131180,5047
90000000000,93600000000,90010131180,90011891724,1760544
90000000000,93600000000,90011891724,90011891747,23
90000000000,93600000000,90011891747,90011891751,4
90000000000,93600000000,90011891751,90011933720,41969
90000000000,93600000000,90011933720,90011954980,21260
90000000000,93600000000,90011954980,90012799197,844217
90000000000,93600000000,90012799197,90012889465,90268
90000000000,93600000000,90012889465,90014996477,2107012
90000000000,93600000000,90014996477,90014996488,11
90000000000,93600000000,90014996488,90015928891,932403
90000000000,93600000000,90015928891,90017761490,1832599
90000000000,93600000000,90017761490,90019875997,2114507
90000000000,93600000000,90019875997,90022534727,2658730
90000000000,93600000000,90022534727,90029146144,6611417
90000000000,93600000000,90029146144,90029155325,9181
90000000000,93600000000,90029155325,90029158257,2932
90000000000,93600000000,90029158257,90030932086,1773829
90000000000,93600000000,90030932086,90030932098,12
90000000000,93600000000,90030932098,90030932110,12
90000000000,93600000000,90030932110,90030967602,35492
90000000000,93600000000,90030967602,90041438757,10471155
90000000000,93600000000,90041438757,90043170593,1731836
90000000000,93600000000,90043170593,90043550081,379488
90000000000,93600000000,90043550081,90044393098,843017
90000000000,93600000000,90044393098,90045247533,854435
90000000000,93600000000,90045247533,90048155203,2907670
90000000000,93600000000,90048155203,90048155205,2
90000000000,93600000000,90048155205,90049926330,1771125
90000000000,93600000000,90049926330,90058923265,8996935
90000000000,93600000000,90058923265,90062026032,3102767
90000000000,93600000000,90062026032,90063018090,992058
90000000000,93600000000,90063018090,90063846255,828165
90000000000,93600000000,90063846255,90065501968,1655713
90000000000,93600000000,90065501968,90070978040,5476072
90000000000,93600000000,90070978040,90070979301,1261
90000000000,93600000000,90070979301,90070979308,7
90000000000,93600000000,90070979308,90078489914,7510606
90000000000,93600000000,90078489914,90080586734,2096820
90000000000,93600000000,90080586734,90086746547,6159813
90000000000,93600000000,90086746547,90094470965,7724418
90000000000,93600000000,90094470965,90094476617,5652
90000000000,93600000000,90094476617,90094479532,2915
90000000000,93600000000,90094479532,90096211039,1731507
90000000000,93600000000,90096211039,90096211059,20
90000000000,93600000000,90096211059,90097069750,858691
90000000000,93600000000,90097069750,90109022257,11952507
90000000000,93600000000,90109022257,90109022514,257
90000000000,93600000000,90109022514,90109022519,5
90000000000,93600000000,90109022519,90111122634,2100115
90000000000,93600000000,90111122634,90111122637,3
90000000000,93600000000,90111122637,90111964075,841438
90000000000,93600000000,90111964075,90111980293,16218
90000000000,93600000000,90111980293,90112774342,794049
90000000000,93600000000,90112774342,90113934632,1160290
90000000000,93600000000,90113934632,90113934652,20
90000000000,93600000000,90113934652,90117463894,3529242
90000000000,93600000000,90117463894,90119236019,1772125
90000000000,93600000000,90119236019,90123077979,3841960
90000000000,93600000000,90123077979,90125108522,2030543
90000000000,93600000000,90125108522,90125108628,106
90000000000,93600000000,90125108628,90125109046,418
90000000000,93600000000,90125109046,90125109051,5
90000000000,93600000000,90125109051,90125109058,7
90000000000,93600000000,90125109058,90127087762,1978704
90000000000,93600000000,90127087762,90128670281,1582519
90000000000,93600000000,90128670281,90131499054,2828773
90000000000,93600000000,90131499054,90132363318,864264
90000000000,93600000000,90132363318,90132369324,6006
90000000000,93600000000,90132369324,90133159694,790370
90000000000,93600000000,90133159694,90133245381,85687
90000000000,93600000000,90133245381,90133266357,20976
90000000000,93600000000,90133266357,90134943704,1677347
90000000000,93600000000,90134943704,90134943714,10
90000000000,93600000000,90134943714,90137022909,2079195
90000000000,93600000000,90137022909,90137022919,10
90000000000,93600000000,90137022919,90138001232,978313
90000000000,93600000000,90138001232,90138001637,405
90000000000,93600000000,90138001637,90138001646,9
90000000000,93600000000,90138001646,90140039469,2037823
90000000000,93600000000,90140039469,90140039472,3
90000000000,93600000000,90140039472,90140894544,855072
90000000000,93600000000,90140894544,90140894883,339
90000000000,93600000000,90140894883,90140894888,5
90000000000,93600000000,90140894888,90141918883,1023995
90000000000,93600000000,90141918883,90142991596,1072713
90000000000,93600000000,90142991596,90149045184,6053588
90000000000,93600000000,90149045184,90149971732,926548
90000000000,93600000000,90149971732,90149974955,3223
90000000000,93600000000,90149974955,90149978098,3143
90000000000,93600000000,90149978098,90149980796,2698
90000000000,93600000000,90149980796,90150884521,903725
90000000000,93600000000,90150884521,90151754984,870463
90000000000,93600000000,90151754984,90151755035,51
90000000000,93600000000,90151755035,90151755047,12
90000000000,93600000000,90151755047,90151804494,49447
90000000000,93600000000,90151804494,90152623349,818855
90000000000,93600000000,90152623349,90153502939,879590
90000000000,93600000000,90153502939,90154397330,894391
90000000000,93600000000,90154397330,90154407967,10637
90000000000,93600000000,90154407967,90155388716,980749
90000000000,93600000000,90155388716,90156250424,861708
90000000000,93600000000,90156250424,90157082279,831855
90000000000,93600000000,90157082279,90158338566,1256287
90000000000,93600000000,90158338566,90160130409,1791843
90000000000,93600000000,90160130409,90160194450,64041
90000000000,93600000000,90160194450,90160194487,37
90000000000,93600000000,90160194487,90160194492,5
90000000000,93600000000,90160194492,90163594348,3399856
90000000000,93600000000,90163594348,90164498105,903757
90000000000,93600000000,90164498105,90165413276,915171
90000000000,93600000000,90165413276,90167977415,2564139
90000000000,93600000000,90167977415,90169961517,1984102
90000000000,93600000000,90169961517,90172483978,2522461
90000000000,93600000000,90172483978,90174108877,1624899
90000000000,93600000000,90174108877,90174938821,829944
90000000000,93600000000,90174938821,90178559386,3620565
90000000000,93600000000,90178559386,90180792833,2233447
90000000000,93600000000,90180792833,90181612174,819341
90000000000,93600000000,90181612174,90185381624,3769450
90000000000,93600000000,90185381624,90185381628,4
90000000000,93600000000,90185381628,90185381629,1
90000000000,93600000000,90185381629,90185425877,44248
90000000000,93600000000,90185425877,90185426525,648
90000000000,93600000000,90185426525,90187181645,1755120
90000000000,93600000000,90187181645,90187182833,1188
90000000000,93600000000,90187182833,90188128215,945382
90000000000,93600000000,90188128215,90190141429,2013214
90000000000,93600000000,90190141429,90196437404,6295975
90000000000,93600000000,90196437404,90198331882,1894478
90000000000,93600000000,90198331882,90198332823,941
90000000000,93600000000,90198332823,90199287045,954222
90000000000,93600000000,90199287045,90199289381,2336
90000000000,93600000000,90199289381,90201310385,2021004
90000000000,93600000000,90201310385,90201310410,25
90000000000,93600000000,90201310410,90201310414,4
90000000000,93600000000,90201310414,90202182736,872322
90000000000,93600000000,90202182736,90209947269,7764533
90000000000,93600000000,90209947269,90212084864,2137595
90000000000,93600000000,90212084864,90217394744,5309880
90000000000,93600000000,90217394744,90219018043,1623299
90000000000,93600000000,90219018043,90219947964,929921
90000000000,93600000000,90219947964,90229937275,9989311
90000000000,93600000000,90229937275,90229938231,956
90000000000,93600000000,90229938231,90229938271,40
90000000000,93600000000,90229938271,90234306806,4368535
90000000000,93600000000,90234306806,90235921541,1614735
90000000000,93600000000,90235921541,90235921545,4
90000000000,93600000000,90235921545,90235921546,1
90000000000,93600000000,90235921546,90235921547,1
90000000000,93600000000,90235921547,90235941951,20404
90000000000,93600000000,90235941951,90235942231,280
90000000000,93600000000,90235942231,90235942236,5
90000000000,93600000000,90235942236,90236893824,951588
90000000000,93600000000,90236893824,90236893849,25
90000000000,93600000000,90236893849,90236894102,253
90000000000,93600000000,90236894102,90241785885,4891783
90000000000,93600000000,90241785885,90242619764,833879
90000000000,93600000000,90242619764,90243501452,881688
90000000000,93600000000,90243501452,90243873624,372172
90000000000,93600000000,90243873624,90252047319,8173695
90000000000,93600000000,90252047319,90256463893,4416574
90000000000,93600000000,90256463893,90258289007,1825114
90000000000,93600000000,90258289007,90259214723,925716
90000000000,93600000000,90259214723,90260038240,823517
90000000000,93600000000,90260038240,90260085851,47611
90000000000,93600000000,90260085851,90260919563,833712
90000000000,93600000000,90260919563,90262815659,1896096
90000000000,93600000000,90262815659,90262816295,636
90000000000,93600000000,90262816295,90262816302,7
90000000000,93600000000,90262816302,90265381164,2564862
90000000000,93600000000,90265381164,90268015666,2634502
90000000000,93600000000,90268015666,90268015907,241
90000000000,93600000000,90268015907,90268015912,5
90000000000,93600000000,90268015912,90268015917,5
90000000000,93600000000,90268015917,90276741690,8725773
90000000000,93600000000,90276741690,90276752182,10492
90000000000,93600000000,90276752182,90276757084,4902
90000000000,93600000000,90276757084,90276765312,8228
90000000000,93600000000,90276765312,90276765374,62
90000000000,93600000000,90276765374,90280380029,3614655
90000000000,93600000000,90280380029,90280380033,4
90000000000,93600000000,90280380033,90280380068,35
90000000000,93600000000,90280380068,90280380072,4
90000000000,93600000000,90280380072,90280380125,53
90000000000,93600000000,90280380125,90280380128,3
90000000000,93600000000,90280380128,90281181375,801247
90000000000,93600000000,90281181375,90281934915,753540
90000000000,93600000000,90281934915,90281934919,4
90000000000,93600000000,90281934919,90281935020,101
90000000000,93600000000,90281935020,90281935538,518
90000000000,93600000000,90281935538,90282832823,897285
90000000000,93600000000,90282832823,90283694693,861870
90000000000,93600000000,90283694693,90283696475,1782
90000000000,93600000000,90283696475,90286316899,2620424
90000000000,93600000000,90286316899,90288367706,2050807
90000000000,93600000000,90288367706,90290976787,2609081
90000000000,93600000000,90290976787,90290985612,8825
90000000000,93600000000,90290985612,90293535884,2550272
90000000000,93600000000,90293535884,90294527275,991391
90000000000,93600000000,90294527275,90296995116,2467841
90000000000,93600000000,90296995116,90305594947,8599831
90000000000,93600000000,90305594947,90307570341,1975394
90000000000,93600000000,90307570341,90307570899,558
90000000000,93600000000,90307570899,90310995889,3424990
90000000000,93600000000,90310995889,90313903077,2907188
90000000000,93600000000,90313903077,90315509207,1606130
90000000000,93600000000,90315509207,90315536638,27431
90000000000,93600000000,90315536638,90315543476,6838
90000000000,93600000000,90315543476,90315543726,250
90000000000,93600000000,90315543726,90315673715,129989
90000000000,93600000000,90315673715,90317279317,1605602
90000000000,93600000000,90317279317,90324936555,7657238
90000000000,93600000000,90324936555,90328631992,3695437
90000000000,93600000000,90328631992,90330330906,1698914
90000000000,93600000000,90330330906,90330330910,4
90000000000,93600000000,90330330910,90330330911,1
90000000000,93600000000,90330330911,90330330912,1
90000000000,93600000000,90330330912,90332330410,1999498
90000000000,93600000000,90332330410,90332336082,5672
90000000000,93600000000,90332336082,90332338710,2628
90000000000,93600000000,90332338710,90337004959,4666249
90000000000,93600000000,90337004959,90337004961,2
90000000000,93600000000,90337004961,90338692696,1687735
90000000000,93600000000,90338692696,90355713045,17020349
90000000000,93600000000,90355713045,90355722163,9118
90000000000,93600000000,90355722163,90355724671,2508
90000000000,93600000000,90355724671,90355726547,1876
90000000000,93600000000,90355726547,90357345259,1618712
90000000000,93600000000,90357345259,90357345272,13
90000000000,93600000000,90357345272,90357345285,13
90000000000,93600000000,90357345285,90357345298,13
90000000000,93600000000,90357345298,90357345600,302
90000000000,93600000000,90357345600,90359948978,2603378
90000000000,93600000000,90359948978,90361577143,1628165
90000000000,93600000000,90361577143,90361577143,0
90000000000,93600000000,90361577143,90373381694,11804551
90000000000,93600000000,90373381694,90375030741,1649047
90000000000,93600000000,90375030741,90377136359,2105618
90000000000,93600000000,90377136359,90377136362,3
90000000000,93600000000,90377136362,90378005215,868853
90000000000,93600000000,90378005215,90378005277,62
90000000000,93600000000,90378005277,90378824770,819493
90000000000,93600000000,90378824770,90378864124,39354
90000000000,93600000000,90378864124,90380546392,1682268
90000000000,93600000000,90380546392,90380546396,4
90000000000,93600000000,90380546396,90380546397,1
90000000000,93600000000,90380546397,90380600170,53773
90000000000,93600000000,90380600170,90381514072,913902
90000000000,93600000000,90381514072,90381514313,241
90000000000,93600000000,90381514313,90383317125,1802812
90000000000,93600000000,90383317125,90383317253,128
90000000000,93600000000,90383317253,90383317258,5
90000000000,93600000000,90383317258,90393777941,10460683
90000000000,93600000000,90393777941,90393778600,659
90000000000,93600000000,90393778600,90393779078,478
90000000000,93600000000,90393779078,90393779083,5
90000000000,93600000000,90393779083,90395528779,1749696
90000000000,93600000000,90395528779,90395528941,162
90000000000,93600000000,90395528941,90395528950,9
90000000000,93600000000,90395528950,90397264403,1735453
90000000000,93600000000,90397264403,90397264569,166
90000000000,93600000000,90397264569,90397264572,3
90000000000,93600000000,90397264572,90399742763,2478191
90000000000,93600000000,90399742763,90404121142,4378379
90000000000,93600000000,90404121142,90408561960,4440818
90000000000,93600000000,90408561960,90408562059,99
90000000000,93600000000,90408562059,90408562064,5
90000000000,93600000000,90408562064,90408562069,5
90000000000,93600000000,90408562069,90410823924,2261855
90000000000,93600000000,90410823924,90412958081,2134157
90000000000,93600000000,90412958081,90413876619,918538
90000000000,93600000000,90413876619,90413891420,14801
90000000000,93600000000,90413891420,90413894032,2612
90000000000,93600000000,90413894032,90415632080,1738048
90000000000,93600000000,90415632080,90415632098,18
90000000000,93600000000,90415632098,90415632121,23
90000000000,93600000000,90415632121,90415632125,4
90000000000,93600000000,90415632125,90415632126,1
90000000000,93600000000,90415632126,90415632127,1
90000000000,93600000000,90415632127,90417315868,1683741
90000000000,93600000000,90417315868,90417316078,210
90000000000,93600000000,90417316078,90417316653,575
90000000000,93600000000,90417316653,90425721882,8405229
90000000000,93600000000,90425721882,90428459741,2737859
90000000000,93600000000,90428459741,90429394664,934923
90000000000,93600000000,90429394664,90430351342,956678
90000000000,93600000000,90430351342,90430386065,34723
90000000000,93600000000,90430386065,90430386396,331
90000000000,93600000000,90430386396,90430386401,5
90000000000,93600000000,90430386401,90431789211,1402810
90000000000,93600000000,90431789211,90437990349,6201138
90000000000,93600000000,90437990349,90449474635,11484286
90000000000,93600000000,90449474635,90449481598,6963
90000000000,93600000000,90449481598,90449484260,2662
90000000000,93600000000,90449484260,90451256065,1771805
90000000000,93600000000,90451256065,90451256138,73
90000000000,93600000000,90451256138,90451256150,12
90000000000,93600000000,90451256150,90451287865,31715
90000000000,93600000000,90451287865,90453316289,2028424
90000000000,93600000000,90453316289,90454218252,901963
90000000000,93600000000,90454218252,90454218429,177
90000000000,93600000000,90454218429,90454218434,5
90000000000,93600000000,90454218434,90456186398,1967964
90000000000,93600000000,90456186398,90456186401,3
90000000000,93600000000,90456186401,90457770295,1583894
90000000000,93600000000,90457770295,90462122690,4352395
90000000000,93600000000,90462122690,90462130412,7722
90000000000,93600000000,90462130412,90464768699,2638287
90000000000,93600000000,90464768699,90471526444,6757745
90000000000,93600000000,90471526444,90471526523,79
90000000000,93600000000,90471526523,90471526530,7
90000000000,93600000000,90471526530,90473319696,1793166
90000000000,93600000000,90473319696,90475416423,2096727
90000000000,93600000000,90475416423,90477269910,1853487
90000000000,93600000000,90477269910,90477269990,80
90000000000,93600000000,90477269990,90477269995,5
90000000000,93600000000,90477269995,90477270000,5
90000000000,93600000000,90477270000,90482666524,5396524
90000000000,93600000000,90482666524,90482669632,3108
90000000000,93600000000,90482669632,90482669643,11
90000000000,93600000000,90482669643,90484538493,1868850
90000000000,93600000000,90484538493,90491806922,7268429
90000000000,93600000000,90491806922,90491812296,5374
90000000000,93600000000,90491812296,90491815213,2917
90000000000,93600000000,90491815213,90491820187,4974
90000000000,93600000000,90491820187,90493490803,1670616
90000000000,93600000000,90493490803,90493490823,20
90000000000,93600000000,90493490823,90493490846,23
90000000000,93600000000,90493490846,90493490850,4
90000000000,93600000000,90493490850,90493490877,27
90000000000,93600000000,90493490877,90494259392,768515
90000000000,93600000000,90494259392,90494287983,28591
90000000000,93600000000,90494287983,90495158324,870341
90000000000,93600000000,90495158324,90496013217,854893
90000000000,93600000000,90496013217,90498212379,2199162
90000000000,93600000000,90498212379,90499399577,1187198
90000000000,93600000000,90499399577,90499400134,557
90000000000,93600000000,90499400134,90499400139,5
90000000000,93600000000,90499400139,90501532998,2132859
90000000000,93600000000,90501532998,90501533196,198
90000000000,93600000000,90501533196,90501533201,5
90000000000,93600000000,90501533201,90502546615,1013414
90000000000,93600000000,90502546615,90504275299,1728684
90000000000,93600000000,90504275299,90504919908,644609
90000000000,93600000000,90504919908,90504922225,2317
90000000000,93600000000,90504922225,90504925096,2871
90000000000,93600000000,90504925096,90505671061,745965
90000000000,93600000000,90505671061,90507333312,1662251
90000000000,93600000000,90507333312,90507333334,22
90000000000,93600000000,90507333334,90507333346,12
90000000000,93600000000,90507333346,90507409115,75769
90000000000,93600000000,90507409115,90509177345,1768230
90000000000,93600000000,90509177345,90509216765,39420
90000000000,93600000000,90509216765,90510478714,1261949
90000000000,93600000000,90510478714,90511276480,797766
90000000000,93600000000,90511276480,90511301724,25244
90000000000,93600000000,90511301724,90512193573,891849
90000000000,93600000000,90512193573,90513070559,876986
90000000000,93600000000,90513070559,90516676891,3606332
90000000000,93600000000,90516676891,90522273818,5596927
90000000000,93600000000,90522273818,90523576945,1303127
90000000000,93600000000,90523576945,90523606869,29924
90000000000,93600000000,90523606869,90526108209,2501340
90000000000,93600000000,90526108209,90526898685,790476
90000000000,93600000000,90526898685,90526916050,17365
90000000000,93600000000,90526916050,90536276812,9360762
90000000000,93600000000,90536276812,90540073926,3797114
90000000000,93600000000,90540073926,90540073929,3
90000000000,93600000000,90540073929,90542127675,2053746
90000000000,93600000000,90542127675,90543435174,1307499
90000000000,93600000000,90543435174,90543446495,11321
90000000000,93600000000,90543446495,90545275528,1829033
90000000000,93600000000,90545275528,90545275531,3
90000000000,93600000000,90545275531,90545275532,1
90000000000,93600000000,90545275532,90545277653,2121
90000000000,93600000000,90545277653,90545277657,4
90000000000,93600000000,90545277657,90545277658,1
90000000000,93600000000,90545277658,90546136044,858386
90000000000,93600000000,90546136044,90550935789,4799745
90000000000,93600000000,90550935789,90550935836,47
90000000000,93600000000,90550935836,90550985710,49874
90000000000,93600000000,90550985710,90550986043,333
90000000000,93600000000,90550986043,90552624434,1638391
90000000000,93600000000,90552624434,90568681316,16056882
90000000000,93600000000,90568681316,90568714302,32986
90000000000,93600000000,90568714302,90569722514,1008212
90000000000,93600000000,90569722514,90570693563,971049
90000000000,93600000000,90570693563,90570693804,241
90000000000,93600000000,90570693804,90570693808,4
90000000000,93600000000,90570693808,90570693809,1
90000000000,93600000000,90570693809,90571819016,1125207
90000000000,93600000000,90571819016,90571819355,339
90000000000,93600000000,90571819355,90571819382,27
90000000000,93600000000,90571819382,90571819626,244
90000000000,93600000000,90571819626,90572848403,1028777
90000000000,93600000000,90572848403,90572849774,1371
90000000000,93600000000,90572849774,90584678474,11828700
90000000000,93600000000,90584678474,90584679033,559
90000000000,93600000000,90584679033,90584679042,9
90000000000,93600000000,90584679042,90584679816,774
90000000000,93600000000,90584679816,90584680087,271
90000000000,93600000000,90584680087,90584680177,90
90000000000,93600000000,90584680177,90584680187,10
90000000000,93600000000,90584680187,90588017447,3337260
90000000000,93600000000,90588017447,90591911143,3893696
90000000000,93600000000,90591911143,90591911148,5
90000000000,93600000000,90591911148,90591911149,1
90000000000,93600000000,90591911149,90597793424,5882275
90000000000,93600000000,90597793424,90597861741,68317
90000000000,93600000000,90597861741,90601963309,4101568
90000000000,93600000000,90601963309,90606668167,4704858
90000000000,93600000000,90606668167,90606674650,6483
90000000000,93600000000,90606674650,90610441663,3767013
90000000000,93600000000,90610441663,90610555941,114278
90000000000,93600000000,90610555941,90611811689,1255748
90000000000,93600000000,90611811689,90611814913,3224
90000000000,93600000000,90611814913,90611817648,2735
90000000000,93600000000,90611817648,90611819936,2288
90000000000,93600000000,90611819936,90611821858,1922
90000000000,93600000000,90611821858,90611826555,4697
90000000000,93600000000,90611826555,90611829695,3140
90000000000,93600000000,90611829695,90613528238,1698543
90000000000,93600000000,90613528238,90613533431,5193
90000000000,93600000000,90613533431,90616840725,3307294
90000000000,93600000000,90616840725,90616840728,3
90000000000,93600000000,90616840728,90616840750,22
90000000000,93600000000,90616840750,90616840773,23
90000000000,93600000000,90616840773,90616840799,26
90000000000,93600000000,90616840799,90616840856,57
90000000000,93600000000,90616840856,90616840865,9
90000000000,93600000000,90616840865,90616842515,1650
90000000000,93600000000,90616842515,90617015074,172559
90000000000,93600000000,90617015074,90618258425,1243351
90000000000,93600000000,90618258425,90618262718,4293
90000000000,93600000000,90618262718,90619381981,1119263
90000000000,93600000000,90619381981,90619381993,12
90000000000,93600000000,90619381993,90619382858,865
90000000000,93600000000,90619382858,90620570997,1188139
90000000000,93600000000,90620570997,90623889480,3318483
90000000000,93600000000,90623889480,90623889500,20
90000000000,93600000000,90623889500,90638286685,14397185
90000000000,93600000000,90638286685,90638292746,6061
90000000000,93600000000,90638292746,90638295610,2864
90000000000,93600000000,90638295610,90638297961,2351
90000000000,93600000000,90638297961,90638300490,2529
90000000000,93600000000,90638300490,90638302631,2141
90000000000,93600000000,90638302631,90638306641,4010
90000000000,93600000000,90638306641,90638314279,7638
90000000000,93600000000,90638314279,90640850865,2536586
90000000000,93600000000,90640850865,90640850884,19
90000000000,93600000000,90640850884,90640850916,32
90000000000,93600000000,90640850916,90640850927,11
90000000000,93600000000,90640850927,90640850960,33
90000000000,93600000000,90640850960,90640851141,181
90000000000,93600000000,90640851141,90640851153,12
90000000000,93600000000,90640851153,90640851191,38
90000000000,93600000000,90640851191,90642167361,1316170
90000000000,93600000000,90642167361,90646056118,3888757
90000000000,93600000000,90646056118,90651238421,5182303
90000000000,93600000000,90651238421,90653482604,2244183
90000000000,93600000000,90653482604,90656569727,3087123
90000000000,93600000000,90656569727,90656569729,2
90000000000,93600000000,90656569729,90659120760,2551031
90000000000,93600000000,90659120760,90660241369,1120609
90000000000,93600000000,90660241369,90661431324,1189955
90000000000,93600000000,90661431324,90662511241,1079917
90000000000,93600000000,90662511241,90667674077,5162836
90000000000,93600000000,90667674077,90669821560,2147483
90000000000,93600000000,90669821560,90676085112,6263552
90000000000,93600000000,90676085112,90676085161,49
90000000000,93600000000,90676085161,90676085166,5
90000000000,93600000000,90676085166,90676085171,5
90000000000,93600000000,90676085171,90677141440,1056269
90000000000,93600000000,90677141440,90677142408,968
90000000000,93600000000,90677142408,90678073353,930945
90000000000,93600000000,90678073353,90680356727,2283374
90000000000,93600000000,90680356727,90682278333,1921606
90000000000,93600000000,90682278333,90683290540,1012207
90000000000,93600000000,90683290540,90683290597,57
90000000000,93600000000,90683290597,90683290602,5
90000000000,93600000000,90683290602,90683291044,442
90000000000,93600000000,90683291044,90683291412,368
90000000000,93600000000,90683291412,90686967526,3676114
90000000000,93600000000,90686967526,90697474085,10506559
90000000000,93600000000,90697474085,90698437388,963303
90000000000,93600000000,90698437388,90698447809,10421
90000000000,93600000000,90698447809,90699407066,959257
90000000000,93600000000,90699407066,90700589298,1182232
90000000000,93600000000,90700589298,90700589323,25
90000000000,93600000000,90700589323,90700589327,4
90000000000,93600000000,90700589327,90700589328,1
90000000000,93600000000,90700589328,90700589329,1
90000000000,93600000000,90700589329,90701433358,844029
90000000000,93600000000,90701433358,90701433545,187
90000000000,93600000000,90701433545,90701433833,288
90000000000,93600000000,90701433833,90704430439,2996606
90000000000,93600000000,90704430439,90707251034,2820595
90000000000,93600000000,90707251034,90711808957,4557923
90000000000,93600000000,90711808957,90713596947,1787990
90000000000,93600000000,90713596947,90723982127,10385180
90000000000,93600000000,90723982127,90728179181,4197054
90000000000,93600000000,90728179181,90728179208,27
90000000000,93600000000,90728179208,90728179213,5
90000000000,93600000000,90728179213,90729915253,1736040
90000000000,93600000000,90729915253,90729918617,3364
90000000000,93600000000,90729918617,90730943855,1025238
90000000000,93600000000,90730943855,90731796183,852328
90000000000,93600000000,90731796183,90731796220,37
90000000000,93600000000,90731796220,90731796225,5
90000000000,93600000000,90731796225,90731796226,1
90000000000,93600000000,90731796226,90731796227,1
90000000000,93600000000,90731796227,90733009908,1213681
90000000000,93600000000,90733009908,90733009933,25
90000000000,93600000000,90733009933,90733014094,4161
90000000000,93600000000,90733014094,90738194676,5180582
90000000000,93600000000,90738194676,90738194679,3
90000000000,93600000000,90738194679,90739839608,1644929
90000000000,93600000000,90739839608,90750011998,10172390
90000000000,93600000000,90750011998,90751952151,1940153
90000000000,93600000000,90751952151,90751952151,0
90000000000,93600000000,90751952151,90751956926,4775
90000000000,93600000000,90751956926,90753606831,1649905
90000000000,93600000000,90753606831,90754776234,1169403
90000000000,93600000000,90754776234,90764549574,9773340
90000000000,93600000000,90764549574,90766539063,1989489
90000000000,93600000000,90766539063,90767432198,893135
90000000000,93600000000,90767432198,90768368806,936608
90000000000,93600000000,90768368806,90770868844,2500038
90000000000,93600000000,90770868844,90773302071,2433227
90000000000,93600000000,90773302071,90773302071,0
90000000000,93600000000,90773302071,90775087686,1785615
90000000000,93600000000,90775087686,90797315343,22227657
90000000000,93600000000,90797315343,90798208127,892784
90000000000,93600000000,90798208127,90799949629,1741502
90000000000,93600000000,90799949629,90799949633,4
90000000000,93600000000,90799949633,90799949634,1
90000000000,93600000000,90799949634,90799949635,1
90000000000,93600000000,90799949635,90800816948,867313
90000000000,93600000000,90800816948,90800816973,25
90000000000,93600000000,90800816973,90800817336,363
90000000000,93600000000,90800817336,90826236517,25419181
90000000000,93600000000,90826236517,90826236602,85
90000000000,93600000000,90826236602,90826236610,8
90000000000,93600000000,90826236610,90830970046,4733436
90000000000,93600000000,90830970046,90836048370,5078324
90000000000,93600000000,90836048370,90838702594,2654224
90000000000,93600000000,90838702594,90843446244,4743650
90000000000,93600000000,90843446244,90850358912,6912668
90000000000,93600000000,90850358912,90852438678,2079766
90000000000,93600000000,90852438678,90852478343,39665
90000000000,93600000000,90852478343,90853351201,872858
90000000000,93600000000,90853351201,90853363117,11916
90000000000,93600000000,90853363117,90854243253,880136
90000000000,93600000000,90854243253,90854272756,29503
90000000000,93600000000,90854272756,90855146541,873785
90000000000,93600000000,90855146541,90855146559,18
90000000000,93600000000,90855146559,90856022445,875886
90000000000,93600000000,90856022445,90857846259,1823814
90000000000,93600000000,90857846259,90857846263,4
90000000000,93600000000,90857846263,90857846368,105
90000000000,93600000000,90857846368,90857846379,11
90000000000,93600000000,90857846379,90861210497,3364118
90000000000,93600000000,90861210497,90864868880,3658383
90000000000,93600000000,90864868880,90866554520,1685640
90000000000,93600000000,90866554520,90875469789,8915269
90000000000,93600000000,90875469789,90877048210,1578421
90000000000,93600000000,90877048210,90877078014,29804
90000000000,93600000000,90877078014,90877079238,1224
90000000000,93600000000,90877079238,90877079599,361
90000000000,93600000000,90877079599,90877079604,5
90000000000,93600000000,90877079604,90878138862,1059258
90000000000,93600000000,90878138862,90878146553,7691
90000000000,93600000000,90878146553,90878154645,8092
90000000000,93600000000,90878154645,90878154652,7
90000000000,93600000000,90878154652,90879611066,1456414
90000000000,93600000000,90879611066,90879843367,232301
90000000000,93600000000,90879843367,90879845905,2538
90000000000,93600000000,90879845905,90879848923,3018
90000000000,93600000000,90879848923,90879851533,2610
90000000000,93600000000,90879851533,90879862846,11313
90000000000,93600000000,90879862846,90879865130,2284
90000000000,93600000000,90879865130,90880774517,909387
90000000000,93600000000,90880774517,90881891259,1116742
90000000000,93600000000,90881891259,90881927842,36583
90000000000,93600000000,90881927842,90883363690,1435848
90000000000,93600000000,90883363690,90883363702,12
90000000000,93600000000,90883363702,90883363726,24
90000000000,93600000000,90883363726,90883363730,4
90000000000,93600000000,90883363730,90883363731,1
90000000000,93600000000,90883363731,90883363732,1
90000000000,93600000000,90883363732,90883363766,34
90000000000,93600000000,90883363766,90883363779,13
90000000000,93600000000,90883363779,90883363798,19
90000000000,93600000000,90883363798,90883363815,17
90000000000,93600000000,90883363815,90885666795,2302980
90000000000,93600000000,90885666795,90885667011,216
90000000000,93600000000,90885667011,90885667288,277
90000000000,93600000000,90885667288,90885667376,88
90000000000,93600000000,90885667376,90885667399,23
90000000000,93600000000,90885667399,90886671040,1003641
90000000000,93600000000,90886671040,90886671043,3
90000000000,93600000000,90886671043,90887452866,781823
90000000000,93600000000,90887452866,90887453195,329
90000000000,93600000000,90887453195,90887453200,5
90000000000,93600000000,90887453200,90888396373,943173
90000000000,93600000000,90888396373,90888475066,78693
90000000000,93600000000,90888475066,90888475068,2
90000000000,93600000000,90888475068,90889560860,1085792
90000000000,93600000000,90889560860,90890528047,967187
90000000000,93600000000,90890528047,90892992355,2464308
90000000000,93600000000,90892992355,90895376983,2384628
90000000000,93600000000,90895376983,90897662134,2285151
90000000000,93600000000,90897662134,90897988214,326080
90000000000,93600000000,90897988214,90899898013,1909799
90000000000,93600000000,90899898013,90899940794,42781
90000000000,93600000000,90899940794,90901625125,1684331
90000000000,93600000000,90901625125,90901645241,20116
90000000000,93600000000,90901645241,90903369132,1723891
90000000000,93600000000,90903369132,90905701754,2332622
90000000000,93600000000,90905701754,90909651937,3950183
90000000000,93600000000,90909651937,90909655435,3498
90000000000,93600000000,90909655435,90909655440,5
90000000000,93600000000,90909655440,90912550572,2895132
90000000000,93600000000,90912550572,90912550578,6
90000000000,93600000000,90912550578,90912550613,35
90000000000,93600000000,90912550613,90912550618,5
90000000000,93600000000,90912550618,90913780596,1229978
90000000000,93600000000,90913780596,90916622550,2841954
90000000000,93600000000,90916622550,90918726505,2103955
90000000000,93600000000,90918726505,90919477466,750961
90000000000,93600000000,90919477466,90919483173,5707
90000000000,93600000000,90919483173,90920204321,721148
90000000000,93600000000,90920204321,90921028826,824505
90000000000,93600000000,90921028826,90921028830,4
90000000000,93600000000,90921028830,90921028831,1
90000000000,93600000000,90921028831,90921028945,114
90000000000,93600000000,90921028945,90921849315,820370
90000000000,93600000000,90921849315,90921850259,944
90000000000,93600000000,90921850259,90927924543,6074284
90000000000,93600000000,90927924543,90931205273,3280730
90000000000,93600000000,90931205273,90931205586,313
90000000000,93600000000,90931205586,90933427688,2222102
90000000000,93600000000,90933427688,90937391870,3964182
90000000000,93600000000,90937391870,90938399180,1007310
90000000000,93600000000,90938399180,90938399307,127
90000000000,93600000000,90938399307,90938399312,5
90000000000,93600000000,90938399312,90939172062,772750
90000000000,93600000000,90939172062,90941288423,2116361
90000000000,93600000000,90941288423,90941291437,3014
90000000000,93600000000,90941291437,90941296693,5256
90000000000,93600000000,90941296693,90941304071,7378
90000000000,93600000000,90941304071,90941308987,4916
90000000000,93600000000,90941308987,90941311640,2653
90000000000,93600000000,90941311640,90942789526,1477886
90000000000,93600000000,90942789526,90942789556,30
90000000000,93600000000,90942789556,90942789561,5
90000000000,93600000000,90942789561,90942789562,1
90000000000,93600000000,90942789562,90942789607,45
90000000000,93600000000,90942789607,90942789611,4
90000000000,93600000000,90942789611,90942789688,77
90000000000,93600000000,90942789688,90942789722,34
90000000000,93600000000,90942789722,90943587585,797863
90000000000,93600000000,90943587585,90944380470,792885
90000000000,93600000000,90944380470,90944380513,43
90000000000,93600000000,90944380513,90944380912,399
90000000000,93600000000,90944380912,90945173812,792900
90000000000,93600000000,90945173812,90948227918,3054106
90000000000,93600000000,90948227918,90950546313,2318395
90000000000,93600000000,90950546313,90950546315,2
90000000000,93600000000,90950546315,90951522097,975782
90000000000,93600000000,90951522097,90953280575,1758478
90000000000,93600000000,90953280575,90953597219,316644
90000000000,93600000000,90953597219,90953610459,13240
90000000000,93600000000,90953610459,90953621551,11092
90000000000,93600000000,90953621551,90955554017,1932466
90000000000,93600000000,90955554017,90957404506,1850489
90000000000,93600000000,90957404506,90958967323,1562817
90000000000,93600000000,90958967323,90962018747,3051424
90000000000,93600000000,90962018747,90962018767,20
90000000000,93600000000,90962018767,90962018780,13
90000000000,93600000000,90962018780,90962018889,109
90000000000,93600000000,90962018889,90963846857,1827968
90000000000,93600000000,90963846857,90963883873,37016
90000000000,93600000000,90963883873,90964862861,978988
90000000000,93600000000,90964862861,90965991073,1128212
90000000000,93600000000,90965991073,90967041200,1050127
90000000000,93600000000,90967041200,90968062902,1021702
90000000000,93600000000,90968062902,90969091158,1028256
90000000000,93600000000,90969091158,90970184931,1093773
90000000000,93600000000,90970184931,90970949083,764152
90000000000,93600000000,90970949083,90971828385,879302
90000000000,93600000000,90971828385,90973119867,1291482
90000000000,93600000000,90973119867,90973983401,863534
90000000000,93600000000,90973983401,90974877406,894005
90000000000,93600000000,90974877406,90975803991,926585
90000000000,93600000000,90975803991,90976710543,906552
90000000000,93600000000,90976710543,90977584052,873509
90000000000,93600000000,90977584052,90977633782,49730
90000000000,93600000000,90977633782,90978646733,1012951
90000000000,93600000000,90978646733,90979772246,1125513
90000000000,93600000000,90979772246,90981053520,1281274
90000000000,93600000000,90981053520,90981112678,59158
90000000000,93600000000,90981112678,90982170934,1058256
90000000000,93600000000,90982170934,90983703228,1532294
90000000000,93600000000,90983703228,90985117163,1413935
90000000000,93600000000,90985117163,90987390615,2273452
90000000000,93600000000,90987390615,90988694750,1304135
90000000000,93600000000,90988694750,90989804490,1109740
90000000000,93600000000,90989804490,90989940619,136129
90000000000,93600000000,90989940619,90989940622,3
90000000000,93600000000,90989940622,90991007852,1067230
90000000000,93600000000,90991007852,90992023063,1015211
90000000000,93600000000,90992023063,90992133820,110757
90000000000,93600000000,90992133820,90993135562,1001742
90000000000,93600000000,90993135562,90993207373,71811
90000000000,93600000000,90993207373,90994238775,1031402
90000000000,93600000000,90994238775,90994238794,19
90000000000,93600000000,90994238794,90994238813,19
90000000000,93600000000,90994238813,90994239580,767
90000000000,93600000000,90994239580,90994318327,78747
90000000000,93600000000,90994318327,90995784956,1466629
90000000000,93600000000,90995784956,90995784975,19
90000000000,93600000000,90995784975,90995967475,182500
90000000000,93600000000,90995967475,90996936479,969004
90000000000,93600000000,90996936479,90996977518,41039
90000000000,93600000000,90996977518,91000063918,3086400
90000000000,93600000000,91000063918,91000101702,37784
90000000000,93600000000,91000101702,91001114367,1012665
90000000000,93600000000,91001114367,91001147208,32841
90000000000,93600000000,91001147208,91001152618,5410
90000000000,93600000000,91001152618,91002165827,1013209
90000000000,93600000000,91002165827,91002199227,33400
90000000000,93600000000,91002199227,91003249027,1049800
90000000000,93600000000,91003249027,91003604840,355813
90000000000,93600000000,91003604840,91004476711,871871
90000000000,93600000000,91004476711,91004519647,42936
90000000000,93600000000,91004519647,91004527312,7665
90000000000,93600000000,91004527312,91005483745,956433
90000000000,93600000000,91005483745,91005599221,115476
90000000000,93600000000,91005599221,91006896337,1297116
90000000000,93600000000,91006896337,91006934951,38614
90000000000,93600000000,91006934951,91007997480,1062529
90000000000,93600000000,91007997480,91008024614,27134
90000000000,93600000000,91008024614,91008891844,867230
90000000000,93600000000,91008891844,91008921290,29446
90000000000,93600000000,91008921290,91009849425,928135
90000000000,93600000000,91009849425,91009881080,31655
90000000000,93600000000,91009881080,91009898868,17788
90000000000,93600000000,91009898868,91010842362,943494
90000000000,93600000000,91010842362,91010865664,23302
90000000000,93600000000,91010865664,91010873954,8290
90000000000,93600000000,91010873954,91011826272,952318
90000000000,93600000000,91011826272,91011972970,146698
90000000000,93600000000,91011972970,91012812878,839908
90000000000,93600000000,91012812878,91012812930,52
90000000000,93600000000,91012812930,91013726781,913851
90000000000,93600000000,91013726781,91013750148,23367
90000000000,93600000000,91013750148,91015547190,1797042
90000000000,93600000000,91015547190,91015655997,108807
90000000000,93600000000,91015655997,91016703538,1047541
90000000000,93600000000,91016703538,91018816870,2113332
90000000000,93600000000,91018816870,91022818484,4001614
90000000000,93600000000,91022818484,91022825193,6709
90000000000,93600000000,91022825193,91022844196,19003
90000000000,93600000000,91022844196,91025668036,2823840
90000000000,93600000000,91025668036,91025668072,36
90000000000,93600000000,91025668072,91025668075,3
90000000000,93600000000,91025668075,91025668076,1
90000000000,93600000000,91025668076,91025669135,1059
90000000000,93600000000,91025669135,91026583723,914588
90000000000,93600000000,91026583723,91029748528,3164805
90000000000,93600000000,91029748528,91029774325,25797
90000000000,93600000000,91029774325,91030607636,833311
90000000000,93600000000,91030607636,91034223647,3616011
90000000000,93600000000,91034223647,91035167239,943592
90000000000,93600000000,91035167239,91045058045,9890806
90000000000,93600000000,91045058045,91058151676,13093631
90000000000,93600000000,91058151676,91071016522,12864846
90000000000,93600000000,91071016522,91071027366,10844
90000000000,93600000000,91071027366,91071029486,2120
90000000000,93600000000,91071029486,91071032094,2608
90000000000,93600000000,91071032094,91071901165,869071
90000000000,93600000000,91071901165,91073782037,1880872
90000000000,93600000000,91073782037,91073782041,4
90000000000,93600000000,91073782041,91073782060,19
90000000000,93600000000,91073782060,91073782073,13
90000000000,93600000000,91073782073,91073782086,13
90000000000,93600000000,91073782086,91075313232,1531146
90000000000,93600000000,91075313232,91077634929,2321697
90000000000,93600000000,91077634929,91079667492,2032563
90000000000,93600000000,91079667492,91081725804,2058312
90000000000,93600000000,91081725804,91082676529,950725
90000000000,93600000000,91082676529,91082676716,187
90000000000,93600000000,91082676716,91082676721,5
90000000000,93600000000,91082676721,91089889726,7213005
90000000000,93600000000,91089889726,91091578963,1689237
90000000000,93600000000,91091578963,91098419966,6841003
90000000000,93600000000,91098419966,91100181434,1761468
90000000000,93600000000,91100181434,91107688548,7507114
90000000000,93600000000,91107688548,91107694667,6119
90000000000,93600000000,91107694667,91107697214,2547
90000000000,93600000000,91107697214,91109673987,1976773
90000000000,93600000000,91109673987,91109674011,24
90000000000,93600000000,91109674011,91109674015,4
90000000000,93600000000,91109674015,91109674016,1
90000000000,93600000000,91109674016,91109674075,59
90000000000,93600000000,91109674075,91110579746,905671
90000000000,93600000000,91110579746,91110580756,1010
90000000000,93600000000,91110580756,91113992584,3411828
90000000000,93600000000,91113992584,91115648105,1655521
90000000000,93600000000,91115648105,91117362808,1714703
90000000000,93600000000,91117362808,91121823379,4460571
90000000000,93600000000,91121823379,91121823438,59
90000000000,93600000000,91121823438,91121823443,5
90000000000,93600000000,91121823443,91121823448,5
90000000000,93600000000,91121823448,91127286345,5462897
90000000000,93600000000,91127286345,91127286384,39
90000000000,93600000000,91127286384,91127286389,5
90000000000,93600000000,91127286389,91127286394,5
90000000000,93600000000,91127286394,91127287039,645
90000000000,93600000000,91127287039,91134329962,7042923
90000000000,93600000000,91134329962,91135930984,1601022
90000000000,93600000000,91135930984,91140667440,4736456
90000000000,93600000000,91140667440,91140667632,192
90000000000,93600000000,91140667632,91140667637,5
90000000000,93600000000,91140667637,91140668618,981
90000000000,93600000000,91140668618,91143418146,2749528
90000000000,93600000000,91143418146,91144274157,856011
90000000000,93600000000,91144274157,91144274160,3
90000000000,93600000000,91144274160,91145190785,916625
90000000000,93600000000,91145190785,91148676664,3485879
90000000000,93600000000,91148676664,91150291840,1615176
90000000000,93600000000,91150291840,91153065757,2773917
90000000000,93600000000,91153065757,91158790371,5724614
90000000000,93600000000,91158790371,91158795538,5167
90000000000,93600000000,91158795538,91158797904,2366
90000000000,93600000000,91158797904,91160358377,1560473
90000000000,93600000000,91160358377,91160358389,12
90000000000,93600000000,91160358389,91160358402,13
90000000000,93600000000,91160358402,91169317050,8958648
90000000000,93600000000,91169317050,91171017548,1700498
90000000000,93600000000,91171017548,91174056261,3038713
90000000000,93600000000,91174056261,91175683093,1626832
90000000000,93600000000,91175683093,91201623701,25940608
90000000000,93600000000,91201623701,91212032455,10408754
90000000000,93600000000,91212032455,91213664044,1631589
90000000000,93600000000,91213664044,91213687038,22994
90000000000,93600000000,91213687038,91214450107,763069
90000000000,93600000000,91214450107,91214481260,31153
90000000000,93600000000,91214481260,91215237542,756282
90000000000,93600000000,91215237542,91215237546,4
90000000000,93600000000,91215237546,91215237547,1
90000000000,93600000000,91215237547,91215237578,31
90000000000,93600000000,91215237578,91215237582,4
90000000000,93600000000,91215237582,91215237583,1
90000000000,93600000000,91215237583,91215280824,43241
90000000000,93600000000,91215280824,91216131016,850192
90000000000,93600000000,91216131016,91216131028,12
90000000000,93600000000,91216131028,91216131065,37
90000000000,93600000000,91216131065,91216131090,25
90000000000,93600000000,91216131090,91216131249,159
90000000000,93600000000,91216131249,91216179257,48008
90000000000,93600000000,91216179257,91216194788,15531
90000000000,93600000000,91216194788,91217030426,835638
90000000000,93600000000,91217030426,91217055374,24948
90000000000,93600000000,91217055374,91217082719,27345
90000000000,93600000000,91217082719,91218142957,1060238
90000000000,93600000000,91218142957,91219932070,1789113
90000000000,93600000000,91219932070,91219932082,12
90000000000,93600000000,91219932082,91219991658,59576
90000000000,93600000000,91219991658,91219991755,97
90000000000,93600000000,91219991755,91227773917,7782162
90000000000,93600000000,91227773917,91228981246,1207329
90000000000,93600000000,91228981246,91228985510,4264
90000000000,93600000000,91228985510,91230822066,1836556
90000000000,93600000000,91230822066,91231669587,847521
90000000000,93600000000,91231669587,91231677758,8171
90000000000,93600000000,91231677758,91231679991,2233
90000000000,93600000000,91231679991,91231683941,3950
90000000000,93600000000,91231683941,91231687217,3276
90000000000,93600000000,91231687217,91231689948,2731
90000000000,93600000000,91231689948,91231694517,4569
90000000000,93600000000,91231694517,91234260868,2566351
90000000000,93600000000,91234260868,91234260872,4
90000000000,93600000000,91234260872,91234260893,21
90000000000,93600000000,91234260893,91234260897,4
90000000000,93600000000,91234260897,91234260953,56
90000000000,93600000000,91234260953,91234260965,12
90000000000,93600000000,91234260965,91234260985,20
90000000000,93600000000,91234260985,91234262934,1949
90000000000,93600000000,91234262934,91234352657,89723
90000000000,93600000000,91234352657,91234352759,102
90000000000,93600000000,91234352759,91235194132,841373
90000000000,93600000000,91235194132,91235194137,5
90000000000,93600000000,91235194137,91235194637,500
90000000000,93600000000,91235194637,91236024672,830035
90000000000,93600000000,91236024672,91238807251,2782579
90000000000,93600000000,91238807251,91240864239,2056988
90000000000,93600000000,91240864239,91240895865,31626
90000000000,93600000000,91240895865,91242693160,1797295
90000000000,93600000000,91242693160,91243613527,920367
90000000000,93600000000,91243613527,91244606336,992809
90000000000,93600000000,91244606336,91245455386,849050
90000000000,93600000000,91245455386,91245548303,92917
90000000000,93600000000,91245548303,91247364640,1816337
90000000000,93600000000,91247364640,91247364642,2
90000000000,93600000000,91247364642,91249250248,1885606
90000000000,93600000000,91249250248,91252633183,3382935
90000000000,93600000000,91252633183,91252636436,3253
90000000000,93600000000,91252636436,91252639400,2964
90000000000,93600000000,91252639400,91256066933,3427533
90000000000,93600000000,91256066933,91256068584,1651
90000000000,93600000000,91256068584,91256068756,172
90000000000,93600000000,91256068756,91267812840,11744084
90000000000,93600000000,91267812840,91268811879,999039
90000000000,93600000000,91268811879,91268812125,246
90000000000,93600000000,91268812125,91268812132,7
90000000000,93600000000,91268812132,91271094459,2282327
90000000000,93600000000,91271094459,91271102261,7802
90000000000,93600000000,91271102261,91272918371,1816110
90000000000,93600000000,91272918371,91272918383,12
90000000000,93600000000,91272918383,91280563384,7645001
90000000000,93600000000,91280563384,91280563387,3
90000000000,93600000000,91280563387,91281507980,944593
90000000000,93600000000,91281507980,91282423297,915317
90000000000,93600000000,91282423297,91283400608,977311
90000000000,93600000000,91283400608,91292642797,9242189
90000000000,93600000000,91292642797,91293544679,901882
90000000000,93600000000,91293544679,91300705016,7160337
90000000000,93600000000,91300705016,91300705133,117
90000000000,93600000000,91300705133,91300705138,5
90000000000,93600000000,91300705138,91300705155,17
90000000000,93600000000,91300705155,91301737146,1031991
90000000000,93600000000,91301737146,91303621362,1884216
90000000000,93600000000,91303621362,91303621366,4
90000000000,93600000000,91303621366,91303621367,1
90000000000,93600000000,91303621367,91303772259,150892
90000000000,93600000000,91303772259,91303772262,3
90000000000,93600000000,91303772262,91304627540,855278
90000000000,93600000000,91304627540,91304627740,200
90000000000,93600000000,91304627740,91304673622,45882
90000000000,93600000000,91304673622,91305521227,847605
90000000000,93600000000,91305521227,91306413845,892618
90000000000,93600000000,91306413845,91310369010,3955165
90000000000,93600000000,91310369010,91311785752,1416742
90000000000,93600000000,91311785752,91311785839,87
90000000000,93600000000,91311785839,91311785844,5
90000000000,93600000000,91311785844,91311785855,11
90000000000,93600000000,91311785855,91315978302,4192447
90000000000,93600000000,91315978302,91321742277,5763975
90000000000,93600000000,91321742277,91326335238,4592961
90000000000,93600000000,91326335238,91328093794,1758556
90000000000,93600000000,91328093794,91329262259,1168465
90000000000,93600000000,91329262259,91330998574,1736315
90000000000,93600000000,91330998574,91331025591,27017
90000000000,93600000000,91331025591,91332753695,1728104
90000000000,93600000000,91332753695,91334481704,1728009
90000000000,93600000000,91334481704,91336188899,1707195
90000000000,93600000000,91336188899,91337782621,1593722
90000000000,93600000000,91337782621,91338631450,848829
90000000000,93600000000,91338631450,91339828362,1196912
90000000000,93600000000,91339828362,91339974328,145966
90000000000,93600000000,91339974328,91340739746,765418
90000000000,93600000000,91340739746,91340761165,21419
90000000000,93600000000,91340761165,91342343378,1582213
90000000000,93600000000,91342343378,91342343396,18
90000000000,93600000000,91342343396,91343258839,915443
90000000000,93600000000,91343258839,91347619210,4360371
90000000000,93600000000,91347619210,91351491160,3871950
90000000000,93600000000,91351491160,91351503060,11900
90000000000,93600000000,91351503060,91351517180,14120
90000000000,93600000000,91351517180,91351519228,2048
90000000000,93600000000,91351519228,91351531649,12421
90000000000,93600000000,91351531649,91351539583,7934
90000000000,93600000000,91351539583,91351539586,3
90000000000,93600000000,91351539586,91352492549,952963
90000000000,93600000000,91352492549,91352492638,89
90000000000,93600000000,91352492638,91352492643,5
90000000000,93600000000,91352492643,91352492648,5
90000000000,93600000000,91352492648,91353767614,1274966
90000000000,93600000000,91353767614,91353767633,19
90000000000,93600000000,91353767633,91353767665,32
90000000000,93600000000,91353767665,91353767676,11
90000000000,93600000000,91353767676,91353767697,21
90000000000,93600000000,91353767697,91353767709,12
90000000000,93600000000,91353767709,91354646820,879111
90000000000,93600000000,91354646820,91359676050,5029230
90000000000,93600000000,91359676050,91361806311,2130261
90000000000,93600000000,91361806311,91363472439,1666128
90000000000,93600000000,91363472439,91370292269,6819830
90000000000,93600000000,91370292269,91374322737,4030468
90000000000,93600000000,91374322737,91374322737,0
90000000000,93600000000,91374322737,91374328034,5297
90000000000,93600000000,91374328034,91378069560,3741526
90000000000,93600000000,91378069560,91381446050,3376490
90000000000,93600000000,91381446050,91383706378,2260328
90000000000,93600000000,91383706378,91384494535,788157
90000000000,93600000000,91384494535,91384499567,5032
90000000000,93600000000,91384499567,91385333327,833760
90000000000,93600000000,91385333327,91386197332,864005
90000000000,93600000000,91386197332,91386198167,835
90000000000,93600000000,91386198167,91386198175,8
90000000000,93600000000,91386198175,91386198309,134
90000000000,93600000000,91386198309,91387151291,952982
90000000000,93600000000,91387151291,91387151311,20
90000000000,93600000000,91387151311,91387336695,185384
90000000000,93600000000,91387336695,91389899121,2562426
90000000000,93600000000,91389899121,91395263462,5364341
90000000000,93600000000,91395263462,91398535290,3271828
90000000000,93600000000,91398535290,91399449088,913798
90000000000,93600000000,91399449088,91399449088,0
90000000000,93600000000,91399449088,91401217541,1768453
90000000000,93600000000,91401217541,91402249868,1032327
90000000000,93600000000,91402249868,91403097345,847477
90000000000,93600000000,91403097345,91403121133,23788
90000000000,93600000000,91403121133,91404155645,1034512
90000000000,93600000000,91404155645,91405976950,1821305
90000000000,93600000000,91405976950,91407935318,1958368
90000000000,93600000000,91407935318,91407935436,118
90000000000,93600000000,91407935436,91407935441,5
90000000000,93600000000,91407935441,91408946516,1011075
90000000000,93600000000,91408946516,91408953372,6856
90000000000,93600000000,91408953372,91408956017,2645
90000000000,93600000000,91408956017,91408967563,11546
90000000000,93600000000,91408967563,91411370439,2402876
90000000000,93600000000,91411370439,91411370488,49
90000000000,93600000000,91411370488,91411370493,5
90000000000,93600000000,91411370493,91411370780,287
90000000000,93600000000,91411370780,91412317905,947125
90000000000,93600000000,91412317905,91412319286,1381
90000000000,93600000000,91412319286,91412319325,39
90000000000,93600000000,91412319325,91422296439,9977114
90000000000,93600000000,91422296439,91426977741,4681302
90000000000,93600000000,91426977741,91428945909,1968168
90000000000,93600000000,91428945909,91428945913,4
90000000000,93600000000,91428945913,91428945914,1
90000000000,93600000000,91428945914,91428945915,1
90000000000,93600000000,91428945915,91429802353,856438
90000000000,93600000000,91429802353,91429802378,25
90000000000,93600000000,91429802378,91429802616,238
90000000000,93600000000,91429802616,91432306994,2504378
90000000000,93600000000,91432306994,91440784872,8477878
90000000000,93600000000,91440784872,91442370995,1586123
90000000000,93600000000,91442370995,91457043240,14672245
90000000000,93600000000,91457043240,91458713007,1669767
90000000000,93600000000,91458713007,91458713011,4
90000000000,93600000000,91458713011,91459491566,778555
90000000000,93600000000,91459491566,91463123694,3632128
90000000000,93600000000,91463123694,91464685563,1561869
90000000000,93600000000,91464685563,91470164751,5479188
90000000000,93600000000,91470164751,91470201603,36852
90000000000,93600000000,91470201603,91472976929,2775326
90000000000,93600000000,91472976929,91473074131,97202
90000000000,93600000000,91473074131,91473074341,210
90000000000,93600000000,91473074341,91476455299,3380958
90000000000,93600000000,91476455299,91476504657,49358
90000000000,93600000000,91476504657,91477316167,811510
90000000000,93600000000,91477316167,91477316424,257
90000000000,93600000000,91477316424,91477316429,5
90000000000,93600000000,91477316429,91482122465,4806036
90000000000,93600000000,91482122465,91482176856,54391
90000000000,93600000000,91482176856,91488992081,6815225
90000000000,93600000000,91488992081,91490634298,1642217
90000000000,93600000000,91490634298,91492613068,1978770
90000000000,93600000000,91492613068,91494547631,1934563
90000000000,93600000000,91494547631,91509670720,15123089
90000000000,93600000000,91509670720,91512619268,2948548
90000000000,93600000000,91512619268,91518294677,5675409
90000000000,93600000000,91518294677,91520219465,1924788
90000000000,93600000000,91520219465,91521680047,1460582
90000000000,93600000000,91521680047,91522949093,1269046
90000000000,93600000000,91522949093,91524393120,1444027
90000000000,93600000000,91524393120,91524970239,577119
90000000000,93600000000,91524970239,91527499010,2528771
90000000000,93600000000,91527499010,91530084336,2585326
90000000000,93600000000,91530084336,91530085189,853
90000000000,93600000000,91530085189,91531228058,1142869
90000000000,93600000000,91531228058,91531228058,0
90000000000,93600000000,91531228058,91532320502,1092444
90000000000,93600000000,91532320502,91532320571,69
90000000000,93600000000,91532320571,91532320576,5
90000000000,93600000000,91532320576,91532320581,5
90000000000,93600000000,91532320581,91533639704,1319123
90000000000,93600000000,91533639704,91533642707,3003
90000000000,93600000000,91533642707,91535717467,2074760
90000000000,93600000000,91535717467,91535717669,202
90000000000,93600000000,91535717669,91540219748,4502079
90000000000,93600000000,91540219748,91541558084,1338336
90000000000,93600000000,91541558084,91541558084,0
90000000000,93600000000,91541558084,91549172480,7614396
90000000000,93600000000,91549172480,91552752992,3580512
90000000000,93600000000,91552752992,91552759161,6169
90000000000,93600000000,91552759161,91552763192,4031
90000000000,93600000000,91552763192,91552765066,1874
90000000000,93600000000,91552765066,91552771412,6346
90000000000,93600000000,91552771412,91552773298,1886
90000000000,93600000000,91552773298,91555096019,2322721
90000000000,93600000000,91555096019,91555096023,4
90000000000,93600000000,91555096023,91555096024,1
90000000000,93600000000,91555096024,91555096025,1
90000000000,93600000000,91555096025,91555096044,19
90000000000,93600000000,91555096044,91555096078,34
90000000000,93600000000,91555096078,91555096103,25
90000000000,93600000000,91555096103,91555096113,10
90000000000,93600000000,91555096113,91555096125,12
90000000000,93600000000,91555096125,91555126183,30058
90000000000,93600000000,91555126183,91555126886,703
90000000000,93600000000,91555126886,91555126888,2
90000000000,93600000000,91555126888,91556061926,935038
90000000000,93600000000,91556061926,91556061951,25
90000000000,93600000000,91556061951,91556062000,49
90000000000,93600000000,91556062000,91556970871,908871
90000000000,93600000000,91556970871,91559988258,3017387
90000000000,93600000000,91559988258,91561896713,1908455
90000000000,93600000000,91561896713,91565423416,3526703
90000000000,93600000000,91565423416,91565423528,112
90000000000,93600000000,91565423528,91565423533,5
90000000000,93600000000,91565423533,91565423538,5
90000000000,93600000000,91565423538,91566563295,1139757
90000000000,93600000000,91566563295,91568526139,1962844
90000000000,93600000000,91568526139,91568565769,39630
90000000000,93600000000,91568565769,91570352681,1786912
90000000000,93600000000,91570352681,91574333283,3980602
90000000000,93600000000,91574333283,91576016884,1683601
90000000000,93600000000,91576016884,91582442488,6425604
90000000000,93600000000,91582442488,91593450944,11008456
90000000000,93600000000,91593450944,91597704491,4253547
90000000000,93600000000,91597704491,91597711462,6971
90000000000,93600000000,91597711462,91598588449,876987
90000000000,93600000000,91598588449,91598596792,8343
90000000000,93600000000,91598596792,91598597290,498
90000000000,93600000000,91598597290,91598597358,68
90000000000,93600000000,91598597358,91598597363,5
90000000000,93600000000,91598597363,91598597370,7
90000000000,93600000000,91598597370,91599734108,1136738
90000000000,93600000000,91599734108,91599775328,41220
90000000000,93600000000,91599775328,91599780077,4749
90000000000,93600000000,91599780077,91600688518,908441
90000000000,93600000000,91600688518,91600688522,4
90000000000,93600000000,91600688522,91600688523,1
90000000000,93600000000,91600688523,91600688524,1
90000000000,93600000000,91600688524,91600733091,44567
90000000000,93600000000,91600733091,91600734327,1236
90000000000,93600000000,91600734327,91601531905,797578
90000000000,93600000000,91601531905,91601532454,549
90000000000,93600000000,91601532454,91601532845,391
90000000000,93600000000,91601532845,91601533151,306
90000000000,93600000000,91601533151,91601603566,70415
90000000000,93600000000,91601603566,91617348875,15745309
90000000000,93600000000,91617348875,91621691185,4342310
90000000000,93600000000,91621691185,91622536187,845002
90000000000,93600000000,91622536187,91622541179,4992
90000000000,93600000000,91622541179,91623328793,787614
90000000000,93600000000,91623328793,91623580565,251772
90000000000,93600000000,91623580565,91624399383,818818
90000000000,93600000000,91624399383,91624399400,17
90000000000,93600000000,91624399400,91625181573,782173
90000000000,93600000000,91625181573,91626011247,829674
90000000000,93600000000,91626011247,91630397381,4386134
90000000000,93600000000,91630397381,91632063453,1666072
90000000000,93600000000,91632063453,91632076115,12662
90000000000,93600000000,91632076115,91632931443,855328
90000000000,93600000000,91632931443,91632936543,5100
90000000000,93600000000,91632936543,91632944013,7470
90000000000,93600000000,91632944013,91633777895,833882
90000000000,93600000000,91633777895,91635364961,1587066
90000000000,93600000000,91635364961,91635364980,19
90000000000,93600000000,91635364980,91635364984,4
90000000000,93600000000,91635364984,91635364985,1
90000000000,93600000000,91635364985,91635365050,65
90000000000,93600000000,91635365050,91635365054,4
90000000000,93600000000,91635365054,91635365055,1
90000000000,93600000000,91635365055,91636151420,786365
90000000000,93600000000,91636151420,91636183396,31976
90000000000,93600000000,91636183396,91636183399,3
90000000000,93600000000,91636183399,91637037117,853718
90000000000,93600000000,91637037117,91637038066,949
90000000000,93600000000,91637038066,91637038998,932
90000000000,93600000000,91637038998,91637039016,18
90000000000,93600000000,91637039016,91637122827,83811
90000000000,93600000000,91637122827,91638042704,919877
90000000000,93600000000,91638042704,91638042714,10
90000000000,93600000000,91638042714,91648258245,10215531
90000000000,93600000000,91648258245,91649820782,1562537
90000000000,93600000000,91649820782,91652650011,2829229
90000000000,93600000000,91652650011,91655221315,2571304
90000000000,93600000000,91655221315,91655226486,5171
90000000000,93600000000,91655226486,91655232088,5602
90000000000,93600000000,91655232088,91657653040,2420952
90000000000,93600000000,91657653040,91657653044,4
90000000000,93600000000,91657653044,91657653048,4
90000000000,93600000000,91657653048,91657653063,15
90000000000,93600000000,91657653063,91658606377,953314
90000000000,93600000000,91658606377,91658606380,3
90000000000,93600000000,91658606380,91658606488,108
90000000000,93600000000,91658606488,91658606491,3
90000000000,93600000000,91658606491,91658606573,82
90000000000,93600000000,91658606573,91658606576,3
90000000000,93600000000,91658606576,91658632926,26350
90000000000,93600000000,91658632926,91658633530,604
90000000000,93600000000,91658633530,91659491551,858021
90000000000,93600000000,91659491551,91659643715,152164
90000000000,93600000000,91659643715,91660443675,799960
90000000000,93600000000,91660443675,91660445230,1555
90000000000,93600000000,91660445230,91660446764,1534
90000000000,93600000000,91660446764,91662536349,2089585
90000000000,93600000000,91662536349,91662583164,46815
90000000000,93600000000,91662583164,91662583322,158
90000000000,93600000000,91662583322,91662583327,5
90000000000,93600000000,91662583327,91665592917,3009590
90000000000,93600000000,91665592917,91667846214,2253297
90000000000,93600000000,91667846214,91669553556,1707342
90000000000,93600000000,91669553556,91669586836,33280
90000000000,93600000000,91669586836,91670655444,1068608
90000000000,93600000000,91670655444,91673237106,2581662
90000000000,93600000000,91673237106,91674353063,1115957
90000000000,93600000000,91674353063,91674375905,22842
90000000000,93600000000,91674375905,91674415404,39499
90000000000,93600000000,91674415404,91675296500,881096
90000000000,93600000000,91675296500,91675364148,67648
90000000000,93600000000,91675364148,91677282085,1917937
90000000000,93600000000,91677282085,91680759037,3476952
90000000000,93600000000,91680759037,91680759041,4
90000000000,93600000000,91680759041,91680759042,1
90000000000,93600000000,91680759042,91680759043,1
90000000000,93600000000,91680759043,91680759122,79
90000000000,93600000000,91680759122,91680808692,49570
90000000000,93600000000,91680808692,91680808696,4
90000000000,93600000000,91680808696,91680808697,1
90000000000,93600000000,91680808697,91682695153,1886456
90000000000,93600000000,91682695153,91687599394,4904241
90000000000,93600000000,91687599394,91687599430,36
90000000000,93600000000,91687599430,91687599936,506
90000000000,93600000000,91687599936,91691538632,3938696
90000000000,93600000000,91691538632,91691538650,18
90000000000,93600000000,91691538650,91691538667,17
90000000000,93600000000,91691538667,91691538693,26
90000000000,93600000000,91691538693,91695910734,4372041
90000000000,93600000000,91695910734,91695924472,13738
90000000000,93600000000,91695924472,91695936559,12087
90000000000,93600000000,91695936559,91698789654,2853095
90000000000,93600000000,91698789654,91698789658,4
90000000000,93600000000,91698789658,91698789659,1
90000000000,93600000000,91698789659,91698789685,26
90000000000,93600000000,91698789685,91698789689,4
90000000000,93600000000,91698789689,91698789690,1
90000000000,93600000000,91698789690,91698789691,1
90000000000,93600000000,91698789691,91698790416,725
90000000000,93600000000,91698790416,91698849251,58835
90000000000,93600000000,91698849251,91699796734,947483
90000000000,93600000000,91699796734,91700680752,884018
90000000000,93600000000,91700680752,91700680896,144
90000000000,93600000000,91700680896,91700681103,207
90000000000,93600000000,91700681103,91700681647,544
90000000000,93600000000,91700681647,91700681659,12
90000000000,93600000000,91700681659,91700754885,73226
90000000000,93600000000,91700754885,91701642776,887891
90000000000,93600000000,91701642776,91701642793,17
90000000000,93600000000,91701642793,91702515496,872703
90000000000,93600000000,91702515496,91704921055,2405559
90000000000,93600000000,91704921055,91704928636,7581
90000000000,93600000000,91704928636,91708175799,3247163
90000000000,93600000000,91708175799,91708175803,4
90000000000,93600000000,91708175803,91708175819,16
90000000000,93600000000,91708175819,91708175823,4
90000000000,93600000000,91708175823,91709062337,886514
90000000000,93600000000,91709062337,91709062368,31
90000000000,93600000000,91709062368,91709150968,88600
90000000000,93600000000,91709150968,91709208811,57843
90000000000,93600000000,91709208811,91709212330,3519
90000000000,93600000000,91709212330,91711058177,1845847
90000000000,93600000000,91711058177,91711058996,819
90000000000,93600000000,91711058996,91711183137,124141
90000000000,93600000000,91711183137,91713443662,2260525
90000000000,93600000000,91713443662,91714535833,1092171
90000000000,93600000000,91714535833,91719634298,5098465
90000000000,93600000000,91719634298,91721729687,2095389
90000000000,93600000000,91721729687,91730335396,8605709
90000000000,93600000000,91730335396,91730335828,432
90000000000,93600000000,91730335828,91730335833,5
90000000000,93600000000,91730335833,91734368664,4032831
90000000000,93600000000,91734368664,91736361957,1993293
90000000000,93600000000,91736361957,91738326688,1964731
90000000000,93600000000,91738326688,91741793434,3466746
90000000000,93600000000,91741793434,91743711226,1917792
90000000000,93600000000,91743711226,91754191773,10480547
90000000000,93600000000,91754191773,91757811492,3619719
90000000000,93600000000,91757811492,91760919698,3108206
90000000000,93600000000,91760919698,91761846415,926717
90000000000,93600000000,91761846415,91772254761,10408346
90000000000,93600000000,91772254761,91772259643,4882
90000000000,93600000000,91772259643,91773037574,777931
90000000000,93600000000,91773037574,91773831492,793918
90000000000,93600000000,91773831492,91773831509,17
90000000000,93600000000,91773831509,91774710958,879449
90000000000,93600000000,91774710958,91774710998,40
90000000000,93600000000,91774710998,91774711006,8
90000000000,93600000000,91774711006,91778534029,3823023
90000000000,93600000000,91778534029,91782461800,3927771
90000000000,93600000000,91782461800,91782461837,37
90000000000,93600000000,91782461837,91782461842,5
90000000000,93600000000,91782461842,91790102113,7640271
90000000000,93600000000,91790102113,91790102648,535
90000000000,93600000000,91790102648,91790102655,7
90000000000,93600000000,91790102655,91797736385,7633730
90000000000,93600000000,91797736385,91797742035,5650
90000000000,93600000000,91797742035,91797742082,47
90000000000,93600000000,91797742082,91797742087,5
90000000000,93600000000,91797742087,91799549586,1807499
90000000000,93600000000,91799549586,91801282459,1732873
90000000000,93600000000,91801282459,91803401933,2119474
90000000000,93600000000,91803401933,91806743798,3341865
90000000000,93600000000,91806743798,91806744025,227
90000000000,93600000000,91806744025,91806744030,5
90000000000,93600000000,91806744030,91808804240,2060210
90000000000,93600000000,91808804240,91808988823,184583
90000000000,93600000000,91808988823,91808993545,4722
90000000000,93600000000,91808993545,91808998223,4678
90000000000,93600000000,91808998223,91809771427,773204
90000000000,93600000000,91809771427,91809777602,6175
90000000000,93600000000,91809777602,91809780043,2441
90000000000,93600000000,91809780043,91809785392,5349
90000000000,93600000000,91809785392,91809785393,1
90000000000,93600000000,91809785393,91811362494,1577101
90000000000,93600000000,91811362494,91812255050,892556
90000000000,93600000000,91812255050,91812255074,24
90000000000,93600000000,91812255074,91812255095,21
90000000000,93600000000,91812255095,91813781467,1526372
90000000000,93600000000,91813781467,91813781478,11
90000000000,93600000000,91813781478,91813781506,28
90000000000,93600000000,91813781506,91813781529,23
90000000000,93600000000,91813781529,91813781543,14
90000000000,93600000000,91813781543,91813781677,134
90000000000,93600000000,91813781677,91817129045,3347368
90000000000,93600000000,91817129045,91818902692,1773647
90000000000,93600000000,91818902692,91818941767,39075
90000000000,93600000000,91818941767,91820553398,1611631
90000000000,93600000000,91820553398,91820581262,27864
90000000000,93600000000,91820581262,91824145292,3564030
90000000000,93600000000,91824145292,91824145551,259
90000000000,93600000000,91824145551,91825003156,857605
90000000000,93600000000,91825003156,91825926185,923029
90000000000,93600000000,91825926185,91825926611,426
90000000000,93600000000,91825926611,91825926626,15
90000000000,93600000000,91825926626,91828178226,2251600
90000000000,93600000000,91828178226,91828178466,240
90000000000,93600000000,91828178466,91830044719,1866253
90000000000,93600000000,91830044719,91831702337,1657618
90000000000,93600000000,91831702337,91832786091,1083754
90000000000,93600000000,91832786091,91834449166,1663075
90000000000,93600000000,91834449166,91834453719,4553
90000000000,93600000000,91834453719,91834457640,3921
90000000000,93600000000,91834457640,91834460681,3041
90000000000,93600000000,91834460681,91834463030,2349
90000000000,93600000000,91834463030,91834465146,2116
90000000000,93600000000,91834465146,91835356308,891162
90000000000,93600000000,91835356308,91835363184,6876
90000000000,93600000000,91835363184,91836224930,861746
90000000000,93600000000,91836224930,91836224940,10
90000000000,93600000000,91836224940,91836224953,13
90000000000,93600000000,91836224953,91836226353,1400
90000000000,93600000000,91836226353,91836226370,17
90000000000,93600000000,91836226370,91836226457,87
90000000000,93600000000,91836226457,91836290737,64280
90000000000,93600000000,91836290737,91836292136,1399
90000000000,93600000000,91836292136,91837222538,930402
90000000000,93600000000,91837222538,91838650600,1428062
90000000000,93600000000,91838650600,91838650908,308
90000000000,93600000000,91838650908,91838650913,5
90000000000,93600000000,91838650913,91842299880,3648967
90000000000,93600000000,91842299880,91843615136,1315256
90000000000,93600000000,91843615136,91844412294,797158
90000000000,93600000000,91844412294,91844439025,26731
90000000000,93600000000,91844439025,91844439027,2
90000000000,93600000000,91844439027,91846013499,1574472
90000000000,93600000000,91846013499,91846045034,31535
90000000000,93600000000,91846045034,91847097265,1052231
90000000000,93600000000,91847097265,91848026772,929507
90000000000,93600000000,91848026772,91849352468,1325696
90000000000,93600000000,91849352468,91849352697,229
90000000000,93600000000,91849352697,91849352702,5
90000000000,93600000000,91849352702,91854337822,4985120
90000000000,93600000000,91854337822,91854342987,5165
90000000000,93600000000,91854342987,91854345658,2671
90000000000,93600000000,91854345658,91854348822,3164
90000000000,93600000000,91854348822,91855998211,1649389
90000000000,93600000000,91855998211,91855998243,32
90000000000,93600000000,91855998243,91855998253,10
90000000000,93600000000,91855998253,91855998272,19
90000000000,93600000000,91855998272,91856045700,47428
90000000000,93600000000,91856045700,91856045798,98
90000000000,93600000000,91856045798,91856045808,10
90000000000,93600000000,91856045808,91860825842,4780034
90000000000,93600000000,91860825842,91862480311,1654469
90000000000,93600000000,91862480311,91865999956,3519645
90000000000,93600000000,91865999956,91867651362,1651406
90000000000,93600000000,91867651362,91867651529,167
90000000000,93600000000,91867651529,91867651534,5
90000000000,93600000000,91867651534,91869461940,1810406
90000000000,93600000000,91869461940,91879800805,10338865
90000000000,93600000000,91879800805,91880621797,820992
90000000000,93600000000,91880621797,91880621802,5
90000000000,93600000000,91880621802,91880621803,1
90000000000,93600000000,91880621803,91881397735,775932
90000000000,93600000000,91881397735,91881881855,484120
90000000000,93600000000,91881881855,91882780610,898755
90000000000,93600000000,91882780610,91882780613,3
90000000000,93600000000,91882780613,91884508980,1728367
90000000000,93600000000,91884508980,91884509010,30
90000000000,93600000000,91884509010,91885340322,831312
90000000000,93600000000,91885340322,91885343928,3606
90000000000,93600000000,91885343928,91888738171,3394243
90000000000,93600000000,91888738171,91888898913,160742
90000000000,93600000000,91888898913,91891471397,2572484
90000000000,93600000000,91891471397,91891471422,25
90000000000,93600000000,91891471422,91891604739,133317
90000000000,93600000000,91891604739,91894837180,3232441
90000000000,93600000000,91894837180,91895906182,1069002
90000000000,93600000000,91895906182,91899378679,3472497
90000000000,93600000000,91899378679,91902503907,3125228
90000000000,93600000000,91902503907,91907400333,4896426
90000000000,93600000000,91907400333,91907400337,4
90000000000,93600000000,91907400337,91908544329,1143992
90000000000,93600000000,91908544329,91909343339,799010
90000000000,93600000000,91909343339,91909442214,98875
90000000000,93600000000,91909442214,91911847985,2405771
90000000000,93600000000,91911847985,91911876184,28199
90000000000,93600000000,91911876184,91911885238,9054
90000000000,93600000000,91911885238,91912682942,797704
90000000000,93600000000,91912682942,91918401117,5718175
90000000000,93600000000,91918401117,91918401120,3
90000000000,93600000000,91918401120,91918401121,1
90000000000,93600000000,91918401121,91918402204,1083
90000000000,93600000000,91918402204,91918402207,3
90000000000,93600000000,91918402207,91918402357,150
90000000000,93600000000,91918402357,91927164404,8762047
90000000000,93600000000,91927164404,91927189834,25430
90000000000,93600000000,91927189834,91927193495,3661
90000000000,93600000000,91927193495,91928910095,1716600
90000000000,93600000000,91928910095,91929899837,989742
90000000000,93600000000,91929899837,91929926656,26819
90000000000,93600000000,91929926656,91931013977,1087321
90000000000,93600000000,91931013977,91931013992,15
90000000000,93600000000,91931013992,91933757105,2743113
90000000000,93600000000,91933757105,91936874739,3117634
90000000000,93600000000,91936874739,91937690456,815717
90000000000,93600000000,91937690456,91939529798,1839342
90000000000,93600000000,91939529798,91944948450,5418652
90000000000,93600000000,91944948450,91971105751,26157301
90000000000,93600000000,91971105751,91971106009,258
90000000000,93600000000,91971106009,91971106014,5
90000000000,93600000000,91971106014,91971106591,577
90000000000,93600000000,91971106591,91971106628,37
90000000000,93600000000,91971106628,91971106633,5
90000000000,93600000000,91971106633,91972504923,1398290
90000000000,93600000000,91972504923,91972866321,361398
90000000000,93600000000,91972866321,91972866400,79
90000000000,93600000000,91972866400,91972866405,5
90000000000,93600000000,91972866405,91972866410,5
90000000000,93600000000,91972866410,91975423606,2557196
90000000000,93600000000,91975423606,91976615712,1192106
90000000000,93600000000,91976615712,91987376119,10760407
90000000000,93600000000,91987376119,91989429427,2053308
90000000000,93600000000,91989429427,91990458884,1029457
90000000000,93600000000,91990458884,91990470818,11934
90000000000,93600000000,91990470818,91992672932,2202114
90000000000,93600000000,91992672932,91992672936,4
90000000000,93600000000,91992672936,91992672952,16
90000000000,93600000000,91992672952,91993586270,913318
90000000000,93600000000,91993586270,92002332005,8745735
90000000000,93600000000,92002332005,92002332046,41
90000000000,93600000000,92002332046,92002332052,6
90000000000,93600000000,92002332052,92007011995,4679943
90000000000,93600000000,92007011995,92007012855,860
90000000000,93600000000,92007012855,92012240348,5227493
90000000000,93600000000,92012240348,92012249842,9494
90000000000,93600000000,92012249842,92012258564,8722
90000000000,93600000000,92012258564,92012270389,11825
90000000000,93600000000,92012270389,92012276268,5879
90000000000,93600000000,92012276268,92014492861,2216593
90000000000,93600000000,92014492861,92014492890,29
90000000000,93600000000,92014492890,92014492894,4
90000000000,93600000000,92014492894,92014492895,1
90000000000,93600000000,92014492895,92014492968,73
90000000000,93600000000,92014492968,92014492972,4
90000000000,93600000000,92014492972,92014492973,1
90000000000,93600000000,92014492973,92014493097,124
90000000000,93600000000,92014493097,92014493229,132
90000000000,93600000000,92014493229,92015510370,1017141
90000000000,93600000000,92015510370,92015511618,1248
90000000000,93600000000,92015511618,92015514336,2718
90000000000,93600000000,92015514336,92015514348,12
90000000000,93600000000,92015514348,92016604663,1090315
90000000000,93600000000,92016604663,92017691341,1086678
90000000000,93600000000,92017691341,92018742895,1051554
90000000000,93600000000,92018742895,92028332473,9589578
90000000000,93600000000,92028332473,92031279919,2947446
90000000000,93600000000,92031279919,92032305609,1025690
90000000000,93600000000,92032305609,92033146186,840577
90000000000,93600000000,92033146186,92033168638,22452
90000000000,93600000000,92033168638,92034447654,1279016
90000000000,93600000000,92034447654,92034447657,3
90000000000,93600000000,92034447657,92034447658,1
90000000000,93600000000,92034447658,92036411742,1964084
90000000000,93600000000,92036411742,92038112872,1701130
90000000000,93600000000,92038112872,92039000580,887708
90000000000,93600000000,92039000580,92039025518,24938
90000000000,93600000000,92039025518,92039025535,17
90000000000,93600000000,92039025535,92042447145,3421610
90000000000,93600000000,92042447145,92042607934,160789
90000000000,93600000000,92042607934,92043508487,900553
90000000000,93600000000,92043508487,92044756477,1247990
90000000000,93600000000,92044756477,92046533006,1776529
90000000000,93600000000,92046533006,92046533133,127
90000000000,93600000000,92046533133,92047370377,837244
90000000000,93600000000,92047370377,92047404474,34097
90000000000,93600000000,92047404474,92049107803,1703329
90000000000,93600000000,92049107803,92050106025,998222
90000000000,93600000000,92050106025,92050106195,170
90000000000,93600000000,92050106195,92050106200,5
90000000000,93600000000,92050106200,92057552232,7446032
90000000000,93600000000,92057552232,92059994808,2442576
90000000000,93600000000,92059994808,92064923586,4928778
90000000000,93600000000,92064923586,92069378915,4455329
90000000000,93600000000,92069378915,92069451010,72095
90000000000,93600000000,92069451010,92069452069,1059
90000000000,93600000000,92069452069,92069452094,25
90000000000,93600000000,92069452094,92075395281,5943187
90000000000,93600000000,92075395281,92083810757,8415476
90000000000,93600000000,92083810757,92085801627,1990870
90000000000,93600000000,92085801627,92085801631,4
90000000000,93600000000,92085801631,92086833246,1031615
90000000000,93600000000,92086833246,92088924101,2090855
90000000000,93600000000,92088924101,92090686022,1761921
90000000000,93600000000,92090686022,92091888441,1202419
90000000000,93600000000,92091888441,92093601584,1713143
90000000000,93600000000,92093601584,92101769754,8168170
90000000000,93600000000,92101769754,92101776508,6754
90000000000,93600000000,92101776508,92101794496,17988
90000000000,93600000000,92101794496,92101800663,6167
90000000000,93600000000,92101800663,92103932966,2132303
90000000000,93600000000,92103932966,92104857774,924808
90000000000,93600000000,92104857774,92104858083,309
90000000000,93600000000,92104858083,92104858088,5
90000000000,93600000000,92104858088,92104858099,11
90000000000,93600000000,92104858099,92106874163,2016064
90000000000,93600000000,92106874163,92106874223,60
90000000000,93600000000,92106874223,92106874224,1
90000000000,93600000000,92106874224,92106875316,1092
90000000000,93600000000,92106875316,92106876306,990
90000000000,93600000000,92106876306,92106964896,88590
90000000000,93600000000,92106964896,92109337284,2372388
90000000000,93600000000,92109337284,92112967706,3630422
90000000000,93600000000,92112967706,92113328853,361147
90000000000,93600000000,92113328853,92113328900,47
90000000000,93600000000,92113328900,92113328905,5
90000000000,93600000000,92113328905,92114158132,829227
90000000000,93600000000,92114158132,92114187929,29797
90000000000,93600000000,92114187929,92115982391,1794462
90000000000,93600000000,92115982391,92116007868,25477
90000000000,93600000000,92116007868,92119885682,3877814
90000000000,93600000000,92119885682,92119885763,81
90000000000,93600000000,92119885763,92119885781,18
90000000000,93600000000,92119885781,92120099796,214015
90000000000,93600000000,92120099796,92123545205,3445409
90000000000,93600000000,92123545205,92123626695,81490
90000000000,93600000000,92123626695,92125209223,1582528
90000000000,93600000000,92125209223,92126317419,1108196
90000000000,93600000000,92126317419,92126546585,229166
90000000000,93600000000,92126546585,92127727627,1181042
90000000000,93600000000,92127727627,92132497845,4770218
90000000000,93600000000,92132497845,92134727153,2229308
90000000000,93600000000,92134727153,92136245239,1518086
90000000000,93600000000,92136245239,92136252157,6918
90000000000,93600000000,92136252157,92136253463,1306
90000000000,93600000000,92136253463,92136253522,59
90000000000,93600000000,92136253522,92139469457,3215935
90000000000,93600000000,92139469457,92139469460,3
90000000000,93600000000,92139469460,92139705414,235954
90000000000,93600000000,92139705414,92140622621,917207
90000000000,93600000000,92140622621,92141425815,803194
90000000000,93600000000,92141425815,92141531615,105800
90000000000,93600000000,92141531615,92141531885,270
90000000000,93600000000,92141531885,92142618261,1086376
90000000000,93600000000,92142618261,92143522466,904205
90000000000,93600000000,92143522466,92143522470,4
90000000000,93600000000,92143522470,92143523171,701
90000000000,93600000000,92143523171,92144565274,1042103
90000000000,93600000000,92144565274,92144636430,71156
90000000000,93600000000,92144636430,92146034297,1397867
90000000000,93600000000,92146034297,92149452270,3417973
90000000000,93600000000,92149452270,92149455405,3135
90000000000,93600000000,92149455405,92149956844,501439
90000000000,93600000000,92149956844,92149956847,3
90000000000,93600000000,92149956847,92151342042,1385195
90000000000,93600000000,92151342042,92154193562,2851520
90000000000,93600000000,92154193562,92154494173,300611
90000000000,93600000000,92154494173,92154494282,109
90000000000,93600000000,92154494282,92154494287,5
90000000000,93600000000,92154494287,92154494292,5
90000000000,93600000000,92154494292,92158329106,3834814
90000000000,93600000000,92158329106,92160482814,2153708
90000000000,93600000000,92160482814,92163754017,3271203
90000000000,93600000000,92163754017,92163754019,2
90000000000,93600000000,92163754019,92164879546,1125527
90000000000,93600000000,92164879546,92164879645,99
90000000000,93600000000,92164879645,92164879650,5
90000000000,93600000000,92164879650,92164879655,5
90000000000,93600000000,92164879655,92165936604,1056949
90000000000,93600000000,92165936604,92167072249,1135645
90000000000,93600000000,92167072249,92173400489,6328240
90000000000,93600000000,92173400489,92177828050,4427561
90000000000,93600000000,92177828050,92178831762,1003712
90000000000,93600000000,92178831762,92182020445,3188683
90000000000,93600000000,92182020445,92210156454,28136009
90000000000,93600000000,92210156454,92210156457,3
90000000000,93600000000,92210156457,92212919183,2762726
90000000000,93600000000,92212919183,92216770988,3851805
90000000000,93600000000,92216770988,92218653515,1882527
90000000000,93600000000,92218653515,92227656461,9002946
90000000000,93600000000,92227656461,92229541181,1884720
90000000000,93600000000,92229541181,92235262164,5720983
90000000000,93600000000,92235262164,92237053526,1791362
90000000000,93600000000,92237053526,92237075391,21865
90000000000,93600000000,92237075391,92238768452,1693061
90000000000,93600000000,92238768452,92239751927,983475
90000000000,93600000000,92239751927,92241719107,1967180
90000000000,93600000000,92241719107,92241743602,24495
90000000000,93600000000,92241743602,92245107438,3363836
90000000000,93600000000,92245107438,92246915352,1807914
90000000000,93600000000,92246915352,92249625876,2710524
90000000000,93600000000,92249625876,92264376199,14750323
90000000000,93600000000,92264376199,92277769452,13393253
90000000000,93600000000,92277769452,92279452649,1683197
90000000000,93600000000,92279452649,92280309787,857138
90000000000,93600000000,92280309787,92281991531,1681744
90000000000,93600000000,92281991531,92282831308,839777
90000000000,93600000000,92282831308,92283685606,854298
90000000000,93600000000,92283685606,92283701984,16378
90000000000,93600000000,92283701984,92284528107,826123
90000000000,93600000000,92284528107,92284551598,23491
90000000000,93600000000,92284551598,92284653941,102343
90000000000,93600000000,92284653941,92284653945,4
90000000000,93600000000,92284653945,92284653960,15
90000000000,93600000000,92284653960,92284653991,31
90000000000,93600000000,92284653991,92285635630,981639
90000000000,93600000000,92285635630,92285635641,11
90000000000,93600000000,92285635641,92286469224,833583
90000000000,93600000000,92286469224,92287441150,971926
90000000000,93600000000,92287441150,92289567845,2126695
90000000000,93600000000,92289567845,92290402090,834245
90000000000,93600000000,92290402090,92292861682,2459592
90000000000,93600000000,92292861682,92293663373,801691
90000000000,93600000000,92293663373,92293663378,5
90000000000,93600000000,92293663378,92293663379,1
90000000000,93600000000,92293663379,92295426848,1763469
90000000000,93600000000,92295426848,92295428159,1311
90000000000,93600000000,92295428159,92297047876,1619717
90000000000,93600000000,92297047876,92297047900,24
90000000000,93600000000,92297047900,92297072528,24628
90000000000,93600000000,92297072528,92303364324,6291796
90000000000,93600000000,92303364324,92308561690,5197366
90000000000,93600000000,92308561690,92308571278,9588
90000000000,93600000000,92308571278,92308576336,5058
90000000000,93600000000,92308576336,92309526591,950255
90000000000,93600000000,92309526591,92309527078,487
90000000000,93600000000,92309527078,92309527244,166
90000000000,93600000000,92309527244,92310940346,1413102
90000000000,93600000000,92310940346,92310940350,4
90000000000,93600000000,92310940350,92310940351,1
90000000000,93600000000,92310940351,92310940389,38
90000000000,93600000000,92310940389,92310940392,3
90000000000,93600000000,92310940392,92310940401,9
90000000000,93600000000,92310940401,92312097095,1156694
90000000000,93600000000,92312097095,92312097127,32
90000000000,93600000000,92312097127,92312098222,1095
90000000000,93600000000,92312098222,92312155294,57072
90000000000,93600000000,92312155294,92314038551,1883257
90000000000,93600000000,92314038551,92314116782,78231
90000000000,93600000000,92314116782,92320137727,6020945
90000000000,93600000000,92320137727,92328901370,8763643
90000000000,93600000000,92328901370,92328901370,0
90000000000,93600000000,92328901370,92328984800,83430
90000000000,93600000000,92328984800,92333316350,4331550
90000000000,93600000000,92333316350,92333316422,72
90000000000,93600000000,92333316422,92333316444,22
90000000000,93600000000,92333316444,92335399756,2083312
90000000000,93600000000,92335399756,92338293283,2893527
90000000000,93600000000,92338293283,92341343917,3050634
90000000000,93600000000,92341343917,92341344014,97
90000000000,93600000000,92341344014,92341344019,5
90000000000,93600000000,92341344019,92344995180,3651161
90000000000,93600000000,92344995180,92344995547,367
90000000000,93600000000,92344995547,92344995552,5
90000000000,93600000000,92344995552,92348431914,3436362
90000000000,93600000000,92348431914,92350404017,1972103
90000000000,93600000000,92350404017,92351516709,1112692
90000000000,93600000000,92351516709,92351516714,5
90000000000,93600000000,92351516714,92351607892,91178
90000000000,93600000000,92351607892,92351607987,95
90000000000,93600000000,92351607987,92351607992,5
90000000000,93600000000,92351607992,92351608017,25
90000000000,93600000000,92351608017,92352704054,1096037
90000000000,93600000000,92352704054,92352704123,69
90000000000,93600000000,92352704123,92352704129,6
90000000000,93600000000,92352704129,92353760869,1056740
90000000000,93600000000,92353760869,92353829579,68710
90000000000,93600000000,92353829579,92355226354,1396775
90000000000,93600000000,92355226354,92355226354,0
90000000000,93600000000,92355226354,92356203178,976824
90000000000,93600000000,92356203178,92358233822,2030644
90000000000,93600000000,92358233822,92360851368,2617546
90000000000,93600000000,92360851368,92360982415,131047
90000000000,93600000000,92360982415,92360988773,6358
90000000000,93600000000,92360988773,92360989359,586
90000000000,93600000000,92360989359,92361990140,1000781
90000000000,93600000000,92361990140,92363812586,1822446
90000000000,93600000000,92363812586,92364832815,1020229
90000000000,93600000000,92364832815,92365077311,244496
90000000000,93600000000,92365077311,92366534542,1457231
90000000000,93600000000,92366534542,92367896440,1361898
90000000000,93600000000,92367896440,92367896445,5
90000000000,93600000000,92367896445,92368948167,1051722
90000000000,93600000000,92368948167,92369008328,60161
90000000000,93600000000,92369008328,92369014885,6557
90000000000,93600000000,92369014885,92369018024,3139
90000000000,93600000000,92369018024,92369044857,26833
90000000000,93600000000,92369044857,92372456153,3411296
90000000000,93600000000,92372456153,92374529284,2073131
90000000000,93600000000,92374529284,92375504726,975442
90000000000,93600000000,92375504726,92375504765,39
90000000000,93600000000,92375504765,92376623143,1118378
90000000000,93600000000,92376623143,92384199332,7576189
90000000000,93600000000,92384199332,92384199374,42
90000000000,93600000000,92384199374,92384199385,11
90000000000,93600000000,92384199385,92384410373,210988
90000000000,93600000000,92384410373,92385411844,1001471
90000000000,93600000000,92385411844,92385412602,758
90000000000,93600000000,92385412602,92390895686,5483084
90000000000,93600000000,92390895686,92391889022,993336
90000000000,93600000000,92391889022,92392844722,955700
90000000000,93600000000,92392844722,92392844722,0
90000000000,93600000000,92392844722,92392854042,9320
90000000000,93600000000,92392854042,92394353695,1499653
90000000000,93600000000,92394353695,92394353721,26
90000000000,93600000000,92394353721,92394353728,7
90000000000,93600000000,92394353728,92396360322,2006594
90000000000,93600000000,92396360322,92402597443,6237121
90000000000,93600000000,92402597443,92404482786,1885343
90000000000,93600000000,92404482786,92404566872,84086
90000000000,93600000000,92404566872,92406391804,1824932
90000000000,93600000000,92406391804,92407533304,1141500
90000000000,93600000000,92407533304,92407553719,20415
90000000000,93600000000,92407553719,92410146975,2593256
90000000000,93600000000,92410146975,92418104395,7957420
90000000000,93600000000,92418104395,92418115210,10815
90000000000,93600000000,92418115210,92419750305,1635095
90000000000,93600000000,92419750305,92420705067,954762
90000000000,93600000000,92420705067,92420756907,51840
90000000000,93600000000,92420756907,92420767339,10432
90000000000,93600000000,92420767339,92420771510,4171
90000000000,93600000000,92420771510,92420775410,3900
90000000000,93600000000,92420775410,92420779771,4361
90000000000,93600000000,92420779771,92421795096,1015325
90000000000,93600000000,92421795096,92423607540,1812444
90000000000,93600000000,92423607540,92423607583,43
90000000000,93600000000,92423607583,92423607608,25
90000000000,93600000000,92423607608,92423607618,10
90000000000,93600000000,92423607618,92423607665,47
90000000000,93600000000,92423607665,92424905149,1297484
90000000000,93600000000,92424905149,92424974700,69551
90000000000,93600000000,92424974700,92429272887,4298187
90000000000,93600000000,92429272887,92436785849,7512962
90000000000,93600000000,92436785849,92436785851,2
90000000000,93600000000,92436785851,92438515174,1729323
90000000000,93600000000,92438515174,92438540719,25545
90000000000,93600000000,92438540719,92438547504,6785
90000000000,93600000000,92438547504,92438550140,2636
90000000000,93600000000,92438550140,92438555164,5024
90000000000,93600000000,92438555164,92438557836,2672
90000000000,93600000000,92438557836,92438559847,2011
90000000000,93600000000,92438559847,92438562206,2359
90000000000,93600000000,92438562206,92438564170,1964
90000000000,93600000000,92438564170,92438568079,3909
90000000000,93600000000,92438568079,92438570151,2072
90000000000,93600000000,92438570151,92438574532,4381
90000000000,93600000000,92438574532,92440491233,1916701
90000000000,93600000000,92440491233,92440491264,31
90000000000,93600000000,92440491264,92440491295,31
90000000000,93600000000,92440491295,92440491326,31
90000000000,93600000000,92440491326,92440491357,31
90000000000,93600000000,92440491357,92440491388,31
90000000000,93600000000,92440491388,92440491423,35
90000000000,93600000000,92440491423,92440491462,39
90000000000,93600000000,92440491462,92440491472,10
90000000000,93600000000,92440491472,92440491506,34
90000000000,93600000000,92440491506,92440491523,17
90000000000,93600000000,92440491523,92440491527,4
90000000000,93600000000,92440491527,92440491528,1
90000000000,93600000000,92440491528,92442498385,2006857
90000000000,93600000000,92442498385,92442499352,967
90000000000,93600000000,92442499352,92456082989,13583637
90000000000,93600000000,92456082989,92457806969,1723980
90000000000,93600000000,92457806969,92460325420,2518451
90000000000,93600000000,92460325420,92462032789,1707369
90000000000,93600000000,92462032789,92469426249,7393460
90000000000,93600000000,92469426249,92474927020,5500771
90000000000,93600000000,92474927020,92476635292,1708272
90000000000,93600000000,92476635292,92476635631,339
90000000000,93600000000,92476635631,92476635636,5
90000000000,93600000000,92476635636,92476636192,556
90000000000,93600000000,92476636192,92478777797,2141605
90000000000,93600000000,92478777797,92483094430,4316633
90000000000,93600000000,92483094430,92490226783,7132353
90000000000,93600000000,92490226783,92490238192,11409
90000000000,93600000000,92490238192,92490238202,10
90000000000,93600000000,92490238202,92492010180,1771978
90000000000,93600000000,92492010180,92494931812,2921632
90000000000,93600000000,92494931812,92494931891,79
90000000000,93600000000,92494931891,92494931896,5
90000000000,93600000000,92494931896,92494931901,5
90000000000,93600000000,92494931901,92496676657,1744756
90000000000,93600000000,92496676657,92499017851,2341194
90000000000,93600000000,92499017851,92500811035,1793184
90000000000,93600000000,92500811035,92500811038,3
90000000000,93600000000,92500811038,92502653605,1842567
90000000000,93600000000,92502653605,92503703972,1050367
90000000000,93600000000,92503703972,92514502075,10798103
90000000000,93600000000,92514502075,92516563884,2061809
90000000000,93600000000,92516563884,92517539161,975277
90000000000,93600000000,92517539161,92519341932,1802771
90000000000,93600000000,92519341932,92523582308,4240376
90000000000,93600000000,92523582308,92532932127,9349819
90000000000,93600000000,92532932127,92532950391,18264
90000000000,93600000000,92532950391,92535522114,2571723
90000000000,93600000000,92535522114,92535522117,3
90000000000,93600000000,92535522117,92535523137,1020
90000000000,93600000000,92535523137,92535523141,4
90000000000,93600000000,92535523141,92535523142,1
90000000000,93600000000,92535523142,92536407982,884840
90000000000,93600000000,92536407982,92536407985,3
90000000000,93600000000,92536407985,92539712349,3304364
90000000000,93600000000,92539712349,92539712832,483
90000000000,93600000000,92539712832,92539713507,675
90000000000,93600000000,92539713507,92541959576,2246069
90000000000,93600000000,92541959576,92545731224,3771648
90000000000,93600000000,92545731224,92546727891,996667
90000000000,93600000000,92546727891,92547696485,968594
90000000000,93600000000,92547696485,92550008670,2312185
90000000000,93600000000,92550008670,92551903715,1895045
90000000000,93600000000,92551903715,92555343694,3439979
90000000000,93600000000,92555343694,92555351050,7356
90000000000,93600000000,92555351050,92555358340,7290
90000000000,93600000000,92555358340,92555368265,9925
90000000000,93600000000,92555368265,92555378291,10026
90000000000,93600000000,92555378291,92555385862,7571
90000000000,93600000000,92555385862,92555388318,2456
90000000000,93600000000,92555388318,92555392979,4661
90000000000,93600000000,92555392979,92555400676,7697
90000000000,93600000000,92555400676,92557099258,1698582
90000000000,93600000000,92557099258,92557099329,71
90000000000,93600000000,92557099329,92557099350,21
90000000000,93600000000,92557099350,92557099357,7
90000000000,93600000000,92557099357,92558050190,950833
90000000000,93600000000,92558050190,92558050193,3
90000000000,93600000000,92558050193,92558050327,134
90000000000,93600000000,92558050327,92558050331,4
90000000000,93600000000,92558050331,92558050332,1
90000000000,93600000000,92558050332,92558050333,1
90000000000,93600000000,92558050333,92558050568,235
90000000000,93600000000,92558050568,92558050572,4
90000000000,93600000000,92558050572,92558050573,1
90000000000,93600000000,92558050573,92558050574,1
90000000000,93600000000,92558050574,92558050790,216
90000000000,93600000000,92558050790,92558050794,4
90000000000,93600000000,92558050794,92558050795,1
90000000000,93600000000,92558050795,92558050796,1
90000000000,93600000000,92558050796,92558050860,64
90000000000,93600000000,92558050860,92558050884,24
90000000000,93600000000,92558050884,92558050942,58
90000000000,93600000000,92558050942,92558050947,5
90000000000,93600000000,92558050947,92558050974,27
90000000000,93600000000,92558050974,92558119717,68743
90000000000,93600000000,92558119717,92558949295,829578
90000000000,93600000000,92558949295,92560746599,1797304
90000000000,93600000000,92560746599,92561645768,899169
90000000000,93600000000,92561645768,92561649469,3701
90000000000,93600000000,92561649469,92561649726,257
90000000000,93600000000,92561649726,92561649908,182
90000000000,93600000000,92561649908,92561650022,114
90000000000,93600000000,92561650022,92561656433,6411
90000000000,93600000000,92561656433,92561662830,6397
90000000000,93600000000,92561662830,92561664002,1172
90000000000,93600000000,92561664002,92561664468,466
90000000000,93600000000,92561664468,92561664480,12
90000000000,93600000000,92561664480,92561664498,18
90000000000,93600000000,92561664498,92562102898,438400
90000000000,93600000000,92562102898,92565018575,2915677
90000000000,93600000000,92565018575,92565018579,4
90000000000,93600000000,92565018579,92565019955,1376
90000000000,93600000000,92565019955,92568500922,3480967
90000000000,93600000000,92568500922,92568505667,4745
90000000000,93600000000,92568505667,92577036377,8530710
90000000000,93600000000,92577036377,92579164146,2127769
90000000000,93600000000,92579164146,92582552536,3388390
90000000000,93600000000,92582552536,92582554043,1507
90000000000,93600000000,92582554043,92582554046,3
90000000000,93600000000,92582554046,92583646781,1092735
90000000000,93600000000,92583646781,92583647541,760
90000000000,93600000000,92583647541,92584701119,1053578
90000000000,93600000000,92584701119,92592489290,7788171
90000000000,93600000000,92592489290,92595492840,3003550
90000000000,93600000000,92595492840,92596414690,921850
90000000000,93600000000,92596414690,92597308578,893888
90000000000,93600000000,92597308578,92598595135,1286557
90000000000,93600000000,92598595135,92598595139,4
90000000000,93600000000,92598595139,92598595140,1
90000000000,93600000000,92598595140,92599489647,894507
90000000000,93600000000,92599489647,92599489780,133
90000000000,93600000000,92599489780,92599495389,5609
90000000000,93600000000,92599495389,92609381695,9886306
90000000000,93600000000,92609381695,92611299057,1917362
90000000000,93600000000,92611299057,92612267057,968000
90000000000,93600000000,92612267057,92616194074,3927017
90000000000,93600000000,92616194074,92617998014,1803940
90000000000,93600000000,92617998014,92628092874,10094860
90000000000,93600000000,92628092874,92639803659,11710785
90000000000,93600000000,92639803659,92641785856,1982197
90000000000,93600000000,92641785856,92654141137,12355281
90000000000,93600000000,92654141137,92654149358,8221
90000000000,93600000000,92654149358,92655048501,899143
90000000000,93600000000,92655048501,92655950786,902285
90000000000,93600000000,92655950786,92655950790,4
90000000000,93600000000,92655950790,92656854540,903750
90000000000,93600000000,92656854540,92656854564,24
90000000000,93600000000,92656854564,92657703217,848653
90000000000,93600000000,92657703217,92659344684,1641467
90000000000,93600000000,92659344684,92672527980,13183296
90000000000,93600000000,92672527980,92672531313,3333
90000000000,93600000000,92672531313,92672536700,5387
90000000000,93600000000,92672536700,92672539533,2833
90000000000,93600000000,92672539533,92672546700,7167
90000000000,93600000000,92672546700,92672554417,7717
90000000000,93600000000,92672554417,92672554514,97
90000000000,93600000000,92672554514,92672554519,5
90000000000,93600000000,92672554519,92675434636,2880117
90000000000,93600000000,92675434636,92675434654,18
90000000000,93600000000,92675434654,92675434691,37
90000000000,93600000000,92675434691,92675434695,4
90000000000,93600000000,92675434695,92675434696,1
90000000000,93600000000,92675434696,92675434755,59
90000000000,93600000000,92675434755,92675440783,6028
90000000000,93600000000,92675440783,92678052626,2611843
90000000000,93600000000,92678052626,92678903776,851150
90000000000,93600000000,92678903776,92678905049,1273
90000000000,93600000000,92678905049,92681479111,2574062
90000000000,93600000000,92681479111,92686484129,5005018
90000000000,93600000000,92686484129,92690846110,4361981
90000000000,93600000000,92690846110,92704036186,13190076
90000000000,93600000000,92704036186,92704041559,5373
90000000000,93600000000,92704041559,92704978842,937283
90000000000,93600000000,92704978842,92705859526,880684
90000000000,93600000000,92705859526,92707078652,1219126
90000000000,93600000000,92707078652,92707078656,4
90000000000,93600000000,92707078656,92707078657,1
90000000000,93600000000,92707078657,92707078658,1
90000000000,93600000000,92707078658,92708064604,985946
90000000000,93600000000,92708064604,92708064968,364
90000000000,93600000000,92708064968,92708064980,12
90000000000,93600000000,92708064980,92708065040,60
90000000000,93600000000,92708065040,92709117641,1052601
90000000000,93600000000,92709117641,92709117806,165
90000000000,93600000000,92709117806,92709123962,6156
90000000000,93600000000,92709123962,92723772909,14648947
90000000000,93600000000,92723772909,92723781888,8979
90000000000,93600000000,92723781888,92723793171,11283
90000000000,93600000000,92723793171,92725659812,1866641
90000000000,93600000000,92725659812,92725659816,4
90000000000,93600000000,92725659816,92725659817,1
90000000000,93600000000,92725659817,92725659818,1
90000000000,93600000000,92725659818,92725660026,208
90000000000,93600000000,92725660026,92725660052,26
90000000000,93600000000,92725660052,92727584815,1924763
90000000000,93600000000,92727584815,92727584961,146
90000000000,93600000000,92727584961,92727590948,5987
90000000000,93600000000,92727590948,92729145286,1554338
90000000000,93600000000,92729145286,92734736586,5591300
90000000000,93600000000,92734736586,92736621103,1884517
90000000000,93600000000,92736621103,92736627719,6616
90000000000,93600000000,92736627719,92736630609,2890
90000000000,93600000000,92736630609,92736630611,2
90000000000,93600000000,92736630611,92738663394,2032783
90000000000,93600000000,92738663394,92738663412,18
90000000000,93600000000,92738663412,92738663422,10
90000000000,93600000000,92738663422,92756975034,18311612
90000000000,93600000000,92756975034,92758711944,1736910
90000000000,93600000000,92758711944,92764720541,6008597
90000000000,93600000000,92764720541,92765955661,1235120
90000000000,93600000000,92765955661,92765982793,27132
90000000000,93600000000,92765982793,92766891912,909119
90000000000,93600000000,92766891912,92766916604,24692
90000000000,93600000000,92766916604,92768751593,1834989
90000000000,93600000000,92768751593,92768751604,11
90000000000,93600000000,92768751604,92768784773,33169
90000000000,93600000000,92768784773,92770600205,1815432
90000000000,93600000000,92770600205,92772479575,1879370
90000000000,93600000000,92772479575,92772479578,3
90000000000,93600000000,92772479578,92772479579,1
90000000000,93600000000,92772479579,92774638058,2158479
90000000000,93600000000,92774638058,92775586104,948046
90000000000,93600000000,92775586104,92775608953,22849
90000000000,93600000000,92775608953,92784391528,8782575
90000000000,93600000000,92784391528,92784391531,3
90000000000,93600000000,92784391531,92786982687,2591156
90000000000,93600000000,92786982687,92787209172,226485
90000000000,93600000000,92787209172,92787218300,9128
90000000000,93600000000,92787218300,92789135677,1917377
90000000000,93600000000,92789135677,92789135681,4
90000000000,93600000000,92789135681,92789135682,1
90000000000,93600000000,92789135682,92789135683,1
90000000000,93600000000,92789135683,92789135913,230
90000000000,93600000000,92789135913,92791216608,2080695
90000000000,93600000000,92791216608,92791216803,195
90000000000,93600000000,92791216803,92791222849,6046
90000000000,93600000000,92791222849,92793562366,2339517
90000000000,93600000000,92793562366,92800736811,7174445
90000000000,93600000000,92800736811,92804934715,4197904
90000000000,93600000000,92804934715,92807208631,2273916
90000000000,93600000000,92807208631,92807208635,4
90000000000,93600000000,92807208635,92807208636,1
90000000000,93600000000,92807208636,92807261420,52784
90000000000,93600000000,92807261420,92809106051,1844631
90000000000,93600000000,92809106051,92809106270,219
90000000000,93600000000,92809106270,92810122061,1015791
90000000000,93600000000,92810122061,92817223317,7101256
90000000000,93600000000,92817223317,92820255837,3032520
90000000000,93600000000,92820255837,92820255976,139
90000000000,93600000000,92820255976,92821276859,1020883
90000000000,93600000000,92821276859,92821283561,6702
90000000000,93600000000,92821283561,92821294908,11347
90000000000,93600000000,92821294908,92821318660,23752
90000000000,93600000000,92821318660,92821326517,7857
90000000000,93600000000,92821326517,92824635573,3309056
90000000000,93600000000,92824635573,92829659172,5023599
90000000000,93600000000,92829659172,92829659176,4
90000000000,93600000000,92829659176,92829659197,21
90000000000,93600000000,92829659197,92829659201,4
90000000000,93600000000,92829659201,92829659258,57
90000000000,93600000000,92829659258,92829659276,18
90000000000,93600000000,92829659276,92829659306,30
90000000000,93600000000,92829659306,92834652216,4992910
90000000000,93600000000,92834652216,92834652229,13
90000000000,93600000000,92834652229,92834652234,5
90000000000,93600000000,92834652234,92834652369,135
90000000000,93600000000,92834652369,92835634250,981881
90000000000,93600000000,92835634250,92836520628,886378
90000000000,93600000000,92836520628,92840634425,4113797
90000000000,93600000000,92840634425,92840695855,61430
90000000000,93600000000,92840695855,92840698351,2496
90000000000,93600000000,92840698351,92843600143,2901792
90000000000,93600000000,92843600143,92843603431,3288
90000000000,93600000000,92843603431,92844923623,1320192
90000000000,93600000000,92844923623,92846008386,1084763
90000000000,93600000000,92846008386,92852288825,6280439
90000000000,93600000000,92852288825,92854243687,1954862
90000000000,93600000000,92854243687,92857003669,2759982
90000000000,93600000000,92857003669,92866772319,9768650
90000000000,93600000000,92866772319,92869653563,2881244
90000000000,93600000000,92869653563,92876139418,6485855
90000000000,93600000000,92876139418,92877023192,883774
90000000000,93600000000,92877023192,92877023752,560
90000000000,93600000000,92877023752,92878106310,1082558
90000000000,93600000000,92878106310,92879140075,1033765
90000000000,93600000000,92879140075,92879140483,408
90000000000,93600000000,92879140483,92879140490,7
90000000000,93600000000,92879140490,92887504648,8364158
90000000000,93600000000,92887504648,92887504684,36
90000000000,93600000000,92887504684,92887504693,9
90000000000,93600000000,92887504693,92896807315,9302622
90000000000,93600000000,92896807315,92896814786,7471
90000000000,93600000000,92896814786,92897764771,949985
90000000000,93600000000,92897764771,92898779895,1015124
90000000000,93600000000,92898779895,92898811509,31614
90000000000,93600000000,92898811509,92898812701,1192
90000000000,93600000000,92898812701,92898812713,12
90000000000,93600000000,92898812713,92898812757,44
90000000000,93600000000,92898812757,92905342914,6530157
90000000000,93600000000,92905342914,92907108833,1765919
90000000000,93600000000,92907108833,92907242341,133508
90000000000,93600000000,92907242341,92913335120,6092779
90000000000,93600000000,92913335120,92916598048,3262928
90000000000,93600000000,92916598048,92932272377,15674329
90000000000,93600000000,92932272377,92932272827,450
90000000000,93600000000,92932272827,92935775452,3502625
90000000000,93600000000,92935775452,92941692466,5917014
90000000000,93600000000,92941692466,92950205873,8513407
90000000000,93600000000,92950205873,92950205910,37
90000000000,93600000000,92950205910,92950205915,5
90000000000,93600000000,92950205915,92954300022,4094107
90000000000,93600000000,92954300022,92954300705,683
90000000000,93600000000,92954300705,92954300712,7
90000000000,93600000000,92954300712,92954300721,9
90000000000,93600000000,92954300721,92956369152,2068431
90000000000,93600000000,92956369152,92957257970,888818
90000000000,93600000000,92957257970,92957260740,2770
90000000000,93600000000,92957260740,92958112749,852009
90000000000,93600000000,92958112749,92959781250,1668501
90000000000,93600000000,92959781250,92959781270,20
90000000000,93600000000,92959781270,92963666520,3885250
90000000000,93600000000,92963666520,92963666520,0
90000000000,93600000000,92963666520,92964930705,1264185
90000000000,93600000000,92964930705,92966766457,1835752
90000000000,93600000000,92966766457,92966878981,112524
90000000000,93600000000,92966878981,92968618625,1739644
90000000000,93600000000,92968618625,92969597892,979267
90000000000,93600000000,92969597892,92971340990,1743098
90000000000,93600000000,92971340990,92975221105,3880115
90000000000,93600000000,92975221105,92975223386,2281
90000000000,93600000000,92975223386,92976836403,1613017
90000000000,93600000000,92976836403,92977671871,835468
90000000000,93600000000,92977671871,92977672006,135
90000000000,93600000000,92977672006,92978591370,919364
90000000000,93600000000,92978591370,92986215423,7624053
90000000000,93600000000,92986215423,92986215423,0
90000000000,93600000000,92986215423,92992340868,6125445
90000000000,93600000000,92992340868,92992362194,21326
90000000000,93600000000,92992362194,92996203607,3841413
90000000000,93600000000,92996203607,92997922585,1718978
90000000000,93600000000,92997922585,92997922654,69
90000000000,93600000000,92997922654,92998737716,815062
90000000000,93600000000,92998737716,93001586132,2848416
90000000000,93600000000,93001586132,93001619909,33777
90000000000,93600000000,93001619909,93002434797,814888
90000000000,93600000000,93002434797,93005526646,3091849
90000000000,93600000000,93005526646,93005527604,958
90000000000,93600000000,93005527604,93016885342,11357738
90000000000,93600000000,93016885342,93016891513,6171
90000000000,93600000000,93016891513,93019589039,2697526
90000000000,93600000000,93019589039,93019589399,360
90000000000,93600000000,93019589399,93019699074,109675
90000000000,93600000000,93019699074,93019699399,325
90000000000,93600000000,93019699399,93019699406,7
90000000000,93600000000,93019699406,93019699415,9
90000000000,93600000000,93019699415,93020903704,1204289
90000000000,93600000000,93020903704,93024704783,3801079
90000000000,93600000000,93024704783,93026143001,1438218
90000000000,93600000000,93026143001,93027442943,1299942
90000000000,93600000000,93027442943,93027445821,2878
90000000000,93600000000,93027445821,93028474815,1028994
90000000000,93600000000,93028474815,93030617372,2142557
90000000000,93600000000,93030617372,93030617382,10
90000000000,93600000000,93030617382,93032875261,2257879
90000000000,93600000000,93032875261,93035013363,2138102
90000000000,93600000000,93035013363,93036175254,1161891
90000000000,93600000000,93036175254,93038584435,2409181
90000000000,93600000000,93038584435,93038636061,51626
90000000000,93600000000,93038636061,93039689129,1053068
90000000000,93600000000,93039689129,93039694381,5252
90000000000,93600000000,93039694381,93040791142,1096761
90000000000,93600000000,93040791142,93041826959,1035817
90000000000,93600000000,93041826959,93041889161,62202
90000000000,93600000000,93041889161,93042897315,1008154
90000000000,93600000000,93042897315,93043898285,1000970
90000000000,93600000000,93043898285,93043936972,38687
90000000000,93600000000,93043936972,93044974990,1038018
90000000000,93600000000,93044974990,93046098506,1123516
90000000000,93600000000,93046098506,93049810807,3712301
90000000000,93600000000,93049810807,93049810838,31
90000000000,93600000000,93049810838,93049810845,7
90000000000,93600000000,93049810845,93053187177,3376332
90000000000,93600000000,93053187177,93053190082,2905
90000000000,93600000000,93053190082,93053195729,5647
90000000000,93600000000,93053195729,93055344356,2148627
90000000000,93600000000,93055344356,93055344368,12
90000000000,93600000000,93055344368,93055344393,25
90000000000,93600000000,93055344393,93056541498,1197105
90000000000,93600000000,93056541498,93058549193,2007695
90000000000,93600000000,93058549193,93061968547,3419354
90000000000,93600000000,93061968547,93062893264,924717
90000000000,93600000000,93062893264,93063853407,960143
90000000000,93600000000,93063853407,93065776045,1922638
90000000000,93600000000,93065776045,93075375405,9599360
90000000000,93600000000,93075375405,93075396902,21497
90000000000,93600000000,93075396902,93075397150,248
90000000000,93600000000,93075397150,93075397157,7
90000000000,93600000000,93075397157,93075397166,9
90000000000,93600000000,93075397166,93076704810,1307644
90000000000,93600000000,93076704810,93077732761,1027951
90000000000,93600000000,93077732761,93077786331,53570
90000000000,93600000000,93077786331,93078761581,975250
90000000000,93600000000,93078761581,93079644626,883045
90000000000,93600000000,93079644626,93080641802,997176
90000000000,93600000000,93080641802,93081667188,1025386
90000000000,93600000000,93081667188,93083902510,2235322
90000000000,93600000000,93083902510,93086004602,2102092
90000000000,93600000000,93086004602,93086004604,2
90000000000,93600000000,93086004604,93088101508,2096904
90000000000,93600000000,93088101508,93089276833,1175325
90000000000,93600000000,93089276833,93090192387,915554
90000000000,93600000000,93090192387,93090192480,93
90000000000,93600000000,93090192480,93090192487,7
90000000000,93600000000,93090192487,93090192494,7
90000000000,93600000000,93090192494,93091473846,1281352
90000000000,93600000000,93091473846,93092440518,966672
90000000000,93600000000,93092440518,93094954016,2513498
90000000000,93600000000,93094954016,93094959363,5347
90000000000,93600000000,93094959363,93094961447,2084
90000000000,93600000000,93094961447,93094963862,2415
90000000000,93600000000,93094963862,93097013011,2049149
90000000000,93600000000,93097013011,93097013035,24
90000000000,93600000000,93097013035,93097013067,32
90000000000,93600000000,93097013067,93097013889,822
90000000000,93600000000,93097013889,93102122996,5109107
90000000000,93600000000,93102122996,93111941778,9818782
90000000000,93600000000,93111941778,93113835773,1893995
90000000000,93600000000,93113835773,93124188822,10353049
90000000000,93600000000,93124188822,93124189314,492
90000000000,93600000000,93124189314,93124189321,7
90000000000,93600000000,93124189321,93124189332,11
90000000000,93600000000,93124189332,93124190251,919
90000000000,93600000000,93124190251,93137472154,13281903
90000000000,93600000000,93137472154,93137477440,5286
90000000000,93600000000,93137477440,93137477450,10
90000000000,93600000000,93137477450,93139455569,1978119
90000000000,93600000000,93139455569,93142913643,3458074
90000000000,93600000000,93142913643,93143974011,1060368
90000000000,93600000000,93143974011,93144893925,919914
90000000000,93600000000,93144893925,93145912421,1018496
90000000000,93600000000,93145912421,93145912425,4
90000000000,93600000000,93145912425,93145996747,84322
90000000000,93600000000,93145996747,93146908203,911456
90000000000,93600000000,93146908203,93148139716,1231513
90000000000,93600000000,93148139716,93149197524,1057808
90000000000,93600000000,93149197524,93151513053,2315529
90000000000,93600000000,93151513053,93163600919,12087866
90000000000,93600000000,93163600919,93163607787,6868
90000000000,93600000000,93163607787,93165422063,1814276
90000000000,93600000000,93165422063,93165422068,5
90000000000,93600000000,93165422068,93165422083,15
90000000000,93600000000,93165422083,93165500123,78040
90000000000,93600000000,93165500123,93165500262,139
90000000000,93600000000,93165500262,93165500269,7
90000000000,93600000000,93165500269,93166440129,939860
90000000000,93600000000,93166440129,93166440133,4
90000000000,93600000000,93166440133,93166533721,93588
90000000000,93600000000,93166533721,93167897963,1364242
90000000000,93600000000,93167897963,93167991041,93078
90000000000,93600000000,93167991041,93176284180,8293139
90000000000,93600000000,93176284180,93178464990,2180810
90000000000,93600000000,93178464990,93182789491,4324501
90000000000,93600000000,93182789491,93184606218,1816727
90000000000,93600000000,93184606218,93184606343,125
90000000000,93600000000,93184606343,93184606348,5
90000000000,93600000000,93184606348,93184606367,19
90000000000,93600000000,93184606367,93186882069,2275702
90000000000,93600000000,93186882069,93186897021,14952
90000000000,93600000000,93186897021,93190044148,3147127
90000000000,93600000000,93190044148,93190044151,3
90000000000,93600000000,93190044151,93191104663,1060512
90000000000,93600000000,93191104663,93191104666,3
90000000000,93600000000,93191104666,93191105743,1077
90000000000,93600000000,93191105743,93193281590,2175847
90000000000,93600000000,93193281590,93193281650,60
90000000000,93600000000,93193281650,93193281655,5
90000000000,93600000000,93193281655,93196725785,3444130
90000000000,93600000000,93196725785,93196771552,45767
90000000000,93600000000,93196771552,93207329644,10558092
90000000000,93600000000,93207329644,93207329647,3
90000000000,93600000000,93207329647,93211110294,3780647
90000000000,93600000000,93211110294,93212260429,1150135
90000000000,93600000000,93212260429,93212297115,36686
90000000000,93600000000,93212297115,93212304460,7345
90000000000,93600000000,93212304460,93212309049,4589
90000000000,93600000000,93212309049,93212312384,3335
90000000000,93600000000,93212312384,93212314304,1920
90000000000,93600000000,93212314304,93213577499,1263195
90000000000,93600000000,93213577499,93217023974,3446475
90000000000,93600000000,93217023974,93217023978,4
90000000000,93600000000,93217023978,93217023979,1
90000000000,93600000000,93217023979,93217024013,34
90000000000,93600000000,93217024013,93217024073,60
90000000000,93600000000,93217024073,93217027915,3842
90000000000,93600000000,93217027915,93217027927,12
90000000000,93600000000,93217027927,93217027952,25
90000000000,93600000000,93217027952,93217027956,4
90000000000,93600000000,93217027956,93217270142,242186
90000000000,93600000000,93217270142,93217270337,195
90000000000,93600000000,93217270337,93217270346,9
90000000000,93600000000,93217270346,93219917506,2647160
90000000000,93600000000,93219917506,93221092721,1175215
90000000000,93600000000,93221092721,93221092812,91
90000000000,93600000000,93221092812,93221180941,88129
90000000000,93600000000,93221180941,93232532558,11351617
90000000000,93600000000,93232532558,93237022412,4489854
90000000000,93600000000,93237022412,93237039370,16958
90000000000,93600000000,93237039370,93239334558,2295188
90000000000,93600000000,93239334558,93243006465,3671907
90000000000,93600000000,93243006465,93243007454,989
90000000000,93600000000,93243007454,93245300003,2292549
90000000000,93600000000,93245300003,93247598271,2298268
90000000000,93600000000,93247598271,93248617402,1019131
90000000000,93600000000,93248617402,93248754799,137397
90000000000,93600000000,93248754799,93248771176,16377
90000000000,93600000000,93248771176,93249778208,1007032
90000000000,93600000000,93249778208,93256156698,6378490
90000000000,93600000000,93256156698,93256281048,124350
90000000000,93600000000,93256281048,93256281122,74
90000000000,93600000000,93256281122,93256281128,6
90000000000,93600000000,93256281128,93258649992,2368864
90000000000,93600000000,93258649992,93260027502,1377510
90000000000,93600000000,93260027502,93265979204,5951702
90000000000,93600000000,93265979204,93265979209,5
90000000000,93600000000,93265979209,93265979210,1
90000000000,93600000000,93265979210,93265980673,1463
90000000000,93600000000,93265980673,93268375768,2395095
90000000000,93600000000,93268375768,93268379859,4091
90000000000,93600000000,93268379859,93272828317,4448458
90000000000,93600000000,93272828317,93272828420,103
90000000000,93600000000,93272828420,93272828431,11
90000000000,93600000000,93272828431,93272828436,5
90000000000,93600000000,93272828436,93272829518,1082
90000000000,93600000000,93272829518,93274311540,1482022
90000000000,93600000000,93274311540,93275529227,1217687
90000000000,93600000000,93275529227,93280172205,4642978
90000000000,93600000000,93280172205,93283647537,3475332
90000000000,93600000000,93283647537,93291237984,7590447
90000000000,93600000000,93291237984,93294414013,3176029
90000000000,93600000000,93294414013,93301635222,7221209
90000000000,93600000000,93301635222,93303755448,2120226
90000000000,93600000000,93303755448,93308453994,4698546
90000000000,93600000000,93308453994,93308507976,53982
90000000000,93600000000,93308507976,93308510702,2726
90000000000,93600000000,93308510702,93310532046,2021344
90000000000,93600000000,93310532046,93310532078,32
90000000000,93600000000,93310532078,93313736004,3203926
90000000000,93600000000,93313736004,93315814297,2078293
90000000000,93600000000,93315814297,93316867670,1053373
90000000000,93600000000,93316867670,93318257838,1390168
90000000000,93600000000,93318257838,93318335405,77567
90000000000,93600000000,93318335405,93321605777,3270372
90000000000,93600000000,93321605777,93330005404,8399627
90000000000,93600000000,93330005404,93330194776,189372
90000000000,93600000000,93330194776,93331183512,988736
90000000000,93600000000,93331183512,93332272454,1088942
90000000000,93600000000,93332272454,93333490649,1218195
90000000000,93600000000,93333490649,93333598321,107672
90000000000,93600000000,93333598321,93333600781,2460
90000000000,93600000000,93333600781,93333603230,2449
90000000000,93600000000,93333603230,93335741849,2138619
90000000000,93600000000,93335741849,93335741883,34
90000000000,93600000000,93335741883,93335741907,24
90000000000,93600000000,93335741907,93338006622,2264715
90000000000,93600000000,93338006622,93339133606,1126984
90000000000,93600000000,93339133606,93351656459,12522853
90000000000,93600000000,93351656459,93351656461,2
90000000000,93600000000,93351656461,93352598114,941653
90000000000,93600000000,93352598114,93352623454,25340
90000000000,93600000000,93352623454,93353596384,972930
90000000000,93600000000,93353596384,93354387936,791552
90000000000,93600000000,93354387936,93354388297,361
90000000000,93600000000,93354388297,93354388302,5
90000000000,93600000000,93354388302,93355422720,1034418
90000000000,93600000000,93355422720,93355422730,10
90000000000,93600000000,93355422730,93355772321,349591
90000000000,93600000000,93355772321,93355808571,36250
90000000000,93600000000,93355808571,93355808769,198
90000000000,93600000000,93355808769,93355808774,5
90000000000,93600000000,93355808774,93358268202,2459428
90000000000,93600000000,93358268202,93361908506,3640304
90000000000,93600000000,93361908506,93365201855,3293349
90000000000,93600000000,93365201855,93371759393,6557538
90000000000,93600000000,93371759393,93374268342,2508949
90000000000,93600000000,93374268342,93377534837,3266495
90000000000,93600000000,93377534837,93379673660,2138823
90000000000,93600000000,93379673660,93394701718,15028058
90000000000,93600000000,93394701718,93394714060,12342
90000000000,93600000000,93394714060,93396169181,1455121
90000000000,93600000000,93396169181,93397050757,881576
90000000000,93600000000,93397050757,93397050775,18
90000000000,93600000000,93397050775,93398022946,972171
90000000000,93600000000,93398022946,93400910254,2887308
90000000000,93600000000,93400910254,93400910257,3
90000000000,93600000000,93400910257,93402821601,1911344
90000000000,93600000000,93402821601,93403619990,798389
90000000000,93600000000,93403619990,93403638554,18564
90000000000,93600000000,93403638554,93405669056,2030502
90000000000,93600000000,93405669056,93407122236,1453180
90000000000,93600000000,93407122236,93409191247,2069011
90000000000,93600000000,93409191247,93409273372,82125
90000000000,93600000000,93409273372,93409273500,128
90000000000,93600000000,93409273500,93409273507,7
90000000000,93600000000,93409273507,93410512764,1239257
90000000000,93600000000,93410512764,93412683314,2170550
90000000000,93600000000,93412683314,93413798488,1115174
90000000000,93600000000,93413798488,93413805916,7428
90000000000,93600000000,93413805916,93415918494,2112578
90000000000,93600000000,93415918494,93415984262,65768
90000000000,93600000000,93415984262,93415987486,3224
90000000000,93600000000,93415987486,93418260035,2272549
90000000000,93600000000,93418260035,93418260040,5
90000000000,93600000000,93418260040,93418260065,25
90000000000,93600000000,93418260065,93418260069,4
90000000000,93600000000,93418260069,93419230838,970769
90000000000,93600000000,93419230838,93419230850,12
90000000000,93600000000,93419230850,93421493239,2262389
90000000000,93600000000,93421493239,93421498172,4933
90000000000,93600000000,93421498172,93422624315,1126143
90000000000,93600000000,93422624315,93422624315,0
90000000000,93600000000,93422624315,93423625447,1001132
90000000000,93600000000,93423625447,93427922364,4296917
90000000000,93600000000,93427922364,93434242576,6320212
90000000000,93600000000,93434242576,93436321715,2079139
90000000000,93600000000,93436321715,93436322381,666
90000000000,93600000000,93436322381,93446458138,10135757
90000000000,93600000000,93446458138,93446458138,0
90000000000,93600000000,93446458138,93447482558,1024420
90000000000,93600000000,93447482558,93447486033,3475
90000000000,93600000000,93447486033,93447491373,5340
90000000000,93600000000,93447491373,93447500423,9050
90000000000,93600000000,93447500423,93447502170,1747
90000000000,93600000000,93447502170,93447508968,6798
90000000000,93600000000,93447508968,93450971153,3462185
90000000000,93600000000,93450971153,93454263000,3291847
90000000000,93600000000,93454263000,93454264259,1259
90000000000,93600000000,93454264259,93454264334,75
90000000000,93600000000,93454264334,93454264338,4
90000000000,93600000000,93454264338,93454264339,1
90000000000,93600000000,93454264339,93454264400,61
90000000000,93600000000,93454264400,93454266027,1627
90000000000,93600000000,93454266027,93454266077,50
90000000000,93600000000,93454266077,93454483058,216981
90000000000,93600000000,93454483058,93456320416,1837358
90000000000,93600000000,93456320416,93456322015,1599
90000000000,93600000000,93456322015,93461967055,5645040
90000000000,93600000000,93461967055,93466653226,4686171
90000000000,93600000000,93466653226,93466653229,3
90000000000,93600000000,93466653229,93467705425,1052196
90000000000,93600000000,93467705425,93467705945,520
90000000000,93600000000,93467705945,93467705950,5
90000000000,93600000000,93467705950,93468884288,1178338
90000000000,93600000000,93468884288,93476761244,7876956
90000000000,93600000000,93476761244,93477781227,1019983
90000000000,93600000000,93477781227,93478714863,933636
90000000000,93600000000,93478714863,93479746047,1031184
90000000000,93600000000,93479746047,93486388887,6642840
90000000000,93600000000,93486388887,93487370418,981531
90000000000,93600000000,93487370418,93488298295,927877
90000000000,93600000000,93488298295,93488383192,84897
90000000000,93600000000,93488383192,93489350044,966852
90000000000,93600000000,93489350044,93489539321,189277
90000000000,93600000000,93489539321,93490516326,977005
90000000000,93600000000,93490516326,93490573232,56906
90000000000,93600000000,93490573232,93491481303,908071
90000000000,93600000000,93491481303,93491547878,66575
90000000000,93600000000,93491547878,93491548150,272
90000000000,93600000000,93491548150,93495159629,3611479
90000000000,93600000000,93495159629,93497072328,1912699
90000000000,93600000000,93497072328,93497072332,4
90000000000,93600000000,93497072332,93497072333,1
90000000000,93600000000,93497072333,93497147554,75221
90000000000,93600000000,93497147554,93497148873,1319
90000000000,93600000000,93497148873,93497150429,1556
90000000000,93600000000,93497150429,93498258743,1108314
90000000000,93600000000,93498258743,93498260281,1538
90000000000,93600000000,93498260281,93499721345,1461064
90000000000,93600000000,93499721345,93499721542,197
90000000000,93600000000,93499721542,93499721547,5
90000000000,93600000000,93499721547,93500956957,1235410
90000000000,93600000000,93500956957,93506494798,5537841
90000000000,93600000000,93506494798,93513857987,7363189
90000000000,93600000000,93513857987,93513860748,2761
90000000000,93600000000,93513860748,93518316193,4455445
90000000000,93600000000,93518316193,93518316227,34
90000000000,93600000000,93518316227,93520307361,1991134
90000000000,93600000000,93520307361,93522099928,1792567
90000000000,93600000000,93522099928,93534380232,12280304
90000000000,93600000000,93534380232,93534399786,19554
90000000000,93600000000,93534399786,93535415295,1015509
90000000000,93600000000,93535415295,93537455221,2039926
90000000000,93600000000,93537455221,93537455224,3
90000000000,93600000000,93537455224,93537455225,1
90000000000,93600000000,93537455225,93537456316,1091
90000000000,93600000000,93537456316,93537456319,3
90000000000,93600000000,93537456319,93537574009,117690
90000000000,93600000000,93537574009,93538999893,1425884
90000000000,93600000000,93538999893,93542843602,3843709
90000000000,93600000000,93542843602,93542843606,4
90000000000,93600000000,93542843606,93542843740,134
90000000000,93600000000,93542843740,93542867263,23523
90000000000,93600000000,93542867263,93542867331,68
90000000000,93600000000,93542867331,93544797807,1930476
90000000000,93600000000,93544797807,93544797914,107
90000000000,93600000000,93544797914,93544797919,5
90000000000,93600000000,93544797919,93548274189,3476270
90000000000,93600000000,93548274189,93548274237,48
90000000000,93600000000,93548274237,93553472366,5198129
90000000000,93600000000,93553472366,93553472440,74
90000000000,93600000000,93553472440,93553472446,6
90000000000,93600000000,93553472446,93553472454,8
90000000000,93600000000,93553472454,93556276996,2804542
90000000000,93600000000,93556276996,93557450657,1173661
90000000000,93600000000,93557450657,93557456061,5404
90000000000,93600000000,93557456061,93557459871,3810
90000000000,93600000000,93557459871,93557480780,20909
90000000000,93600000000,93557480780,93557505391,24611
90000000000,93600000000,93557505391,93557521625,16234
90000000000,93600000000,93557521625,93557534258,12633
90000000000,93600000000,93557534258,93561284865,3750607
90000000000,93600000000,93561284865,93563353396,2068531
90000000000,93600000000,93563353396,93563353399,3
90000000000,93600000000,93563353399,93563353400,1
90000000000,93600000000,93563353400,93563354471,1071
90000000000,93600000000,93563354471,93563354475,4
90000000000,93600000000,93563354475,93563355466,991
90000000000,93600000000,93563355466,93563355469,3
90000000000,93600000000,93563355469,93563355545,76
90000000000,93600000000,93563355545,93570771484,7415939
90000000000,93600000000,93570771484,93570797882,26398
90000000000,93600000000,93570797882,93570799363,1481
90000000000,93600000000,93570799363,93570818646,19283
90000000000,93600000000,93570818646,93570818660,14
90000000000,93600000000,93570818660,93570818676,16
90000000000,93600000000,93570818676,93579864382,9045706
90000000000,93600000000,93579864382,93580944979,1080597
90000000000,93600000000,93580944979,93586337717,5392738
90000000000,93600000000,93586337717,93586388111,50394
90000000000,93600000000,93586388111,93586408477,20366
90000000000,93600000000,93586408477,93587668743,1260266
90000000000,93600000000,93587668743,93588910112,1241369
90000000000,93600000000,93588910112,93590099538,1189426
90000000000,93600000000,93590099538,93592418548,2319010
90000000000,93600000000,93592418548,93592418551,3
90000000000,93600000000,93592418551,93592418552,1
90000000000,93600000000,93592418552,93592419673,1121
90000000000,93600000000,93592419673,93597908322,5488649
90000000000,93600000000,93597908322,93597937283,28961
93600000000,97200000000,93603791119,93603794472,3353
93600000000,97200000000,93603794472,93610267801,6473329
93600000000,97200000000,93610267801,93612063990,1796189
93600000000,97200000000,93612063990,93616000385,3936395
93600000000,97200000000,93616000385,93616001680,1295
93600000000,97200000000,93616001680,93625040620,9038940
93600000000,97200000000,93625040620,93625067234,26614
93600000000,97200000000,93625067234,93625085200,17966
93600000000,97200000000,93625085200,93625087915,2715
93600000000,97200000000,93625087915,93625090181,2266
93600000000,97200000000,93625090181,93626258984,1168803
93600000000,97200000000,93626258984,93631320613,5061629
93600000000,97200000000,93631320613,93631320646,33
93600000000,97200000000,93631320646,93631320650,4
93600000000,97200000000,93631320650,93631320651,1
93600000000,97200000000,93631320651,93631320709,58
93600000000,97200000000,93631320709,93631320721,12
93600000000,97200000000,93631320721,93631320733,12
93600000000,97200000000,93631320733,93633821068,2500335
93600000000,97200000000,93633821068,93633823047,1979
93600000000,97200000000,93633823047,93635146809,1323762
93600000000,97200000000,93635146809,93635149362,2553
93600000000,97200000000,93635149362,93635149576,214
93600000000,97200000000,93635149576,93635149590,14
93600000000,97200000000,93635149590,93635149602,12
93600000000,97200000000,93635149602,93641685905,6536303
93600000000,97200000000,93641685905,93643650928,1965023
93600000000,97200000000,93643650928,93643650930,2
93600000000,97200000000,93643650930,93646025792,2374862
93600000000,97200000000,93646025792,93646117921,92129
93600000000,97200000000,93646117921,93646117947,26
93600000000,97200000000,93646117947,93657299610,11181663
93600000000,97200000000,93657299610,93664513640,7214030
93600000000,97200000000,93664513640,93665614863,1101223
93600000000,97200000000,93665614863,93673253979,7639116
93600000000,97200000000,93673253979,93674156409,902430
93600000000,97200000000,93674156409,93674168595,12186
93600000000,97200000000,93674168595,93675408251,1239656
93600000000,97200000000,93675408251,93676484662,1076411
93600000000,97200000000,93676484662,93676484679,17
93600000000,97200000000,93676484679,93677590002,1105323
93600000000,97200000000,93677590002,93677599499,9497
93600000000,97200000000,93677599499,93677599509,10
93600000000,97200000000,93677599509,93681420256,3820747
93600000000,97200000000,93681420256,93684218018,2797762
93600000000,97200000000,93684218018,93689730116,5512098
93600000000,97200000000,93689730116,93690816778,1086662
93600000000,97200000000,93690816778,93690816781,3
93600000000,97200000000,93690816781,93692892278,2075497
93600000000,97200000000,93692892278,93698938812,6046534
93600000000,97200000000,93698938812,93702223379,3284567
93600000000,97200000000,93702223379,93706913606,4690227
93600000000,97200000000,93706913606,93709186324,2272718
93600000000,97200000000,93709186324,93711834294,2647970
93600000000,97200000000,93711834294,93714930625,3096331
93600000000,97200000000,93714930625,93721698119,6767494
93600000000,97200000000,93721698119,93721778433,80314
93600000000,97200000000,93721778433,93721778662,229
93600000000,97200000000,93721778662,93721778667,5
93600000000,97200000000,93721778667,93723149375,1370708
93600000000,97200000000,93723149375,93724220048,1070673
93600000000,97200000000,93724220048,93724321098,101050
93600000000,97200000000,93724321098,93724326418,5320
93600000000,97200000000,93724326418,93725254452,928034
93600000000,97200000000,93725254452,93725421487,167035
93600000000,97200000000,93725421487,93727382756,1961269
93600000000,97200000000,93727382756,93727497357,114601
93600000000,97200000000,93727497357,93727497498,141
93600000000,97200000000,93727497498,93727497503,5
93600000000,97200000000,93727497503,93728589614,1092111
93600000000,97200000000,93728589614,93728589632,18
93600000000,97200000000,93728589632,93728589649,17
93600000000,97200000000,93728589649,93728723765,134116
93600000000,97200000000,93728723765,93733281446,4557681
93600000000,97200000000,93733281446,93734340053,1058607
93600000000,97200000000,93734340053,93734406901,66848
93600000000,97200000000,93734406901,93740941267,6534366
93600000000,97200000000,93740941267,93740941305,38
93600000000,97200000000,93740941305,93745950699,5009394
93600000000,97200000000,93745950699,93755858300,9907601
93600000000,97200000000,93755858300,93755969646,111346
93600000000,97200000000,93755969646,93755973067,3421
93600000000,97200000000,93755973067,93755978099,5032
93600000000,97200000000,93755978099,93759572053,3593954
93600000000,97200000000,93759572053,93759572057,4
93600000000,97200000000,93759572057,93759572058,1
93600000000,97200000000,93759572058,93759572202,144
93600000000,97200000000,93759572202,93759575950,3748
93600000000,97200000000,93759575950,93759575976,26
93600000000,97200000000,93759575976,93759817387,241411
93600000000,97200000000,93759817387,93762237048,2419661
93600000000,97200000000,93762237048,93762240539,3491
93600000000,97200000000,93762240539,93765130216,2889677
93600000000,97200000000,93765130216,93765311040,180824
93600000000,97200000000,93765311040,93768907202,3596162
93600000000,97200000000,93768907202,93769986237,1079035
93600000000,97200000000,93769986237,93771111159,1124922
93600000000,97200000000,93771111159,93772323370,1212211
93600000000,97200000000,93772323370,93772465555,142185
93600000000,97200000000,93772465555,93779210512,6744957
93600000000,97200000000,93779210512,93779210596,84
93600000000,97200000000,93779210596,93779210608,12
93600000000,97200000000,93779210608,93780491048,1280440
93600000000,97200000000,93780491048,93780491124,76
93600000000,97200000000,93780491124,93780491129,5
93600000000,97200000000,93780491129,93780491134,5
93600000000,97200000000,93780491134,93789670163,9179029
93600000000,97200000000,93789670163,93790804729,1134566
93600000000,97200000000,93790804729,93790861671,56942
93600000000,97200000000,93790861671,93794264137,3402466
93600000000,97200000000,93794264137,93795400430,1136293
93600000000,97200000000,93795400430,93801346215,5945785
93600000000,97200000000,93801346215,93804469624,3123409
93600000000,97200000000,93804469624,93804470193,569
93600000000,97200000000,93804470193,93804470330,137
93600000000,97200000000,93804470330,93804470335,5
93600000000,97200000000,93804470335,93811048709,6578374
93600000000,97200000000,93811048709,93813301590,2252881
93600000000,97200000000,93813301590,93815654182,2352592
93600000000,97200000000,93815654182,93815671278,17096
93600000000,97200000000,93815671278,93815674928,3650
93600000000,97200000000,93815674928,93817925566,2250638
93600000000,97200000000,93817925566,93817925587,21
93600000000,97200000000,93817925587,93817925606,19
93600000000,97200000000,93817925606,93823630705,5705099
93600000000,97200000000,93823630705,93823634791,4086
93600000000,97200000000,93823634791,93823640409,5618
93600000000,97200000000,93823640409,93825757092,2116683
93600000000,97200000000,93825757092,93825757117,25
93600000000,97200000000,93825757117,93825757149,32
93600000000,97200000000,93825757149,93837524333,11767184
93600000000,97200000000,93837524333,93837533744,9411
93600000000,97200000000,93837533744,93840596571,3062827
93600000000,97200000000,93840596571,93840596624,53
93600000000,97200000000,93840596624,93840596629,5
93600000000,97200000000,93840596629,93840596630,1
93600000000,97200000000,93840596630,93840681552,84922
93600000000,97200000000,93840681552,93841697003,1015451
93600000000,97200000000,93841697003,93841764804,67801
93600000000,97200000000,93841764804,93841764935,131
93600000000,97200000000,93841764935,93841764940,5
93600000000,97200000000,93841764940,93843245381,1480441
93600000000,97200000000,93843245381,93843247861,2480
93600000000,97200000000,93843247861,93845744848,2496987
93600000000,97200000000,93845744848,93847737637,1992789
93600000000,97200000000,93847737637,93849046866,1309229
93600000000,97200000000,93849046866,93850227300,1180434
93600000000,97200000000,93850227300,93851159430,932130
93600000000,97200000000,93851159430,93851243986,84556
93600000000,97200000000,93851243986,93852258078,1014092
93600000000,97200000000,93852258078,93853630760,1372682
93600000000,97200000000,93853630760,93854600152,969392
93600000000,97200000000,93854600152,93856737340,2137188
93600000000,97200000000,93856737340,93856743947,6607
93600000000,97200000000,93856743947,93859776383,3032436
93600000000,97200000000,93859776383,93859776387,4
93600000000,97200000000,93859776387,93859776451,64
93600000000,97200000000,93859776451,93859776454,3
93600000000,97200000000,93859776454,93859776455,1
93600000000,97200000000,93859776455,93860019832,243377
93600000000,97200000000,93860019832,93862024699,2004867
93600000000,97200000000,93862024699,93862024703,4
93600000000,97200000000,93862024703,93862024774,71
93600000000,97200000000,93862024774,93862027379,2605
93600000000,97200000000,93862027379,93863553650,1526271
93600000000,97200000000,93863553650,93864631462,1077812
93600000000,97200000000,93864631462,93864635329,3867
93600000000,97200000000,93864635329,93869619283,4983954
93600000000,97200000000,93869619283,93871852954,2233671
93600000000,97200000000,93871852954,93879062330,7209376
93600000000,97200000000,93879062330,93879062577,247
93600000000,97200000000,93879062577,93881376230,2313653
93600000000,97200000000,93881376230,93882619798,1243568
93600000000,97200000000,93882619798,93883812678,1192880
93600000000,97200000000,93883812678,93884786921,974243
93600000000,97200000000,93884786921,93886211194,1424273
93600000000,97200000000,93886211194,93889802895,3591701
93600000000,97200000000,93889802895,93889818102,15207
93600000000,97200000000,93889818102,93894222285,4404183
93600000000,97200000000,93894222285,93894222333,48
93600000000,97200000000,93894222333,93901447740,7225407
93600000000,97200000000,93901447740,93901448299,559
93600000000,97200000000,93901448299,93902783292,1334993
93600000000,97200000000,93902783292,93906786335,4003043
93600000000,97200000000,93906786335,93910195623,3409288
93600000000,97200000000,93910195623,93911384382,1188759
93600000000,97200000000,93911384382,93912432949,1048567
93600000000,97200000000,93912432949,93912516158,83209
93600000000,97200000000,93912516158,93913483269,967111
93600000000,97200000000,93913483269,93913565527,82258
93600000000,97200000000,93913565527,93914598337,1032810
93600000000,97200000000,93914598337,93914730347,132010
93600000000,97200000000,93914730347,93915775506,1045159
93600000000,97200000000,93915775506,93916925279,1149773
93600000000,97200000000,93916925279,93925198210,8272931
93600000000,97200000000,93925198210,93927466976,2268766
93600000000,97200000000,93927466976,93929969339,2502363
93600000000,97200000000,93929969339,93933775842,3806503
93600000000,97200000000,93933775842,93935895290,2119448
93600000000,97200000000,93935895290,93936001669,106379
93600000000,97200000000,93936001669,93937147763,1146094
93600000000,97200000000,93937147763,93937147765,2
93600000000,97200000000,93937147765,93938241443,1093678
93600000000,97200000000,93938241443,93938416117,174674
93600000000,97200000000,93938416117,93939415031,998914
93600000000,97200000000,93939415031,93940929771,1514740
93600000000,97200000000,93940929771,93947064738,6134967
93600000000,97200000000,93947064738,93949307541,2242803
93600000000,97200000000,93949307541,93949395747,88206
93600000000,97200000000,93949395747,93951909359,2513612
93600000000,97200000000,93951909359,93951994735,85376
93600000000,97200000000,93951994735,93952090164,95429
93600000000,97200000000,93952090164,93954146464,2056300
93600000000,97200000000,93954146464,93954146468,4
93600000000,97200000000,93954146468,93954147540,1072
93600000000,97200000000,93954147540,93957791102,3643562
93600000000,97200000000,93957791102,93961043806,3252704
93600000000,97200000000,93961043806,93961195412,151606
93600000000,97200000000,93961195412,93963652967,2457555
93600000000,97200000000,93963652967,93963652984,17
93600000000,97200000000,93963652984,93965982158,2329174
93600000000,97200000000,93965982158,93965982527,369
93600000000,97200000000,93965982527,93967520878,1538351
93600000000,97200000000,93967520878,93969652355,2131477
93600000000,97200000000,93969652355,93973612849,3960494
93600000000,97200000000,93973612849,93973612852,3
93600000000,97200000000,93973612852,93975786249,2173397
93600000000,97200000000,93975786249,93978246161,2459912
93600000000,97200000000,93978246161,93978246260,99
93600000000,97200000000,93978246260,93978246265,5
93600000000,97200000000,93978246265,93984412758,6166493
93600000000,97200000000,93984412758,93988314722,3901964
93600000000,97200000000,93988314722,93988314725,3
93600000000,97200000000,93988314725,93988314726,1
93600000000,97200000000,93988314726,93990678062,2363336
93600000000,97200000000,93990678062,93990683526,5464
93600000000,97200000000,93990683526,93993249096,2565570
93600000000,97200000000,93993249096,93993249222,126
93600000000,97200000000,93993249222,93993249235,13
93600000000,97200000000,93993249235,93994975154,1725919
93600000000,97200000000,93994975154,93996386657,1411503
93600000000,97200000000,93996386657,93998481834,2095177
93600000000,97200000000,93998481834,93998582643,100809
93600000000,97200000000,93998582643,93999740118,1157475
93600000000,97200000000,93999740118,93999740928,810
93600000000,97200000000,93999740928,93999740934,6
93600000000,97200000000,93999740934,93999740958,24
93600000000,97200000000,93999740958,94000962762,1221804
93600000000,97200000000,94000962762,94001187836,225074
93600000000,97200000000,94001187836,94002276071,1088235
93600000000,97200000000,94002276071,94007364684,5088613
93600000000,97200000000,94007364684,94010333243,2968559
93600000000,97200000000,94010333243,94014150281,3817038
93600000000,97200000000,94014150281,94014340980,190699
93600000000,97200000000,94014340980,94018064681,3723701
93600000000,97200000000,94018064681,94022629235,4564554
93600000000,97200000000,94022629235,94023969186,1339951
93600000000,97200000000,94023969186,94023969556,370
93600000000,97200000000,94023969556,94023969563,7
93600000000,97200000000,94023969563,94029322639,5353076
93600000000,97200000000,94029322639,94029322724,85
93600000000,97200000000,94029322724,94029322730,6
93600000000,97200000000,94029322730,94030775512,1452782
93600000000,97200000000,94030775512,94030775712,200
93600000000,97200000000,94030775712,94030775719,7
93600000000,97200000000,94030775719,94030776648,929
93600000000,97200000000,94030776648,94037229532,6452884
93600000000,97200000000,94037229532,94041552582,4323050
93600000000,97200000000,94041552582,94044307371,2754789
93600000000,97200000000,94044307371,94044308088,717
93600000000,97200000000,94044308088,94044309109,1021
93600000000,97200000000,94044309109,94044309175,66
93600000000,97200000000,94044309175,94046525280,2216105
93600000000,97200000000,94046525280,94046550450,25170
93600000000,97200000000,94046550450,94046558111,7661
93600000000,97200000000,94046558111,94046558210,99
93600000000,97200000000,94046558210,94046558215,5
93600000000,97200000000,94046558215,94046558220,5
93600000000,97200000000,94046558220,94050138174,3579954
93600000000,97200000000,94050138174,94050138183,9
93600000000,97200000000,94050138183,94050138184,1
93600000000,97200000000,94050138184,94050139132,948
93600000000,97200000000,94050139132,94050263933,124801
93600000000,97200000000,94050263933,94052911536,2647603
93600000000,97200000000,94052911536,94052913639,2103
93600000000,97200000000,94052913639,94053563272,649633
93600000000,97200000000,94053563272,94055752231,2188959
93600000000,97200000000,94055752231,94058378014,2625783
93600000000,97200000000,94058378014,94059967041,1589027
93600000000,97200000000,94059967041,94061224880,1257839
93600000000,97200000000,94061224880,94061590491,365611
93600000000,97200000000,94061590491,94061590507,16
93600000000,97200000000,94061590507,94061592778,2271
93600000000,97200000000,94061592778,94062930314,1337536
93600000000,97200000000,94062930314,94062956213,25899
93600000000,97200000000,94062956213,94062956898,685
93600000000,97200000000,94062956898,94062956908,10
93600000000,97200000000,94062956908,94062956924,16
93600000000,97200000000,94062956924,94062957839,915
93600000000,97200000000,94062957839,94062958741,902
93600000000,97200000000,94062958741,94062958747,6
93600000000,97200000000,94062958747,94062958787,40
93600000000,97200000000,94062958787,94065861141,2902354
93600000000,97200000000,94065861141,94067235950,1374809
93600000000,97200000000,94067235950,94067237862,1912
93600000000,97200000000,94067237862,94067242262,4400
93600000000,97200000000,94067242262,94067261017,18755
93600000000,97200000000,94067261017,94069827280,2566263
93600000000,97200000000,94069827280,94069827299,19
93600000000,97200000000,94069827299,94069828247,948
93600000000,97200000000,94069828247,94069828251,4
93600000000,97200000000,94069828251,94069828252,1
93600000000,97200000000,94069828252,94071214640,1386388
93600000000,97200000000,94071214640,94071216908,2268
93600000000,97200000000,94071216908,94075623445,4406537
93600000000,97200000000,94075623445,94078135621,2512176
93600000000,97200000000,94078135621,94080678180,2542559
93600000000,97200000000,94080678180,94087023693,6345513
93600000000,97200000000,94087023693,94089588800,2565107
93600000000,97200000000,94089588800,94093165985,3577185
93600000000,97200000000,94093165985,94093165988,3
93600000000,97200000000,94093165988,94093254545,88557
93600000000,97200000000,94093254545,94095572513,2317968
93600000000,97200000000,94095572513,94099728091,4155578
93600000000,97200000000,94099728091,94104937007,5208916
93600000000,97200000000,94104937007,94108985335,4048328
93600000000,97200000000,94108985335,94108988358,3023
93600000000,97200000000,94108988358,94111268763,2280405
93600000000,97200000000,94111268763,94111313894,45131
93600000000,97200000000,94111313894,94111353483,39589
93600000000,97200000000,94111353483,94116985086,5631603
93600000000,97200000000,94116985086,94116985110,24
93600000000,97200000000,94116985110,94117016378,31268
93600000000,97200000000,94117016378,94117905800,889422
93600000000,97200000000,94117905800,94120751552,2845752
93600000000,97200000000,94120751552,94120751555,3
93600000000,97200000000,94120751555,94126035393,5283838
93600000000,97200000000,94126035393,94126270281,234888
93600000000,97200000000,94126270281,94131249273,4978992
93600000000,97200000000,94131249273,94137729153,6479880
93600000000,97200000000,94137729153,94154476980,16747827
93600000000,97200000000,94154476980,94157112472,2635492
93600000000,97200000000,94157112472,94179684120,22571648
93600000000,97200000000,94179684120,94179684660,540
93600000000,97200000000,94179684660,94179684665,5
93600000000,97200000000,94179684665,94202142441,22457776
93600000000,97200000000,94202142441,94203318133,1175692
93600000000,97200000000,94203318133,94203355130,36997
93600000000,97200000000,94203355130,94203357428,2298
93600000000,97200000000,94203357428,94204406497,1049069
93600000000,97200000000,94204406497,94205710334,1303837
93600000000,97200000000,94205710334,94205710345,11
93600000000,97200000000,94205710345,94205710356,11
93600000000,97200000000,94205710356,94205838923,128567
93600000000,97200000000,94205838923,94205839684,761
93600000000,97200000000,94205839684,94205839690,6
93600000000,97200000000,94205839690,94205839718,28
93600000000,97200000000,94205839718,94211140915,5301197
93600000000,97200000000,94211140915,94214665425,3524510
93600000000,97200000000,94214665425,94217122876,2457451
93600000000,97200000000,94217122876,94219739995,2617119
93600000000,97200000000,94219739995,94219846564,106569
93600000000,97200000000,94219846564,94222222559,2375995
93600000000,97200000000,94222222559,94224968035,2745476
93600000000,97200000000,94224968035,94224986162,18127
93600000000,97200000000,94224986162,94224988425,2263
93600000000,97200000000,94224988425,94224992006,3581
93600000000,97200000000,94224992006,94224993813,1807
93600000000,97200000000,94224993813,94226288462,1294649
93600000000,97200000000,94226288462,94226288904,442
93600000000,97200000000,94226288904,94227378444,1089540
93600000000,97200000000,94227378444,94227378478,34
93600000000,97200000000,94227378478,94227378502,24
93600000000,97200000000,94227378502,94227378515,13
93600000000,97200000000,94227378515,94227378527,12
93600000000,97200000000,94227378527,94236104769,8726242
93600000000,97200000000,94236104769,94237369020,1264251
93600000000,97200000000,94237369020,94238559147,1190127
93600000000,97200000000,94238559147,94239702956,1143809
93600000000,97200000000,94239702956,94240785342,1082386
93600000000,97200000000,94240785342,94241256942,471600
93600000000,97200000000,94241256942,94241256944,2
93600000000,97200000000,94241256944,94242513606,1256662
93600000000,97200000000,94242513606,94242513606,0
93600000000,97200000000,94242513606,94243735936,1222330
93600000000,97200000000,94243735936,94243969706,233770
93600000000,97200000000,94243969706,94243970371,665
93600000000,97200000000,94243970371,94243970411,40
93600000000,97200000000,94243970411,94245270108,1299697
93600000000,97200000000,94245270108,94247615808,2345700
93600000000,97200000000,94247615808,94247736893,121085
93600000000,97200000000,94247736893,94247747789,10896
93600000000,97200000000,94247747789,94250081057,2333268
93600000000,97200000000,94250081057,94258949254,8868197
93600000000,97200000000,94258949254,94258949260,6
93600000000,97200000000,94258949260,94260157796,1208536
93600000000,97200000000,94260157796,94261257899,1100103
93600000000,97200000000,94261257899,94261376710,118811
93600000000,97200000000,94261376710,94261376777,67
93600000000,97200000000,94261376777,94262480197,1103420
93600000000,97200000000,94262480197,94263985723,1505526
93600000000,97200000000,94263985723,94264191042,205319
93600000000,97200000000,94264191042,94264337495,146453
93600000000,97200000000,94264337495,94264604831,267336
93600000000,97200000000,94264604831,94264682923,78092
93600000000,97200000000,94264682923,94264704893,21970
93600000000,97200000000,94264704893,94268441872,3736979
93600000000,97200000000,94268441872,94269570316,1128444
93600000000,97200000000,94269570316,94269570353,37
93600000000,97200000000,94269570353,94269570363,10
93600000000,97200000000,94269570363,94269570417,54
93600000000,97200000000,94269570417,94269570444,27
93600000000,97200000000,94269570444,94274290982,4720538
93600000000,97200000000,94274290982,94274291000,18
93600000000,97200000000,94274291000,94275936608,1645608
93600000000,97200000000,94275936608,94278459985,2523377
93600000000,97200000000,94278459985,94278460206,221
93600000000,97200000000,94278460206,94278460211,5
93600000000,97200000000,94278460211,94278460218,7
93600000000,97200000000,94278460218,94278460274,56
93600000000,97200000000,94278460274,94279692965,1232691
93600000000,97200000000,94279692965,94282178453,2485488
93600000000,97200000000,94282178453,94282204689,26236
93600000000,97200000000,94282204689,94282229571,24882
93600000000,97200000000,94282229571,94282234328,4757
93600000000,97200000000,94282234328,94284398351,2164023
93600000000,97200000000,94284398351,94284398355,4
93600000000,97200000000,94284398355,94284398356,1
93600000000,97200000000,94284398356,94284399513,1157
93600000000,97200000000,94284399513,94284399540,27
93600000000,97200000000,94284399540,94284399550,10
93600000000,97200000000,94284399550,94287837953,3438403
93600000000,97200000000,94287837953,94288891162,1053209
93600000000,97200000000,94288891162,94288915745,24583
93600000000,97200000000,94288915745,94294446491,5530746
93600000000,97200000000,94294446491,94295923980,1477489
93600000000,97200000000,94295923980,94295949233,25253
93600000000,97200000000,94295949233,94297402113,1452880
93600000000,97200000000,94297402113,94297402127,14
93600000000,97200000000,94297402127,94298645567,1243440
93600000000,97200000000,94298645567,94298645567,0
93600000000,97200000000,94298645567,94298673640,28073
93600000000,97200000000,94298673640,94298673640,0
93600000000,97200000000,94298673640,94298720448,46808
93600000000,97200000000,94298720448,94306183964,7463516
93600000000,97200000000,94306183964,94306184283,319
93600000000,97200000000,94306184283,94306184296,13
93600000000,97200000000,94306184296,94306184407,111
93600000000,97200000000,94306184407,94306184411,4
93600000000,97200000000,94306184411,94308959255,2774844
93600000000,97200000000,94308959255,94309080877,121622
93600000000,97200000000,94309080877,94309080880,3
93600000000,97200000000,94309080880,94310434831,1353951
93600000000,97200000000,94310434831,94310434834,3
93600000000,97200000000,94310434834,94311618069,1183235
93600000000,97200000000,94311618069,94311856171,238102
93600000000,97200000000,94311856171,94312900374,1044203
93600000000,97200000000,94312900374,94314179937,1279563
93600000000,97200000000,94314179937,94315543626,1363689
93600000000,97200000000,94315543626,94315681238,137612
93600000000,97200000000,94315681238,94319698133,4016895
93600000000,97200000000,94319698133,94321062502,1364369
93600000000,97200000000,94321062502,94321322985,260483
93600000000,97200000000,94321322985,94323795242,2472257
93600000000,97200000000,94323795242,94323795242,0
93600000000,97200000000,94323795242,94323823704,28462
93600000000,97200000000,94323823704,94323823912,208
93600000000,97200000000,94323823912,94323823923,11
93600000000,97200000000,94323823923,94326173658,2349735
93600000000,97200000000,94326173658,94326388986,215328
93600000000,97200000000,94326388986,94330570588,4181602
93600000000,97200000000,94330570588,94330570763,175
93600000000,97200000000,94330570763,94336725454,6154691
93600000000,97200000000,94336725454,94363643098,26917644
93600000000,97200000000,94363643098,94363671374,28276
93600000000,97200000000,94363671374,94363680506,9132
93600000000,97200000000,94363680506,94368295402,4614896
93600000000,97200000000,94368295402,94368295405,3
93600000000,97200000000,94368295405,94368295513,108
93600000000,97200000000,94368295513,94370654608,2359095
93600000000,97200000000,94370654608,94372018224,1363616
93600000000,97200000000,94372018224,94376822311,4804087
93600000000,97200000000,94376822311,94378086364,1264053
93600000000,97200000000,94378086364,94380400983,2314619
93600000000,97200000000,94380400983,94381680188,1279205
93600000000,97200000000,94381680188,94382854634,1174446
93600000000,97200000000,94382854634,94384316480,1461846
93600000000,97200000000,94384316480,94384424293,107813
93600000000,97200000000,94384424293,94384426285,1992
93600000000,97200000000,94384426285,94384426295,10
93600000000,97200000000,94384426295,94385715431,1289136
93600000000,97200000000,94385715431,94385834108,118677
93600000000,97200000000,94385834108,94389435969,3601861
93600000000,97200000000,94389435969,94390894078,1458109
93600000000,97200000000,94390894078,94393176251,2282173
93600000000,97200000000,94393176251,94393271694,95443
93600000000,97200000000,94393271694,94395953240,2681546
93600000000,97200000000,94395953240,94396070822,117582
93600000000,97200000000,94396070822,94396103237,32415
93600000000,97200000000,94396103237,94400577679,4474442
93600000000,97200000000,94400577679,94404977211,4399532
93600000000,97200000000,94404977211,94406497803,1520592
93600000000,97200000000,94406497803,94407655329,1157526
93600000000,97200000000,94407655329,94408831627,1176298
93600000000,97200000000,94408831627,94408940830,109203
93600000000,97200000000,94408940830,94412520534,3579704
93600000000,97200000000,94412520534,94412529952,9418
93600000000,97200000000,94412529952,94412529991,39
93600000000,97200000000,94412529991,94412530000,9
93600000000,97200000000,94412530000,94414896757,2366757
93600000000,97200000000,94414896757,94416320466,1423709
93600000000,97200000000,94416320466,94423689043,7368577
93600000000,97200000000,94423689043,94431968905,8279862
93600000000,97200000000,94431968905,94435465803,3496898
93600000000,97200000000,94435465803,94437737789,2271986
93600000000,97200000000,94437737789,94444260362,6522573
93600000000,97200000000,94444260362,94447207492,2947130
93600000000,97200000000,94447207492,94447210299,2807
93600000000,97200000000,94447210299,94447213383,3084
93600000000,97200000000,94447213383,94447220256,6873
93600000000,97200000000,94447220256,94448502046,1281790
93600000000,97200000000,94448502046,94449685408,1183362
93600000000,97200000000,94449685408,94452352011,2666603
93600000000,97200000000,94452352011,94452355871,3860
93600000000,97200000000,94452355871,94452355888,17
93600000000,97200000000,94452355888,94452649771,293883
93600000000,97200000000,94452649771,94452650406,635
93600000000,97200000000,94452650406,94452650429,23
93600000000,97200000000,94452650429,94455448859,2798430
93600000000,97200000000,94455448859,94455452841,3982
93600000000,97200000000,94455452841,94455452865,24
93600000000,97200000000,94455452865,94456880358,1427493
93600000000,97200000000,94456880358,94456887193,6835
93600000000,97200000000,94456887193,94463883088,6995895
93600000000,97200000000,94463883088,94463883091,3
93600000000,97200000000,94463883091,94463883223,132
93600000000,97200000000,94463883223,94463883226,3
93600000000,97200000000,94463883226,94469765920,5882694
93600000000,97200000000,94469765920,94469769602,3682
93600000000,97200000000,94469769602,94472876851,3107249
93600000000,97200000000,94472876851,94474230861,1354010
93600000000,97200000000,94474230861,94483554328,9323467
93600000000,97200000000,94483554328,94486711943,3157615
93600000000,97200000000,94486711943,94486779081,67138
93600000000,97200000000,94486779081,94486779991,910
93600000000,97200000000,94486779991,94488512572,1732581
93600000000,97200000000,94488512572,94493896174,5383602
93600000000,97200000000,94493896174,94493896177,3
93600000000,97200000000,94493896177,94493896313,136
93600000000,97200000000,94493896313,94499448015,5551702
93600000000,97200000000,94499448015,94501545546,2097531
93600000000,97200000000,94501545546,94508068500,6522954
93600000000,97200000000,94508068500,94510122018,2053518
93600000000,97200000000,94510122018,94511392373,1270355
93600000000,97200000000,94511392373,94511395339,2966
93600000000,97200000000,94511395339,94511397762,2423
93600000000,97200000000,94511397762,94511407299,9537
93600000000,97200000000,94511407299,94515229293,3821994
93600000000,97200000000,94515229293,94516513591,1284298
93600000000,97200000000,94516513591,94516513602,11
93600000000,97200000000,94516513602,94516513669,67
93600000000,97200000000,94516513669,94516513681,12
93600000000,97200000000,94516513681,94516513693,12
93600000000,97200000000,94516513693,94517837731,1324038
93600000000,97200000000,94517837731,94527651672,9813941
93600000000,97200000000,94527651672,94530122860,2471188
93600000000,97200000000,94530122860,94531759635,1636775
93600000000,97200000000,94531759635,94531768664,9029
93600000000,97200000000,94531768664,94538245310,6476646
93600000000,97200000000,94538245310,94538270913,25603
93600000000,97200000000,94538270913,94542571542,4300629
93600000000,97200000000,94542571542,94548118282,5546740
93600000000,97200000000,94548118282,94551849901,3731619
93600000000,97200000000,94551849901,94551849903,2
93600000000,97200000000,94551849903,94554438146,2588243
93600000000,97200000000,94554438146,94554699317,261171
93600000000,97200000000,94554699317,94558453561,3754244
93600000000,97200000000,94558453561,94572743617,14290056
93600000000,97200000000,94572743617,94580047832,7304215
93600000000,97200000000,94580047832,94580048207,375
93600000000,97200000000,94580048207,94580048216,9
93600000000,97200000000,94580048216,94580048243,27
93600000000,97200000000,94580048243,94582583970,2535727
93600000000,97200000000,94582583970,94585144195,2560225
93600000000,97200000000,94585144195,94591805810,6661615
93600000000,97200000000,94591805810,94596815195,5009385
93600000000,97200000000,94596815195,94599837174,3021979
93600000000,97200000000,94599837174,94599837174,0
93600000000,97200000000,94599837174,94605984250,6147076
93600000000,97200000000,94605984250,94611807522,5823272
93600000000,97200000000,94611807522,94615420299,3612777
93600000000,97200000000,94615420299,94618067590,2647291
93600000000,97200000000,94618067590,94618067593,3
93600000000,97200000000,94618067593,94619318583,1250990
93600000000,97200000000,94619318583,94619323718,5135
93600000000,97200000000,94619323718,94619324373,655
93600000000,97200000000,94619324373,94620867802,1543429
93600000000,97200000000,94620867802,94622276646,1408844
93600000000,97200000000,94622276646,94622530757,254111
93600000000,97200000000,94622530757,94623702296,1171539
93600000000,97200000000,94623702296,94624881604,1179308
93600000000,97200000000,94624881604,94631317723,6436119
93600000000,97200000000,94631317723,94633925949,2608226
93600000000,97200000000,94633925949,94633958170,32221
93600000000,97200000000,94633958170,94636281509,2323339
93600000000,97200000000,94636281509,94651956570,15675061
93600000000,97200000000,94651956570,94651957627,1057
93600000000,97200000000,94651957627,94651957633,6
93600000000,97200000000,94651957633,94651957657,24
93600000000,97200000000,94651957657,94659969672,8012015
93600000000,97200000000,94659969672,94659990893,21221
93600000000,97200000000,94659990893,94659993759,2866
93600000000,97200000000,94659993759,94665230705,5236946
93600000000,97200000000,94665230705,94665230709,4
93600000000,97200000000,94665230709,94665230789,80
93600000000,97200000000,94665230789,94665230820,31
93600000000,97200000000,94665230820,94666716775,1485955
93600000000,97200000000,94666716775,94667933091,1216316
93600000000,97200000000,94667933091,94668119174,186083
93600000000,97200000000,94668119174,94681586275,13467101
93600000000,97200000000,94681586275,94681656997,70722
93600000000,97200000000,94681656997,94681666135,9138
93600000000,97200000000,94681666135,94681675188,9053
93600000000,97200000000,94681675188,94686176588,4501400
93600000000,97200000000,94686176588,94686176591,3
93600000000,97200000000,94686176591,94686176592,1
93600000000,97200000000,94686176592,94686176700,108
93600000000,97200000000,94686176700,94686176719,19
93600000000,97200000000,94686176719,94686176730,11
93600000000,97200000000,94686176730,94687734194,1557464
93600000000,97200000000,94687734194,94687785336,51142
93600000000,97200000000,94687785336,94688887941,1102605
93600000000,97200000000,94688887941,94688887984,43
93600000000,97200000000,94688887984,94691550863,2662879
93600000000,97200000000,94691550863,94694236350,2685487
93600000000,97200000000,94694236350,94696729540,2493190
93600000000,97200000000,94696729540,94713984573,17255033
93600000000,97200000000,94713984573,94715120701,1136128
93600000000,97200000000,94715120701,94719745047,4624346
93600000000,97200000000,94719745047,94721414049,1669002
93600000000,97200000000,94721414049,94723711463,2297414
93600000000,97200000000,94723711463,94725095516,1384053
93600000000,97200000000,94725095516,94726375492,1279976
93600000000,97200000000,94726375492,94726375548,56
93600000000,97200000000,94726375548,94727596566,1221018
93600000000,97200000000,94727596566,94731621461,4024895
93600000000,97200000000,94731621461,94734415008,2793547
93600000000,97200000000,94734415008,94734419978,4970
93600000000,97200000000,94734419978,94735682564,1262586
93600000000,97200000000,94735682564,94736834060,1151496
93600000000,97200000000,94736834060,94738302617,1468557
93600000000,97200000000,94738302617,94740703773,2401156
93600000000,97200000000,94740703773,94741851464,1147691
93600000000,97200000000,94741851464,94743465877,1614413
93600000000,97200000000,94743465877,94745825988,2360111
93600000000,97200000000,94745825988,94747075431,1249443
93600000000,97200000000,94747075431,94748262034,1186603
93600000000,97200000000,94748262034,94750560022,2297988
93600000000,97200000000,94750560022,94750560026,4
93600000000,97200000000,94750560026,94751798776,1238750
93600000000,97200000000,94751798776,94751798985,209
93600000000,97200000000,94751798985,94751798990,5
93600000000,97200000000,94751798990,94751799890,900
93600000000,97200000000,94751799890,94751800890,1000
93600000000,97200000000,94751800890,94753210512,1409622
93600000000,97200000000,94753210512,94759166994,5956482
93600000000,97200000000,94759166994,94761617183,2450189
93600000000,97200000000,94761617183,94764978369,3361186
93600000000,97200000000,94764978369,94769185857,4207488
93600000000,97200000000,94769185857,94771558927,2373070
93600000000,97200000000,94771558927,94771684138,125211
93600000000,97200000000,94771684138,94771686722,2584
93600000000,97200000000,94771686722,94774083681,2396959
93600000000,97200000000,94774083681,94774083718,37
93600000000,97200000000,94774083718,94777783950,3700232
93600000000,97200000000,94777783950,94777786899,2949
93600000000,97200000000,94777786899,94777790535,3636
93600000000,97200000000,94777790535,94779677973,1887438
93600000000,97200000000,94779677973,94783012384,3334411
93600000000,97200000000,94783012384,94784972790,1960406
93600000000,97200000000,94784972790,94791440355,6467565
93600000000,97200000000,94791440355,94792696130,1255775
93600000000,97200000000,94792696130,94792701371,5241
93600000000,97200000000,94792701371,94794461318,1759947
93600000000,97200000000,94794461318,94795677539,1216221
93600000000,97200000000,94795677539,94795677600,61
93600000000,97200000000,94795677600,94795795256,117656
93600000000,97200000000,94795795256,94796885457,1090201
93600000000,97200000000,94796885457,94803079554,6194097
93600000000,97200000000,94803079554,94803082739,3185
93600000000,97200000000,94803082739,94803135697,52958
93600000000,97200000000,94803135697,94803195425,59728
93600000000,97200000000,94803195425,94804938776,1743351
93600000000,97200000000,94804938776,94804938873,97
93600000000,97200000000,94804938873,94806876769,1937896
93600000000,97200000000,94806876769,94806923354,46585
93600000000,97200000000,94806923354,94808012538,1089184
93600000000,97200000000,94808012538,94808012568,30
93600000000,97200000000,94808012568,94808014656,2088
93600000000,97200000000,94808014656,94809202228,1187572
93600000000,97200000000,94809202228,94809803377,601149
93600000000,97200000000,94809803377,94809803447,70
93600000000,97200000000,94809803447,94809803762,315
93600000000,97200000000,94809803762,94811678687,1874925
93600000000,97200000000,94811678687,94812092253,413566
93600000000,97200000000,94812092253,94812095247,2994
93600000000,97200000000,94812095247,94812098324,3077
93600000000,97200000000,94812098324,94812125099,26775
93600000000,97200000000,94812125099,94812127886,2787
93600000000,97200000000,94812127886,94812151100,23214
93600000000,97200000000,94812151100,94816697587,4546487
93600000000,97200000000,94816697587,94820134485,3436898
93600000000,97200000000,94820134485,94820134519,34
93600000000,97200000000,94820134519,94820134562,43
93600000000,97200000000,94820134562,94820134741,179
93600000000,97200000000,94820134741,94820135338,597
93600000000,97200000000,94820135338,94820135476,138
93600000000,97200000000,94820135476,94827199925,7064449
93600000000,97200000000,94827199925,94828370131,1170206
93600000000,97200000000,94828370131,94829627533,1257402
93600000000,97200000000,94829627533,94833695564,4068031
93600000000,97200000000,94833695564,94833695625,61
93600000000,97200000000,94833695625,94833695629,4
93600000000,97200000000,94833695629,94837077580,3381951
93600000000,97200000000,94837077580,94837342529,264949
93600000000,97200000000,94837342529,94838447598,1105069
93600000000,97200000000,94838447598,94838451429,3831
93600000000,97200000000,94838451429,94838454086,2657
93600000000,97200000000,94838454086,94838457224,3138
93600000000,97200000000,94838457224,94838460105,2881
93600000000,97200000000,94838460105,94840911454,2451349
93600000000,97200000000,94840911454,94840911930,476
93600000000,97200000000,94840911930,94840911935,5
93600000000,97200000000,94840911935,94842312763,1400828
93600000000,97200000000,94842312763,94845686991,3374228
93600000000,97200000000,94845686991,94845688473,1482
93600000000,97200000000,94845688473,94845688485,12
93600000000,97200000000,94845688485,94845688504,19
93600000000,97200000000,94845688504,94845688661,157
93600000000,97200000000,94845688661,94848669746,2981085
93600000000,97200000000,94848669746,94848669748,2
93600000000,97200000000,94848669748,94854355250,5685502
93600000000,97200000000,94854355250,94856826669,2471419
93600000000,97200000000,94856826669,94856835737,9068
93600000000,97200000000,94856835737,94861341406,4505669
93600000000,97200000000,94861341406,94865421963,4080557
93600000000,97200000000,94865421963,94865428272,6309
93600000000,97200000000,94865428272,94865431299,3027
93600000000,97200000000,94865431299,94865443007,11708
93600000000,97200000000,94865443007,94866596264,1153257
93600000000,97200000000,94866596264,94871306151,4709887
93600000000,97200000000,94871306151,94871306154,3
93600000000,97200000000,94871306154,94871306295,141
93600000000,97200000000,94871306295,94871306354,59
93600000000,97200000000,94871306354,94871306384,30
93600000000,97200000000,94871306384,94872638703,1332319
93600000000,97200000000,94872638703,94873945063,1306360
93600000000,97200000000,94873945063,94875202222,1257159
93600000000,97200000000,94875202222,94875477062,274840
93600000000,97200000000,94875477062,94875477132,70
93600000000,97200000000,94875477132,94875477137,5
93600000000,97200000000,94875477137,94879038148,3561011
93600000000,97200000000,94879038148,94879038153,5
93600000000,97200000000,94879038153,94880954663,1916510
93600000000,97200000000,94880954663,94882078543,1123880
93600000000,97200000000,94882078543,94882284770,206227
93600000000,97200000000,94882284770,94885071981,2787211
93600000000,97200000000,94885071981,94887555589,2483608
93600000000,97200000000,94887555589,94887745334,189745
93600000000,97200000000,94887745334,94888843462,1098128
93600000000,97200000000,94888843462,94891478242,2634780
93600000000,97200000000,94891478242,94893031826,1553584
93600000000,97200000000,94893031826,94893033968,2142
93600000000,97200000000,94893033968,94893163315,129347
93600000000,97200000000,94893163315,94896806645,3643330
93600000000,97200000000,94896806645,94899206754,2400109
93600000000,97200000000,94899206754,94900395953,1189199
93600000000,97200000000,94900395953,94901472457,1076504
93600000000,97200000000,94901472457,94904199509,2727052
93600000000,97200000000,94904199509,94904199513,4
93600000000,97200000000,94904199513,94908666137,4466624
93600000000,97200000000,94908666137,94912992354,4326217
93600000000,97200000000,94912992354,94919091692,6099338
93600000000,97200000000,94919091692,94919091841,149
93600000000,97200000000,94919091841,94919091846,5
93600000000,97200000000,94919091846,94927863875,8772029
93600000000,97200000000,94927863875,94930207796,2343921
93600000000,97200000000,94930207796,94932904764,2696968
93600000000,97200000000,94932904764,94933975770,1071006
93600000000,97200000000,94933975770,94933995347,19577
93600000000,97200000000,94933995347,94933995347,0
93600000000,97200000000,94933995347,94934091444,96097
93600000000,97200000000,94934091444,94935112656,1021212
93600000000,97200000000,94935112656,94935198674,86018
93600000000,97200000000,94935198674,94937375200,2176526
93600000000,97200000000,94937375200,94937375211,11
93600000000,97200000000,94937375211,94937635098,259887
93600000000,97200000000,94937635098,94939609538,1974440
93600000000,97200000000,94939609538,94940730178,1120640
93600000000,97200000000,94940730178,94944933501,4203323
93600000000,97200000000,94944933501,94944954728,21227
93600000000,97200000000,94944954728,94944963033,8305
93600000000,97200000000,94944963033,94948750900,3787867
93600000000,97200000000,94948750900,94948750948,48
93600000000,97200000000,94948750948,94948751139,191
93600000000,97200000000,94948751139,94953648328,4897189
93600000000,97200000000,94953648328,94955938057,2289729
93600000000,97200000000,94955938057,94957693875,1755818
93600000000,97200000000,94957693875,94957697521,3646
93600000000,97200000000,94957697521,94957697521,0
93600000000,97200000000,94957697521,94960090697,2393176
93600000000,97200000000,94960090697,94961445704,1355007
93600000000,97200000000,94961445704,94963964648,2518944
93600000000,97200000000,94963964648,94965455740,1491092
93600000000,97200000000,94965455740,94965472427,16687
93600000000,97200000000,94965472427,94965476824,4397
93600000000,97200000000,94965476824,94965487790,10966
93600000000,97200000000,94965487790,94965497464,9674
93600000000,97200000000,94965497464,94965527100,29636
93600000000,97200000000,94965527100,94966781658,1254558
93600000000,97200000000,94966781658,94967930056,1148398
93600000000,97200000000,94967930056,94972738820,4808764
93600000000,97200000000,94972738820,94972738833,13
93600000000,97200000000,94972738833,94972738857,24
93600000000,97200000000,94972738857,94972738861,4
93600000000,97200000000,94972738861,94972738862,1
93600000000,97200000000,94972738862,94972738863,1
93600000000,97200000000,94972738863,94972739017,154
93600000000,97200000000,94972739017,94972740252,1235
93600000000,97200000000,94972740252,94973716313,976061
93600000000,97200000000,94973716313,94973904748,188435
93600000000,97200000000,94973904748,94973904751,3
93600000000,97200000000,94973904751,94978750577,4845826
93600000000,97200000000,94978750577,94978750866,289
93600000000,97200000000,94978750866,94983806216,5055350
93600000000,97200000000,94983806216,94983806234,18
93600000000,97200000000,94983806234,94983814494,8260
93600000000,97200000000,94983814494,94984245414,430920
93600000000,97200000000,94984245414,94986501572,2256158
93600000000,97200000000,94986501572,94987646684,1145112
93600000000,97200000000,94987646684,94989428729,1782045
93600000000,97200000000,94989428729,94989431018,2289
93600000000,97200000000,94989431018,94990771771,1340753
93600000000,97200000000,94990771771,94991547976,776205
93600000000,97200000000,94991547976,94991550591,2615
93600000000,97200000000,94991550591,94995975302,4424711
93600000000,97200000000,94995975302,94997248930,1273628
93600000000,97200000000,94997248930,94997248953,23
93600000000,97200000000,94997248953,94997248957,4
93600000000,97200000000,94997248957,94997248958,1
93600000000,97200000000,94997248958,94997248959,1
93600000000,97200000000,94997248959,95000903312,3654353
93600000000,97200000000,95000903312,95000903518,206
93600000000,97200000000,95000903518,95000918250,14732
93600000000,97200000000,95000918250,95002877482,1959232
93600000000,97200000000,95002877482,95005358484,2481002
93600000000,97200000000,95005358484,95008285703,2927219
93600000000,97200000000,95008285703,95009723503,1437800
93600000000,97200000000,95009723503,95009724169,666
93600000000,97200000000,95009724169,95014200295,4476126
93600000000,97200000000,95014200295,95014200372,77
93600000000,97200000000,95014200372,95014200377,5
93600000000,97200000000,95014200377,95015645267,1444890
93600000000,97200000000,95015645267,95015653786,8519
93600000000,97200000000,95015653786,95015656397,2611
93600000000,97200000000,95015656397,95018914153,3257756
93600000000,97200000000,95018914153,95018914158,5
93600000000,97200000000,95018914158,95018914159,1
93600000000,97200000000,95018914159,95018914301,142
93600000000,97200000000,95018914301,95018914326,25
93600000000,97200000000,95018914326,95020400820,1486494
93600000000,97200000000,95020400820,95020405751,4931
93600000000,97200000000,95020405751,95027604528,7198777
93600000000,97200000000,95027604528,95027609674,5146
93600000000,97200000000,95027609674,95027609684,10
93600000000,97200000000,95027609684,95033720624,6110940
93600000000,97200000000,95033720624,95033720819,195
93600000000,97200000000,95033720819,95036591545,2870726
93600000000,97200000000,95036591545,95037882316,1290771
93600000000,97200000000,95037882316,95039230177,1347861
93600000000,97200000000,95039230177,95039239390,9213
93600000000,97200000000,95039239390,95039246603,7213
93600000000,97200000000,95039246603,95039248048,1445
93600000000,97200000000,95039248048,95042238679,2990631
93600000000,97200000000,95042238679,95043464028,1225349
93600000000,97200000000,95043464028,95043464099,71
93600000000,97200000000,95043464099,95043974440,510341
93600000000,97200000000,95043974440,95052120008,8145568
93600000000,97200000000,95052120008,95055211978,3091970
93600000000,97200000000,95055211978,95060545766,5333788
93600000000,97200000000,95060545766,95060573204,27438
93600000000,97200000000,95060573204,95060583508,10304
93600000000,97200000000,95060583508,95067111501,6527993
93600000000,97200000000,95067111501,95067111506,5
93600000000,97200000000,95067111506,95067111656,150
93600000000,97200000000,95067111656,95067152394,40738
93600000000,97200000000,95067152394,95068410011,1257617
93600000000,97200000000,95068410011,95068410158,147
93600000000,97200000000,95068410158,95068410171,13
93600000000,97200000000,95068410171,95073172853,4762682
93600000000,97200000000,95073172853,95075031591,1858738
93600000000,97200000000,95075031591,95081209861,6178270
93600000000,97200000000,95081209861,95081500706,290845
93600000000,97200000000,95081500706,95083827686,2326980
93600000000,97200000000,95083827686,95085392766,1565080
93600000000,97200000000,95085392766,95085409482,16716
93600000000,97200000000,95085409482,95085414347,4865
93600000000,97200000000,95085414347,95089433496,4019149
93600000000,97200000000,95089433496,95089433500,4
93600000000,97200000000,95089433500,95090054686,621186
93600000000,97200000000,95090054686,95100243886,10189200
93600000000,97200000000,95100243886,95100245039,1153
93600000000,97200000000,95100245039,95100245044,5
93600000000,97200000000,95100245044,95100245113,69
93600000000,97200000000,95100245113,95104294707,4049594
93600000000,97200000000,95104294707,95104294710,3
93600000000,97200000000,95104294710,95104295749,1039
93600000000,97200000000,95104295749,95104295752,3
93600000000,97200000000,95104295752,95104295753,1
93600000000,97200000000,95104295753,95104295886,133
93600000000,97200000000,95104295886,95112040312,7744426
93600000000,97200000000,95112040312,95115230816,3190504
93600000000,97200000000,95115230816,95115230922,106
93600000000,97200000000,95115230922,95115231061,139
93600000000,97200000000,95115231061,95115231072,11
93600000000,97200000000,95115231072,95115231077,5
93600000000,97200000000,95115231077,95118079332,2848255
93600000000,97200000000,95118079332,95119443731,1364399
93600000000,97200000000,95119443731,95119443781,50
93600000000,97200000000,95119443781,95119491471,47690
93600000000,97200000000,95119491471,95121083100,1591629
93600000000,97200000000,95121083100,95123884206,2801106
93600000000,97200000000,95123884206,95125932320,2048114
93600000000,97200000000,95125932320,95125932320,0
93600000000,97200000000,95125932320,95128909307,2976987
93600000000,97200000000,95128909307,95130337502,1428195
93600000000,97200000000,95130337502,95132572330,2234828
93600000000,97200000000,95132572330,95133783183,1210853
93600000000,97200000000,95133783183,95136128369,2345186
93600000000,97200000000,95136128369,95136128445,76
93600000000,97200000000,95136128445,95136128450,5
93600000000,97200000000,95136128450,95136128455,5
93600000000,97200000000,95136128455,95138759554,2631099
93600000000,97200000000,95138759554,95138970332,210778
93600000000,97200000000,95138970332,95143636209,4665877
93600000000,97200000000,95143636209,95143694777,58568
93600000000,97200000000,95143694777,95145156930,1462153
93600000000,97200000000,95145156930,95146312110,1155180
93600000000,97200000000,95146312110,95149694569,3382459
93600000000,97200000000,95149694569,95153490969,3796400
93600000000,97200000000,95153490969,95156894045,3403076
93600000000,97200000000,95156894045,95156894081,36
93600000000,97200000000,95156894081,95156894085,4
93600000000,97200000000,95156894085,95156894086,1
93600000000,97200000000,95156894086,95156894087,1
93600000000,97200000000,95156894087,95160520259,3626172
93600000000,97200000000,95160520259,95160572360,52101
93600000000,97200000000,95160572360,95160579027,6667
93600000000,97200000000,95160579027,95160581436,2409
93600000000,97200000000,95160581436,95160596991,15555
93600000000,97200000000,95160596991,95160602750,5759
93600000000,97200000000,95160602750,95168042412,7439662
93600000000,97200000000,95168042412,95168042415,3
93600000000,97200000000,95168042415,95168042416,1
93600000000,97200000000,95168042416,95168043493,1077
93600000000,97200000000,95168043493,95168043550,57
93600000000,97200000000,95168043550,95168043560,10
93600000000,97200000000,95168043560,95168043586,26
93600000000,97200000000,95168043586,95168043596,10
93600000000,97200000000,95168043596,95168147079,103483
93600000000,97200000000,95168147079,95168147082,3
93600000000,97200000000,95168147082,95168149910,2828
93600000000,97200000000,95168149910,95173143001,4993091
93600000000,97200000000,95173143001,95173166246,23245
93600000000,97200000000,95173166246,95174045717,879471
93600000000,97200000000,95174045717,95176934407,2888690
93600000000,97200000000,95176934407,95176934409,2
93600000000,97200000000,95176934409,95176935234,825
93600000000,97200000000,95176935234,95176935442,208
93600000000,97200000000,95176935442,95176935447,5
93600000000,97200000000,95176935447,95178262326,1326879
93600000000,97200000000,95178262326,95178263374,1048
93600000000,97200000000,95178263374,95181878783,3615409
93600000000,97200000000,95181878783,95181878794,11
93600000000,97200000000,95181878794,95181880402,1608
93600000000,97200000000,95181880402,95181880436,34
93600000000,97200000000,95181880436,95181880530,94
93600000000,97200000000,95181880530,95181880547,17
93600000000,97200000000,95181880547,95184958626,3078079
93600000000,97200000000,95184958626,95184993025,34399
93600000000,97200000000,95184993025,95192626724,7633699
93600000000,97200000000,95192626724,95192658166,31442
93600000000,97200000000,95192658166,95193950579,1292413
93600000000,97200000000,95193950579,95197717863,3767284
93600000000,97200000000,95197717863,95197773052,55189
93600000000,97200000000,95197773052,95198815871,1042819
93600000000,97200000000,95198815871,95200977256,2161385
93600000000,97200000000,95200977256,95203030960,2053704
93600000000,97200000000,95203030960,95203031005,45
93600000000,97200000000,95203031005,95203031037,32
93600000000,97200000000,95203031037,95204702970,1671933
93600000000,97200000000,95204702970,95207227607,2524637
93600000000,97200000000,95207227607,95209840870,2613263
93600000000,97200000000,95209840870,95209840896,26
93600000000,97200000000,95209840896,95222004761,12163865
93600000000,97200000000,95222004761,95222075756,70995
93600000000,97200000000,95222075756,95223103936,1028180
93600000000,97200000000,95223103936,95223148259,44323
93600000000,97200000000,95223148259,95224316008,1167749
93600000000,97200000000,95224316008,95232717595,8401587
93600000000,97200000000,95232717595,95233919205,1201610
93600000000,97200000000,95233919205,95233919208,3
93600000000,97200000000,95233919208,95245956589,12037381
93600000000,97200000000,95245956589,95245957099,510
93600000000,97200000000,95245957099,95245957104,5
93600000000,97200000000,95245957104,95252014796,6057692
93600000000,97200000000,95252014796,95254450313,2435517
93600000000,97200000000,95254450313,95254480493,30180
93600000000,97200000000,95254480493,95259349990,4869497
93600000000,97200000000,95259349990,95259620200,270210
93600000000,97200000000,95259620200,95264875348,5255148
93600000000,97200000000,95264875348,95265773801,898453
93600000000,97200000000,95265773801,95265773818,17
93600000000,97200000000,95265773818,95265773828,10
93600000000,97200000000,95265773828,95265773839,11
93600000000,97200000000,95265773839,95265773856,17
93600000000,97200000000,95265773856,95265773860,4
93600000000,97200000000,95265773860,95265773861,1
93600000000,97200000000,95265773861,95265773886,25
93600000000,97200000000,95265773886,95265773896,10
93600000000,97200000000,95265773896,95266767412,993516
93600000000,97200000000,95266767412,95266769157,1745
93600000000,97200000000,95266769157,95268680711,1911554
93600000000,97200000000,95268680711,95272676824,3996113
93600000000,97200000000,95272676824,95278970388,6293564
93600000000,97200000000,95278970388,95278970392,4
93600000000,97200000000,95278970392,95278970393,1
93600000000,97200000000,95278970393,95285252799,6282406
93600000000,97200000000,95285252799,95294667075,9414276
93600000000,97200000000,95294667075,95296805429,2138354
93600000000,97200000000,95296805429,95299538119,2732690
93600000000,97200000000,95299538119,95302782507,3244388
93600000000,97200000000,95302782507,95302795434,12927
93600000000,97200000000,95302795434,95302795601,167
93600000000,97200000000,95302795601,95303237281,441680
93600000000,97200000000,95303237281,95303237327,46
93600000000,97200000000,95303237327,95305954293,2716966
93600000000,97200000000,95305954293,95306101278,146985
93600000000,97200000000,95306101278,95309623037,3521759
93600000000,97200000000,95309623037,95315385928,5762891
93600000000,97200000000,95315385928,95316537598,1151670
93600000000,97200000000,95316537598,95316537655,57
93600000000,97200000000,95316537655,95316537660,5
93600000000,97200000000,95316537660,95321509102,4971442
93600000000,97200000000,95321509102,95321509353,251
93600000000,97200000000,95321509353,95321509412,59
93600000000,97200000000,95321509412,95321510133,721
93600000000,97200000000,95321510133,95328981459,7471326
93600000000,97200000000,95328981459,95331302349,2320890
93600000000,97200000000,95331302349,95331302353,4
93600000000,97200000000,95331302353,95331302354,1
93600000000,97200000000,95331302354,95332375352,1072998
93600000000,97200000000,95332375352,95332415377,40025
93600000000,97200000000,95332415377,95333455434,1040057
93600000000,97200000000,95333455434,95333467126,11692
93600000000,97200000000,95333467126,95334679007,1211881
93600000000,97200000000,95334679007,95335635406,956399
93600000000,97200000000,95335635406,95335648718,13312
93600000000,97200000000,95335648718,95336848746,1200028
93600000000,97200000000,95336848746,95336848769,23
93600000000,97200000000,95336848769,95336958809,110040
93600000000,97200000000,95336958809,95336978673,19864
93600000000,97200000000,95336978673,95338078660,1099987
93600000000,97200000000,95338078660,95338078684,24
93600000000,97200000000,95338078684,95339328617,1249933
93600000000,97200000000,95339328617,95339328648,31
93600000000,97200000000,95339328648,95339427547,98899
93600000000,97200000000,95339427547,95341011276,1583729
93600000000,97200000000,95341011276,95341196422,185146
93600000000,97200000000,95341196422,95343212458,2016036
93600000000,97200000000,95343212458,95343332429,119971
93600000000,97200000000,95343332429,95344353654,1021225
93600000000,97200000000,95344353654,95344402262,48608
93600000000,97200000000,95344402262,95345553467,1151205
93600000000,97200000000,95345553467,95345554219,752
93600000000,97200000000,95345554219,95346817930,1263711
93600000000,97200000000,95346817930,95347880507,1062577
93600000000,97200000000,95347880507,95347880518,11
93600000000,97200000000,95347880518,95347944527,64009
93600000000,97200000000,95347944527,95348945132,1000605
93600000000,97200000000,95348945132,95350028255,1083123
93600000000,97200000000,95350028255,95350177109,148854
93600000000,97200000000,95350177109,95352557735,2380626
93600000000,97200000000,95352557735,95352559947,2212
93600000000,97200000000,95352559947,95352658323,98376
93600000000,97200000000,95352658323,95353750694,1092371
93600000000,97200000000,95353750694,95357072858,3322164
93600000000,97200000000,95357072858,95357255711,182853
93600000000,97200000000,95357255711,95359381185,2125474
93600000000,97200000000,95359381185,95359381210,25
93600000000,97200000000,95359381210,95359563571,182361
93600000000,97200000000,95359563571,95361759799,2196228
93600000000,97200000000,95361759799,95361916957,157158
93600000000,97200000000,95361916957,95364333889,2416932
93600000000,97200000000,95364333889,95365106430,772541
93600000000,97200000000,95365106430,95365106656,226
93600000000,97200000000,95365106656,95367184295,2077639
93600000000,97200000000,95367184295,95369796715,2612420
93600000000,97200000000,95369796715,95369797414,699
93600000000,97200000000,95369797414,95395507757,25710343
93600000000,97200000000,95395507757,95395511192,3435
93600000000,97200000000,95395511192,95403499881,7988689
93600000000,97200000000,95403499881,95406683696,3183815
93600000000,97200000000,95406683696,95406683699,3
93600000000,97200000000,95406683699,95406811595,127896
93600000000,97200000000,95406811595,95409411632,2600037
93600000000,97200000000,95409411632,95409616693,205061
93600000000,97200000000,95409616693,95409659564,42871
93600000000,97200000000,95409659564,95409661993,2429
93600000000,97200000000,95409661993,95409678345,16352
93600000000,97200000000,95409678345,95409678603,258
93600000000,97200000000,95409678603,95409678608,5
93600000000,97200000000,95409678608,95411848831,2170223
93600000000,97200000000,95411848831,95412317691,468860
93600000000,97200000000,95412317691,95414522653,2204962
93600000000,97200000000,95414522653,95414522679,26
93600000000,97200000000,95414522679,95414522709,30
93600000000,97200000000,95414522709,95414719511,196802
93600000000,97200000000,95414719511,95414719649,138
93600000000,97200000000,95414719649,95419474431,4754782
93600000000,97200000000,95419474431,95430855668,11381237
93600000000,97200000000,95430855668,95430860165,4497
93600000000,97200000000,95430860165,95430876120,15955
93600000000,97200000000,95430876120,95430880614,4494
93600000000,97200000000,95430880614,95430883957,3343
93600000000,97200000000,95430883957,95430887246,3289
93600000000,97200000000,95430887246,95432436724,1549478
93600000000,97200000000,95432436724,95432437681,957
93600000000,97200000000,95432437681,95433728465,1290784
93600000000,97200000000,95433728465,95433728469,4
93600000000,97200000000,95433728469,95433728470,1
93600000000,97200000000,95433728470,95433729117,647
93600000000,97200000000,95433729117,95433729126,9
93600000000,97200000000,95433729126,95433729138,12
93600000000,97200000000,95433729138,95433729150,12
93600000000,97200000000,95433729150,95433729163,13
93600000000,97200000000,95433729163,95436424597,2695434
93600000000,97200000000,95436424597,95436442264,17667
93600000000,97200000000,95436442264,95439198964,2756700
93600000000,97200000000,95439198964,95451921766,12722802
93600000000,97200000000,95451921766,95451981788,60022
93600000000,97200000000,95451981788,95451985939,4151
93600000000,97200000000,95451985939,95452024927,38988
93600000000,97200000000,95452024927,95452025171,244
93600000000,97200000000,95452025171,95452025180,9
93600000000,97200000000,95452025180,95453292214,1267034
93600000000,97200000000,95453292214,95458419009,5126795
93600000000,97200000000,95458419009,95458419009,0
93600000000,97200000000,95458419009,95459406362,987353
93600000000,97200000000,95459406362,95459421396,15034
93600000000,97200000000,95459421396,95459421469,73
93600000000,97200000000,95459421469,95465230310,5808841
93600000000,97200000000,95465230310,95465286676,56366
93600000000,97200000000,95465286676,95468759173,3472497
93600000000,97200000000,95468759173,95471915967,3156794
93600000000,97200000000,95471915967,95471916856,889
93600000000,97200000000,95471916856,95471916860,4
93600000000,97200000000,95471916860,95472028395,111535
93600000000,97200000000,95472028395,95475137392,3108997
93600000000,97200000000,95475137392,95477930807,2793415
93600000000,97200000000,95477930807,95477931264,457
93600000000,97200000000,95477931264,95477931598,334
93600000000,97200000000,95477931598,95482626397,4694799
93600000000,97200000000,95482626397,95482626819,422
93600000000,97200000000,95482626819,95482626821,2
93600000000,97200000000,95482626821,95483619012,992191
93600000000,97200000000,95483619012,95483740836,121824
93600000000,97200000000,95483740836,95486050154,2309318
93600000000,97200000000,95486050154,95488633715,2583561
93600000000,97200000000,95488633715,95488633715,0
93600000000,97200000000,95488633715,95488656139,22424
93600000000,97200000000,95488656139,95488659530,3391
93600000000,97200000000,95488659530,95488665050,5520
93600000000,97200000000,95488665050,95495803809,7138759
93600000000,97200000000,95495803809,95495803867,58
93600000000,97200000000,95495803867,95495803926,59
93600000000,97200000000,95495803926,95498422083,2618157
93600000000,97200000000,95498422083,95498431154,9071
93600000000,97200000000,95498431154,95499834621,1403467
93600000000,97200000000,95499834621,95503629809,3795188
93600000000,97200000000,95503629809,95507908761,4278952
93600000000,97200000000,95507908761,95518871726,10962965
93600000000,97200000000,95518871726,95518871737,11
93600000000,97200000000,95518871737,95519905403,1033666
93600000000,97200000000,95519905403,95524919091,5013688
93600000000,97200000000,95524919091,95524922102,3011
93600000000,97200000000,95524922102,95524924009,1907
93600000000,97200000000,95524924009,95524926409,2400
93600000000,97200000000,95524926409,95524928375,1966
93600000000,97200000000,95524928375,95524930695,2320
93600000000,97200000000,95524930695,95524933294,2599
93600000000,97200000000,95524933294,95527944050,3010756
93600000000,97200000000,95527944050,95527945088,1038
93600000000,97200000000,95527945088,95531232129,3287041
93600000000,97200000000,95531232129,95531232189,60
93600000000,97200000000,95531232189,95531232232,43
93600000000,97200000000,95531232232,95531232262,30
93600000000,97200000000,95531232262,95531232293,31
93600000000,97200000000,95531232293,95531232311,18
93600000000,97200000000,95531232311,95531232335,24
93600000000,97200000000,95531232335,95534844540,3612205
93600000000,97200000000,95534844540,95534844543,3
93600000000,97200000000,95534844543,95543288943,8444400
93600000000,97200000000,95543288943,95546356424,3067481
93600000000,97200000000,95546356424,95555654258,9297834
93600000000,97200000000,95555654258,95556616508,962250
93600000000,97200000000,95556616508,95556650344,33836
93600000000,97200000000,95556650344,95556658952,8608
93600000000,97200000000,95556658952,95561286458,4627506
93600000000,97200000000,95561286458,95562437819,1151361
93600000000,97200000000,95562437819,95562437876,57
93600000000,97200000000,95562437876,95562437886,10
93600000000,97200000000,95562437886,95562696712,258826
93600000000,97200000000,95562696712,95564423258,1726546
93600000000,97200000000,95564423258,95564423294,36
93600000000,97200000000,95564423294,95564423299,5
93600000000,97200000000,95564423299,95566832401,2409102
93600000000,97200000000,95566832401,95570277073,3444672
93600000000,97200000000,95570277073,95570277077,4
93600000000,97200000000,95570277077,95570397616,120539
93600000000,97200000000,95570397616,95571431531,1033915
93600000000,97200000000,95571431531,95573670947,2239416
93600000000,97200000000,95573670947,95578311085,4640138
93600000000,97200000000,95578311085,95578311127,42
93600000000,97200000000,95578311127,95578311315,188
93600000000,97200000000,95578311315,95583656455,5345140
93600000000,97200000000,95583656455,95586146589,2490134
93600000000,97200000000,95586146589,95586208050,61461
93600000000,97200000000,95586208050,95586229458,21408
93600000000,97200000000,95586229458,95587642346,1412888
93600000000,97200000000,95587642346,95587852325,209979
93600000000,97200000000,95587852325,95591267050,3414725
93600000000,97200000000,95591267050,95592144337,877287
93600000000,97200000000,95592144337,95592144342,5
93600000000,97200000000,95592144342,95592144343,1
93600000000,97200000000,95592144343,95592144464,121
93600000000,97200000000,95592144464,95592144467,3
93600000000,97200000000,95592144467,95592144468,1
93600000000,97200000000,95592144468,95592145607,1139
93600000000,97200000000,95592145607,95594516891,2371284
93600000000,97200000000,95594516891,95596783635,2266744
93600000000,97200000000,95596783635,95599170795,2387160
93600000000,97200000000,95599170795,95599170826,31
93600000000,97200000000,95599170826,95599172632,1806
93600000000,97200000000,95599172632,95599892793,720161
93600000000,97200000000,95599892793,95600075665,182872
93600000000,97200000000,95600075665,95600076564,899
93600000000,97200000000,95600076564,95600076608,44
93600000000,97200000000,95600076608,95603836204,3759596
93600000000,97200000000,95603836204,95605191618,1355414
93600000000,97200000000,95605191618,95605197744,6126
93600000000,97200000000,95605197744,95605197754,10
93600000000,97200000000,95605197754,95610262106,5064352
93600000000,97200000000,95610262106,95610263224,1118
93600000000,97200000000,95610263224,95611745091,1481867
93600000000,97200000000,95611745091,95624664124,12919033
93600000000,97200000000,95624664124,95624665185,1061
93600000000,97200000000,95624665185,95624665206,21
93600000000,97200000000,95624665206,95636671824,12006618
93600000000,97200000000,95636671824,95638740342,2068518
93600000000,97200000000,95638740342,95639743561,1003219
93600000000,97200000000,95639743561,95639746302,2741
93600000000,97200000000,95639746302,95639746500,198
93600000000,97200000000,95639746500,95642248030,2501530
93600000000,97200000000,95642248030,95642258472,10442
93600000000,97200000000,95642258472,95642258482,10
93600000000,97200000000,95642258482,95646216529,3958047
93600000000,97200000000,95646216529,95648220301,2003772
93600000000,97200000000,95648220301,95649138844,918543
93600000000,97200000000,95649138844,95653054778,3915934
93600000000,97200000000,95653054778,95655005588,1950810
93600000000,97200000000,95655005588,95659594508,4588920
93600000000,97200000000,95659594508,95659594647,139
93600000000,97200000000,95659594647,95659594652,5
93600000000,97200000000,95659594652,95659594657,5
93600000000,97200000000,95659594657,95661515468,1920811
93600000000,97200000000,95661515468,95661610592,95124
93600000000,97200000000,95661610592,95661613114,2522
93600000000,97200000000,95661613114,95661633800,20686
93600000000,97200000000,95661633800,95661643122,9322
93600000000,97200000000,95661643122,95667286934,5643812
93600000000,97200000000,95667286934,95668244231,957297
93600000000,97200000000,95668244231,95674151247,5907016
93600000000,97200000000,95674151247,95674151270,23
93600000000,97200000000,95674151270,95674151274,4
93600000000,97200000000,95674151274,95674151367,93
93600000000,97200000000,95674151367,95674151370,3
93600000000,97200000000,95674151370,95674151502,132
93600000000,97200000000,95674151502,95679229671,5078169
93600000000,97200000000,95679229671,95683038289,3808618
93600000000,97200000000,95683038289,95683038392,103
93600000000,97200000000,95683038392,95683692850,654458
93600000000,97200000000,95683692850,95685765744,2072894
93600000000,97200000000,95685765744,95685766135,391
93600000000,97200000000,95685766135,95685766140,5
93600000000,97200000000,95685766140,95691384336,5618196
93600000000,97200000000,95691384336,95691384462,126
93600000000,97200000000,95691384462,95691384466,4
93600000000,97200000000,95691384466,95692739734,1355268
93600000000,97200000000,95692739734,95692790897,51163
93600000000,97200000000,95692790897,95692795953,5056
93600000000,97200000000,95692795953,95699198608,6402655
93600000000,97200000000,95699198608,95699198613,5
93600000000,97200000000,95699198613,95699198675,62
93600000000,97200000000,95699198675,95699198679,4
93600000000,97200000000,95699198679,95699199701,1022
93600000000,97200000000,95699199701,95699857586,657885
93600000000,97200000000,95699857586,95701568120,1710534
93600000000,97200000000,95701568120,95702779181,1211061
93600000000,97200000000,95702779181,95702951445,172264
93600000000,97200000000,95702951445,95703343869,392424
93600000000,97200000000,95703343869,95705986261,2642392
93600000000,97200000000,95705986261,95707086371,1100110
93600000000,97200000000,95707086371,95707087204,833
93600000000,97200000000,95707087204,95712041787,4954583
93600000000,97200000000,95712041787,95714385092,2343305
93600000000,97200000000,95714385092,95714385229,137
93600000000,97200000000,95714385229,95714385233,4
93600000000,97200000000,95714385233,95714385234,1
93600000000,97200000000,95714385234,95714385311,77
93600000000,97200000000,95714385311,95716928366,2543055
93600000000,97200000000,95716928366,95719404138,2475772
93600000000,97200000000,95719404138,95719782838,378700
93600000000,97200000000,95719782838,95719783418,580
93600000000,97200000000,95719783418,95722921502,3138084
93600000000,97200000000,95722921502,95722924632,3130
93600000000,97200000000,95722924632,95722928209,3577
93600000000,97200000000,95722928209,95730228351,7300142
93600000000,97200000000,95730228351,95730228354,3
93600000000,97200000000,95730228354,95730228495,141
93600000000,97200000000,95730228495,95730229996,1501
93600000000,97200000000,95730229996,95734516934,4286938
93600000000,97200000000,95734516934,95737893704,3376770
93600000000,97200000000,95737893704,95742832011,4938307
93600000000,97200000000,95742832011,95743678853,846842
93600000000,97200000000,95743678853,95749062532,5383679
93600000000,97200000000,95749062532,95749062534,2
93600000000,97200000000,95749062534,95750392850,1330316
93600000000,97200000000,95750392850,95754002282,3609432
93600000000,97200000000,95754002282,95754694699,692417
93600000000,97200000000,95754694699,95754696646,1947
93600000000,97200000000,95754696646,95756024159,1327513
93600000000,97200000000,95756024159,95756024164,5
93600000000,97200000000,95756024164,95756025412,1248
93600000000,97200000000,95756025412,95758493709,2468297
93600000000,97200000000,95758493709,95759742636,1248927
93600000000,97200000000,95759742636,95759744286,1650
93600000000,97200000000,95759744286,95761266571,1522285
93600000000,97200000000,95761266571,95767904505,6637934
93600000000,97200000000,95767904505,95767904574,69
93600000000,97200000000,95767904574,95767904579,5
93600000000,97200000000,95767904579,95767904584,5
93600000000,97200000000,95767904584,95776756189,8851605
93600000000,97200000000,95776756189,95782097298,5341109
93600000000,97200000000,95782097298,95782097302,4
93600000000,97200000000,95782097302,95782097303,1
93600000000,97200000000,95782097303,95782097304,1
93600000000,97200000000,95782097304,95783089712,992408
93600000000,97200000000,95783089712,95785778521,2688809
93600000000,97200000000,95785778521,95785778627,106
93600000000,97200000000,95785778627,95785893249,114622
93600000000,97200000000,95785893249,95787991603,2098354
93600000000,97200000000,95787991603,95795861814,7870211
93600000000,97200000000,95795861814,95800245080,4383266
93600000000,97200000000,95800245080,95800254480,9400
93600000000,97200000000,95800254480,95800258042,3562
93600000000,97200000000,95800258042,95800258153,111
93600000000,97200000000,95800258153,95800258158,5
93600000000,97200000000,95800258158,95800258163,5
93600000000,97200000000,95800258163,95804453450,4195287
93600000000,97200000000,95804453450,95804453453,3
93600000000,97200000000,95804453453,95807203278,2749825
93600000000,97200000000,95807203278,95807203288,10
93600000000,97200000000,95807203288,95820693945,13490657
93600000000,97200000000,95820693945,95820762684,68739
93600000000,97200000000,95820762684,95820766568,3884
93600000000,97200000000,95820766568,95820769692,3124
93600000000,97200000000,95820769692,95820775039,5347
93600000000,97200000000,95820775039,95821637352,862313
93600000000,97200000000,95821637352,95825873925,4236573
93600000000,97200000000,95825873925,95827678527,1804602
93600000000,97200000000,95827678527,95827678550,23
93600000000,97200000000,95827678550,95827678573,23
93600000000,97200000000,95827678573,95827678590,17
93600000000,97200000000,95827678590,95827678594,4
93600000000,97200000000,95827678594,95827678595,1
93600000000,97200000000,95827678595,95831656645,3978050
93600000000,97200000000,95831656645,95838965871,7309226
93600000000,97200000000,95838965871,95838966130,259
93600000000,97200000000,95838966130,95842258179,3292049
93600000000,97200000000,95842258179,95842272298,14119
93600000000,97200000000,95842272298,95842275111,2813
93600000000,97200000000,95842275111,95842277552,2441
93600000000,97200000000,95842277552,95842280070,2518
93600000000,97200000000,95842280070,95843249091,969021
93600000000,97200000000,95843249091,95847122942,3873851
93600000000,97200000000,95847122942,95855354729,8231787
93600000000,97200000000,95855354729,95855354743,14
93600000000,97200000000,95855354743,95855354756,13
93600000000,97200000000,95855354756,95855354769,13
93600000000,97200000000,95855354769,95855354794,25
93600000000,97200000000,95855354794,95855355665,871
93600000000,97200000000,95855355665,95858738687,3383022
93600000000,97200000000,95858738687,95858738767,80
93600000000,97200000000,95858738767,95858738771,4
93600000000,97200000000,95858738771,95858738776,5
93600000000,97200000000,95858738776,95866271301,7532525
93600000000,97200000000,95866271301,95870976004,4704703
93600000000,97200000000,95870976004,95870976008,4
93600000000,97200000000,95870976008,95870976009,1
93600000000,97200000000,95870976009,95871057507,81498
93600000000,97200000000,95871057507,95871061169,3662
93600000000,97200000000,95871061169,95871067149,5980
93600000000,97200000000,95871067149,95871072550,5401
93600000000,97200000000,95871072550,95871072553,3
93600000000,97200000000,95871072553,95873492186,2419633
93600000000,97200000000,95873492186,95875558554,2066368
93600000000,97200000000,95875558554,95878123327,2564773
93600000000,97200000000,95878123327,95878123646,319
93600000000,97200000000,95878123646,95878123701,55
93600000000,97200000000,95878123701,95883608063,5484362
93600000000,97200000000,95883608063,95885164212,1556149
93600000000,97200000000,95885164212,95886294967,1130755
93600000000,97200000000,95886294967,95887489247,1194280
93600000000,97200000000,95887489247,95888511790,1022543
93600000000,97200000000,95888511790,95889676104,1164314
93600000000,97200000000,95889676104,95890831270,1155166
93600000000,97200000000,95890831270,95897411430,6580160
93600000000,97200000000,95897411430,95897472662,61232
93600000000,97200000000,95897472662,95897484001,11339
93600000000,97200000000,95897484001,95898541943,1057942
93600000000,97200000000,95898541943,95899671371,1129428
93600000000,97200000000,95899671371,95905838824,6167453
93600000000,97200000000,95905838824,95905841140,2316
93600000000,97200000000,95905841140,95905858462,17322
93600000000,97200000000,95905858462,95905858466,4
93600000000,97200000000,95905858466,95905858467,1
93600000000,97200000000,95905858467,95911303097,5444630
93600000000,97200000000,95911303097,95914524969,3221872
93600000000,97200000000,95914524969,95919295862,4770893
93600000000,97200000000,95919295862,95919338730,42868
93600000000,97200000000,95919338730,95921353139,2014409
93600000000,97200000000,95921353139,95922448481,1095342
93600000000,97200000000,95922448481,95925468788,3020307
93600000000,97200000000,95925468788,95925468799,11
93600000000,97200000000,95925468799,95928647219,3178420
93600000000,97200000000,95928647219,95929611309,964090
93600000000,97200000000,95929611309,95929669002,57693
93600000000,97200000000,95929669002,95931565291,1896289
93600000000,97200000000,95931565291,95934387613,2822322
93600000000,97200000000,95934387613,95938770540,4382927
93600000000,97200000000,95938770540,95939741869,971329
93600000000,97200000000,95939741869,95939743394,1525
93600000000,97200000000,95939743394,95943924098,4180704
93600000000,97200000000,95943924098,95943959229,35131
93600000000,97200000000,95943959229,95951525371,7566142
93600000000,97200000000,95951525371,95951525389,18
93600000000,97200000000,95951525389,95956304746,4779357
93600000000,97200000000,95956304746,95956306321,1575
93600000000,97200000000,95956306321,95957315560,1009239
93600000000,97200000000,95957315560,95957351800,36240
93600000000,97200000000,95957351800,95957359904,8104
93600000000,97200000000,95957359904,95960006686,2646782
93600000000,97200000000,95960006686,95962584610,2577924
93600000000,97200000000,95962584610,95962584651,41
93600000000,97200000000,95962584651,95962584943,292
93600000000,97200000000,95962584943,95963360342,775399
93600000000,97200000000,95963360342,95965811967,2451625
93600000000,97200000000,95965811967,95966645434,833467
93600000000,97200000000,95966645434,95967584044,938610
93600000000,97200000000,95967584044,95967584141,97
93600000000,97200000000,95967584141,95967584146,5
93600000000,97200000000,95967584146,95971869497,4285351
93600000000,97200000000,95971869497,95977708278,5838781
93600000000,97200000000,95977708278,95980427832,2719554
93600000000,97200000000,95980427832,95982343532,1915700
93600000000,97200000000,95982343532,95983611189,1267657
93600000000,97200000000,95983611189,95999013847,15402658
93600000000,97200000000,95999013847,96000961120,1947273
93600000000,97200000000,96000961120,96002012775,1051655
93600000000,97200000000,96002012775,96003311761,1298986
93600000000,97200000000,96003311761,96004329165,1017404
93600000000,97200000000,96004329165,96005286213,957048
93600000000,97200000000,96005286213,96005404592,118379
93600000000,97200000000,96005404592,96007614351,2209759
93600000000,97200000000,96007614351,96007677911,63560
93600000000,97200000000,96007677911,96008972647,1294736
93600000000,97200000000,96008972647,96008972659,12
93600000000,97200000000,96008972659,96009041645,68986
93600000000,97200000000,96009041645,96017014063,7972418
93600000000,97200000000,96017014063,96018425300,1411237
93600000000,97200000000,96018425300,96018425304,4
93600000000,97200000000,96018425304,96018425305,1
93600000000,97200000000,96018425305,96024209813,5784508
93600000000,97200000000,96024209813,96024209892,79
93600000000,97200000000,96024209892,96025886062,1676170
93600000000,97200000000,96025886062,96027390297,1504235
93600000000,97200000000,96027390297,96029479004,2088707
93600000000,97200000000,96029479004,96029479007,3
93600000000,97200000000,96029479007,96034737757,5258750
93600000000,97200000000,96034737757,96034799614,61857
93600000000,97200000000,96034799614,96034808164,8550
93600000000,97200000000,96034808164,96034810608,2444
93600000000,97200000000,96034810608,96034813413,2805
93600000000,97200000000,96034813413,96034815960,2547
93600000000,97200000000,96034815960,96034821530,5570
93600000000,97200000000,96034821530,96034825095,3565
93600000000,97200000000,96034825095,96034827392,2297
93600000000,97200000000,96034827392,96034832598,5206
93600000000,97200000000,96034832598,96034835300,2702
93600000000,97200000000,96034835300,96039119209,4283909
93600000000,97200000000,96039119209,96039121071,1862
93600000000,97200000000,96039121071,96042220314,3099243
93600000000,97200000000,96042220314,96047731545,5511231
93600000000,97200000000,96047731545,96047731548,3
93600000000,97200000000,96047731548,96047731587,39
93600000000,97200000000,96047731587,96047731631,44
93600000000,97200000000,96047731631,96047731658,27
93600000000,97200000000,96047731658,96047731683,25
93600000000,97200000000,96047731683,96047731771,88
93600000000,97200000000,96047731771,96047748195,16424
93600000000,97200000000,96047748195,96047748211,16
93600000000,97200000000,96047748211,96047748224,13
93600000000,97200000000,96047748224,96047748250,26
93600000000,97200000000,96047748250,96051269218,3520968
93600000000,97200000000,96051269218,96052633356,1364138
93600000000,97200000000,96052633356,96052633358,2
93600000000,97200000000,96052633358,96053652616,1019258
93600000000,97200000000,96053652616,96053652742,126
93600000000,97200000000,96053652742,96060128575,6475833
93600000000,97200000000,96060128575,96060129350,775
93600000000,97200000000,96060129350,96066977166,6847816
93600000000,97200000000,96066977166,96067051901,74735
93600000000,97200000000,96067051901,96067061491,9590
93600000000,97200000000,96067061491,96067062803,1312
93600000000,97200000000,96067062803,96076009446,8946643
93600000000,97200000000,96076009446,96076373942,364496
93600000000,97200000000,96076373942,96076373949,7
93600000000,97200000000,96076373949,96076374247,298
93600000000,97200000000,96076374247,96076374252,5
93600000000,97200000000,96076374252,96087636702,11262450
93600000000,97200000000,96087636702,96091181300,3544598
93600000000,97200000000,96091181300,96092174776,993476
93600000000,97200000000,96092174776,96092189159,14383
93600000000,97200000000,96092189159,96092194292,5133
93600000000,97200000000,96092194292,96092196874,2582
93600000000,97200000000,96092196874,96092204344,7470
93600000000,97200000000,96092204344,96097230389,5026045
93600000000,97200000000,96097230389,96097230392,3
93600000000,97200000000,96097230392,96097230612,220
93600000000,97200000000,96097230612,96097230616,4
93600000000,97200000000,96097230616,96097230824,208
93600000000,97200000000,96097230824,96097230844,20
93600000000,97200000000,96097230844,96097230855,11
93600000000,97200000000,96097230855,96098288230,1057375
93600000000,97200000000,96098288230,96099173143,884913
93600000000,97200000000,96099173143,96100921629,1748486
93600000000,97200000000,96100921629,96100925727,4098
93600000000,97200000000,96100925727,96106245010,5319283
93600000000,97200000000,96106245010,96107205604,960594
93600000000,97200000000,96107205604,96107205604,0
93600000000,97200000000,96107205604,96109489336,2283732
93600000000,97200000000,96109489336,96109489339,3
93600000000,97200000000,96109489339,96119137444,9648105
93600000000,97200000000,96119137444,96119182029,44585
93600000000,97200000000,96119182029,96119196123,14094
93600000000,97200000000,96119196123,96119202365,6242
93600000000,97200000000,96119202365,96127196039,7993674
93600000000,97200000000,96127196039,96127196043,4
93600000000,97200000000,96127196043,96127196044,1
93600000000,97200000000,96127196044,96127196045,1
93600000000,97200000000,96127196045,96127196129,84
93600000000,97200000000,96127196129,96127196132,3
93600000000,97200000000,96127196132,96127196133,1
93600000000,97200000000,96127196133,96127196310,177
93600000000,97200000000,96127196310,96127196313,3
93600000000,97200000000,96127196313,96127196336,23
93600000000,97200000000,96127196336,96127196340,4
93600000000,97200000000,96127196340,96127196341,1
93600000000,97200000000,96127196341,96127196342,1
93600000000,97200000000,96127196342,96128218596,1022254
93600000000,97200000000,96128218596,96132390855,4172259
93600000000,97200000000,96132390855,96132391060,205
93600000000,97200000000,96132391060,96132391344,284
93600000000,97200000000,96132391344,96132391625,281
93600000000,97200000000,96132391625,96132391675,50
93600000000,97200000000,96132391675,96132392298,623
93600000000,97200000000,96132392298,96132394300,2002
93600000000,97200000000,96132394300,96134438237,2043937
93600000000,97200000000,96134438237,96139601424,5163187
93600000000,97200000000,96139601424,96143686080,4084656
93600000000,97200000000,96143686080,96143721081,35001
93600000000,97200000000,96143721081,96143746582,25501
93600000000,97200000000,96143746582,96150397163,6650581
93600000000,97200000000,96150397163,96150397180,17
93600000000,97200000000,96150397180,96150425849,28669
93600000000,97200000000,96150425849,96157453783,7027934
93600000000,97200000000,96157453783,96165114679,7660896
93600000000,97200000000,96165114679,96165121641,6962
93600000000,97200000000,96165121641,96165121940,299
93600000000,97200000000,96165121940,96165123819,1879
93600000000,97200000000,96165123819,96165123829,10
93600000000,97200000000,96165123829,96167641753,2517924
93600000000,97200000000,96167641753,96173012400,5370647
93600000000,97200000000,96173012400,96173012405,5
93600000000,97200000000,96173012405,96173012477,72
93600000000,97200000000,96173012477,96176157369,3144892
93600000000,97200000000,96176157369,96177504719,1347350
93600000000,97200000000,96177504719,96178375960,871241
93600000000,97200000000,96178375960,96181477618,3101658
93600000000,97200000000,96181477618,96181477631,13
93600000000,97200000000,96181477631,96181477768,137
93600000000,97200000000,96181477768,96181477773,5
93600000000,97200000000,96181477773,96181477778,5
93600000000,97200000000,96181477778,96184435553,2957775
93600000000,97200000000,96184435553,96184435560,7
93600000000,97200000000,96184435560,96184436007,447
93600000000,97200000000,96184436007,96184436012,5
93600000000,97200000000,96184436012,96189043065,4607053
93600000000,97200000000,96189043065,96190806661,1763596
93600000000,97200000000,96190806661,96191697553,890892
93600000000,97200000000,96191697553,96198209888,6512335
93600000000,97200000000,96198209888,96203935363,5725475
93600000000,97200000000,96203935363,96210304799,6369436
93600000000,97200000000,96210304799,96210335242,30443
93600000000,97200000000,96210335242,96210360430,25188
93600000000,97200000000,96210360430,96210366183,5753
93600000000,97200000000,96210366183,96212942952,2576769
93600000000,97200000000,96212942952,96218314710,5371758
93600000000,97200000000,96218314710,96218314714,4
93600000000,97200000000,96218314714,96218315735,1021
93600000000,97200000000,96218315735,96218315751,16
93600000000,97200000000,96218315751,96218315807,56
93600000000,97200000000,96218315807,96219386576,1070769
93600000000,97200000000,96219386576,96225302935,5916359
93600000000,97200000000,96225302935,96225303117,182
93600000000,97200000000,96225303117,96229176644,3873527
93600000000,97200000000,96229176644,96235302189,6125545
93600000000,97200000000,96235302189,96242663494,7361305
93600000000,97200000000,96242663494,96248120827,5457333
93600000000,97200000000,96248120827,96250607425,2486598
93600000000,97200000000,96250607425,96255878323,5270898
93600000000,97200000000,96255878323,96256862294,983971
93600000000,97200000000,96256862294,96257988887,1126593
93600000000,97200000000,96257988887,96258904319,915432
93600000000,97200000000,96258904319,96259839164,934845
93600000000,97200000000,96259839164,96261973937,2134773
93600000000,97200000000,96261973937,96265853384,3879447
93600000000,97200000000,96265853384,96265853413,29
93600000000,97200000000,96265853413,96267888999,2035586
93600000000,97200000000,96267888999,96271950387,4061388
93600000000,97200000000,96271950387,96278064541,6114154
93600000000,97200000000,96278064541,96278971014,906473
93600000000,97200000000,96278971014,96282405146,3434132
93600000000,97200000000,96282405146,96296416077,14010931
93600000000,97200000000,96296416077,96305621626,9205549
93600000000,97200000000,96305621626,96308035608,2413982
93600000000,97200000000,96308035608,96308038812,3204
93600000000,97200000000,96308038812,96308038822,10
93600000000,97200000000,96308038822,96310700520,2661698
93600000000,97200000000,96310700520,96310700527,7
93600000000,97200000000,96310700527,96315921519,5220992
93600000000,97200000000,96315921519,96318061211,2139692
93600000000,97200000000,96318061211,96318080176,18965
93600000000,97200000000,96318080176,96318096167,15991
93600000000,97200000000,96318096167,96318101864,5697
93600000000,97200000000,96318101864,96321691834,3589970
93600000000,97200000000,96321691834,96321789664,97830
93600000000,97200000000,96321789664,96322688913,899249
93600000000,97200000000,96322688913,96322688917,4
93600000000,97200000000,96322688917,96322688918,1
93600000000,97200000000,96322688918,96322688919,1
93600000000,97200000000,96322688919,96322688946,27
93600000000,97200000000,96322688946,96322688950,4
93600000000,97200000000,96322688950,96322688951,1
93600000000,97200000000,96322688951,96322688952,1
93600000000,97200000000,96322688952,96322689219,267
93600000000,97200000000,96322689219,96326732495,4043276
93600000000,97200000000,96326732495,96326732658,163
93600000000,97200000000,96326732658,96326732868,210
93600000000,97200000000,96326732868,96326732879,11
93600000000,97200000000,96326732879,96333451658,6718779
93600000000,97200000000,96333451658,96333451671,13
93600000000,97200000000,96333451671,96333451682,11
93600000000,97200000000,96333451682,96333451693,11
93600000000,97200000000,96333451693,96333451704,11
93600000000,97200000000,96333451704,96334592619,1140915
93600000000,97200000000,96334592619,96334592758,139
93600000000,97200000000,96334592758,96334592763,5
93600000000,97200000000,96334592763,96338726424,4133661
93600000000,97200000000,96338726424,96343006849,4280425
93600000000,97200000000,96343006849,96343606773,599924
93600000000,97200000000,96343606773,96343609120,2347
93600000000,97200000000,96343609120,96343621890,12770
93600000000,97200000000,96343621890,96347568865,3946975
93600000000,97200000000,96347568865,96348605196,1036331
93600000000,97200000000,96348605196,96349569105,963909
93600000000,97200000000,96349569105,96350881912,1312807
93600000000,97200000000,96350881912,96350882013,101
93600000000,97200000000,96350882013,96350882032,19
93600000000,97200000000,96350882032,96350882036,4
93600000000,97200000000,96350882036,96350882037,1
93600000000,97200000000,96350882037,96350882095,58
93600000000,97200000000,96350882095,96350934008,51913
93600000000,97200000000,96350934008,96351828224,894216
93600000000,97200000000,96351828224,96352833819,1005595
93600000000,97200000000,96352833819,96353819486,985667
93600000000,97200000000,96353819486,96355170487,1351001
93600000000,97200000000,96355170487,96355236196,65709
93600000000,97200000000,96355236196,96355270553,34357
93600000000,97200000000,96355270553,96355270871,318
93600000000,97200000000,96355270871,96355270940,69
93600000000,97200000000,96355270940,96355270945,5
93600000000,97200000000,96355270945,96356148720,877775
93600000000,97200000000,96356148720,96357065705,916985
93600000000,97200000000,96357065705,96357080830,15125
93600000000,97200000000,96357080830,96358094665,1013835
93600000000,97200000000,96358094665,96359040179,945514
93600000000,97200000000,96359040179,96359965755,925576
93600000000,97200000000,96359965755,96361060073,1094318
93600000000,97200000000,96361060073,96363662771,2602698
93600000000,97200000000,96363662771,96364543526,880755
93600000000,97200000000,96364543526,96364543550,24
93600000000,97200000000,96364543550,96364543574,24
93600000000,97200000000,96364543574,96364630717,87143
93600000000,97200000000,96364630717,96365569473,938756
93600000000,97200000000,96365569473,96366508648,939175
93600000000,97200000000,96366508648,96368376989,1868341
93600000000,97200000000,96368376989,96368377013,24
93600000000,97200000000,96368377013,96368377037,24
93600000000,97200000000,96368377037,96369378966,1001929
93600000000,97200000000,96369378966,96370308604,929638
93600000000,97200000000,96370308604,96371201073,892469
93600000000,97200000000,96371201073,96372056624,855551
93600000000,97200000000,96372056624,96372056636,12
93600000000,97200000000,96372056636,96374424268,2367632
93600000000,97200000000,96374424268,96375317378,893110
93600000000,97200000000,96375317378,96375340071,22693
93600000000,97200000000,96375340071,96379995652,4655581
93600000000,97200000000,96379995652,96379995661,9
93600000000,97200000000,96379995661,96379995788,127
93600000000,97200000000,96379995788,96379995793,5
93600000000,97200000000,96379995793,96379995798,5
93600000000,97200000000,96379995798,96381836704,1840906
93600000000,97200000000,96381836704,96381836707,3
93600000000,97200000000,96381836707,96381837128,421
93600000000,97200000000,96381837128,96382836334,999206
93600000000,97200000000,96382836334,96382836338,4
93600000000,97200000000,96382836338,96384920295,2083957
93600000000,97200000000,96384920295,96388304147,3383852
93600000000,97200000000,96388304147,96388311948,7801
93600000000,97200000000,96388311948,96388316594,4646
93600000000,97200000000,96388316594,96388316641,47
93600000000,97200000000,96388316641,96389373226,1056585
93600000000,97200000000,96389373226,96393720967,4347741
93600000000,97200000000,96393720967,96393763593,42626
93600000000,97200000000,96393763593,96399720536,5956943
93600000000,97200000000,96399720536,96400838331,1117795
93600000000,97200000000,96400838331,96400862250,23919
93600000000,97200000000,96400862250,96400864809,2559
93600000000,97200000000,96400864809,96400867147,2338
93600000000,97200000000,96400867147,96400871489,4342
93600000000,97200000000,96400871489,96400890846,19357
93600000000,97200000000,96400890846,96408603689,7712843
93600000000,97200000000,96408603689,96408603694,5
93600000000,97200000000,96408603694,96408603703,9
93600000000,97200000000,96408603703,96408603716,13
93600000000,97200000000,96408603716,96408603729,13
93600000000,97200000000,96408603729,96408603754,25
93600000000,97200000000,96408603754,96408603758,4
93600000000,97200000000,96408603758,96408603759,1
93600000000,97200000000,96408603759,96408603791,32
93600000000,97200000000,96408603791,96408628978,25187
93600000000,97200000000,96408628978,96408628996,18
93600000000,97200000000,96408628996,96408629000,4
93600000000,97200000000,96408629000,96408629001,1
93600000000,97200000000,96408629001,96408629002,1
93600000000,97200000000,96408629002,96408629021,19
93600000000,97200000000,96408629021,96408629039,18
93600000000,97200000000,96408629039,96408629043,4
93600000000,97200000000,96408629043,96408629044,1
93600000000,97200000000,96408629044,96408629045,1
93600000000,97200000000,96408629045,96414107810,5478765
93600000000,97200000000,96414107810,96414107815,5
93600000000,97200000000,96414107815,96414107879,64
93600000000,97200000000,96414107879,96416049161,1941282
93600000000,97200000000,96416049161,96416049170,9
93600000000,97200000000,96416049170,96416049918,748
93600000000,97200000000,96416049918,96416049923,5
93600000000,97200000000,96416049923,96416049930,7
93600000000,97200000000,96416049930,96418520342,2470412
93600000000,97200000000,96418520342,96427176568,8656226
93600000000,97200000000,96427176568,96427181892,5324
93600000000,97200000000,96427181892,96431446725,4264833
93600000000,97200000000,96431446725,96433165945,1719220
93600000000,97200000000,96433165945,96434056277,890332
93600000000,97200000000,96434056277,96434056288,11
93600000000,97200000000,96434056288,96435075039,1018751
93600000000,97200000000,96435075039,96435075042,3
93600000000,97200000000,96435075042,96440093629,5018587
93600000000,97200000000,96440093629,96441009766,916137
93600000000,97200000000,96441009766,96441047129,37363
93600000000,97200000000,96441047129,96441047695,566
93600000000,97200000000,96441047695,96442220509,1172814
93600000000,97200000000,96442220509,96445962107,3741598
93600000000,97200000000,96445962107,96451270116,5308009
93600000000,97200000000,96451270116,96451270120,4
93600000000,97200000000,96451270120,96451411720,141600
93600000000,97200000000,96451411720,96451414517,2797
93600000000,97200000000,96451414517,96452247626,833109
93600000000,97200000000,96452247626,96453182790,935164
93600000000,97200000000,96453182790,96455251143,2068353
93600000000,97200000000,96455251143,96455260028,8885
93600000000,97200000000,96455260028,96455260573,545
93600000000,97200000000,96455260573,96456215664,955091
93600000000,97200000000,96456215664,96459013032,2797368
93600000000,97200000000,96459013032,96459013063,31
93600000000,97200000000,96459013063,96460437688,1424625
93600000000,97200000000,96460437688,96462251442,1813754
93600000000,97200000000,96462251442,96462301441,49999
93600000000,97200000000,96462301441,96462302722,1281
93600000000,97200000000,96462302722,96463421541,1118819
93600000000,97200000000,96463421541,96466704372,3282831
93600000000,97200000000,96466704372,96467619734,915362
93600000000,97200000000,96467619734,96472642802,5023068
93600000000,97200000000,96472642802,96474362417,1719615
93600000000,97200000000,96474362417,96474364992,2575
93600000000,97200000000,96474364992,96474385823,20831
93600000000,97200000000,96474385823,96481505299,7119476
93600000000,97200000000,96481505299,96482396535,891236
93600000000,97200000000,96482396535,96482396555,20
93600000000,97200000000,96482396555,96482396580,25
93600000000,97200000000,96482396580,96485243373,2846793
93600000000,97200000000,96485243373,96491084630,5841257
93600000000,97200000000,96491084630,96497517300,6432670
93600000000,97200000000,96497517300,96503826663,6309363
93600000000,97200000000,96503826663,96503826663,0
93600000000,97200000000,96503826663,96513971008,10144345
93600000000,97200000000,96513971008,96513980493,9485
93600000000,97200000000,96513980493,96518290065,4309572
93600000000,97200000000,96518290065,96518290117,52
93600000000,97200000000,96518290117,96518290130,13
93600000000,97200000000,96518290130,96520189107,1898977
93600000000,97200000000,96520189107,96520189110,3
93600000000,97200000000,96520189110,96520189253,143
93600000000,97200000000,96520189253,96520287334,98081
93600000000,97200000000,96520287334,96521812485,1525151
93600000000,97200000000,96521812485,96525020334,3207849
93600000000,97200000000,96525020334,96525207220,186886
93600000000,97200000000,96525207220,96530885692,5678472
93600000000,97200000000,96530885692,96530885692,0
93600000000,97200000000,96530885692,96532150883,1265191
93600000000,97200000000,96532150883,96532150970,87
93600000000,97200000000,96532150970,96532150975,5
93600000000,97200000000,96532150975,96539507691,7356716
93600000000,97200000000,96539507691,96539586179,78488
93600000000,97200000000,96539586179,96542155091,2568912
93600000000,97200000000,96542155091,96542155098,7
93600000000,97200000000,96542155098,96544333533,2178435
93600000000,97200000000,96544333533,96547697711,3364178
93600000000,97200000000,96547697711,96547697754,43
93600000000,97200000000,96547697754,96556312737,8614983
93600000000,97200000000,96556312737,96563206925,6894188
93600000000,97200000000,96563206925,96564945924,1738999
93600000000,97200000000,96564945924,96571224964,6279040
93600000000,97200000000,96571224964,96571224968,4
93600000000,97200000000,96571224968,96571224969,1
93600000000,97200000000,96571224969,96571224970,1
93600000000,97200000000,96571224970,96575264756,4039786
93600000000,97200000000,96575264756,96575264913,157
93600000000,97200000000,96575264913,96576283357,1018444
93600000000,97200000000,96576283357,96576283364,7
93600000000,97200000000,96576283364,96576283821,457
93600000000,97200000000,96576283821,96576283826,5
93600000000,97200000000,96576283826,96583623156,7339330
93600000000,97200000000,96583623156,96600495840,16872684
93600000000,97200000000,96600495840,96603463623,2967783
93600000000,97200000000,96603463623,96603463630,7
93600000000,97200000000,96603463630,96603498000,34370
93600000000,97200000000,96603498000,96604326059,828059
93600000000,97200000000,96604326059,96605197946,871887
93600000000,97200000000,96605197946,96607311373,2113427
93600000000,97200000000,96607311373,96609977272,2665899
93600000000,97200000000,96609977272,96615626111,5648839
93600000000,97200000000,96615626111,96615626304,193
93600000000,97200000000,96615626304,96615626329,25
93600000000,97200000000,96615626329,96615626339,10
93600000000,97200000000,96615626339,96615717166,90827
93600000000,97200000000,96615717166,96627150595,11433429
93600000000,97200000000,96627150595,96627150599,4
93600000000,97200000000,96627150599,96627150600,1
93600000000,97200000000,96627150600,96627150601,1
93600000000,97200000000,96627150601,96630763690,3613089
93600000000,97200000000,96630763690,96630764051,361
93600000000,97200000000,96630764051,96634043866,3279815
93600000000,97200000000,96634043866,96634138741,94875
93600000000,97200000000,96634138741,96639312390,5173649
93600000000,97200000000,96639312390,96639386609,74219
93600000000,97200000000,96639386609,96639393865,7256
93600000000,97200000000,96639393865,96639396720,2855
93600000000,97200000000,96639396720,96640965427,1568707
93600000000,97200000000,96640965427,96641304321,338894
93600000000,97200000000,96641304321,96642685499,1381178
93600000000,97200000000,96642685499,96644027456,1341957
93600000000,97200000000,96644027456,96645344887,1317431
93600000000,97200000000,96645344887,96646495526,1150639
93600000000,97200000000,96646495526,96646495538,12
93600000000,97200000000,96646495538,96646495550,12
93600000000,97200000000,96646495550,96646495562,12
93600000000,97200000000,96646495562,96647820703,1325141
93600000000,97200000000,96647820703,96647908299,87596
93600000000,97200000000,96647908299,96647908906,607
93600000000,97200000000,96647908906,96649544210,1635304
93600000000,97200000000,96649544210,96649544210,0
93600000000,97200000000,96649544210,96652524222,2980012
93600000000,97200000000,96652524222,96652524231,9
93600000000,97200000000,96652524231,96652524322,91
93600000000,97200000000,96652524322,96652524327,5
93600000000,97200000000,96652524327,96652524332,5
93600000000,97200000000,96652524332,96661923135,9398803
93600000000,97200000000,96661923135,96661923137,2
93600000000,97200000000,96661923137,96664135493,2212356
93600000000,97200000000,96664135493,96669478833,5343340
93600000000,97200000000,96669478833,96669531375,52542
93600000000,97200000000,96669531375,96669544502,13127
93600000000,97200000000,96669544502,96669547407,2905
93600000000,97200000000,96669547407,96669549602,2195
93600000000,97200000000,96669549602,96669551878,2276
93600000000,97200000000,96669551878,96669554494,2616
93600000000,97200000000,96669554494,96669557860,3366
93600000000,97200000000,96669557860,96669561956,4096
93600000000,97200000000,96669561956,96669581383,19427
93600000000,97200000000,96669581383,96669582405,1022
93600000000,97200000000,96669582405,96677633973,8051568
93600000000,97200000000,96677633973,96677633977,4
93600000000,97200000000,96677633977,96677633978,1
93600000000,97200000000,96677633978,96677633999,21
93600000000,97200000000,96677633999,96677634012,13
93600000000,97200000000,96677634012,96677634025,13
93600000000,97200000000,96677634025,96677634038,13
93600000000,97200000000,96677634038,96677634051,13
93600000000,97200000000,96677634051,96677634064,13
93600000000,97200000000,96677634064,96677634077,13
93600000000,97200000000,96677634077,96681224343,3590266
93600000000,97200000000,96681224343,96681225066,723
93600000000,97200000000,96681225066,96682159312,934246
93600000000,97200000000,96682159312,96686134361,3975049
93600000000,97200000000,96686134361,96688148949,2014588
93600000000,97200000000,96688148949,96689113284,964335
93600000000,97200000000,96689113284,96689121156,7872
93600000000,97200000000,96689121156,96692030473,2909317
93600000000,97200000000,96692030473,96692064000,33527
93600000000,97200000000,96692064000,96692070275,6275
93600000000,97200000000,96692070275,96692073382,3107
93600000000,97200000000,96692073382,96695724646,3651264
93600000000,97200000000,96695724646,96696649093,924447
93600000000,97200000000,96696649093,96704499947,7850854
93600000000,97200000000,96704499947,96704499970,23
93600000000,97200000000,96704499970,96704499974,4
93600000000,97200000000,96704499974,96704500003,29
93600000000,97200000000,96704500003,96705568573,1068570
93600000000,97200000000,96705568573,96707563056,1994483
93600000000,97200000000,96707563056,96720888151,13325095
93600000000,97200000000,96720888151,96720888161,10
93600000000,97200000000,96720888161,96720888172,11
93600000000,97200000000,96720888172,96725193018,4304846
93600000000,97200000000,96725193018,96727346552,2153534
93600000000,97200000000,96727346552,96727396194,49642
93600000000,97200000000,96727396194,96727417222,21028
93600000000,97200000000,96727417222,96727438065,20843
93600000000,97200000000,96727438065,96727447211,9146
93600000000,97200000000,96727447211,96731320267,3873056
93600000000,97200000000,96731320267,96731322567,2300
93600000000,97200000000,96731322567,96732479369,1156802
93600000000,97200000000,96732479369,96732480156,787
93600000000,97200000000,96732480156,96740559430,8079274
93600000000,97200000000,96740559430,96740559433,3
93600000000,97200000000,96740559433,96740559556,123
93600000000,97200000000,96740559556,96740559567,11
93600000000,97200000000,96740559567,96740559586,19
93600000000,97200000000,96740559586,96740592411,32825
93600000000,97200000000,96740592411,96740592415,4
93600000000,97200000000,96740592415,96743776806,3184391
93600000000,97200000000,96743776806,96747314775,3537969
93600000000,97200000000,96747314775,96752370780,5056005
93600000000,97200000000,96752370780,96754526439,2155659
93600000000,97200000000,96754526439,96754531532,5093
93600000000,97200000000,96754531532,96754533989,2457
93600000000,97200000000,96754533989,96754549163,15174
93600000000,97200000000,96754549163,96754556031,6868
93600000000,97200000000,96754556031,96754560258,4227
93600000000,97200000000,96754560258,96754563970,3712
93600000000,97200000000,96754563970,96754570484,6514
93600000000,97200000000,96754570484,96754581686,11202
93600000000,97200000000,96754581686,96757104786,2523100
93600000000,97200000000,96757104786,96761865771,4760985
93600000000,97200000000,96761865771,96761865784,13
93600000000,97200000000,96761865784,96761865808,24
93600000000,97200000000,96761865808,96761865811,3
93600000000,97200000000,96761865811,96761865812,1
93600000000,97200000000,96761865812,96761865813,1
93600000000,97200000000,96761865813,96761865853,40
93600000000,97200000000,96761865853,96761865885,32
93600000000,97200000000,96761865885,96761866965,1080
93600000000,97200000000,96761866965,96761868855,1890
93600000000,97200000000,96761868855,96761868867,12
93600000000,97200000000,96761868867,96765248160,3379293
93600000000,97200000000,96765248160,96765248319,159
93600000000,97200000000,96765248319,96765248326,7
93600000000,97200000000,96765248326,96766704473,1456147
93600000000,97200000000,96766704473,96766704682,209
93600000000,97200000000,96766704682,96768147670,1442988
93600000000,97200000000,96768147670,96768147673,3
93600000000,97200000000,96768147673,96771878406,3730733
93600000000,97200000000,96771878406,96771879045,639
93600000000,97200000000,96771879045,96774260791,2381746
93600000000,97200000000,96774260791,96776803385,2542594
93600000000,97200000000,96776803385,96778771204,1967819
93600000000,97200000000,96778771204,96778771211,7
93600000000,97200000000,96778771211,96778771259,48
93600000000,97200000000,96778771259,96778771264,5
93600000000,97200000000,96778771264,96782483429,3712165
93600000000,97200000000,96782483429,96782483433,4
93600000000,97200000000,96782483433,96784495699,2012266
93600000000,97200000000,96784495699,96787821337,3325638
93600000000,97200000000,96787821337,96788837886,1016549
93600000000,97200000000,96788837886,96792226490,3388604
93600000000,97200000000,96792226490,96802812626,10586136
93600000000,97200000000,96802812626,96806035170,3222544
93600000000,97200000000,96806035170,96809929295,3894125
93600000000,97200000000,96809929295,96809991924,62629
93600000000,97200000000,96809991924,96810001780,9856
93600000000,97200000000,96810001780,96813698825,3697045
93600000000,97200000000,96813698825,96813699289,464
93600000000,97200000000,96813699289,96813699298,9
93600000000,97200000000,96813699298,96813699396,98
93600000000,97200000000,96813699396,96813699413,17
93600000000,97200000000,96813699413,96813699418,5
93600000000,97200000000,96813699418,96815019774,1320356
93600000000,97200000000,96815019774,96816168894,1149120
93600000000,97200000000,96816168894,96817481107,1312213
93600000000,97200000000,96817481107,96817481111,4
93600000000,97200000000,96817481111,96817481231,120
93600000000,97200000000,96817481231,96817481253,22
93600000000,97200000000,96817481253,96817481257,4
93600000000,97200000000,96817481257,96817481258,1
93600000000,97200000000,96817481258,96817481259,1
93600000000,97200000000,96817481259,96817679905,198646
93600000000,97200000000,96817679905,96821790948,4111043
93600000000,97200000000,96821790948,96821790991,43
93600000000,97200000000,96821790991,96821791183,192
93600000000,97200000000,96821791183,96825358088,3566905
93600000000,97200000000,96825358088,96830024094,4666006
93600000000,97200000000,96830024094,96831048310,1024216
93600000000,97200000000,96831048310,96831048314,4
93600000000,97200000000,96831048314,96831162309,113995
93600000000,97200000000,96831162309,96831202188,39879
93600000000,97200000000,96831202188,96833567633,2365445
93600000000,97200000000,96833567633,96833567668,35
93600000000,97200000000,96833567668,96833567798,130
93600000000,97200000000,96833567798,96833567815,17
93600000000,97200000000,96833567815,96833568437,622
93600000000,97200000000,96833568437,96833568455,18
93600000000,97200000000,96833568455,96833568466,11
93600000000,97200000000,96833568466,96834465433,896967
93600000000,97200000000,96834465433,96834468064,2631
93600000000,97200000000,96834468064,96834479973,11909
93600000000,97200000000,96834479973,96835752288,1272315
93600000000,97200000000,96835752288,96835813797,61509
93600000000,97200000000,96835813797,96838245486,2431689
93600000000,97200000000,96838245486,96838245497,11
93600000000,97200000000,96838245497,96838245516,19
93600000000,97200000000,96838245516,96838245556,40
93600000000,97200000000,96838245556,96838245717,161
93600000000,97200000000,96838245717,96838245734,17
93600000000,97200000000,96838245734,96838245747,13
93600000000,97200000000,96838245747,96842378548,4132801
93600000000,97200000000,96842378548,96842378571,23
93600000000,97200000000,96842378571,96842380764,2193
93600000000,97200000000,96842380764,96842380768,4
93600000000,97200000000,96842380768,96843952142,1571374
93600000000,97200000000,96843952142,96847259705,3307563
93600000000,97200000000,96847259705,96847316594,56889
93600000000,97200000000,96847316594,96847319175,2581
93600000000,97200000000,96847319175,96847321433,2258
93600000000,97200000000,96847321433,96851394285,4072852
93600000000,97200000000,96851394285,96855352181,3957896
93600000000,97200000000,96855352181,96855352261,80
93600000000,97200000000,96855352261,96855352273,12
93600000000,97200000000,96855352273,96855389097,36824
93600000000,97200000000,96855389097,96856350612,961515
93600000000,97200000000,96856350612,96856350615,3
93600000000,97200000000,96856350615,96857381927,1031312
93600000000,97200000000,96857381927,96860156753,2774826
93600000000,97200000000,96860156753,96860194583,37830
93600000000,97200000000,96860194583,96862223214,2028631
93600000000,97200000000,96862223214,96862223283,69
93600000000,97200000000,96862223283,96862223288,5
93600000000,97200000000,96862223288,96862223293,5
93600000000,97200000000,96862223293,96865766680,3543387
93600000000,97200000000,96865766680,96865766732,52
93600000000,97200000000,96865766732,96869785143,4018411
93600000000,97200000000,96869785143,96869785173,30
93600000000,97200000000,96869785173,96884842093,15056920
93600000000,97200000000,96884842093,96885097887,255794
93600000000,97200000000,96885097887,96890434691,5336804
93600000000,97200000000,96890434691,96891710057,1275366
93600000000,97200000000,96891710057,96895112174,3402117
93600000000,97200000000,96895112174,96895124071,11897
93600000000,97200000000,96895124071,96895124081,10
93600000000,97200000000,96895124081,96897324403,2200322
93600000000,97200000000,96897324403,96898586082,1261679
93600000000,97200000000,96898586082,96899978682,1392600
93600000000,97200000000,96899978682,96899979030,348
93600000000,97200000000,96899979030,96899979035,5
93600000000,97200000000,96899979035,96901616526,1637491
93600000000,97200000000,96901616526,96902884740,1268214
93600000000,97200000000,96902884740,96902884744,4
93600000000,97200000000,96902884744,96902884745,1
93600000000,97200000000,96902884745,96902884746,1
93600000000,97200000000,96902884746,96902963962,79216
93600000000,97200000000,96902963962,96905375717,2411755
93600000000,97200000000,96905375717,96905500174,124457
93600000000,97200000000,96905500174,96906698931,1198757
93600000000,97200000000,96906698931,96906699160,229
93600000000,97200000000,96906699160,96906817959,118799
93600000000,97200000000,96906817959,96910981548,4163589
93600000000,97200000000,96910981548,96910981599,51
93600000000,97200000000,96910981599,96912506129,1524530
93600000000,97200000000,96912506129,96912506247,118
93600000000,97200000000,96912506247,96912506254,7
93600000000,97200000000,96912506254,96912506259,5
93600000000,97200000000,96912506259,96916181257,3674998
93600000000,97200000000,96916181257,96916181679,422
93600000000,97200000000,96916181679,96916181684,5
93600000000,97200000000,96916181684,96921808963,5627279
93600000000,97200000000,96921808963,96921859469,50506
93600000000,97200000000,96921859469,96921861957,2488
93600000000,97200000000,96921861957,96921863889,1932
93600000000,97200000000,96921863889,96921866688,2799
93600000000,97200000000,96921866688,96921869073,2385
93600000000,97200000000,96921869073,96922976366,1107293
93600000000,97200000000,96922976366,96922977191,825
93600000000,97200000000,96922977191,96928986208,6009017
93600000000,97200000000,96928986208,96929808825,822617
93600000000,97200000000,96929808825,96929808831,6
93600000000,97200000000,96929808831,96929808836,5
93600000000,97200000000,96929808836,96929808884,48
93600000000,97200000000,96929808884,96929808889,5
93600000000,97200000000,96929808889,96930901905,1093016
93600000000,97200000000,96930901905,96930901909,4
93600000000,97200000000,96930901909,96930901930,21
93600000000,97200000000,96930901930,96930901934,4
93600000000,97200000000,96930901934,96930902014,80
93600000000,97200000000,96930902014,96930902024,10
93600000000,97200000000,96930902024,96930902036,12
93600000000,97200000000,96930902036,96930902048,12
93600000000,97200000000,96930902048,96935653596,4751548
93600000000,97200000000,96935653596,96936151565,497969
93600000000,97200000000,96936151565,96937031478,879913
93600000000,97200000000,96937031478,96937031482,4
93600000000,97200000000,96937031482,96938872136,1840654
93600000000,97200000000,96938872136,96940855509,1983373
93600000000,97200000000,96940855509,96944847080,3991571
93600000000,97200000000,96944847080,96944847117,37
93600000000,97200000000,96944847117,96944847122,5
93600000000,97200000000,96944847122,96947222320,2375198
93600000000,97200000000,96947222320,96947222324,4
93600000000,97200000000,96947222324,96947222325,1
93600000000,97200000000,96947222325,96950159765,2937440
93600000000,97200000000,96950159765,96952780253,2620488
93600000000,97200000000,96952780253,96952784722,4469
93600000000,97200000000,96952784722,96952787173,2451
93600000000,97200000000,96952787173,96952800190,13017
93600000000,97200000000,96952800190,96953207454,407264
93600000000,97200000000,96953207454,96953207456,2
93600000000,97200000000,96953207456,96955534911,2327455
93600000000,97200000000,96955534911,96957109901,1574990
93600000000,97200000000,96957109901,96959815142,2705241
93600000000,97200000000,96959815142,96961091985,1276843
93600000000,97200000000,96961091985,96961092002,17
93600000000,97200000000,96961092002,96961092218,216
93600000000,97200000000,96961092218,96961092474,256
93600000000,97200000000,96961092474,96961096580,4106
93600000000,97200000000,96961096580,96962947007,1850427
93600000000,97200000000,96962947007,96967967408,5020401
93600000000,97200000000,96967967408,96967967439,31
93600000000,97200000000,96967967439,96973951970,5984531
93600000000,97200000000,96973951970,96975935111,1983141
93600000000,97200000000,96975935111,96982880926,6945815
93600000000,97200000000,96982880926,96984955269,2074343
93600000000,97200000000,96984955269,96984972432,17163
93600000000,97200000000,96984972432,96984975228,2796
93600000000,97200000000,96984975228,96984985342,10114
93600000000,97200000000,96984985342,96985002507,17165
93600000000,97200000000,96985002507,96985013935,11428
93600000000,97200000000,96985013935,96985024303,10368
93600000000,97200000000,96985024303,96985035276,10973
93600000000,97200000000,96985035276,96985036519,1243
93600000000,97200000000,96985036519,96985036526,7
93600000000,97200000000,96985036526,96992307030,7270504
93600000000,97200000000,96992307030,96993528709,1221679
93600000000,97200000000,96993528709,96994759687,1230978
93600000000,97200000000,96994759687,96997336343,2576656
93600000000,97200000000,96997336343,96997336347,4
93600000000,97200000000,96997336347,96997336348,1
93600000000,97200000000,96997336348,96997336349,1
93600000000,97200000000,96997336349,96997336870,521
93600000000,97200000000,96997336870,96997336874,4
93600000000,97200000000,96997336874,96997336875,1
93600000000,97200000000,96997336875,96997336876,1
93600000000,97200000000,96997336876,96997336909,33
93600000000,97200000000,96997336909,96997336913,4
93600000000,97200000000,96997336913,96997336914,1
93600000000,97200000000,96997336914,96997337034,120
93600000000,97200000000,96997337034,96997337038,4
93600000000,97200000000,96997337038,96997337146,108
93600000000,97200000000,96997337146,96997337251,105
93600000000,97200000000,96997337251,96997337332,81
93600000000,97200000000,96997337332,96998208901,871569
93600000000,97200000000,96998208901,96998208904,3
93600000000,97200000000,96998208904,96998209637,733
93600000000,97200000000,96998209637,97000515073,2305436
93600000000,97200000000,97000515073,97004504991,3989918
93600000000,97200000000,97004504991,97004505021,30
93600000000,97200000000,97004505021,97004505211,190
93600000000,97200000000,97004505211,97004514737,9526
93600000000,97200000000,97004514737,97004514905,168
93600000000,97200000000,97004514905,97004514922,17
93600000000,97200000000,97004514922,97004514953,31
93600000000,97200000000,97004514953,97004516484,1531
93600000000,97200000000,97004516484,97004900740,384256
93600000000,97200000000,97004900740,97009840095,4939355
93600000000,97200000000,97009840095,97009840114,19
93600000000,97200000000,97009840114,97009905126,65012
93600000000,97200000000,97009905126,97010797089,891963
93600000000,97200000000,97010797089,97010798292,1203
93600000000,97200000000,97010798292,97010798299,7
93600000000,97200000000,97010798299,97010798366,67
93600000000,97200000000,97010798366,97010798371,5
93600000000,97200000000,97010798371,97011872000,1073629
93600000000,97200000000,97011872000,97020669702,8797702
93600000000,97200000000,97020669702,97022681132,2011430
93600000000,97200000000,97022681132,97023701457,1020325
93600000000,97200000000,97023701457,97023701464,7
93600000000,97200000000,97023701464,97023701611,147
93600000000,97200000000,97023701611,97023701616,5
93600000000,97200000000,97023701616,97032384832,8683216
93600000000,97200000000,97032384832,97046012323,13627491
93600000000,97200000000,97046012323,97049396848,3384525
93600000000,97200000000,97049396848,97050808329,1411481
93600000000,97200000000,97050808329,97050808772,443
93600000000,97200000000,97050808772,97052484933,1676161
93600000000,97200000000,97052484933,97052491154,6221
93600000000,97200000000,97052491154,97060155795,7664641
93600000000,97200000000,97060155795,97060156544,749
93600000000,97200000000,97060156544,97060156561,17
93600000000,97200000000,97060156561,97060156572,11
93600000000,97200000000,97060156572,97060156604,32
93600000000,97200000000,97060156604,97061665596,1508992
93600000000,97200000000,97061665596,97061665978,382
93600000000,97200000000,97061665978,97063772821,2106843
93600000000,97200000000,97063772821,97063772821,0
93600000000,97200000000,97063772821,97064963118,1190297
93600000000,97200000000,97064963118,97064963129,11
93600000000,97200000000,97064963129,97064963281,152
93600000000,97200000000,97064963281,97072890027,7926746
93600000000,97200000000,97072890027,97072891172,1145
93600000000,97200000000,97072891172,97074407249,1516077
93600000000,97200000000,97074407249,97079991992,5584743
93600000000,97200000000,97079991992,97079996354,4362
93600000000,97200000000,97079996354,97079998221,1867
93600000000,97200000000,97079998221,97080000625,2404
93600000000,97200000000,97080000625,97080011769,11144
93600000000,97200000000,97080011769,97080012196,427
93600000000,97200000000,97080012196,97087114135,7101939
93600000000,97200000000,97087114135,97089229816,2115681
93600000000,97200000000,97089229816,97089229829,13
93600000000,97200000000,97089229829,97089229849,20
93600000000,97200000000,97089229849,97089229860,11
93600000000,97200000000,97089229860,97090536165,1306305
93600000000,97200000000,97090536165,97090536165,0
93600000000,97200000000,97090536165,97090580337,44172
93600000000,97200000000,97090580337,97090587368,7031
93600000000,97200000000,97090587368,97091671227,1083859
93600000000,97200000000,97091671227,97091671234,7
93600000000,97200000000,97091671234,97091671301,67
93600000000,97200000000,97091671301,97091671306,5
93600000000,97200000000,97091671306,97092729845,1058539
93600000000,97200000000,97092729845,97092729902,57
93600000000,97200000000,97092729902,97092729907,5
93600000000,97200000000,97092729907,97097443197,4713290
93600000000,97200000000,97097443197,97103795376,6352179
93600000000,97200000000,97103795376,97104921265,1125889
93600000000,97200000000,97104921265,97104923504,2239
93600000000,97200000000,97104923504,97104991505,68001
93600000000,97200000000,97104991505,97111590175,6598670
93600000000,97200000000,97111590175,97113513405,1923230
93600000000,97200000000,97113513405,97114475762,962357
93600000000,97200000000,97114475762,97114475789,27
93600000000,97200000000,97114475789,97114475793,4
93600000000,97200000000,97114475793,97114475794,1
93600000000,97200000000,97114475794,97114475922,128
93600000000,97200000000,97114475922,97114475926,4
93600000000,97200000000,97114475926,97118600945,4125019
93600000000,97200000000,97118600945,97118600973,28
93600000000,97200000000,97118600973,97118603410,2437
93600000000,97200000000,97118603410,97130186137,11582727
93600000000,97200000000,97130186137,97133079511,2893374
93600000000,97200000000,97133079511,97134688582,1609071
93600000000,97200000000,97134688582,97134688692,110
93600000000,97200000000,97134688692,97134688697,5
93600000000,97200000000,97134688697,97134688702,5
93600000000,97200000000,97134688702,97135898994,1210292
93600000000,97200000000,97135898994,97135906148,7154
93600000000,97200000000,97135906148,97140695876,4789728
93600000000,97200000000,97140695876,97140695879,3
93600000000,97200000000,97140695879,97140695889,10
93600000000,97200000000,97140695889,97143181515,2485626
93600000000,97200000000,97143181515,97144522618,1341103
93600000000,97200000000,97144522618,97146324277,1801659
93600000000,97200000000,97146324277,97146411783,87506
93600000000,97200000000,97146411783,97148662548,2250765
93600000000,97200000000,97148662548,97149847999,1185451
93600000000,97200000000,97149847999,97149918443,70444
93600000000,97200000000,97149918443,97150193533,275090
93600000000,97200000000,97150193533,97152697087,2503554
93600000000,97200000000,97152697087,97154133899,1436812
93600000000,97200000000,97154133899,97154261378,127479
93600000000,97200000000,97154261378,97156672819,2411441
93600000000,97200000000,97156672819,97156672897,78
93600000000,97200000000,97156672897,97156672902,5
93600000000,97200000000,97156672902,97157831451,1158549
93600000000,97200000000,97157831451,97159992779,2161328
93600000000,97200000000,97159992779,97159992783,4
93600000000,97200000000,97159992783,97159992784,1
93600000000,97200000000,97159992784,97159992816,32
93600000000,97200000000,97159992816,97162647929,2655113
93600000000,97200000000,97162647929,97162647938,9
93600000000,97200000000,97162647938,97162648018,80
93600000000,97200000000,97162648018,97162648023,5
93600000000,97200000000,97162648023,97162648028,5
93600000000,97200000000,97162648028,97166123190,3475162
93600000000,97200000000,97166123190,97169677234,3554044
93600000000,97200000000,97169677234,97171739340,2062106
93600000000,97200000000,97171739340,97172640991,901651
93600000000,97200000000,97172640991,97174750694,2109703
93600000000,97200000000,97174750694,97174801797,51103
93600000000,97200000000,97174801797,97174804161,2364
93600000000,97200000000,97174804161,97176875311,2071150
93600000000,97200000000,97176875311,97183514046,6638735
93600000000,97200000000,97183514046,97186754293,3240247
93600000000,97200000000,97186754293,97186754297,4
93600000000,97200000000,97186754297,97186754298,1
93600000000,97200000000,97186754298,97186754299,1
93600000000,97200000000,97186754299,97186754369,70
93600000000,97200000000,97186754369,97186801087,46718
93600000000,97200000000,97186801087,97189516991,2715904
93600000000,97200000000,97189516991,97193860646,4343655
93600000000,97200000000,97193860646,97193860684,38
93600000000,97200000000,97193860684,97196354373,2493689
93600000000,97200000000,97196354373,97198495593,2141220
93600000000,97200000000,97198495593,97198497588,1995
93600000000,97200000000,97198497588,97199711888,1214300
93600000000,97200000000,97199711888,97199712150,262
97200000000,100800000000,97201484381,97201484388,7
97200000000,100800000000,97201484388,97202727847,1243459
97200000000,100800000000,97202727847,97202727858,11
97200000000,100800000000,97202727858,97204026011,1298153
97200000000,100800000000,97204026011,97204029164,3153
97200000000,100800000000,97204029164,97206113751,2084587
97200000000,100800000000,97206113751,97206185948,72197
97200000000,100800000000,97206185948,97206185952,4
97200000000,100800000000,97206185952,97206185959,7
97200000000,100800000000,97206185959,97206185976,17
97200000000,100800000000,97206185976,97206185981,5
97200000000,100800000000,97206185981,97209497009,3311028
97200000000,100800000000,97209497009,97210609181,1112172
97200000000,100800000000,97210609181,97210617865,8684
97200000000,100800000000,97210617865,97216718196,6100331
97200000000,100800000000,97216718196,97216718200,4
97200000000,100800000000,97216718200,97216718201,1
97200000000,100800000000,97216718201,97216718220,19
97200000000,100800000000,97216718220,97220142385,3424165
97200000000,100800000000,97220142385,97220142416,31
97200000000,100800000000,97220142416,97220217356,74940
97200000000,100800000000,97220217356,97225886581,5669225
97200000000,100800000000,97225886581,97225886945,364
97200000000,100800000000,97225886945,97225886964,19
97200000000,100800000000,97225886964,97225886993,29
97200000000,100800000000,97225886993,97225886998,5
97200000000,100800000000,97225886998,97225887668,670
97200000000,100800000000,97225887668,97233961466,8073798
97200000000,100800000000,97233961466,97233966163,4697
97200000000,100800000000,97233966163,97233968929,2766
97200000000,100800000000,97233968929,97233974411,5482
97200000000,100800000000,97233974411,97233977483,3072
97200000000,100800000000,97233977483,97233979603,2120
97200000000,100800000000,97233979603,97235940656,1961053
97200000000,100800000000,97235940656,97235940658,2
97200000000,100800000000,97235940658,97239727583,3786925
97200000000,100800000000,97239727583,97239727599,16
97200000000,100800000000,97239727599,97239727624,25
97200000000,100800000000,97239727624,97239727628,4
97200000000,100800000000,97239727628,97239727629,1
97200000000,100800000000,97239727629,97239727687,58
97200000000,100800000000,97239727687,97239727699,12
97200000000,100800000000,97239727699,97239727732,33
97200000000,100800000000,97239727732,97239727814,82
97200000000,100800000000,97239727814,97240732804,1004990
97200000000,100800000000,97240732804,97241729097,996293
97200000000,100800000000,97241729097,97244841911,3112814
97200000000,100800000000,97244841911,97246233593,1391682
97200000000,100800000000,97246233593,97247117720,884127
97200000000,100800000000,97247117720,97258291185,11173465
97200000000,100800000000,97258291185,97260057507,1766322
97200000000,100800000000,97260057507,97266915823,6858316
97200000000,100800000000,97266915823,97266918604,2781
97200000000,100800000000,97266918604,97266931408,12804
97200000000,100800000000,97266931408,97275687206,8755798
97200000000,100800000000,97275687206,97275687249,43
97200000000,100800000000,97275687249,97275691568,4319
97200000000,100800000000,97275691568,97283157589,7466021
97200000000,100800000000,97283157589,97283157592,3
97200000000,100800000000,97283157592,97288220815,5063223
97200000000,100800000000,97288220815,97289725699,1504884
97200000000,100800000000,97289725699,97291913483,2187784
97200000000,100800000000,97291913483,97291915531,2048
97200000000,100800000000,97291915531,97294492178,2576647
97200000000,100800000000,97294492178,97294492178,0
97200000000,100800000000,97294492178,97294552820,60642
97200000000,100800000000,97294552820,97294552877,57
97200000000,100800000000,97294552877,97294552882,5
97200000000,100800000000,97294552882,97296938896,2386014
97200000000,100800000000,97296938896,97296941395,2499
97200000000,100800000000,97296941395,97296943762,2367
97200000000,100800000000,97296943762,97296946493,2731
97200000000,100800000000,97296946493,97296954648,8155
97200000000,100800000000,97296954648,97296956456,1808
97200000000,100800000000,97296956456,97306871189,9914733
97200000000,100800000000,97306871189,97307920912,1049723
97200000000,100800000000,97307920912,97307920943,31
97200000000,100800000000,97307920943,97307920954,11
97200000000,100800000000,97307920954,97307920967,13
97200000000,100800000000,97307920967,97307920980,13
97200000000,100800000000,97307920980,97307921005,25
97200000000,100800000000,97307921005,97307921009,4
97200000000,100800000000,97307921009,97307921010,1
97200000000,100800000000,97307921010,97307921011,1
97200000000,100800000000,97307921011,97312956339,5035328
97200000000,100800000000,97312956339,97312956382,43
97200000000,100800000000,97312956382,97319898396,6942014
97200000000,100800000000,97319898396,97321032722,1134326
97200000000,100800000000,97321032722,97321033476,754
97200000000,100800000000,97321033476,97321250030,216554
97200000000,100800000000,97321250030,97323878703,2628673
97200000000,100800000000,97323878703,97324943359,1064656
97200000000,100800000000,97324943359,97325036482,93123
97200000000,100800000000,97325036482,97325038892,2410
97200000000,100800000000,97325038892,97325041887,2995
97200000000,100800000000,97325041887,97326121533,1079646
97200000000,100800000000,97326121533,97326125268,3735
97200000000,100800000000,97326125268,97326125278,10
97200000000,100800000000,97326125278,97328659446,2534168
97200000000,100800000000,97328659446,97330650044,1990598
97200000000,100800000000,97330650044,97330650649,605
97200000000,100800000000,97330650649,97332366773,1716124
97200000000,100800000000,97332366773,97332366777,4
97200000000,100800000000,97332366777,97332366778,1
97200000000,100800000000,97332366778,97332366792,14
97200000000,100800000000,97332366792,97332366817,25
97200000000,100800000000,97332366817,97332366821,4
97200000000,100800000000,97332366821,97335182641,2815820
97200000000,100800000000,97335182641,97349157298,13974657
97200000000,100800000000,97349157298,97356393517,7236219
97200000000,100800000000,97356393517,97356410569,17052
97200000000,100800000000,97356410569,97356413575,3006
97200000000,100800000000,97356413575,97356416078,2503
97200000000,100800000000,97356416078,97356419272,3194
97200000000,100800000000,97356419272,97356423239,3967
97200000000,100800000000,97356423239,97356430129,6890
97200000000,100800000000,97356430129,97361668340,5238211
97200000000,100800000000,97361668340,97362836171,1167831
97200000000,100800000000,97362836171,97362836196,25
97200000000,100800000000,97362836196,97362836453,257
97200000000,100800000000,97362836453,97362839434,2981
97200000000,100800000000,97362839434,97362839446,12
97200000000,100800000000,97362839446,97362839465,19
97200000000,100800000000,97362839465,97362839469,4
97200000000,100800000000,97362839469,97362839470,1
97200000000,100800000000,97362839470,97367412761,4573291
97200000000,100800000000,97367412761,97367413983,1222
97200000000,100800000000,97367413983,97367413994,11
97200000000,100800000000,97367413994,97367414162,168
97200000000,100800000000,97367414162,97367540252,126090
97200000000,100800000000,97367540252,97367556886,16634
97200000000,100800000000,97367556886,97372237360,4680474
97200000000,100800000000,97372237360,97372237378,18
97200000000,100800000000,97372237378,97372237401,23
97200000000,100800000000,97372237401,97372237415,14
97200000000,100800000000,97372237415,97372237427,12
97200000000,100800000000,97372237427,97372237445,18
97200000000,100800000000,97372237445,97372237727,282
97200000000,100800000000,97372237727,97372244982,7255
97200000000,100800000000,97372244982,97372244993,11
97200000000,100800000000,97372244993,97372245032,39
97200000000,100800000000,97372245032,97376415429,4170397
97200000000,100800000000,97376415429,97376417522,2093
97200000000,100800000000,97376417522,97376417532,10
97200000000,100800000000,97376417532,97376417544,12
97200000000,100800000000,97376417544,97376417562,18
97200000000,100800000000,97376417562,97376417720,158
97200000000,100800000000,97376417720,97376419062,1342
97200000000,100800000000,97376419062,97376419079,17
97200000000,100800000000,97376419079,97376419089,10
97200000000,100800000000,97376419089,97376419107,18
97200000000,100800000000,97376419107,97380751493,4332386
97200000000,100800000000,97380751493,97380751551,58
97200000000,100800000000,97380751551,97380751556,5
97200000000,100800000000,97380751556,97383895184,3143628
97200000000,100800000000,97383895184,97385125660,1230476
97200000000,100800000000,97385125660,97385125671,11
97200000000,100800000000,97385125671,97385418107,292436
97200000000,100800000000,97385418107,97385422018,3911
97200000000,100800000000,97385422018,97385425191,3173
97200000000,100800000000,97385425191,97385441491,16300
97200000000,100800000000,97385441491,97385446665,5174
97200000000,100800000000,97385446665,97386603849,1157184
97200000000,100800000000,97386603849,97390284198,3680349
97200000000,100800000000,97390284198,97390293020,8822
97200000000,100800000000,97390293020,97390733395,440375
97200000000,100800000000,97390733395,97396539132,5805737
97200000000,100800000000,97396539132,97396539135,3
97200000000,100800000000,97396539135,97396540165,1030
97200000000,100800000000,97396540165,97396540168,3
97200000000,100800000000,97396540168,97396540169,1
97200000000,100800000000,97396540169,97396540295,126
97200000000,100800000000,97396540295,97400436721,3896426
97200000000,100800000000,97400436721,97402390212,1953491
97200000000,100800000000,97402390212,97402390238,26
97200000000,100800000000,97402390238,97402390245,7
97200000000,100800000000,97402390245,97403688197,1297952
97200000000,100800000000,97403688197,97403688222,25
97200000000,100800000000,97403688222,97403688226,4
97200000000,100800000000,97403688226,97403688285,59
97200000000,100800000000,97403688285,97403688316,31
97200000000,100800000000,97403688316,97403689894,1578
97200000000,100800000000,97403689894,97406448587,2758693
97200000000,100800000000,97406448587,97412144410,5695823
97200000000,100800000000,97412144410,97414341007,2196597
97200000000,100800000000,97414341007,97414344437,3430
97200000000,100800000000,97414344437,97414348526,4089
97200000000,100800000000,97414348526,97416654755,2306229
97200000000,100800000000,97416654755,97417869547,1214792
97200000000,100800000000,97417869547,97417873317,3770
97200000000,100800000000,97417873317,97421758024,3884707
97200000000,100800000000,97421758024,97421758276,252
97200000000,100800000000,97421758276,97421758625,349
97200000000,100800000000,97421758625,97421761135,2510
97200000000,100800000000,97421761135,97421931128,169993
97200000000,100800000000,97421931128,97421931476,348
97200000000,100800000000,97421931476,97421931499,23
97200000000,100800000000,97421931499,97421931588,89
97200000000,100800000000,97421931588,97423658292,1726704
97200000000,100800000000,97423658292,97426203063,2544771
97200000000,100800000000,97426203063,97427055274,852211
97200000000,100800000000,97427055274,97433080635,6025361
97200000000,100800000000,97433080635,97433080639,4
97200000000,100800000000,97433080639,97433137900,57261
97200000000,100800000000,97433137900,97433141781,3881
97200000000,100800000000,97433141781,97433141906,125
97200000000,100800000000,97433141906,97433141918,12
97200000000,100800000000,97433141918,97440114418,6972500
97200000000,100800000000,97440114418,97440215647,101229
97200000000,100800000000,97440215647,97442225741,2010094
97200000000,100800000000,97442225741,97445997140,3771399
97200000000,100800000000,97445997140,97447098855,1101715
97200000000,100800000000,97447098855,97449341284,2242429
97200000000,100800000000,97449341284,97450310166,968882
97200000000,100800000000,97450310166,97450326082,15916
97200000000,100800000000,97450326082,97452324054,1997972
97200000000,100800000000,97452324054,97454807871,2483817
97200000000,100800000000,97454807871,97454807871,0
97200000000,100800000000,97454807871,97456427328,1619457
97200000000,100800000000,97456427328,97456427351,23
97200000000,100800000000,97456427351,97457294188,866837
97200000000,100800000000,97457294188,97459400065,2105877
97200000000,100800000000,97459400065,97459400074,9
97200000000,100800000000,97459400074,97459400131,57
97200000000,100800000000,97459400131,97459400136,5
97200000000,100800000000,97459400136,97459400141,5
97200000000,100800000000,97459400141,97461125469,1725328
97200000000,100800000000,97461125469,97461125572,103
97200000000,100800000000,97461125572,97461125577,5
97200000000,100800000000,97461125577,97462015517,889940
97200000000,100800000000,97462015517,97463145377,1129860
97200000000,100800000000,97463145377,97464299108,1153731
97200000000,100800000000,97464299108,97465224095,924987
97200000000,100800000000,97465224095,97465224099,4
97200000000,100800000000,97465224099,97465224104,5
97200000000,100800000000,97465224104,97465224111,7
97200000000,100800000000,97465224111,97468983203,3759092
97200000000,100800000000,97468983203,97475168308,6185105
97200000000,100800000000,97475168308,97475215660,47352
97200000000,100800000000,97475215660,97475226747,11087
97200000000,100800000000,97475226747,97475250508,23761
97200000000,100800000000,97475250508,97476077691,827183
97200000000,100800000000,97476077691,97476078165,474
97200000000,100800000000,97476078165,97477083899,1005734
97200000000,100800000000,97477083899,97477083906,7
97200000000,100800000000,97477083906,97477083996,90
97200000000,100800000000,97477083996,97477084001,5
97200000000,100800000000,97477084001,97478087649,1003648
97200000000,100800000000,97478087649,97478087649,0
97200000000,100800000000,97478087649,97478851008,763359
97200000000,100800000000,97478851008,97479859369,1008361
97200000000,100800000000,97479859369,97483506812,3647443
97200000000,100800000000,97483506812,97483506845,33
97200000000,100800000000,97483506845,97483506857,12
97200000000,100800000000,97483506857,97483506862,5
97200000000,100800000000,97483506862,97483506871,9
97200000000,100800000000,97483506871,97487223708,3716837
97200000000,100800000000,97487223708,97487223712,4
97200000000,100800000000,97487223712,97487225315,1603
97200000000,100800000000,97487225315,97488564157,1338842
97200000000,100800000000,97488564157,97488613006,48849
97200000000,100800000000,97488613006,97488618629,5623
97200000000,100800000000,97488618629,97490993289,2374660
97200000000,100800000000,97490993289,97490995463,2174
97200000000,100800000000,97490995463,97490995474,11
97200000000,100800000000,97490995474,97490995485,11
97200000000,100800000000,97490995485,97490995497,12
97200000000,100800000000,97490995497,97490995565,68
97200000000,100800000000,97490995565,97490995571,6
97200000000,100800000000,97490995571,97495903112,4907541
97200000000,100800000000,97495903112,97495903130,18
97200000000,100800000000,97495903130,97495903148,18
97200000000,100800000000,97495903148,97495903220,72
97200000000,100800000000,97495903220,97495903224,4
97200000000,100800000000,97495903224,97495903844,620
97200000000,100800000000,97495903844,97495903862,18
97200000000,100800000000,97495903862,97496093978,190116
97200000000,100800000000,97496093978,97498050355,1956377
97200000000,100800000000,97498050355,97498050747,392
97200000000,100800000000,97498050747,97498050758,11
97200000000,100800000000,97498050758,97500217584,2166826
97200000000,100800000000,97500217584,97500218101,517
97200000000,100800000000,97500218101,97500218106,5
97200000000,100800000000,97500218106,97502542298,2324192
97200000000,100800000000,97502542298,97503622760,1080462
97200000000,100800000000,97503622760,97505170783,1548023
97200000000,100800000000,97505170783,97505170886,103
97200000000,100800000000,97505170886,97505170899,13
97200000000,100800000000,97505170899,97507782873,2611974
97200000000,100800000000,97507782873,97507783088,215
97200000000,100800000000,97507783088,97511525257,3742169
97200000000,100800000000,97511525257,97514875143,3349886
97200000000,100800000000,97514875143,97514878821,3678
97200000000,100800000000,97514878821,97514879167,346
97200000000,100800000000,97514879167,97514879174,7
97200000000,100800000000,97514879174,97517367438,2488264
97200000000,100800000000,97517367438,97517368004,566
97200000000,100800000000,97517368004,97518419162,1051158
97200000000,100800000000,97518419162,97518419165,3
97200000000,100800000000,97518419165,97518476205,57040
97200000000,100800000000,97518476205,97519460218,984013
97200000000,100800000000,97519460218,97520319057,858839
97200000000,100800000000,97520319057,97520366517,47460
97200000000,100800000000,97520366517,97520366520,3
97200000000,100800000000,97520366520,97522200376,1833856
97200000000,100800000000,97522200376,97523246595,1046219
97200000000,100800000000,97523246595,97524146615,900020
97200000000,100800000000,97524146615,97526217311,2070696
97200000000,100800000000,97526217311,97527469735,1252424
97200000000,100800000000,97527469735,97527469884,149
97200000000,100800000000,97527469884,97527469889,5
97200000000,100800000000,97527469889,97527469894,5
97200000000,100800000000,97527469894,97532142821,4672927
97200000000,100800000000,97532142821,97532142824,3
97200000000,100800000000,97532142824,97533141329,998505
97200000000,100800000000,97533141329,97533141333,4
97200000000,100800000000,97533141333,97533141334,1
97200000000,100800000000,97533141334,97534455617,1314283
97200000000,100800000000,97534455617,97534455924,307
97200000000,100800000000,97534455924,97539784389,5328465
97200000000,100800000000,97539784389,97539971221,186832
97200000000,100800000000,97539971221,97541198560,1227339
97200000000,100800000000,97541198560,97541198562,2
97200000000,100800000000,97541198562,97542189428,990866
97200000000,100800000000,97542189428,97543639795,1450367
97200000000,100800000000,97543639795,97544472212,832417
97200000000,100800000000,97544472212,97544472251,39
97200000000,100800000000,97544472251,97544472256,5
97200000000,100800000000,97544472256,97544472261,5
97200000000,100800000000,97544472261,97545410762,938501
97200000000,100800000000,97545410762,97545410978,216
97200000000,100800000000,97545410978,97547949731,2538753
97200000000,100800000000,97547949731,97547949754,23
97200000000,100800000000,97547949754,97547949758,4
97200000000,100800000000,97547949758,97547949759,1
97200000000,100800000000,97547949759,97547953211,3452
97200000000,100800000000,97547953211,97548165154,211943
97200000000,100800000000,97548165154,97552035336,3870182
97200000000,100800000000,97552035336,97552035340,4
97200000000,100800000000,97552035340,97552035341,1
97200000000,100800000000,97552035341,97552035342,1
97200000000,100800000000,97552035342,97552039203,3861
97200000000,100800000000,97552039203,97558072630,6033427
97200000000,100800000000,97558072630,97559084107,1011477
97200000000,100800000000,97559084107,97559084347,240
97200000000,100800000000,97559084347,97559089871,5524
97200000000,100800000000,97559089871,97559089888,17
97200000000,100800000000,97559089888,97559090046,158
97200000000,100800000000,97559090046,97563586170,4496124
97200000000,100800000000,97563586170,97566869367,3283197
97200000000,100800000000,97566869367,97570256633,3387266
97200000000,100800000000,97570256633,97570261475,4842
97200000000,100800000000,97570261475,97572471447,2209972
97200000000,100800000000,97572471447,97572508812,37365
97200000000,100800000000,97572508812,97572514311,5499
97200000000,100800000000,97572514311,97579514027,6999716
97200000000,100800000000,97579514027,97579514056,29
97200000000,100800000000,97579514056,97579514079,23
97200000000,100800000000,97579514079,97579514083,4
97200000000,100800000000,97579514083,97579514187,104
97200000000,100800000000,97579514187,97586322224,6808037
97200000000,100800000000,97586322224,97589123808,2801584
97200000000,100800000000,97589123808,97592296905,3173097
97200000000,100800000000,97592296905,97592297171,266
97200000000,100800000000,97592297171,97592297176,5
97200000000,100800000000,97592297176,97593799399,1502223
97200000000,100800000000,97593799399,97599863593,6064194
97200000000,100800000000,97599863593,97599863632,39
97200000000,100800000000,97599863632,97599863637,5
97200000000,100800000000,97599863637,97599863642,5
97200000000,100800000000,97599863642,97601068348,1204706
97200000000,100800000000,97601068348,97601068375,27
97200000000,100800000000,97601068375,97601068380,5
97200000000,100800000000,97601068380,97602309674,1241294
97200000000,100800000000,97602309674,97605655760,3346086
97200000000,100800000000,97605655760,97610985850,5330090
97200000000,100800000000,97610985850,97611854555,868705
97200000000,100800000000,97611854555,97611855307,752
97200000000,100800000000,97611855307,97613029737,1174430
97200000000,100800000000,97613029737,97613029889,152
97200000000,100800000000,97613029889,97613029900,11
97200000000,100800000000,97613029900,97618161571,5131671
97200000000,100800000000,97618161571,97628428514,10266943
97200000000,100800000000,97628428514,97628543145,114631
97200000000,100800000000,97628543145,97633727686,5184541
97200000000,100800000000,97633727686,97633727835,149
97200000000,100800000000,97633727835,97633727840,5
97200000000,100800000000,97633727840,97633727845,5
97200000000,100800000000,97633727845,97637861445,4133600
97200000000,100800000000,97637861445,97637861449,4
97200000000,100800000000,97637861449,97637861450,1
97200000000,100800000000,97637861450,97639254915,1393465
97200000000,100800000000,97639254915,97639254991,76
97200000000,100800000000,97639254991,97639255225,234
97200000000,100800000000,97639255225,97639255228,3
97200000000,100800000000,97639255228,97644093530,4838302
97200000000,100800000000,97644093530,97644114205,20675
97200000000,100800000000,97644114205,97645647463,1533258
97200000000,100800000000,97645647463,97651055933,5408470
97200000000,100800000000,97651055933,97651151868,95935
97200000000,100800000000,97651151868,97656857076,5705208
97200000000,100800000000,97656857076,97656925213,68137
97200000000,100800000000,97656925213,97656931372,6159
97200000000,100800000000,97656931372,97658077072,1145700
97200000000,100800000000,97658077072,97659212741,1135669
97200000000,100800000000,97659212741,97659217853,5112
97200000000,100800000000,97659217853,97660726439,1508586
97200000000,100800000000,97660726439,97664660939,3934500
97200000000,100800000000,97664660939,97664660943,4
97200000000,100800000000,97664660943,97664661057,114
97200000000,100800000000,97664661057,97664661068,11
97200000000,100800000000,97664661068,97664725789,64721
97200000000,100800000000,97664725789,97668380334,3654545
97200000000,100800000000,97668380334,97668382073,1739
97200000000,100800000000,97668382073,97668382077,4
97200000000,100800000000,97668382077,97668382078,1
97200000000,100800000000,97668382078,97668382196,118
97200000000,100800000000,97668382196,97684919974,16537778
97200000000,100800000000,97684919974,97684920564,590
97200000000,100800000000,97684920564,97684922251,1687
97200000000,100800000000,97684922251,97687730514,2808263
97200000000,100800000000,97687730514,97691636139,3905625
97200000000,100800000000,97691636139,97691642530,6391
97200000000,100800000000,97691642530,97691644968,2438
97200000000,100800000000,97691644968,97691649132,4164
97200000000,100800000000,97691649132,97692788743,1139611
97200000000,100800000000,97692788743,97693933486,1144743
97200000000,100800000000,97693933486,97693933536,50
97200000000,100800000000,97693933536,97693936936,3400
97200000000,100800000000,97693936936,97693936941,5
97200000000,100800000000,97693936941,97693936954,13
97200000000,100800000000,97693936954,97695306911,1369957
97200000000,100800000000,97695306911,97699998125,4691214
97200000000,100800000000,97699998125,97701222410,1224285
97200000000,100800000000,97701222410,97701222414,4
97200000000,100800000000,97701222414,97701222415,1
97200000000,100800000000,97701222415,97701222437,22
97200000000,100800000000,97701222437,97701222480,43
97200000000,100800000000,97701222480,97701222559,79
97200000000,100800000000,97701222559,97701416063,193504
97200000000,100800000000,97701416063,97707601445,6185382
97200000000,100800000000,97707601445,97707601548,103
97200000000,100800000000,97707601548,97717248894,9647346
97200000000,100800000000,97717248894,97717248964,70
97200000000,100800000000,97717248964,97717248969,5
97200000000,100800000000,97717248969,97717248974,5
97200000000,100800000000,97717248974,97720374250,3125276
97200000000,100800000000,97720374250,97720438046,63796
97200000000,100800000000,97720438046,97720441002,2956
97200000000,100800000000,97720441002,97720452860,11858
97200000000,100800000000,97720452860,97720456797,3937
97200000000,100800000000,97720456797,97720461950,5153
97200000000,100800000000,97720461950,97722583513,2121563
97200000000,100800000000,97722583513,97722656386,72873
97200000000,100800000000,97722656386,97722656421,35
97200000000,100800000000,97722656421,97722657442,1021
97200000000,100800000000,97722657442,97724244771,1587329
97200000000,100800000000,97724244771,97728862691,4617920
97200000000,100800000000,97728862691,97730067458,1204767
97200000000,100800000000,97730067458,97730067462,4
97200000000,100800000000,97730067462,97730067463,1
97200000000,100800000000,97730067463,97730067464,1
97200000000,100800000000,97730067464,97730067987,523
97200000000,100800000000,97730067987,97730068017,30
97200000000,100800000000,97730068017,97730068046,29
97200000000,100800000000,97730068046,97730068056,10
97200000000,100800000000,97730068056,97730068075,19
97200000000,100800000000,97730068075,97730068079,4
97200000000,100800000000,97730068079,97730068080,1
97200000000,100800000000,97730068080,97730077236,9156
97200000000,100800000000,97730077236,97730476418,399182
97200000000,100800000000,97730476418,97731898995,1422577
97200000000,100800000000,97731898995,97736798030,4899035
97200000000,100800000000,97736798030,97736798216,186
97200000000,100800000000,97736798216,97736807959,9743
97200000000,100800000000,97736807959,97736808953,994
97200000000,100800000000,97736808953,97742250903,5441950
97200000000,100800000000,97742250903,97743375950,1125047
97200000000,100800000000,97743375950,97743384346,8396
97200000000,100800000000,97743384346,97749675783,6291437
97200000000,100800000000,97749675783,97751996012,2320229
97200000000,100800000000,97751996012,97752189739,193727
97200000000,100800000000,97752189739,97752211796,22057
97200000000,100800000000,97752211796,97756961197,4749401
97200000000,100800000000,97756961197,97756961208,11
97200000000,100800000000,97756961208,97761937288,4976080
97200000000,100800000000,97761937288,97761937292,4
97200000000,100800000000,97761937292,97761937293,1
97200000000,100800000000,97761937293,97761937294,1
97200000000,100800000000,97761937294,97761937379,85
97200000000,100800000000,97761937379,97765993353,4055974
97200000000,100800000000,97765993353,97766055413,62060
97200000000,100800000000,97766055413,97767164332,1108919
97200000000,100800000000,97767164332,97767164374,42
97200000000,100800000000,97767164374,97769860761,2696387
97200000000,100800000000,97769860761,97770903209,1042448
97200000000,100800000000,97770903209,97770903448,239
97200000000,100800000000,97770903448,97770903453,5
97200000000,100800000000,97770903453,97770903961,508
97200000000,100800000000,97770903961,97772178065,1274104
97200000000,100800000000,97772178065,97772178083,18
97200000000,100800000000,97772178083,97772185923,7840
97200000000,100800000000,97772185923,97772562543,376620
97200000000,100800000000,97772562543,97781299982,8737439
97200000000,100800000000,97781299982,97791502216,10202234
97200000000,100800000000,97791502216,97791502355,139
97200000000,100800000000,97791502355,97791502360,5
97200000000,100800000000,97791502360,97791502365,5
97200000000,100800000000,97791502365,97803522582,12020217
97200000000,100800000000,97803522582,97804740747,1218165
97200000000,100800000000,97804740747,97804834722,93975
97200000000,100800000000,97804834722,97806236514,1401792
97200000000,100800000000,97806236514,97806237478,964
97200000000,100800000000,97806237478,97809637531,3400053
97200000000,100800000000,97809637531,97810123453,485922
97200000000,100800000000,97810123453,97811545602,1422149
97200000000,100800000000,97811545602,97814149070,2603468
97200000000,100800000000,97814149070,97815143144,994074
97200000000,100800000000,97815143144,97817562910,2419766
97200000000,100800000000,97817562910,97817764027,201117
97200000000,100800000000,97817764027,97817764636,609
97200000000,100800000000,97817764636,97819318797,1554161
97200000000,100800000000,97819318797,97819324444,5647
97200000000,100800000000,97819324444,97819324482,38
97200000000,100800000000,97819324482,97819324487,5
97200000000,100800000000,97819324487,97822373547,3049060
97200000000,100800000000,97822373547,97822900292,526745
97200000000,100800000000,97822900292,97823021092,120800
97200000000,100800000000,97823021092,97823021095,3
97200000000,100800000000,97823021095,97824019572,998477
97200000000,100800000000,97824019572,97824024509,4937
97200000000,100800000000,97824024509,97824280629,256120
97200000000,100800000000,97824280629,97824590395,309766
97200000000,100800000000,97824590395,97828276731,3686336
97200000000,100800000000,97828276731,97828277201,470
97200000000,100800000000,97828277201,97828277230,29
97200000000,100800000000,97828277230,97828277233,3
97200000000,100800000000,97828277233,97828277234,1
97200000000,100800000000,97828277234,97829930223,1652989
97200000000,100800000000,97829930223,97832483266,2553043
97200000000,100800000000,97832483266,97832567447,84181
97200000000,100800000000,97832567447,97832574459,7012
97200000000,100800000000,97832574459,97832577613,3154
97200000000,100800000000,97832577613,97832580243,2630
97200000000,100800000000,97832580243,97832583958,3715
97200000000,100800000000,97832583958,97832586533,2575
97200000000,100800000000,97832586533,97832588665,2132
97200000000,100800000000,97832588665,97832590489,1824
97200000000,100800000000,97832590489,97835535810,2945321
97200000000,100800000000,97835535810,97836739107,1203297
97200000000,100800000000,97836739107,97842688616,5949509
97200000000,100800000000,97842688616,97844051051,1362435
97200000000,100800000000,97844051051,97844051067,16
97200000000,100800000000,97844051067,97846970470,2919403
97200000000,100800000000,97846970470,97846970509,39
97200000000,100800000000,97846970509,97846970539,30
97200000000,100800000000,97846970539,97846970556,17
97200000000,100800000000,97846970556,97846970579,23
97200000000,100800000000,97846970579,97846970583,4
97200000000,100800000000,97846970583,97846970584,1
97200000000,100800000000,97846970584,97846970585,1
97200000000,100800000000,97846970585,97846970630,45
97200000000,100800000000,97846970630,97846970643,13
97200000000,100800000000,97846970643,97846970655,12
97200000000,100800000000,97846970655,97852842007,5871352
97200000000,100800000000,97852842007,97852842032,25
97200000000,100800000000,97852842032,97855982487,3140455
97200000000,100800000000,97855982487,97855982489,2
97200000000,100800000000,97855982489,97861725688,5743199
97200000000,100800000000,97861725688,97862396677,670989
97200000000,100800000000,97862396677,97862529538,132861
97200000000,100800000000,97862529538,97862538461,8923
97200000000,100800000000,97862538461,97863785061,1246600
97200000000,100800000000,97863785061,97863795417,10356
97200000000,100800000000,97863795417,97863795473,56
97200000000,100800000000,97863795473,97865501288,1705815
97200000000,100800000000,97865501288,97869215186,3713898
97200000000,100800000000,97869215186,97869215214,28
97200000000,100800000000,97869215214,97869215219,5
97200000000,100800000000,97869215219,97869215220,1
97200000000,100800000000,97869215220,97869215378,158
97200000000,100800000000,97869215378,97872687230,3471852
97200000000,100800000000,97872687230,97872778032,90802
97200000000,100800000000,97872778032,97873813161,1035129
97200000000,100800000000,97873813161,97873813192,31
97200000000,100800000000,97873813192,97880301148,6487956
97200000000,100800000000,97880301148,97880301152,4
97200000000,100800000000,97880301152,97882743704,2442552
97200000000,100800000000,97882743704,97883834031,1090327
97200000000,100800000000,97883834031,97883909428,75397
97200000000,100800000000,97883909428,97886189208,2279780
97200000000,100800000000,97886189208,97886189265,57
97200000000,100800000000,97886189265,97886189270,5
97200000000,100800000000,97886189270,97888200761,2011491
97200000000,100800000000,97888200761,97888200860,99
97200000000,100800000000,97888200860,97888200865,5
97200000000,100800000000,97888200865,97888200870,5
97200000000,100800000000,97888200870,97893632163,5431293
97200000000,100800000000,97893632163,97894171206,539043
97200000000,100800000000,97894171206,97894171591,385
97200000000,100800000000,97894171591,97894171604,13
97200000000,100800000000,97894171604,97894173413,1809
97200000000,100800000000,97894173413,97899384372,5210959
97200000000,100800000000,97899384372,97899390605,6233
97200000000,100800000000,97899390605,97899393711,3106
97200000000,100800000000,97899393711,97899417312,23601
97200000000,100800000000,97899417312,97905449897,6032585
97200000000,100800000000,97905449897,97906844180,1394283
97200000000,100800000000,97906844180,97906844184,4
97200000000,100800000000,97906844184,97906844185,1
97200000000,100800000000,97906844185,97906845193,1008
97200000000,100800000000,97906845193,97906845213,20
97200000000,100800000000,97906845213,97906845362,149
97200000000,100800000000,97906845362,97907545354,699992
97200000000,100800000000,97907545354,97914741994,7196640
97200000000,100800000000,97914741994,97914742037,43
97200000000,100800000000,97914742037,97917110488,2368451
97200000000,100800000000,97917110488,97919591063,2480575
97200000000,100800000000,97919591063,97922100490,2509427
97200000000,100800000000,97922100490,97925041525,2941035
97200000000,100800000000,97925041525,97925041821,296
97200000000,100800000000,97925041821,97925041826,5
97200000000,100800000000,97925041826,97932575131,7533305
97200000000,100800000000,97932575131,97941911501,9336370
97200000000,100800000000,97941911501,97941911505,4
97200000000,100800000000,97941911505,97943674397,1762892
97200000000,100800000000,97943674397,97943674822,425
97200000000,100800000000,97943674822,97945445318,1770496
97200000000,100800000000,97945445318,97946613144,1167826
97200000000,100800000000,97946613144,97950974369,4361225
97200000000,100800000000,97950974369,97950974373,4
97200000000,100800000000,97950974373,97951073654,99281
97200000000,100800000000,97951073654,97957956150,6882496
97200000000,100800000000,97957956150,97960747777,2791627
97200000000,100800000000,97960747777,97960819529,71752
97200000000,100800000000,97960819529,97960822191,2662
97200000000,100800000000,97960822191,97960828199,6008
97200000000,100800000000,97960828199,97960830263,2064
97200000000,100800000000,97960830263,97960848193,17930
97200000000,100800000000,97960848193,97960859023,10830
97200000000,100800000000,97960859023,97965238356,4379333
97200000000,100800000000,97965238356,97965238549,193
97200000000,100800000000,97965238549,97966723556,1485007
97200000000,100800000000,97966723556,97966723559,3
97200000000,100800000000,97966723559,97966725761,2202
97200000000,100800000000,97966725761,97966725797,36
97200000000,100800000000,97966725797,97968128967,1403170
97200000000,100800000000,97968128967,97969481703,1352736
97200000000,100800000000,97969481703,97969481733,30
97200000000,100800000000,97969481733,97969481738,5
97200000000,100800000000,97969481738,97969482763,1025
97200000000,100800000000,97969482763,97969482767,4
97200000000,100800000000,97969482767,97969482768,1
97200000000,100800000000,97969482768,97969482982,214
97200000000,100800000000,97969482982,97969482986,4
97200000000,100800000000,97969482986,97969483094,108
97200000000,100800000000,97969483094,97969483119,25
97200000000,100800000000,97969483119,97969483123,4
97200000000,100800000000,97969483123,97969483194,71
97200000000,100800000000,97969483194,97973230674,3747480
97200000000,100800000000,97973230674,97973230678,4
97200000000,100800000000,97973230678,97973230685,7
97200000000,100800000000,97973230685,97973230733,48
97200000000,100800000000,97973230733,97973230738,5
97200000000,100800000000,97973230738,97973231314,576
97200000000,100800000000,97973231314,97973231363,49
97200000000,100800000000,97973231363,97973231368,5
97200000000,100800000000,97973231368,97973231373,5
97200000000,100800000000,97973231373,97977302113,4070740
97200000000,100800000000,97977302113,97977303304,1191
97200000000,100800000000,97977303304,97977357170,53866
97200000000,100800000000,97977357170,97977359872,2702
97200000000,100800000000,97977359872,97977363244,3372
97200000000,100800000000,97977363244,97981664088,4300844
97200000000,100800000000,97981664088,97981664307,219
97200000000,100800000000,97981664307,97981664312,5
97200000000,100800000000,97981664312,97981664317,5
97200000000,100800000000,97981664317,97984535093,2870776
97200000000,100800000000,97984535093,97984535334,241
97200000000,100800000000,97984535334,97984535339,5
97200000000,100800000000,97984535339,97988693254,4157915
97200000000,100800000000,97988693254,97988695992,2738
97200000000,100800000000,97988695992,97988698073,2081
97200000000,100800000000,97988698073,97988701378,3305
97200000000,100800000000,97988701378,97988706235,4857
97200000000,100800000000,97988706235,98001783151,13076916
97200000000,100800000000,98001783151,98004933079,3149928
97200000000,100800000000,98004933079,98006142939,1209860
97200000000,100800000000,98006142939,98006142943,4
97200000000,100800000000,98006142943,98006142944,1
97200000000,100800000000,98006142944,98006142976,32
97200000000,100800000000,98006142976,98006142995,19
97200000000,100800000000,98006142995,98006143020,25
97200000000,100800000000,98006143020,98006303719,160699
97200000000,100800000000,98006303719,98010050817,3747098
97200000000,100800000000,98010050817,98014047970,3997153
97200000000,100800000000,98014047970,98024796306,10748336
97200000000,100800000000,98024796306,98024796310,4
97200000000,100800000000,98024796310,98024796311,1
97200000000,100800000000,98024796311,98024912517,116206
97200000000,100800000000,98024912517,98027326940,2414423
97200000000,100800000000,98027326940,98027333314,6374
97200000000,100800000000,98027333314,98027341371,8057
97200000000,100800000000,98027341371,98028649415,1308044
97200000000,100800000000,98028649415,98029875928,1226513
97200000000,100800000000,98029875928,98029875959,31
97200000000,100800000000,98029875959,98032311023,2435064
97200000000,100800000000,98032311023,98035593703,3282680
97200000000,100800000000,98035593703,98035593727,24
97200000000,100800000000,98035593727,98035593731,4
97200000000,100800000000,98035593731,98035593740,9
97200000000,100800000000,98035593740,98035804028,210288
97200000000,100800000000,98035804028,98039991775,4187747
97200000000,100800000000,98039991775,98045780746,5788971
97200000000,100800000000,98045780746,98047143373,1362627
97200000000,100800000000,98047143373,98048507263,1363890
97200000000,100800000000,98048507263,98048644917,137654
97200000000,100800000000,98048644917,98048714562,69645
97200000000,100800000000,98048714562,98050462309,1747747
97200000000,100800000000,98050462309,98053863480,3401171
97200000000,100800000000,98053863480,98055332761,1469281
97200000000,100800000000,98055332761,98055339279,6518
97200000000,100800000000,98055339279,98055339298,19
97200000000,100800000000,98055339298,98055339348,50
97200000000,100800000000,98055339348,98055339370,22
97200000000,100800000000,98055339370,98057687499,2348129
97200000000,100800000000,98057687499,98062129114,4441615
97200000000,100800000000,98062129114,98062155520,26406
97200000000,100800000000,98062155520,98063143370,987850
97200000000,100800000000,98063143370,98067360381,4217011
97200000000,100800000000,98067360381,98067360788,407
97200000000,100800000000,98067360788,98067360793,5
97200000000,100800000000,98067360793,98069680806,2320013
97200000000,100800000000,98069680806,98072653960,2973154
97200000000,100800000000,98072653960,98072653976,16
97200000000,100800000000,98072653976,98072657264,3288
97200000000,100800000000,98072657264,98073916490,1259226
97200000000,100800000000,98073916490,98073916501,11
97200000000,100800000000,98073916501,98079321131,5404630
97200000000,100800000000,98079321131,98079332158,11027
97200000000,100800000000,98079332158,98079332176,18
97200000000,100800000000,98079332176,98083680904,4348728
97200000000,100800000000,98083680904,98083875231,194327
97200000000,100800000000,98083875231,98084025189,149958
97200000000,100800000000,98084025189,98084031217,6028
97200000000,100800000000,98084031217,98084033725,2508
97200000000,100800000000,98084033725,98084037611,3886
97200000000,100800000000,98084037611,98085226839,1189228
97200000000,100800000000,98085226839,98085226850,11
97200000000,100800000000,98085226850,98085920832,693982
97200000000,100800000000,98085920832,98090941674,5020842
97200000000,100800000000,98090941674,98090941685,11
97200000000,100800000000,98090941685,98090941703,18
97200000000,100800000000,98090941703,98090941707,4
97200000000,100800000000,98090941707,98090941708,1
97200000000,100800000000,98090941708,98090941779,71
97200000000,100800000000,98090941779,98090941783,4
97200000000,100800000000,98090941783,98090941784,1
97200000000,100800000000,98090941784,98090941849,65
97200000000,100800000000,98090941849,98090941866,17
97200000000,100800000000,98090941866,98091427717,485851
97200000000,100800000000,98091427717,98091429442,1725
97200000000,100800000000,98091429442,98091431041,1599
97200000000,100800000000,98091431041,98093071942,1640901
97200000000,100800000000,98093071942,98095591570,2519628
97200000000,100800000000,98095591570,98095592522,952
97200000000,100800000000,98095592522,98095599574,7052
97200000000,100800000000,98095599574,98095599586,12
97200000000,100800000000,98095599586,98098182690,2583104
97200000000,100800000000,98098182690,98099517623,1334933
97200000000,100800000000,98099517623,98099517658,35
97200000000,100800000000,98099517658,98099517667,9
97200000000,100800000000,98099517667,98102355711,2838044
97200000000,100800000000,98102355711,98102598561,242850
97200000000,100800000000,98102598561,98103969351,1370790
97200000000,100800000000,98103969351,98107817475,3848124
97200000000,100800000000,98107817475,98107820240,2765
97200000000,100800000000,98107820240,98110958594,3138354
97200000000,100800000000,98110958594,98115211401,4252807
97200000000,100800000000,98115211401,98119605184,4393783
97200000000,100800000000,98119605184,98119609246,4062
97200000000,100800000000,98119609246,98119617614,8368
97200000000,100800000000,98119617614,98119617617,3
97200000000,100800000000,98119617617,98124840550,5222933
97200000000,100800000000,98124840550,98124840554,4
97200000000,100800000000,98124840554,98124840562,8
97200000000,100800000000,98124840562,98124840618,56
97200000000,100800000000,98124840618,98129768875,4928257
97200000000,100800000000,98129768875,98133869747,4100872
97200000000,100800000000,98133869747,98135974306,2104559
97200000000,100800000000,98135974306,98138364579,2390273
97200000000,100800000000,98138364579,98138555053,190474
97200000000,100800000000,98138555053,98140838379,2283326
97200000000,100800000000,98140838379,98141102863,264484
97200000000,100800000000,98141102863,98141102865,2
97200000000,100800000000,98141102865,98142448967,1346102
97200000000,100800000000,98142448967,98143998591,1549624
97200000000,100800000000,98143998591,98145172378,1173787
97200000000,100800000000,98145172378,98145239763,67385
97200000000,100800000000,98145239763,98145257360,17597
97200000000,100800000000,98145257360,98146755757,1498397
97200000000,100800000000,98146755757,98149400666,2644909
97200000000,100800000000,98149400666,98149400670,4
97200000000,100800000000,98149400670,98149401690,1020
97200000000,100800000000,98149401690,98149401694,4
97200000000,100800000000,98149401694,98149401704,10
97200000000,100800000000,98149401704,98153054667,3652963
97200000000,100800000000,98153054667,98155543841,2489174
97200000000,100800000000,98155543841,98155585086,41245
97200000000,100800000000,98155585086,98156647430,1062344
97200000000,100800000000,98156647430,98163702603,7055173
97200000000,100800000000,98163702603,98167110223,3407620
97200000000,100800000000,98167110223,98167110227,4
97200000000,100800000000,98167110227,98167110228,1
97200000000,100800000000,98167110228,98167389257,279029
97200000000,100800000000,98167389257,98167389514,257
97200000000,100800000000,98167389514,98167389623,109
97200000000,100800000000,98167389623,98167389628,5
97200000000,100800000000,98167389628,98167389633,5
97200000000,100800000000,98167389633,98171932059,4542426
97200000000,100800000000,98171932059,98171932096,37
97200000000,100800000000,98171932096,98172307879,375783
97200000000,100800000000,98172307879,98172315473,7594
97200000000,100800000000,98172315473,98173608308,1292835
97200000000,100800000000,98173608308,98177642004,4033696
97200000000,100800000000,98177642004,98177644648,2644
97200000000,100800000000,98177644648,98178789939,1145291
97200000000,100800000000,98178789939,98180070655,1280716
97200000000,100800000000,98180070655,98180070659,4
97200000000,100800000000,98180070659,98180070779,120
97200000000,100800000000,98180070779,98183315580,3244801
97200000000,100800000000,98183315580,98184444999,1129419
97200000000,100800000000,98184444999,98186611391,2166392
97200000000,100800000000,98186611391,98186611395,4
97200000000,100800000000,98186611395,98186611412,17
97200000000,100800000000,98186611412,98189015511,2404099
97200000000,100800000000,98189015511,98189367997,352486
97200000000,100800000000,98189367997,98199363027,9995030
97200000000,100800000000,98199363027,98199367451,4424
97200000000,100800000000,98199367451,98200550700,1183249
97200000000,100800000000,98200550700,98202946983,2396283
97200000000,100800000000,98202946983,98202947009,26
97200000000,100800000000,98202947009,98203728794,781785
97200000000,100800000000,98203728794,98203728833,39
97200000000,100800000000,98203728833,98203728838,5
97200000000,100800000000,98203728838,98203728843,5
97200000000,100800000000,98203728843,98206657715,2928872
97200000000,100800000000,98206657715,98206657718,3
97200000000,100800000000,98206657718,98209110812,2453094
97200000000,100800000000,98209110812,98217435545,8324733
97200000000,100800000000,98217435545,98218795035,1359490
97200000000,100800000000,98218795035,98218795263,228
97200000000,100800000000,98218795263,98218795268,5
97200000000,100800000000,98218795268,98221620368,2825100
97200000000,100800000000,98221620368,98221632870,12502
97200000000,100800000000,98221632870,98221636442,3572
97200000000,100800000000,98221636442,98225148888,3512446
97200000000,100800000000,98225148888,98225148915,27
97200000000,100800000000,98225148915,98225148938,23
97200000000,100800000000,98225148938,98228269554,3120616
97200000000,100800000000,98228269554,98229304293,1034739
97200000000,100800000000,98229304293,98229380342,76049
97200000000,100800000000,98229380342,98232939312,3558970
97200000000,100800000000,98232939312,98234175025,1235713
97200000000,100800000000,98234175025,98234228843,53818
97200000000,100800000000,98234228843,98237638868,3410025
97200000000,100800000000,98237638868,98237638886,18
97200000000,100800000000,98237638886,98237807477,168591
97200000000,100800000000,98237807477,98246255498,8448021
97200000000,100800000000,98246255498,98246257761,2263
97200000000,100800000000,98246257761,98248648441,2390680
97200000000,100800000000,98248648441,98248648465,24
97200000000,100800000000,98248648465,98255050997,6402532
97200000000,100800000000,98255050997,98255051034,37
97200000000,100800000000,98255051034,98255051039,5
97200000000,100800000000,98255051039,98261785978,6734939
97200000000,100800000000,98261785978,98264910241,3124263
97200000000,100800000000,98264910241,98268352863,3442622
97200000000,100800000000,98268352863,98271244588,2891725
97200000000,100800000000,98271244588,98271244806,218
97200000000,100800000000,98271244806,98271244811,5
97200000000,100800000000,98271244811,98272845029,1600218
97200000000,100800000000,98272845029,98272845032,3
97200000000,100800000000,98272845032,98276963853,4118821
97200000000,100800000000,98276963853,98277253339,289486
97200000000,100800000000,98277253339,98282054782,4801443
97200000000,100800000000,98282054782,98283890087,1835305
97200000000,100800000000,98283890087,98288858128,4968041
97200000000,100800000000,98288858128,98288980013,121885
97200000000,100800000000,98288980013,98291300974,2320961
97200000000,100800000000,98291300974,98291300991,17
97200000000,100800000000,98291300991,98292622265,1321274
97200000000,100800000000,98292622265,98292626117,3852
97200000000,100800000000,98292626117,98295455407,2829290
97200000000,100800000000,98295455407,98295455564,157
97200000000,100800000000,98295455564,98296878963,1423399
97200000000,100800000000,98296878963,98298223609,1344646
97200000000,100800000000,98298223609,98298234955,11346
97200000000,100800000000,98298234955,98298237214,2259
97200000000,100800000000,98298237214,98299860387,1623173
97200000000,100800000000,98299860387,98301393535,1533148
97200000000,100800000000,98301393535,98301527693,134158
97200000000,100800000000,98301527693,98305047327,3519634
97200000000,100800000000,98305047327,98305047339,12
97200000000,100800000000,98305047339,98307403162,2355823
97200000000,100800000000,98307403162,98308531412,1128250
97200000000,100800000000,98308531412,98309982892,1451480
97200000000,100800000000,98309982892,98310046742,63850
97200000000,100800000000,98310046742,98311172823,1126081
97200000000,100800000000,98311172823,98313767791,2594968
97200000000,100800000000,98313767791,98313767817,26
97200000000,100800000000,98313767817,98315213206,1445389
97200000000,100800000000,98315213206,98315213474,268
97200000000,100800000000,98315213474,98315213479,5
97200000000,100800000000,98315213479,98318898159,3684680
97200000000,100800000000,98318898159,98318898208,49
97200000000,100800000000,98318898208,98318898213,5
97200000000,100800000000,98318898213,98329084338,10186125
97200000000,100800000000,98329084338,98333562361,4478023
97200000000,100800000000,98333562361,98333562771,410
97200000000,100800000000,98333562771,98333562776,5
97200000000,100800000000,98333562776,98336573886,3011110
97200000000,100800000000,98336573886,98336577045,3159
97200000000,100800000000,98336577045,98340589466,4012421
97200000000,100800000000,98340589466,98340589469,3
97200000000,100800000000,98340589469,98341810216,1220747
97200000000,100800000000,98341810216,98341810262,46
97200000000,100800000000,98341810262,98342148094,337832
97200000000,100800000000,98342148094,98343614017,1465923
97200000000,100800000000,98343614017,98344812431,1198414
97200000000,100800000000,98344812431,98346284335,1471904
97200000000,100800000000,98346284335,98346286080,1745
97200000000,100800000000,98346286080,98346286167,87
97200000000,100800000000,98346286167,98346286172,5
97200000000,100800000000,98346286172,98347736704,1450532
97200000000,100800000000,98347736704,98355405536,7668832
97200000000,100800000000,98355405536,98355408545,3009
97200000000,100800000000,98355408545,98355408556,11
97200000000,100800000000,98355408556,98360037884,4629328
97200000000,100800000000,98360037884,98360044610,6726
97200000000,100800000000,98360044610,98360050651,6041
97200000000,100800000000,98360050651,98360074282,23631
97200000000,100800000000,98360074282,98360083225,8943
97200000000,100800000000,98360083225,98360087579,4354
97200000000,100800000000,98360087579,98360090482,2903
97200000000,100800000000,98360090482,98360100020,9538
97200000000,100800000000,98360100020,98362952463,2852443
97200000000,100800000000,98362952463,98369095342,6142879
97200000000,100800000000,98369095342,98369095346,4
97200000000,100800000000,98369095346,98369095347,1
97200000000,100800000000,98369095347,98369095468,121
97200000000,100800000000,98369095468,98369095472,4
97200000000,100800000000,98369095472,98369095473,1
97200000000,100800000000,98369095473,98369095549,76
97200000000,100800000000,98369095549,98369095553,4
97200000000,100800000000,98369095553,98369095554,1
97200000000,100800000000,98369095554,98369095617,63
97200000000,100800000000,98369095617,98369095663,46
97200000000,100800000000,98369095663,98369095712,49
97200000000,100800000000,98369095712,98369132464,36752
97200000000,100800000000,98369132464,98371364381,2231917
97200000000,100800000000,98371364381,98376395665,5031284
97200000000,100800000000,98376395665,98376398161,2496
97200000000,100800000000,98376398161,98376399296,1135
97200000000,100800000000,98376399296,98376400462,1166
97200000000,100800000000,98376400462,98376410898,10436
97200000000,100800000000,98376410898,98376937063,526165
97200000000,100800000000,98376937063,98377012927,75864
97200000000,100800000000,98377012927,98377375355,362428
97200000000,100800000000,98377375355,98381999694,4624339
97200000000,100800000000,98381999694,98382017692,17998
97200000000,100800000000,98382017692,98382721835,704143
97200000000,100800000000,98382721835,98385424585,2702750
97200000000,100800000000,98385424585,98385424614,29
97200000000,100800000000,98385424614,98385433008,8394
97200000000,100800000000,98385433008,98394874328,9441320
97200000000,100800000000,98394874328,98394874331,3
97200000000,100800000000,98394874331,98400634010,5759679
97200000000,100800000000,98400634010,98401205322,571312
97200000000,100800000000,98401205322,98402957301,1751979
97200000000,100800000000,98402957301,98402957301,0
97200000000,100800000000,98402957301,98402985950,28649
97200000000,100800000000,98402985950,98402986047,97
97200000000,100800000000,98402986047,98403008054,22007
97200000000,100800000000,98403008054,98404623517,1615463
97200000000,100800000000,98404623517,98404626055,2538
97200000000,100800000000,98404626055,98407377164,2751109
97200000000,100800000000,98407377164,98407653703,276539
97200000000,100800000000,98407653703,98407653871,168
97200000000,100800000000,98407653871,98407653882,11
97200000000,100800000000,98407653882,98409107065,1453183
97200000000,100800000000,98409107065,98409112335,5270
97200000000,100800000000,98409112335,98410373156,1260821
97200000000,100800000000,98410373156,98410377971,4815
97200000000,100800000000,98410377971,98411075865,697894
97200000000,100800000000,98411075865,98411080132,4267
97200000000,100800000000,98411080132,98413654480,2574348
97200000000,100800000000,98413654480,98418039151,4384671
97200000000,100800000000,98418039151,98422182004,4142853
97200000000,100800000000,98422182004,98426738445,4556441
97200000000,100800000000,98426738445,98426773962,35517
97200000000,100800000000,98426773962,98426773998,36
97200000000,100800000000,98426773998,98429503992,2729994
97200000000,100800000000,98429503992,98429730778,226786
97200000000,100800000000,98429730778,98429730778,0
97200000000,100800000000,98429730778,98431199688,1468910
97200000000,100800000000,98431199688,98434974610,3774922
97200000000,100800000000,98434974610,98435222052,247442
97200000000,100800000000,98435222052,98436496479,1274427
97200000000,100800000000,98436496479,98436496830,351
97200000000,100800000000,98436496830,98441285358,4788528
97200000000,100800000000,98441285358,98441628496,343138
97200000000,100800000000,98441628496,98441634107,5611
97200000000,100800000000,98441634107,98441636609,2502
97200000000,100800000000,98441636609,98441643925,7316
97200000000,100800000000,98441643925,98441646221,2296
97200000000,100800000000,98441646221,98441653132,6911
97200000000,100800000000,98441653132,98441655010,1878
97200000000,100800000000,98441655010,98441700083,45073
97200000000,100800000000,98441700083,98448165977,6465894
97200000000,100800000000,98448165977,98448166003,26
97200000000,100800000000,98448166003,98448166026,23
97200000000,100800000000,98448166026,98448166030,4
97200000000,100800000000,98448166030,98448166031,1
97200000000,100800000000,98448166031,98448166032,1
97200000000,100800000000,98448166032,98448166069,37
97200000000,100800000000,98448166069,98448167535,1466
97200000000,100800000000,98448167535,98448167545,10
97200000000,100800000000,98448167545,98448167557,12
97200000000,100800000000,98448167557,98448167576,19
97200000000,100800000000,98448167576,98448167580,4
97200000000,100800000000,98448167580,98448167581,1
97200000000,100800000000,98448167581,98452260998,4093417
97200000000,100800000000,98452260998,98452261182,184
97200000000,100800000000,98452261182,98452261319,137
97200000000,100800000000,98452261319,98452269355,8036
97200000000,100800000000,98452269355,98452269367,12
97200000000,100800000000,98452269367,98454353367,2084000
97200000000,100800000000,98454353367,98454428899,75532
97200000000,100800000000,98454428899,98454428901,2
97200000000,100800000000,98454428901,98455663966,1235065
97200000000,100800000000,98455663966,98455664440,474
97200000000,100800000000,98455664440,98459100173,3435733
97200000000,100800000000,98459100173,98461400230,2300057
97200000000,100800000000,98461400230,98463136338,1736108
97200000000,100800000000,98463136338,98467271548,4135210
97200000000,100800000000,98467271548,98469185512,1913964
97200000000,100800000000,98469185512,98471751690,2566178
97200000000,100800000000,98471751690,98472099081,347391
97200000000,100800000000,98472099081,98472161482,62401
97200000000,100800000000,98472161482,98472258250,96768
97200000000,100800000000,98472258250,98472258755,505
97200000000,100800000000,98472258755,98472258774,19
97200000000,100800000000,98472258774,98474946072,2687298
97200000000,100800000000,98474946072,98482233211,7287139
97200000000,100800000000,98482233211,98486845739,4612528
97200000000,100800000000,98486845739,98488169222,1323483
97200000000,100800000000,98488169222,98488172890,3668
97200000000,100800000000,98488172890,98490731563,2558673
97200000000,100800000000,98490731563,98490731568,5
97200000000,100800000000,98490731568,98490731588,20
97200000000,100800000000,98490731588,98492461780,1730192
97200000000,100800000000,98492461780,98496909439,4447659
97200000000,100800000000,98496909439,98498397433,1487994
97200000000,100800000000,98498397433,98501387976,2990543
97200000000,100800000000,98501387976,98501387979,3
97200000000,100800000000,98501387979,98501390874,2895
97200000000,100800000000,98501390874,98504401617,3010743
97200000000,100800000000,98504401617,98504735254,333637
97200000000,100800000000,98504735254,98504735515,261
97200000000,100800000000,98504735515,98504735520,5
97200000000,100800000000,98504735520,98513455701,8720181
97200000000,100800000000,98513455701,98513477141,21440
97200000000,100800000000,98513477141,98513507989,30848
97200000000,100800000000,98513507989,98513510835,2846
97200000000,100800000000,98513510835,98513524359,13524
97200000000,100800000000,98513524359,98519976130,6451771
97200000000,100800000000,98519976130,98519976134,4
97200000000,100800000000,98519976134,98519976254,120
97200000000,100800000000,98519976254,98519976258,4
97200000000,100800000000,98519976258,98519976259,1
97200000000,100800000000,98519976259,98519976300,41
97200000000,100800000000,98519976300,98519976345,45
97200000000,100800000000,98519976345,98520013028,36683
97200000000,100800000000,98520013028,98522555743,2542715
97200000000,100800000000,98522555743,98522555746,3
97200000000,100800000000,98522555746,98526776102,4220356
97200000000,100800000000,98526776102,98526777924,1822
97200000000,100800000000,98526777924,98531291258,4513334
97200000000,100800000000,98531291258,98531300336,9078
97200000000,100800000000,98531300336,98533056205,1755869
97200000000,100800000000,98533056205,98533056499,294
97200000000,100800000000,98533056499,98534890586,1834087
97200000000,100800000000,98534890586,98536284731,1394145
97200000000,100800000000,98536284731,98536689066,404335
97200000000,100800000000,98536689066,98538196708,1507642
97200000000,100800000000,98538196708,98538291006,94298
97200000000,100800000000,98538291006,98538313699,22693
97200000000,100800000000,98538313699,98538329325,15626
97200000000,100800000000,98538329325,98538329336,11
97200000000,100800000000,98538329336,98540375449,2046113
97200000000,100800000000,98540375449,98540383913,8464
97200000000,100800000000,98540383913,98540393384,9471
97200000000,100800000000,98540393384,98542032475,1639091
97200000000,100800000000,98542032475,98542032486,11
97200000000,100800000000,98542032486,98549620451,7587965
97200000000,100800000000,98549620451,98549620472,21
97200000000,100800000000,98549620472,98549620653,181
97200000000,100800000000,98549620653,98551012283,1391630
97200000000,100800000000,98551012283,98551012443,160
97200000000,100800000000,98551012443,98551012504,61
97200000000,100800000000,98551012504,98551012509,5
97200000000,100800000000,98551012509,98552594542,1582033
97200000000,100800000000,98552594542,98555647047,3052505
97200000000,100800000000,98555647047,98557730678,2083631
97200000000,100800000000,98557730678,98560777870,3047192
97200000000,100800000000,98560777870,98560777870,0
97200000000,100800000000,98560777870,98563521205,2743335
97200000000,100800000000,98563521205,98563535123,13918
97200000000,100800000000,98563535123,98563535134,11
97200000000,100800000000,98563535134,98565975799,2440665
97200000000,100800000000,98565975799,98565978279,2480
97200000000,100800000000,98565978279,98565982628,4349
97200000000,100800000000,98565982628,98567489826,1507198
97200000000,100800000000,98567489826,98575883514,8393688
97200000000,100800000000,98575883514,98575883518,4
97200000000,100800000000,98575883518,98575883519,1
97200000000,100800000000,98575883519,98575883630,111
97200000000,100800000000,98575883630,98575883642,12
97200000000,100800000000,98575883642,98575883667,25
97200000000,100800000000,98575883667,98576881433,997766
97200000000,100800000000,98576881433,98581316021,4434588
97200000000,100800000000,98581316021,98581326263,10242
97200000000,100800000000,98581326263,98581806027,479764
97200000000,100800000000,98581806027,98586312431,4506404
97200000000,100800000000,98586312431,98586857816,545385
97200000000,100800000000,98586857816,98586869758,11942
97200000000,100800000000,98586869758,98586869761,3
97200000000,100800000000,98586869761,98588145120,1275359
97200000000,100800000000,98588145120,98589687354,1542234
97200000000,100800000000,98589687354,98589705287,17933
97200000000,100800000000,98589705287,98591001069,1295782
97200000000,100800000000,98591001069,98595936426,4935357
97200000000,100800000000,98595936426,98595936444,18
97200000000,100800000000,98595936444,98595936461,17
97200000000,100800000000,98595936461,98595936478,17
97200000000,100800000000,98595936478,98596348060,411582
97200000000,100800000000,98596348060,98596410203,62143
97200000000,100800000000,98596410203,98596437380,27177
97200000000,100800000000,98596437380,98599979383,3542003
97200000000,100800000000,98599979383,98602487967,2508584
97200000000,100800000000,98602487967,98602487971,4
97200000000,100800000000,98602487971,98602488091,120
97200000000,100800000000,98602488091,98602488096,5
97200000000,100800000000,98602488096,98602489113,1017
97200000000,100800000000,98602489113,98602489117,4
97200000000,100800000000,98602489117,98602489118,1
97200000000,100800000000,98602489118,98602489119,1
97200000000,100800000000,98602489119,98608022701,5533582
97200000000,100800000000,98608022701,98609315570,1292869
97200000000,100800000000,98609315570,98609317523,1953
97200000000,100800000000,98609317523,98609317782,259
97200000000,100800000000,98609317782,98609349790,32008
97200000000,100800000000,98609349790,98610628676,1278886
97200000000,100800000000,98610628676,98612237827,1609151
97200000000,100800000000,98612237827,98615158890,2921063
97200000000,100800000000,98615158890,98618400667,3241777
97200000000,100800000000,98618400667,98619766484,1365817
97200000000,100800000000,98619766484,98619787622,21138
97200000000,100800000000,98619787622,98620851981,1064359
97200000000,100800000000,98620851981,98625558512,4706531
97200000000,100800000000,98625558512,98625569099,10587
97200000000,100800000000,98625569099,98626960376,1391277
97200000000,100800000000,98626960376,98634138186,7177810
97200000000,100800000000,98634138186,98634138190,4
97200000000,100800000000,98634138190,98634138191,1
97200000000,100800000000,98634138191,98634138276,85
97200000000,100800000000,98634138276,98636076503,1938227
97200000000,100800000000,98636076503,98636076507,4
97200000000,100800000000,98636076507,98636076602,95
97200000000,100800000000,98636076602,98636076615,13
97200000000,100800000000,98636076615,98637517095,1440480
97200000000,100800000000,98637517095,98637521586,4491
97200000000,100800000000,98637521586,98647293204,9771618
97200000000,100800000000,98647293204,98652610060,5316856
97200000000,100800000000,98652610060,98652610129,69
97200000000,100800000000,98652610129,98652610136,7
97200000000,100800000000,98652610136,98652610507,371
97200000000,100800000000,98652610507,98652611475,968
97200000000,100800000000,98652611475,98654155280,1543805
97200000000,100800000000,98654155280,98654155285,5
97200000000,100800000000,98654155285,98654484849,329564
97200000000,100800000000,98654484849,98654539091,54242
97200000000,100800000000,98654539091,98657197829,2658738
97200000000,100800000000,98657197829,98659024772,1826943
97200000000,100800000000,98659024772,98660489758,1464986
97200000000,100800000000,98660489758,98660495365,5607
97200000000,100800000000,98660495365,98662622641,2127276
97200000000,100800000000,98662622641,98662711542,88901
97200000000,100800000000,98662711542,98665944704,3233162
97200000000,100800000000,98665944704,98665947618,2914
97200000000,100800000000,98665947618,98665951908,4290
97200000000,100800000000,98665951908,98665956838,4930
97200000000,100800000000,98665956838,98667843199,1886361
97200000000,100800000000,98667843199,98670505793,2662594
97200000000,100800000000,98670505793,98670505935,142
97200000000,100800000000,98670505935,98670837664,331729
97200000000,100800000000,98670837664,98677849495,7011831
97200000000,100800000000,98677849495,98677849694,199
97200000000,100800000000,98677849694,98677849699,5
97200000000,100800000000,98677849699,98683697378,5847679
97200000000,100800000000,98683697378,98685916900,2219522
97200000000,100800000000,98685916900,98685921331,4431
97200000000,100800000000,98685921331,98692231709,6310378
97200000000,100800000000,98692231709,98692236438,4729
97200000000,100800000000,98692236438,98692248497,12059
97200000000,100800000000,98692248497,98694435378,2186881
97200000000,100800000000,98694435378,98694435568,190
97200000000,100800000000,98694435568,98694435573,5
97200000000,100800000000,98694435573,98698470857,4035284
97200000000,100800000000,98698470857,98698470947,90
97200000000,100800000000,98698470947,98698470952,5
97200000000,100800000000,98698470952,98698470957,5
97200000000,100800000000,98698470957,98700352698,1881741
97200000000,100800000000,98700352698,98700352869,171
97200000000,100800000000,98700352869,98701869776,1516907
97200000000,100800000000,98701869776,98701869780,4
97200000000,100800000000,98701869780,98701869797,17
97200000000,100800000000,98701869797,98704906946,3037149
97200000000,100800000000,98704906946,98705434872,527926
97200000000,100800000000,98705434872,98705442680,7808
97200000000,100800000000,98705442680,98706951607,1508927
97200000000,100800000000,98706951607,98711668279,4716672
97200000000,100800000000,98711668279,98711668435,156
97200000000,100800000000,98711668435,98711674780,6345
97200000000,100800000000,98711674780,98713420150,1745370
97200000000,100800000000,98713420150,98715230040,1809890
97200000000,100800000000,98715230040,98715235197,5157
97200000000,100800000000,98715235197,98715255591,20394
97200000000,100800000000,98715255591,98715262434,6843
97200000000,100800000000,98715262434,98715285181,22747
97200000000,100800000000,98715285181,98716731796,1446615
97200000000,100800000000,98716731796,98716731796,0
97200000000,100800000000,98716731796,98719675288,2943492
97200000000,100800000000,98719675288,98720996528,1321240
97200000000,100800000000,98720996528,98720996532,4
97200000000,100800000000,98720996532,98720996533,1
97200000000,100800000000,98720996533,98720996534,1
97200000000,100800000000,98720996534,98720997556,1022
97200000000,100800000000,98720997556,98720997585,29
97200000000,100800000000,98720997585,98720997610,25
97200000000,100800000000,98720997610,98724543314,3545704
97200000000,100800000000,98724543314,98724543609,295
97200000000,100800000000,98724543609,98724560331,16722
97200000000,100800000000,98724560331,98726870572,2310241
97200000000,100800000000,98726870572,98737408721,10538149
97200000000,100800000000,98737408721,98761893170,24484449
97200000000,100800000000,98761893170,98761896368,3198
97200000000,100800000000,98761896368,98761899165,2797
97200000000,100800000000,98761899165,98761901737,2572
97200000000,100800000000,98761901737,98761903971,2234
97200000000,100800000000,98761903971,98761906081,2110
97200000000,100800000000,98761906081,98761908380,2299
97200000000,100800000000,98761908380,98763358404,1450024
97200000000,100800000000,98763358404,98763358431,27
97200000000,100800000000,98763358431,98763358436,5
97200000000,100800000000,98763358436,98767486324,4127888
97200000000,100800000000,98767486324,98767486350,26
97200000000,100800000000,98767486350,98767486357,7
97200000000,100800000000,98767486357,98768839474,1353117
97200000000,100800000000,98768839474,98768839501,27
97200000000,100800000000,98768839501,98768839532,31
97200000000,100800000000,98768839532,98768839542,10
97200000000,100800000000,98768839542,98768839569,27
97200000000,100800000000,98768839569,98768839605,36
97200000000,100800000000,98768839605,98768839637,32
97200000000,100800000000,98768839637,98770942733,2103096
97200000000,100800000000,98770942733,98774371636,3428903
97200000000,100800000000,98774371636,98774376672,5036
97200000000,100800000000,98774376672,98774382536,5864
97200000000,100800000000,98774382536,98774383436,900
97200000000,100800000000,98774383436,98779803321,5419885
97200000000,100800000000,98779803321,98781347105,1543784
97200000000,100800000000,98781347105,98783555601,2208496
97200000000,100800000000,98783555601,98783555603,2
97200000000,100800000000,98783555603,98785068345,1512742
97200000000,100800000000,98785068345,98785344433,276088
97200000000,100800000000,98785344433,98785353186,8753
97200000000,100800000000,98785353186,98785353688,502
97200000000,100800000000,98785353688,98787452198,2098510
97200000000,100800000000,98787452198,98787543813,91615
97200000000,100800000000,98787543813,98787543817,4
97200000000,100800000000,98787543817,98787543832,15
97200000000,100800000000,98787543832,98789591676,2047844
97200000000,100800000000,98789591676,98792346251,2754575
97200000000,100800000000,98792346251,98792346400,149
97200000000,100800000000,98792346400,98793250463,904063
97200000000,100800000000,98793250463,98793262890,12427
97200000000,100800000000,98793262890,98793263521,631
97200000000,100800000000,98793263521,98795314886,2051365
97200000000,100800000000,98795314886,98795314886,0
97200000000,100800000000,98795314886,98796554646,1239760
97200000000,100800000000,98796554646,98797103740,549094
97200000000,100800000000,98797103740,98797103743,3
97200000000,100800000000,98797103743,98800419733,3315990
97200000000,100800000000,98800419733,98801717148,1297415
97200000000,100800000000,98801717148,98802263920,546772
97200000000,100800000000,98802263920,98802297385,33465
97200000000,100800000000,98802297385,98802297422,37
97200000000,100800000000,98802297422,98802297427,5
97200000000,100800000000,98802297427,98805247074,2949647
97200000000,100800000000,98805247074,98806705806,1458732
97200000000,100800000000,98806705806,98811349226,4643420
97200000000,100800000000,98811349226,98811349245,19
97200000000,100800000000,98811349245,98811349249,4
97200000000,100800000000,98811349249,98812649756,1300507
97200000000,100800000000,98812649756,98814620865,1971109
97200000000,100800000000,98814620865,98814623794,2929
97200000000,100800000000,98814623794,98814641284,17490
97200000000,100800000000,98814641284,98817695007,3053723
97200000000,100800000000,98817695007,98819709153,2014146
97200000000,100800000000,98819709153,98821117540,1408387
97200000000,100800000000,98821117540,98821237335,119795
97200000000,100800000000,98821237335,98824825002,3587667
97200000000,100800000000,98824825002,98824825005,3
97200000000,100800000000,98824825005,98824825060,55
97200000000,100800000000,98824825060,98824825077,17
97200000000,100800000000,98824825077,98824825081,4
97200000000,100800000000,98824825081,98824825082,1
97200000000,100800000000,98824825082,98825308489,483407
97200000000,100800000000,98825308489,98827421433,2112944
97200000000,100800000000,98827421433,98829361493,1940060
97200000000,100800000000,98829361493,98830817958,1456465
97200000000,100800000000,98830817958,98830817961,3
97200000000,100800000000,98830817961,98830817982,21
97200000000,100800000000,98830817982,98830818247,265
97200000000,100800000000,98830818247,98831000439,182192
97200000000,100800000000,98831000439,98831012593,12154
97200000000,100800000000,98831012593,98831049415,36822
97200000000,100800000000,98831049415,98832642614,1593199
97200000000,100800000000,98832642614,98834254504,1611890
97200000000,100800000000,98834254504,98834254689,185
97200000000,100800000000,98834254689,98835813968,1559279
97200000000,100800000000,98835813968,98837095885,1281917
97200000000,100800000000,98837095885,98837096321,436
97200000000,100800000000,98837096321,98837096324,3
97200000000,100800000000,98837096324,98837096325,1
97200000000,100800000000,98837096325,98837096446,121
97200000000,100800000000,98837096446,98837096457,11
97200000000,100800000000,98837096457,98838332824,1236367
97200000000,100800000000,98838332824,98838353974,21150
97200000000,100800000000,98838353974,98838711841,357867
97200000000,100800000000,98838711841,98841859375,3147534
97200000000,100800000000,98841859375,98841915400,56025
97200000000,100800000000,98841915400,98843617106,1701706
97200000000,100800000000,98843617106,98846623269,3006163
97200000000,100800000000,98846623269,98846623273,4
97200000000,100800000000,98846623273,98846623453,180
97200000000,100800000000,98846623453,98847600074,976621
97200000000,100800000000,98847600074,98849457458,1857384
97200000000,100800000000,98849457458,98849460002,2544
97200000000,100800000000,98849460002,98849464151,4149
97200000000,100800000000,98849464151,98849473760,9609
97200000000,100800000000,98849473760,98849485725,11965
97200000000,100800000000,98849485725,98851554505,2068780
97200000000,100800000000,98851554505,98855746085,4191580
97200000000,100800000000,98855746085,98858518197,2772112
97200000000,100800000000,98858518197,98860037524,1519327
97200000000,100800000000,98860037524,98863284515,3246991
97200000000,100800000000,98863284515,98863861829,577314
97200000000,100800000000,98863861829,98866855619,2993790
97200000000,100800000000,98866855619,98869523511,2667892
97200000000,100800000000,98869523511,98869619781,96270
97200000000,100800000000,98869619781,98872728338,3108557
97200000000,100800000000,98872728338,98872728689,351
97200000000,100800000000,98872728689,98872728694,5
97200000000,100800000000,98872728694,98877274199,4545505
97200000000,100800000000,98877274199,98878681299,1407100
97200000000,100800000000,98878681299,98883434488,4753189
97200000000,100800000000,98883434488,98883512511,78023
97200000000,100800000000,98883512511,98883520338,7827
97200000000,100800000000,98883520338,98883523022,2684
97200000000,100800000000,98883523022,98883525850,2828
97200000000,100800000000,98883525850,98887082756,3556906
97200000000,100800000000,98887082756,98887083181,425
97200000000,100800000000,98887083181,98891218711,4135530
97200000000,100800000000,98891218711,98892181939,963228
97200000000,100800000000,98892181939,98893372942,1191003
97200000000,100800000000,98893372942,98894293803,920861
97200000000,100800000000,98894293803,98894331194,37391
97200000000,100800000000,98894331194,98896882742,2551548
97200000000,100800000000,98896882742,98898838579,1955837
97200000000,100800000000,98898838579,98898838582,3
97200000000,100800000000,98898838582,98898838767,185
97200000000,100800000000,98898838767,98898838770,3
97200000000,100800000000,98898838770,98900241168,1402398
97200000000,100800000000,98900241168,98900241372,204
97200000000,100800000000,98900241372,98904469168,4227796
97200000000,100800000000,98904469168,98914792024,10322856
97200000000,100800000000,98914792024,98914793203,1179
97200000000,100800000000,98914793203,98916958001,2164798
97200000000,100800000000,98916958001,98925009509,8051508
97200000000,100800000000,98925009509,98926722250,1712741
97200000000,100800000000,98926722250,98933445556,6723306
97200000000,100800000000,98933445556,98933445561,5
97200000000,100800000000,98933445561,98933445610,49
97200000000,100800000000,98933445610,98933445644,34
97200000000,100800000000,98933445644,98933445798,154
97200000000,100800000000,98933445798,98933445802,4
97200000000,100800000000,98933445802,98933445803,1
97200000000,100800000000,98933445803,98933445827,24
97200000000,100800000000,98933445827,98933445831,4
97200000000,100800000000,98933445831,98933445945,114
97200000000,100800000000,98933445945,98933445949,4
97200000000,100800000000,98933445949,98933446963,1014
97200000000,100800000000,98933446963,98933446987,24
97200000000,100800000000,98933446987,98933447004,17
97200000000,100800000000,98933447004,98933447008,4
97200000000,100800000000,98933447008,98933447130,122
97200000000,100800000000,98933447130,98933447153,23
97200000000,100800000000,98933447153,98933447157,4
97200000000,100800000000,98933447157,98933447158,1
97200000000,100800000000,98933447158,98933447159,1
97200000000,100800000000,98933447159,98933447687,528
97200000000,100800000000,98933447687,98933448611,924
97200000000,100800000000,98933448611,98933448636,25
97200000000,100800000000,98933448636,98933454755,6119
97200000000,100800000000,98933454755,98940875849,7421094
97200000000,100800000000,98940875849,98940876463,614
97200000000,100800000000,98940876463,98940876501,38
97200000000,100800000000,98940876501,98940878803,2302
97200000000,100800000000,98940878803,98940912474,33671
97200000000,100800000000,98940912474,98940914701,2227
97200000000,100800000000,98940914701,98940914876,175
97200000000,100800000000,98940914876,98944410328,3495452
97200000000,100800000000,98944410328,98951563801,7153473
97200000000,100800000000,98951563801,98951563830,29
97200000000,100800000000,98951563830,98951563841,11
97200000000,100800000000,98951563841,98951563852,11
97200000000,100800000000,98951563852,98951563876,24
97200000000,100800000000,98951563876,98951563880,4
97200000000,100800000000,98951563880,98951563881,1
97200000000,100800000000,98951563881,98951563882,1
97200000000,100800000000,98951563882,98951563943,61
97200000000,100800000000,98951563943,98951563947,4
97200000000,100800000000,98951563947,98951563948,1
97200000000,100800000000,98951563948,98951563949,1
97200000000,100800000000,98951563949,98951564004,55
97200000000,100800000000,98951564004,98951564021,17
97200000000,100800000000,98951564021,98951564038,17
97200000000,100800000000,98951564038,98951564042,4
97200000000,100800000000,98951564042,98951564043,1
97200000000,100800000000,98951564043,98951564044,1
97200000000,100800000000,98951564044,98951564099,55
97200000000,100800000000,98951564099,98951564116,17
97200000000,100800000000,98951564116,98951564126,10
97200000000,100800000000,98951564126,98952086439,522313
97200000000,100800000000,98952086439,98952091514,5075
97200000000,100800000000,98952091514,98958472980,6381466
97200000000,100800000000,98958472980,98958473055,75
97200000000,100800000000,98958473055,98968217301,9744246
97200000000,100800000000,98968217301,98968217301,0
97200000000,100800000000,98968217301,98970861635,2644334
97200000000,100800000000,98970861635,98970861637,2
97200000000,100800000000,98970861637,98971803216,941579
97200000000,100800000000,98971803216,98983650031,11846815
97200000000,100800000000,98983650031,98983650040,9
97200000000,100800000000,98983650040,98983653206,3166
97200000000,100800000000,98983653206,98983653211,5
97200000000,100800000000,98983653211,98983653688,477
97200000000,100800000000,98983653688,98991540279,7886591
97200000000,100800000000,98991540279,98991543219,2940
97200000000,100800000000,98991543219,98991567959,24740
97200000000,100800000000,98991567959,98998355929,6787970
97200000000,100800000000,98998355929,98998355929,0
97200000000,100800000000,98998355929,98998488650,132721
97200000000,100800000000,98998488650,98998488816,166
97200000000,100800000000,98998488816,99000103960,1615144
97200000000,100800000000,99000103960,99000104010,50
97200000000,100800000000,99000104010,99000104125,115
97200000000,100800000000,99000104125,99001355032,1250907
97200000000,100800000000,99001355032,99001355330,298
97200000000,100800000000,99001355330,99001355332,2
97200000000,100800000000,99001355332,99005233337,3878005
97200000000,100800000000,99005233337,99007965395,2732058
97200000000,100800000000,99007965395,99007965402,7
97200000000,100800000000,99007965402,99007965420,18
97200000000,100800000000,99007965420,99007965425,5
97200000000,100800000000,99007965425,99009300201,1334776
97200000000,100800000000,99009300201,99009385208,85007
97200000000,100800000000,99009385208,99009398568,13360
97200000000,100800000000,99009398568,99010664070,1265502
97200000000,100800000000,99010664070,99010666481,2411
97200000000,100800000000,99010666481,99010668414,1933
97200000000,100800000000,99010668414,99010869110,200696
97200000000,100800000000,99010869110,99014421129,3552019
97200000000,100800000000,99014421129,99014456133,35004
97200000000,100800000000,99014456133,99015979945,1523812
97200000000,100800000000,99015979945,99015987681,7736
97200000000,100800000000,99015987681,99015987698,17
97200000000,100800000000,99015987698,99015987723,25
97200000000,100800000000,99015987723,99015987749,26
97200000000,100800000000,99015987749,99015988593,844
97200000000,100800000000,99015988593,99015989396,803
97200000000,100800000000,99015989396,99016415980,426584
97200000000,100800000000,99016415980,99017664646,1248666
97200000000,100800000000,99017664646,99020473754,2809108
97200000000,100800000000,99020473754,99020479673,5919
97200000000,100800000000,99020479673,99020479685,12
97200000000,100800000000,99020479685,99020479703,18
97200000000,100800000000,99020479703,99020479728,25
97200000000,100800000000,99020479728,99020480440,712
97200000000,100800000000,99020480440,99020480451,11
97200000000,100800000000,99020480451,99022842811,2362360
97200000000,100800000000,99022842811,99022842814,3
97200000000,100800000000,99022842814,99026518675,3675861
97200000000,100800000000,99026518675,99026526465,7790
97200000000,100800000000,99026526465,99026526476,11
97200000000,100800000000,99026526476,99027323495,797019
97200000000,100800000000,99027323495,99027324185,690
97200000000,100800000000,99027324185,99027324190,5
97200000000,100800000000,99027324190,99029148580,1824390
97200000000,100800000000,99029148580,99029149134,554
97200000000,100800000000,99029149134,99029149155,21
97200000000,100800000000,99029149155,99034660928,5511773
97200000000,100800000000,99034660928,99036323190,1662262
97200000000,100800000000,99036323190,99037458008,1134818
97200000000,100800000000,99037458008,99041962663,4504655
97200000000,100800000000,99041962663,99041963017,354
97200000000,100800000000,99041963017,99041963064,47
97200000000,100800000000,99041963064,99044807934,2844870
97200000000,100800000000,99044807934,99044812891,4957
97200000000,100800000000,99044812891,99044814948,2057
97200000000,100800000000,99044814948,99044817135,2187
97200000000,100800000000,99044817135,99048035972,3218837
97200000000,100800000000,99048035972,99055818327,7782355
97200000000,100800000000,99055818327,99057506125,1687798
97200000000,100800000000,99057506125,99057508515,2390
97200000000,100800000000,99057508515,99057510463,1948
97200000000,100800000000,99057510463,99059009497,1499034
97200000000,100800000000,99059009497,99060429515,1420018
97200000000,100800000000,99060429515,99060429527,12
97200000000,100800000000,99060429527,99060429561,34
97200000000,100800000000,99060429561,99060429571,10
97200000000,100800000000,99060429571,99063316863,2887292
97200000000,100800000000,99063316863,99063317216,353
97200000000,100800000000,99063317216,99063319230,2014
97200000000,100800000000,99063319230,99063319379,149
97200000000,100800000000,99063319379,99066495304,3175925
97200000000,100800000000,99066495304,99066495306,2
97200000000,100800000000,99066495306,99067909211,1413905
97200000000,100800000000,99067909211,99067909240,29
97200000000,100800000000,99067909240,99067909269,29
97200000000,100800000000,99067909269,99067909467,198
97200000000,100800000000,99067909467,99067909471,4
97200000000,100800000000,99067909471,99068350704,441233
97200000000,100800000000,99068350704,99069473613,1122909
97200000000,100800000000,99069473613,99070910334,1436721
97200000000,100800000000,99070910334,99072183223,1272889
97200000000,100800000000,99072183223,99072266746,83523
97200000000,100800000000,99072266746,99073872786,1606040
97200000000,100800000000,99073872786,99079664951,5792165
97200000000,100800000000,99079664951,99079664975,24
97200000000,100800000000,99079664975,99079665002,27
97200000000,100800000000,99079665002,99079674090,9088
97200000000,100800000000,99079674090,99079674108,18
97200000000,100800000000,99079674108,99079674119,11
97200000000,100800000000,99079674119,99079676059,1940
97200000000,100800000000,99079676059,99080165589,489530
97200000000,100800000000,99080165589,99081800669,1635080
97200000000,100800000000,99081800669,99081801661,992
97200000000,100800000000,99081801661,99081805913,4252
97200000000,100800000000,99081805913,99081805963,50
97200000000,100800000000,99081805963,99081805968,5
97200000000,100800000000,99081805968,99081805973,5
97200000000,100800000000,99081805973,99083721710,1915737
97200000000,100800000000,99083721710,99086489732,2768022
97200000000,100800000000,99086489732,99086492713,2981
97200000000,100800000000,99086492713,99086494839,2126
97200000000,100800000000,99086494839,99091419343,4924504
97200000000,100800000000,99091419343,99091419367,24
97200000000,100800000000,99091419367,99091419390,23
97200000000,100800000000,99091419390,99093308186,1888796
97200000000,100800000000,99093308186,99094702880,1394694
97200000000,100800000000,99094702880,99096732601,2029721
97200000000,100800000000,99096732601,99102675908,5943307
97200000000,100800000000,99102675908,99104485589,1809681
97200000000,100800000000,99104485589,99104486312,723
97200000000,100800000000,99104486312,99106946827,2460515
97200000000,100800000000,99106946827,99116672036,9725209
97200000000,100800000000,99116672036,99118120895,1448859
97200000000,100800000000,99118120895,99118191368,70473
97200000000,100800000000,99118191368,99119731023,1539655
97200000000,100800000000,99119731023,99121242333,1511310
97200000000,100800000000,99121242333,99121244400,2067
97200000000,100800000000,99121244400,99129734029,8489629
97200000000,100800000000,99129734029,99129734055,26
97200000000,100800000000,99129734055,99130482517,748462
97200000000,100800000000,99130482517,99134559785,4077268
97200000000,100800000000,99134559785,99139547565,4987780
97200000000,100800000000,99139547565,99139547568,3
97200000000,100800000000,99139547568,99144985420,5437852
97200000000,100800000000,99144985420,99145470837,485417
97200000000,100800000000,99145470837,99145551348,80511
97200000000,100800000000,99145551348,99147273693,1722345
97200000000,100800000000,99147273693,99150634684,3360991
97200000000,100800000000,99150634684,99153558455,2923771
97200000000,100800000000,99153558455,99153558459,4
97200000000,100800000000,99153558459,99153558460,1
97200000000,100800000000,99153558460,99153558574,114
97200000000,100800000000,99153558574,99155631564,2072990
97200000000,100800000000,99155631564,99158992052,3360488
97200000000,100800000000,99158992052,99158992114,62
97200000000,100800000000,99158992114,99158992146,32
97200000000,100800000000,99158992146,99160020714,1028568
97200000000,100800000000,99160020714,99160023752,3038
97200000000,100800000000,99160023752,99160023763,11
97200000000,100800000000,99160023763,99163661656,3637893
97200000000,100800000000,99163661656,99163662116,460
97200000000,100800000000,99163662116,99163662121,5
97200000000,100800000000,99163662121,99163662126,5
97200000000,100800000000,99163662126,99170118200,6456074
97200000000,100800000000,99170118200,99171265459,1147259
97200000000,100800000000,99171265459,99171265548,89
97200000000,100800000000,99171265548,99171265553,5
97200000000,100800000000,99171265553,99175213726,3948173
97200000000,100800000000,99175213726,99176493126,1279400
97200000000,100800000000,99176493126,99177927269,1434143
97200000000,100800000000,99177927269,99177930190,2921
97200000000,100800000000,99177930190,99177932489,2299
97200000000,100800000000,99177932489,99177938574,6085
97200000000,100800000000,99177938574,99177944342,5768
97200000000,100800000000,99177944342,99177944345,3
97200000000,100800000000,99177944345,99179891496,1947151
97200000000,100800000000,99179891496,99186615846,6724350
97200000000,100800000000,99186615846,99187908148,1292302
97200000000,100800000000,99187908148,99187908207,59
97200000000,100800000000,99187908207,99187908226,19
97200000000,100800000000,99187908226,99187908257,31
97200000000,100800000000,99187908257,99187909828,1571
97200000000,100800000000,99187909828,99192708519,4798691
97200000000,100800000000,99192708519,99192708523,4
97200000000,100800000000,99192708523,99192708524,1
97200000000,100800000000,99192708524,99193347897,639373
97200000000,100800000000,99193347897,99194968592,1620695
97200000000,100800000000,99194968592,99196330942,1362350
97200000000,100800000000,99196330942,99196332078,1136
97200000000,100800000000,99196332078,99203363704,7031626
97200000000,100800000000,99203363704,99203372026,8322
97200000000,100800000000,99203372026,99203384016,11990
97200000000,100800000000,99203384016,99203402686,18670
97200000000,100800000000,99203402686,99208011031,4608345
97200000000,100800000000,99208011031,99208011035,4
97200000000,100800000000,99208011035,99208011036,1
97200000000,100800000000,99208011036,99208011037,1
97200000000,100800000000,99208011037,99208011213,176
97200000000,100800000000,99208011213,99208011217,4
97200000000,100800000000,99208011217,99208011218,1
97200000000,100800000000,99208011218,99208011219,1
97200000000,100800000000,99208011219,99208011734,515
97200000000,100800000000,99208011734,99208011738,4
97200000000,100800000000,99208011738,99208012758,1020
97200000000,100800000000,99208012758,99208012762,4
97200000000,100800000000,99208012762,99208283921,271159
97200000000,100800000000,99208283921,99209644697,1360776
97200000000,100800000000,99209644697,99209645284,587
97200000000,100800000000,99209645284,99209645289,5
97200000000,100800000000,99209645289,99209645294,5
97200000000,100800000000,99209645294,99212664069,3018775
97200000000,100800000000,99212664069,99214367835,1703766
97200000000,100800000000,99214367835,99214369371,1536
97200000000,100800000000,99214369371,99215825964,1456593
97200000000,100800000000,99215825964,99215826139,175
97200000000,100800000000,99215826139,99215829080,2941
97200000000,100800000000,99215829080,99215829290,210
97200000000,100800000000,99215829290,99215838822,9532
97200000000,100800000000,99215838822,99227936295,12097473
97200000000,100800000000,99227936295,99231617422,3681127
97200000000,100800000000,99231617422,99239837061,8219639
97200000000,100800000000,99239837061,99239843617,6556
97200000000,100800000000,99239843617,99239846454,2837
97200000000,100800000000,99239846454,99239850139,3685
97200000000,100800000000,99239850139,99239852953,2814
97200000000,100800000000,99239852953,99242862300,3009347
97200000000,100800000000,99242862300,99243002598,140298
97200000000,100800000000,99243002598,99246891018,3888420
97200000000,100800000000,99246891018,99253745469,6854451
97200000000,100800000000,99253745469,99253745473,4
97200000000,100800000000,99253745473,99253745626,153
97200000000,100800000000,99253745626,99253745659,33
97200000000,100800000000,99253745659,99253745688,29
97200000000,100800000000,99253745688,99253745818,130
97200000000,100800000000,99253745818,99257414738,3668920
97200000000,100800000000,99257414738,99259067376,1652638
97200000000,100800000000,99259067376,99259501298,433922
97200000000,100800000000,99259501298,99267674090,8172792
97200000000,100800000000,99267674090,99267674101,11
97200000000,100800000000,99267674101,99267674167,66
97200000000,100800000000,99267674167,99267674179,12
97200000000,100800000000,99267674179,99272082862,4408683
97200000000,100800000000,99272082862,99272546500,463638
97200000000,100800000000,99272546500,99278738040,6191540
97200000000,100800000000,99278738040,99279062673,324633
97200000000,100800000000,99279062673,99279063673,1000
97200000000,100800000000,99279063673,99296559733,17496060
97200000000,100800000000,99296559733,99296594071,34338
97200000000,100800000000,99296594071,99296595273,1202
97200000000,100800000000,99296595273,99299093322,2498049
97200000000,100800000000,99299093322,99300919537,1826215
97200000000,100800000000,99300919537,99301160296,240759
97200000000,100800000000,99301160296,99302633029,1472733
97200000000,100800000000,99302633029,99302658558,25529
97200000000,100800000000,99302658558,99303728736,1070178
97200000000,100800000000,99303728736,99303728740,4
97200000000,100800000000,99303728740,99303728741,1
97200000000,100800000000,99303728741,99303728742,1
97200000000,100800000000,99303728742,99304568513,839771
97200000000,100800000000,99304568513,99309436981,4868468
97200000000,100800000000,99309436981,99309436993,12
97200000000,100800000000,99309436993,99309437076,83
97200000000,100800000000,99309437076,99309437227,151
97200000000,100800000000,99309437227,99309437246,19
97200000000,100800000000,99309437246,99309450154,12908
97200000000,100800000000,99309450154,99309450168,14
97200000000,100800000000,99309450168,99310585752,1135584
97200000000,100800000000,99310585752,99310585908,156
97200000000,100800000000,99310585908,99310585921,13
97200000000,100800000000,99310585921,99314424737,3838816
97200000000,100800000000,99314424737,99316372517,1947780
97200000000,100800000000,99316372517,99321974513,5601996
97200000000,100800000000,99321974513,99321979189,4676
97200000000,100800000000,99321979189,99322400141,420952
97200000000,100800000000,99322400141,99322400425,284
97200000000,100800000000,99322400425,99322400442,17
97200000000,100800000000,99322400442,99322402236,1794
97200000000,100800000000,99322402236,99325288462,2886226
97200000000,100800000000,99325288462,99325288487,25
97200000000,100800000000,99325288487,99325288491,4
97200000000,100800000000,99325288491,99327702307,2413816
97200000000,100800000000,99327702307,99331828321,4126014
97200000000,100800000000,99331828321,99331878903,50582
97200000000,100800000000,99331878903,99333759150,1880247
97200000000,100800000000,99333759150,99333759592,442
97200000000,100800000000,99333759592,99333759597,5
97200000000,100800000000,99333759597,99335150399,1390802
97200000000,100800000000,99335150399,99335150409,10
97200000000,100800000000,99335150409,99335412929,262520
97200000000,100800000000,99335412929,99335413240,311
97200000000,100800000000,99335413240,99335413245,5
97200000000,100800000000,99335413245,99338559561,3146316
97200000000,100800000000,99338559561,99338611517,51956
97200000000,100800000000,99338611517,99338613980,2463
97200000000,100800000000,99338613980,99338614100,120
97200000000,100800000000,99338614100,99338614105,5
97200000000,100800000000,99338614105,99338614110,5
97200000000,100800000000,99338614110,99341406322,2792212
97200000000,100800000000,99341406322,99342730943,1324621
97200000000,100800000000,99342730943,99344127333,1396390
97200000000,100800000000,99344127333,99344266347,139014
97200000000,100800000000,99344266347,99344266416,69
97200000000,100800000000,99344266416,99344266421,5
97200000000,100800000000,99344266421,99344266426,5
97200000000,100800000000,99344266426,99344268849,2423
97200000000,100800000000,99344268849,99344269366,517
97200000000,100800000000,99344269366,99344269405,39
97200000000,100800000000,99344269405,99346213482,1944077
97200000000,100800000000,99346213482,99346227664,14182
97200000000,100800000000,99346227664,99346230883,3219
97200000000,100800000000,99346230883,99347665916,1435033
97200000000,100800000000,99347665916,99347665920,4
97200000000,100800000000,99347665920,99349467891,1801971
97200000000,100800000000,99349467891,99349467891,0
97200000000,100800000000,99349467891,99350995905,1528014
97200000000,100800000000,99350995905,99351143648,147743
97200000000,100800000000,99351143648,99352628555,1484907
97200000000,100800000000,99352628555,99352628579,24
97200000000,100800000000,99352628579,99352628583,4
97200000000,100800000000,99352628583,99352628584,1
97200000000,100800000000,99352628584,99352628611,27
97200000000,100800000000,99352628611,99353171572,542961
97200000000,100800000000,99353171572,99353171574,2
97200000000,100800000000,99353171574,99354774028,1602454
97200000000,100800000000,99354774028,99356662477,1888449
97200000000,100800000000,99356662477,99357942887,1280410
97200000000,100800000000,99357942887,99359235969,1293082
97200000000,100800000000,99359235969,99364924930,5688961
97200000000,100800000000,99364924930,99365001091,76161
97200000000,100800000000,99365001091,99365429104,428013
97200000000,100800000000,99365429104,99367180170,1751066
97200000000,100800000000,99367180170,99367207267,27097
97200000000,100800000000,99367207267,99374097079,6889812
97200000000,100800000000,99374097079,99374097097,18
97200000000,100800000000,99374097097,99374097903,806
97200000000,100800000000,99374097903,99375269801,1171898
97200000000,100800000000,99375269801,99375269878,77
97200000000,100800000000,99375269878,99375269882,4
97200000000,100800000000,99375269882,99375269883,1
97200000000,100800000000,99375269883,99375293572,23689
97200000000,100800000000,99375293572,99375293589,17
97200000000,100800000000,99375293589,99376724434,1430845
97200000000,100800000000,99376724434,99379013582,2289148
97200000000,100800000000,99379013582,99379016786,3204
97200000000,100800000000,99379016786,99379059822,43036
97200000000,100800000000,99379059822,99379059825,3
97200000000,100800000000,99379059825,99380151019,1091194
97200000000,100800000000,99380151019,99380151019,0
97200000000,100800000000,99380151019,99381844026,1693007
97200000000,100800000000,99381844026,99381844043,17
97200000000,100800000000,99381844043,99381845961,1918
97200000000,100800000000,99381845961,99387716609,5870648
97200000000,100800000000,99387716609,99387716645,36
97200000000,100800000000,99387716645,99387716694,49
97200000000,100800000000,99387716694,99390502180,2785486
97200000000,100800000000,99390502180,99396816485,6314305
97200000000,100800000000,99396816485,99396816594,109
97200000000,100800000000,99396816594,99396816599,5
97200000000,100800000000,99396816599,99396816606,7
97200000000,100800000000,99396816606,99402278331,5461725
97200000000,100800000000,99402278331,99402285403,7072
97200000000,100800000000,99402285403,99402287468,2065
97200000000,100800000000,99402287468,99402323313,35845
97200000000,100800000000,99402323313,99404123244,1799931
97200000000,100800000000,99404123244,99405342189,1218945
97200000000,100800000000,99405342189,99405342193,4
97200000000,100800000000,99405342193,99405342194,1
97200000000,100800000000,99405342194,99405342217,23
97200000000,100800000000,99405342217,99405342221,4
97200000000,100800000000,99405342221,99405342222,1
97200000000,100800000000,99405342222,99405342293,71
97200000000,100800000000,99405342293,99408602330,3260037
97200000000,100800000000,99408602330,99408602355,25
97200000000,100800000000,99408602355,99408605752,3397
97200000000,100800000000,99408605752,99410578456,1972704
97200000000,100800000000,99410578456,99411906677,1328221
97200000000,100800000000,99411906677,99412249233,342556
97200000000,100800000000,99412249233,99417150507,4901274
97200000000,100800000000,99417150507,99419025135,1874628
97200000000,100800000000,99419025135,99420998843,1973708
97200000000,100800000000,99420998843,99420998846,3
97200000000,100800000000,99420998846,99426271540,5272694
97200000000,100800000000,99426271540,99427497956,1226416
97200000000,100800000000,99427497956,99432774533,5276577
97200000000,100800000000,99432774533,99435023755,2249222
97200000000,100800000000,99435023755,99440747222,5723467
97200000000,100800000000,99440747222,99448527903,7780681
97200000000,100800000000,99448527903,99452638508,4110605
97200000000,100800000000,99452638508,99454592701,1954193
97200000000,100800000000,99454592701,99460084651,5491950
97200000000,100800000000,99460084651,99460297617,212966
97200000000,100800000000,99460297617,99463097053,2799436
97200000000,100800000000,99463097053,99467224803,4127750
97200000000,100800000000,99467224803,99474869075,7644272
97200000000,100800000000,99474869075,99474869211,136
97200000000,100800000000,99474869211,99476421754,1552543
97200000000,100800000000,99476421754,99476442894,21140
97200000000,100800000000,99476442894,99477916582,1473688
97200000000,100800000000,99477916582,99479302080,1385498
97200000000,100800000000,99479302080,99479302084,4
97200000000,100800000000,99479302084,99479302304,220
97200000000,100800000000,99479302304,99480792214,1489910
97200000000,100800000000,99480792214,99483094326,2302112
97200000000,100800000000,99483094326,99483094330,4
97200000000,100800000000,99483094330,99483094387,57
97200000000,100800000000,99483094387,99483094392,5
97200000000,100800000000,99483094392,99492974120,9879728
97200000000,100800000000,99492974120,99494811125,1837005
97200000000,100800000000,99494811125,99494867837,56712
97200000000,100800000000,99494867837,99496136848,1269011
97200000000,100800000000,99496136848,99496217975,81127
97200000000,100800000000,99496217975,99496222554,4579
97200000000,100800000000,99496222554,99498933344,2710790
97200000000,100800000000,99498933344,99503365929,4432585
97200000000,100800000000,99503365929,99503365972,43
97200000000,100800000000,99503365972,99503378453,12481
97200000000,100800000000,99503378453,99503378464,11
97200000000,100800000000,99503378464,99503378475,11
97200000000,100800000000,99503378475,99503963932,585457
97200000000,100800000000,99503963932,99507390479,3426547
97200000000,100800000000,99507390479,99514844860,7454381
97200000000,100800000000,99514844860,99516759304,1914444
97200000000,100800000000,99516759304,99520497031,3737727
97200000000,100800000000,99520497031,99521742548,1245517
97200000000,100800000000,99521742548,99527391889,5649341
97200000000,100800000000,99527391889,99527403002,11113
97200000000,100800000000,99527403002,99527403376,374
97200000000,100800000000,99527403376,99527403381,5
97200000000,100800000000,99527403381,99529360957,1957576
97200000000,100800000000,99529360957,99529361074,117
97200000000,100800000000,99529361074,99529361081,7
97200000000,100800000000,99529361081,99532044522,2683441
97200000000,100800000000,99532044522,99532408521,363999
97200000000,100800000000,99532408521,99532527181,118660
97200000000,100800000000,99532527181,99532527248,67
97200000000,100800000000,99532527248,99532527253,5
97200000000,100800000000,99532527253,99534636734,2109481
97200000000,100800000000,99534636734,99536343904,1707170
97200000000,100800000000,99536343904,99538071085,1727181
97200000000,100800000000,99538071085,99538481591,410506
97200000000,100800000000,99538481591,99538503914,22323
97200000000,100800000000,99538503914,99538507257,3343
97200000000,100800000000,99538507257,99538517889,10632
97200000000,100800000000,99538517889,99538517916,27
97200000000,100800000000,99538517916,99538517921,5
97200000000,100800000000,99538517921,99540243871,1725950
97200000000,100800000000,99540243871,99540281580,37709
97200000000,100800000000,99540281580,99540285039,3459
97200000000,100800000000,99540285039,99540285049,10
97200000000,100800000000,99540285049,99543746195,3461146
97200000000,100800000000,99543746195,99543747131,936
97200000000,100800000000,99543747131,99543747148,17
97200000000,100800000000,99543747148,99547624805,3877657
97200000000,100800000000,99547624805,99549738751,2113946
97200000000,100800000000,99549738751,99555736483,5997732
97200000000,100800000000,99555736483,99562798624,7062141
97200000000,100800000000,99562798624,99564017158,1218534
97200000000,100800000000,99564017158,99565946122,1928964
97200000000,100800000000,99565946122,99565954461,8339
97200000000,100800000000,99565954461,99565962336,7875
97200000000,100800000000,99565962336,99565962403,67
97200000000,100800000000,99565962403,99565962408,5
97200000000,100800000000,99565962408,99567462329,1499921
97200000000,100800000000,99567462329,99571419766,3957437
97200000000,100800000000,99571419766,99574284093,2864327
97200000000,100800000000,99574284093,99575674024,1389931
97200000000,100800000000,99575674024,99577190572,1516548
97200000000,100800000000,99577190572,99577190636,64
97200000000,100800000000,99577190636,99577190640,4
97200000000,100800000000,99577190640,99577190641,1
97200000000,100800000000,99577190641,99577892693,702052
97200000000,100800000000,99577892693,99585348329,7455636
97200000000,100800000000,99585348329,99585349375,1046
97200000000,100800000000,99585349375,99585349485,110
97200000000,100800000000,99585349485,99585349488,3
97200000000,100800000000,99585349488,99586264261,914773
97200000000,100800000000,99586264261,99586264328,67
97200000000,100800000000,99586264328,99586264333,5
97200000000,100800000000,99586264333,99590987619,4723286
97200000000,100800000000,99590987619,99591482036,494417
97200000000,100800000000,99591482036,99592826655,1344619
97200000000,100800000000,99592826655,99595336783,2510128
97200000000,100800000000,99595336783,99595374581,37798
97200000000,100800000000,99595374581,99595381562,6981
97200000000,100800000000,99595381562,99595386176,4614
97200000000,100800000000,99595386176,99595386287,111
97200000000,100800000000,99595386287,99595386292,5
97200000000,100800000000,99595386292,99595386297,5
97200000000,100800000000,99595386297,99596745934,1359637
97200000000,100800000000,99596745934,99598332526,1586592
97200000000,100800000000,99598332526,99598336191,3665
97200000000,100800000000,99598336191,99598336196,5
97200000000,100800000000,99598336196,99598336213,17
97200000000,100800000000,99598336213,99600113880,1777667
97200000000,100800000000,99600113880,99601456006,1342126
97200000000,100800000000,99601456006,99602743557,1287551
97200000000,100800000000,99602743557,99604600085,1856528
97200000000,100800000000,99604600085,99607552360,2952275
97200000000,100800000000,99607552360,99609228287,1675927
97200000000,100800000000,99609228287,99612109506,2881219
97200000000,100800000000,99612109506,99612109510,4
97200000000,100800000000,99612109510,99612109511,1
97200000000,100800000000,99612109511,99612109512,1
97200000000,100800000000,99612109512,99612109545,33
97200000000,100800000000,99612109545,99612109549,4
97200000000,100800000000,99612109549,99612109550,1
97200000000,100800000000,99612109550,99612109551,1
97200000000,100800000000,99612109551,99612109583,32
97200000000,100800000000,99612109583,99612554733,445150
97200000000,100800000000,99612554733,99612666232,111499
97200000000,100800000000,99612666232,99617597384,4931152
97200000000,100800000000,99617597384,99617682877,85493
97200000000,100800000000,99617682877,99617683513,636
97200000000,100800000000,99617683513,99619294892,1611379
97200000000,100800000000,99619294892,99620513247,1218355
97200000000,100800000000,99620513247,99620513404,157
97200000000,100800000000,99620513404,99620513429,25
97200000000,100800000000,99620513429,99620513446,17
97200000000,100800000000,99620513446,99620513613,167
97200000000,100800000000,99620513613,99624990663,4477050
97200000000,100800000000,99624990663,99624993213,2550
97200000000,100800000000,99624993213,99624994887,1674
97200000000,100800000000,99624994887,99624997674,2787
97200000000,100800000000,99624997674,99625003812,6138
97200000000,100800000000,99625003812,99626869414,1865602
97200000000,100800000000,99626869414,99628495517,1626103
97200000000,100800000000,99628495517,99631054250,2558733
97200000000,100800000000,99631054250,99631054312,62
97200000000,100800000000,99631054312,99631054317,5
97200000000,100800000000,99631054317,99631054318,1
97200000000,100800000000,99631054318,99631054319,1
97200000000,100800000000,99631054319,99631054347,28
97200000000,100800000000,99631054347,99633607390,2553043
97200000000,100800000000,99633607390,99635022243,1414853
97200000000,100800000000,99635022243,99636327221,1304978
97200000000,100800000000,99636327221,99636329509,2288
97200000000,100800000000,99636329509,99639504014,3174505
97200000000,100800000000,99639504014,99639504120,106
97200000000,100800000000,99639504120,99639504168,48
97200000000,100800000000,99639504168,99639504180,12
97200000000,100800000000,99639504180,99643823890,4319710
97200000000,100800000000,99643823890,99647615807,3791917
97200000000,100800000000,99647615807,99649609545,1993738
97200000000,100800000000,99649609545,99649609565,20
97200000000,100800000000,99649609565,99649609570,5
97200000000,100800000000,99649609570,99654985265,5375695
97200000000,100800000000,99654985265,99658082044,3096779
97200000000,100800000000,99658082044,99658450295,368251
97200000000,100800000000,99658450295,99658734192,283897
97200000000,100800000000,99658734192,99658830536,96344
97200000000,100800000000,99658830536,99658897774,67238
97200000000,100800000000,99658897774,99659006737,108963
97200000000,100800000000,99659006737,99659252816,246079
97200000000,100800000000,99659252816,99659406834,154018
97200000000,100800000000,99659406834,99659831301,424467
97200000000,100800000000,99659831301,99659885435,54134
97200000000,100800000000,99659885435,99660317409,431974
97200000000,100800000000,99660317409,99663437609,3120200
97200000000,100800000000,99663437609,99670833376,7395767
97200000000,100800000000,99670833376,99670833400,24
97200000000,100800000000,99670833400,99670833429,29
97200000000,100800000000,99670833429,99670833440,11
97200000000,100800000000,99670833440,99670833458,18
97200000000,100800000000,99670833458,99670833565,107
97200000000,100800000000,99670833565,99670882319,48754
97200000000,100800000000,99670882319,99670882350,31
97200000000,100800000000,99670882350,99670885333,2983
97200000000,100800000000,99670885333,99670885369,36
97200000000,100800000000,99670885369,99674220527,3335158
97200000000,100800000000,99674220527,99674220529,2
97200000000,100800000000,99674220529,99675986179,1765650
97200000000,100800000000,99675986179,99675993925,7746
97200000000,100800000000,99675993925,99675994095,170
97200000000,100800000000,99675994095,99675994106,11
97200000000,100800000000,99675994106,99677396978,1402872
97200000000,100800000000,99677396978,99678820790,1423812
97200000000,100800000000,99678820790,99678821394,604
97200000000,100800000000,99678821394,99678829338,7944
97200000000,100800000000,99678829338,99682615683,3786345
97200000000,100800000000,99682615683,99682615700,17
97200000000,100800000000,99682615700,99682615704,4
97200000000,100800000000,99682615704,99685195652,2579948
97200000000,100800000000,99685195652,99691271899,6076247
97200000000,100800000000,99691271899,99693098337,1826438
97200000000,100800000000,99693098337,99693102004,3667
97200000000,100800000000,99693102004,99693108584,6580
97200000000,100800000000,99693108584,99693110610,2026
97200000000,100800000000,99693110610,99693115059,4449
97200000000,100800000000,99693115059,99693116863,1804
97200000000,100800000000,99693116863,99693122441,5578
97200000000,100800000000,99693122441,99693164813,42372
97200000000,100800000000,99693164813,99693177897,13084
97200000000,100800000000,99693177897,99693194580,16683
97200000000,100800000000,99693194580,99693198549,3969
97200000000,100800000000,99693198549,99693200747,2198
97200000000,100800000000,99693200747,99693205986,5239
97200000000,100800000000,99693205986,99693217550,11564
97200000000,100800000000,99693217550,99693219996,2446
97200000000,100800000000,99693219996,99693222022,2026
97200000000,100800000000,99693222022,99693237236,15214
97200000000,100800000000,99693237236,99693241779,4543
97200000000,100800000000,99693241779,99693243953,2174
97200000000,100800000000,99693243953,99693251294,7341
97200000000,100800000000,99693251294,99693260686,9392
97200000000,100800000000,99693260686,99693289634,28948
97200000000,100800000000,99693289634,99693303294,13660
97200000000,100800000000,99693303294,99693323709,20415
97200000000,100800000000,99693323709,99697361230,4037521
97200000000,100800000000,99697361230,99697374002,12772
97200000000,100800000000,99697374002,99700861389,3487387
97200000000,100800000000,99700861389,99702275775,1414386
97200000000,100800000000,99702275775,99702275799,24
97200000000,100800000000,99702275799,99702275823,24
97200000000,100800000000,99702275823,99702275847,24
97200000000,100800000000,99702275847,99702275871,24
97200000000,100800000000,99702275871,99702275895,24
97200000000,100800000000,99702275895,99702275919,24
97200000000,100800000000,99702275919,99702275943,24
97200000000,100800000000,99702275943,99702275967,24
97200000000,100800000000,99702275967,99702276015,48
97200000000,100800000000,99702276015,99702276040,25
97200000000,100800000000,99702276040,99702276064,24
97200000000,100800000000,99702276064,99702276088,24
97200000000,100800000000,99702276088,99702276112,24
97200000000,100800000000,99702276112,99702276136,24
97200000000,100800000000,99702276136,99702276177,41
97200000000,100800000000,99702276177,99702276209,32
97200000000,100800000000,99702276209,99702276233,24
97200000000,100800000000,99702276233,99702276264,31
97200000000,100800000000,99702276264,99702276288,24
97200000000,100800000000,99702276288,99702276319,31
97200000000,100800000000,99702276319,99702276342,23
97200000000,100800000000,99702276342,99702276346,4
97200000000,100800000000,99702276346,99702276439,93
97200000000,100800000000,99702276439,99702278402,1963
97200000000,100800000000,99702278402,99702278406,4
97200000000,100800000000,99702278406,99702278407,1
97200000000,100800000000,99702278407,99704813963,2535556
97200000000,100800000000,99704813963,99711980479,7166516
97200000000,100800000000,99711980479,99711981470,991
97200000000,100800000000,99711981470,99711981474,4
97200000000,100800000000,99711981474,99711981475,1
97200000000,100800000000,99711981475,99715933261,3951786
97200000000,100800000000,99715933261,99718613448,2680187
97200000000,100800000000,99718613448,99719969989,1356541
97200000000,100800000000,99719969989,99725128313,5158324
97200000000,100800000000,99725128313,99725221026,92713
97200000000,100800000000,99725221026,99725224841,3815
97200000000,100800000000,99725224841,99725229900,5059
97200000000,100800000000,99725229900,99731672637,6442737
97200000000,100800000000,99731672637,99731672654,17
97200000000,100800000000,99731672654,99731672714,60
97200000000,100800000000,99731672714,99731673027,313
97200000000,100800000000,99731673027,99731682824,9797
97200000000,100800000000,99731682824,99731682836,12
97200000000,100800000000,99731682836,99732192492,509656
97200000000,100800000000,99732192492,99733506392,1313900
97200000000,100800000000,99733506392,99736808427,3302035
97200000000,100800000000,99736808427,99736808437,10
97200000000,100800000000,99736808437,99736808455,18
97200000000,100800000000,99736808455,99736808486,31
97200000000,100800000000,99736808486,99736808615,129
97200000000,100800000000,99736808615,99736808628,13
97200000000,100800000000,99736808628,99736808640,12
97200000000,100800000000,99736808640,99736808672,32
97200000000,100800000000,99736808672,99736809110,438
97200000000,100800000000,99736809110,99740406027,3596917
97200000000,100800000000,99740406027,99740407417,1390
97200000000,100800000000,99740407417,99740407422,5
97200000000,100800000000,99740407422,99740407507,85
97200000000,100800000000,99740407507,99741751833,1344326
97200000000,100800000000,99741751833,99741757339,5506
97200000000,100800000000,99741757339,99741757351,12
97200000000,100800000000,99741757351,99741758052,701
97200000000,100800000000,99741758052,99741758971,919
97200000000,100800000000,99741758971,99745557922,3798951
97200000000,100800000000,99745557922,99745954697,396775
97200000000,100800000000,99745954697,99752070992,6116295
97200000000,100800000000,99752070992,99752076524,5532
97200000000,100800000000,99752076524,99752079490,2966
97200000000,100800000000,99752079490,99752110497,31007
97200000000,100800000000,99752110497,99757004499,4894002
97200000000,100800000000,99757004499,99757004566,67
97200000000,100800000000,99757004566,99757004571,5
97200000000,100800000000,99757004571,99758405131,1400560
97200000000,100800000000,99758405131,99761156692,2751561
97200000000,100800000000,99761156692,99761156741,49
97200000000,100800000000,99761156741,99761193315,36574
97200000000,100800000000,99761193315,99766612796,5419481
97200000000,100800000000,99766612796,99775606103,8993307
97200000000,100800000000,99775606103,99775606106,3
97200000000,100800000000,99775606106,99783091155,7485049
97200000000,100800000000,99783091155,99784411315,1320160
97200000000,100800000000,99784411315,99786425122,2013807
97200000000,100800000000,99786425122,99786430880,5758
97200000000,100800000000,99786430880,99790599033,4168153
97200000000,100800000000,99790599033,99790599037,4
97200000000,100800000000,99790599037,99790599038,1
97200000000,100800000000,99790599038,99792934811,2335773
97200000000,100800000000,99792934811,99794247694,1312883
97200000000,100800000000,99794247694,99794247699,5
97200000000,100800000000,99794247699,99794250794,3095
97200000000,100800000000,99794250794,99797166218,2915424
97200000000,100800000000,99797166218,99797166482,264
97200000000,100800000000,99797166482,99797175118,8636
97200000000,100800000000,99797175118,99799193271,2018153
97200000000,100800000000,99799193271,99801651844,2458573
97200000000,100800000000,99801651844,99810085530,8433686
97200000000,100800000000,99810085530,99810091201,5671
97200000000,100800000000,99810091201,99810111173,19972
97200000000,100800000000,99810111173,99810130686,19513
97200000000,100800000000,99810130686,99810156848,26162
97200000000,100800000000,99810156848,99810157040,192
97200000000,100800000000,99810157040,99814521560,4364520
97200000000,100800000000,99814521560,99815653420,1131860
97200000000,100800000000,99815653420,99815653424,4
97200000000,100800000000,99815653424,99815653425,1
97200000000,100800000000,99815653425,99815653426,1
97200000000,100800000000,99815653426,99815654448,1022
97200000000,100800000000,99815654448,99815654452,4
97200000000,100800000000,99815654452,99815654453,1
97200000000,100800000000,99815654453,99815654454,1
97200000000,100800000000,99815654454,99815655483,1029
97200000000,100800000000,99815655483,99815655487,4
97200000000,100800000000,99815655487,99815655508,21
97200000000,100800000000,99815655508,99815655512,4
97200000000,100800000000,99815655512,99815655513,1
97200000000,100800000000,99815655513,99817716891,2061378
97200000000,100800000000,99817716891,99822066872,4349981
97200000000,100800000000,99822066872,99822067791,919
97200000000,100800000000,99822067791,99822068042,251
97200000000,100800000000,99822068042,99822068312,270
97200000000,100800000000,99822068312,99822079697,11385
97200000000,100800000000,99822079697,99827084103,5004406
97200000000,100800000000,99827084103,99830010093,2925990
97200000000,100800000000,99830010093,99830940321,930228
97200000000,100800000000,99830940321,99832378081,1437760
97200000000,100800000000,99832378081,99832378209,128
97200000000,100800000000,99832378209,99832378214,5
97200000000,100800000000,99832378214,99832378221,7
97200000000,100800000000,99832378221,99832379380,1159
97200000000,100800000000,99832379380,99834409696,2030316
97200000000,100800000000,99834409696,99838787898,4378202
97200000000,100800000000,99838787898,99839213535,425637
97200000000,100800000000,99839213535,99843466050,4252515
97200000000,100800000000,99843466050,99843466061,11
97200000000,100800000000,99843466061,99843466073,12
97200000000,100800000000,99843466073,99843466085,12
97200000000,100800000000,99843466085,99843909132,443047
97200000000,100800000000,99843909132,99843979953,70821
97200000000,100800000000,99843979953,99843982213,2260
97200000000,100800000000,99843982213,99844004195,21982
97200000000,100800000000,99844004195,99844023559,19364
97200000000,100800000000,99844023559,99844048140,24581
97200000000,100800000000,99844048140,99844065507,17367
97200000000,100800000000,99844065507,99844112590,47083
97200000000,100800000000,99844112590,99844131475,18885
97200000000,100800000000,99844131475,99844150937,19462
97200000000,100800000000,99844150937,99844169263,18326
97200000000,100800000000,99844169263,99844178878,9615
97200000000,100800000000,99844178878,99844184583,5705
97200000000,100800000000,99844184583,99844190492,5909
97200000000,100800000000,99844190492,99844208379,17887
97200000000,100800000000,99844208379,99844218464,10085
97200000000,100800000000,99844218464,99844222457,3993
97200000000,100800000000,99844222457,99844224182,1725
97200000000,100800000000,99844224182,99844226238,2056
97200000000,100800000000,99844226238,99844230137,3899
97200000000,100800000000,99844230137,99844258461,28324
97200000000,100800000000,99844258461,99845696065,1437604
97200000000,100800000000,99845696065,99845696227,162
97200000000,100800000000,99845696227,99845696232,5
97200000000,100800000000,99845696232,99845696237,5
97200000000,100800000000,99845696237,99848371930,2675693
97200000000,100800000000,99848371930,99848972755,600825
97200000000,100800000000,99848972755,99852144211,3171456
97200000000,100800000000,99852144211,99852178598,34387
97200000000,100800000000,99852178598,99852182591,3993
97200000000,100800000000,99852182591,99852182601,10
97200000000,100800000000,99852182601,99853945525,1762924
97200000000,100800000000,99853945525,99853945529,4
97200000000,100800000000,99853945529,99853945530,1
97200000000,100800000000,99853945530,99853945531,1
97200000000,100800000000,99853945531,99853946546,1015
97200000000,100800000000,99853946546,99853946550,4
97200000000,100800000000,99853946550,99853946551,1
97200000000,100800000000,99853946551,99853946552,1
97200000000,100800000000,99853946552,99853947574,1022
97200000000,100800000000,99853947574,99853947578,4
97200000000,100800000000,99853947578,99853947579,1
97200000000,100800000000,99853947579,99853947580,1
97200000000,100800000000,99853947580,99853948595,1015
97200000000,100800000000,99853948595,99853948599,4
97200000000,100800000000,99853948599,99853948600,1
97200000000,100800000000,99853948600,99853948601,1
97200000000,100800000000,99853948601,99853949616,1015
97200000000,100800000000,99853949616,99853949620,4
97200000000,100800000000,99853949620,99853949621,1
97200000000,100800000000,99853949621,99853949622,1
97200000000,100800000000,99853949622,99853950637,1015
97200000000,100800000000,99853950637,99853950641,4
97200000000,100800000000,99853950641,99853950642,1
97200000000,100800000000,99853950642,99853950643,1
97200000000,100800000000,99853950643,99853951671,1028
97200000000,100800000000,99853951671,99853951675,4
97200000000,100800000000,99853951675,99853951676,1
97200000000,100800000000,99853951676,99853951677,1
97200000000,100800000000,99853951677,99853951912,235
97200000000,100800000000,99853951912,99853951916,4
97200000000,100800000000,99853951916,99853951917,1
97200000000,100800000000,99853951917,99853951918,1
97200000000,100800000000,99853951918,99853952146,228
97200000000,100800000000,99853952146,99853952150,4
97200000000,100800000000,99853952150,99853952151,1
97200000000,100800000000,99853952151,99853952189,38
97200000000,100800000000,99853952189,99853952194,5
97200000000,100800000000,99853952194,99853952195,1
97200000000,100800000000,99853952195,99853952230,35
97200000000,100800000000,99853952230,99853952234,4
97200000000,100800000000,99853952234,99853952235,1
97200000000,100800000000,99853952235,99853952236,1
97200000000,100800000000,99853952236,99853953253,1017
97200000000,100800000000,99853953253,99853953277,24
97200000000,100800000000,99853953277,99853953281,4
97200000000,100800000000,99853953281,99853953282,1
97200000000,100800000000,99853953282,99853953315,33
97200000000,100800000000,99853953315,99853953356,41
97200000000,100800000000,99853953356,99853953361,5
97200000000,100800000000,99853953361,99853953389,28
97200000000,100800000000,99853953389,99853953393,4
97200000000,100800000000,99853953393,99853953428,35
97200000000,100800000000,99853953428,99853953432,4
97200000000,100800000000,99853953432,99853953494,62
97200000000,100800000000,99853953494,99853953701,207
97200000000,100800000000,99853953701,99855087490,1133789
97200000000,100800000000,99855087490,99860154461,5066971
97200000000,100800000000,99860154461,99860154739,278
97200000000,100800000000,99860154739,99860155335,596
97200000000,100800000000,99860155335,99863761943,3606608
97200000000,100800000000,99863761943,99863762129,186
97200000000,100800000000,99863762129,99863762332,203
97200000000,100800000000,99863762332,99863762499,167
97200000000,100800000000,99863762499,99863762700,201
97200000000,100800000000,99863762700,99863768847,6147
97200000000,100800000000,99863768847,99863774910,6063
97200000000,100800000000,99863774910,99863775082,172
97200000000,100800000000,99863775082,99863785915,10833
97200000000,100800000000,99863785915,99863786130,215
97200000000,100800000000,99863786130,99863786324,194
97200000000,100800000000,99863786324,99863786571,247
97200000000,100800000000,99863786571,99863797036,10465
97200000000,100800000000,99863797036,99866638548,2841512
97200000000,100800000000,99866638548,99869636297,2997749
97200000000,100800000000,99869636297,99871101234,1464937
97200000000,100800000000,99871101234,99871101569,335
97200000000,100800000000,99871101569,99871101574,5
97200000000,100800000000,99871101574,99871101579,5
97200000000,100800000000,99871101579,99874524262,3422683
97200000000,100800000000,99874524262,99874524571,309
97200000000,100800000000,99874524571,99874524730,159
97200000000,100800000000,99874524730,99874534579,9849
97200000000,100800000000,99874534579,99874534755,176
97200000000,100800000000,99874534755,99874544511,9756
97200000000,100800000000,99874544511,99879100636,4556125
97200000000,100800000000,99879100636,99879195582,94946
97200000000,100800000000,99879195582,99879201991,6409
97200000000,100800000000,99879201991,99879208711,6720
97200000000,100800000000,99879208711,99879212294,3583
97200000000,100800000000,99879212294,99879232235,19941
97200000000,100800000000,99879232235,99879241155,8920
97200000000,100800000000,99879241155,99879261880,20725
97200000000,100800000000,99879261880,99879267791,5911
97200000000,100800000000,99879267791,99879287537,19746
97200000000,100800000000,99879287537,99879309403,21866
97200000000,100800000000,99879309403,99879327995,18592
97200000000,100800000000,99879327995,99879333356,5361
97200000000,100800000000,99879333356,99879338665,5309
97200000000,100800000000,99879338665,99879347770,9105
97200000000,100800000000,99879347770,99882445528,3097758
97200000000,100800000000,99882445528,99882445688,160
97200000000,100800000000,99882445688,99882455188,9500
97200000000,100800000000,99882455188,99882455504,316
97200000000,100800000000,99882455504,99882455509,5
97200000000,100800000000,99882455509,99882455510,1
97200000000,100800000000,99882455510,99882455545,35
97200000000,100800000000,99882455545,99882455549,4
97200000000,100800000000,99882455549,99882455550,1
97200000000,100800000000,99882455550,99882880342,424792
97200000000,100800000000,99882880342,99883009870,129528
97200000000,100800000000,99883009870,99887912284,4902414
97200000000,100800000000,99887912284,99889676388,1764104
97200000000,100800000000,99889676388,99889676893,505
97200000000,100800000000,99889676893,99892746558,3069665
97200000000,100800000000,99892746558,99892746562,4
97200000000,100800000000,99892746562,99892746563,1
97200000000,100800000000,99892746563,99892746678,115
97200000000,100800000000,99892746678,99892746682,4
97200000000,100800000000,99892746682,99892746683,1
97200000000,100800000000,99892746683,99892746684,1
97200000000,100800000000,99892746684,99892747699,1015
97200000000,100800000000,99892747699,99892747703,4
97200000000,100800000000,99892747703,99892747704,1
97200000000,100800000000,99892747704,99892747705,1
97200000000,100800000000,99892747705,99892748740,1035
97200000000,100800000000,99892748740,99892748744,4
97200000000,100800000000,99892748744,99892748745,1
97200000000,100800000000,99892748745,99892748746,1
97200000000,100800000000,99892748746,99892748981,235
97200000000,100800000000,99892748981,99892748985,4
97200000000,100800000000,99892748985,99892748986,1
97200000000,100800000000,99892748986,99892748987,1
97200000000,100800000000,99892748987,99892749260,273
97200000000,100800000000,99892749260,99892755417,6157
97200000000,100800000000,99892755417,99892761705,6288
97200000000,100800000000,99892761705,99892761891,186
97200000000,100800000000,99892761891,99892767930,6039
97200000000,100800000000,99892767930,99892767972,42
97200000000,100800000000,99892767972,99892768175,203
97200000000,100800000000,99892768175,99892777317,9142
97200000000,100800000000,99892777317,99892777494,177
97200000000,100800000000,99892777494,99892786174,8680
97200000000,100800000000,99892786174,99893941314,1155140
97200000000,100800000000,99893941314,99904457149,10515835
97200000000,100800000000,99904457149,99904457190,41
97200000000,100800000000,99904457190,99904457195,5
97200000000,100800000000,99904457195,99905898388,1441193
97200000000,100800000000,99905898388,99905900865,2477
97200000000,100800000000,99905900865,99905901093,228
97200000000,100800000000,99905901093,99905901273,180
97200000000,100800000000,99905901273,99905907398,6125
97200000000,100800000000,99905907398,99905913312,5914
97200000000,100800000000,99905913312,99905913473,161
97200000000,100800000000,99905913473,99905913965,492
97200000000,100800000000,99905913965,99905921910,7945
97200000000,100800000000,99905921910,99908998813,3076903
97200000000,100800000000,99908998813,99908998943,130
97200000000,100800000000,99908998943,99908998948,5
97200000000,100800000000,99908998948,99913371363,4372415
97200000000,100800000000,99913371363,99916202476,2831113
97200000000,100800000000,99916202476,99916202652,176
97200000000,100800000000,99916202652,99916202656,4
97200000000,100800000000,99916202656,99916202657,1
97200000000,100800000000,99916202657,99922691712,6489055
97200000000,100800000000,99922691712,99922792595,100883
97200000000,100800000000,99922792595,99926201477,3408882
97200000000,100800000000,99926201477,99931914908,5713431
97200000000,100800000000,99931914908,99931917413,2505
97200000000,100800000000,99931917413,99938134407,6216994
97200000000,100800000000,99938134407,99941033411,2899004
97200000000,100800000000,99941033411,99949543523,8510112
97200000000,100800000000,99949543523,99952131208,2587685
97200000000,100800000000,99952131208,99952131415,207
97200000000,100800000000,99952131415,99952131420,5
97200000000,100800000000,99952131420,99958514061,6382641
97200000000,100800000000,99958514061,99967885072,9371011
97200000000,100800000000,99967885072,99969657597,1772525
97200000000,100800000000,99969657597,99971878758,2221161
97200000000,100800000000,99971878758,99972019594,140836
97200000000,100800000000,99972019594,99972022442,2848
97200000000,100800000000,99972022442,99972039025,16583
97200000000,100800000000,99972039025,99972049851,10826
97200000000,100800000000,99972049851,99972056702,6851
97200000000,100800000000,99972056702,99972063640,6938
97200000000,100800000000,99972063640,99972068530,4890
97200000000,100800000000,99972068530,99972068640,110
97200000000,100800000000,99972068640,99972068645,5
97200000000,100800000000,99972068645,99978022011,5953366
97200000000,100800000000,99978022011,99979781254,1759243
97200000000,100800000000,99979781254,99979781317,63
97200000000,100800000000,99979781317,99979781322,5
97200000000,100800000000,99979781322,99979781327,5
97200000000,100800000000,99979781327,99981649624,1868297
97200000000,100800000000,99981649624,99981649627,3
97200000000,100800000000,99981649627,99981649754,127
97200000000,100800000000,99981649754,99981649757,3
97200000000,100800000000,99981649757,99981649758,1
97200000000,100800000000,99981649758,99981649884,126
97200000000,100800000000,99981649884,99981649894,10
97200000000,100800000000,99981649894,99981649990,96
97200000000,100800000000,99981649990,99982540991,891001
97200000000,100800000000,99982540991,99989143590,6602599
97200000000,100800000000,99989143590,99989145993,2403
97200000000,100800000000,99989145993,99989146023,30
97200000000,100800000000,99989146023,99989403500,257477
97200000000,100800000000,99989403500,99989403505,5
97200000000,100800000000,99989403505,99989403518,13
97200000000,100800000000,99989403518,99998325105,8921587
97200000000,100800000000,99998325105,99999798229,1473124
97200000000,100800000000,99999798229,100003600387,3802158
97200000000,100800000000,100003600387,100003617548,17161
97200000000,100800000000,100003617548,100003662180,44632
97200000000,100800000000,100003662180,100006695373,3033193
97200000000,100800000000,100006695373,100006695441,68
97200000000,100800000000,100006695441,100006695446,5
97200000000,100800000000,100006695446,100009777734,3082288
97200000000,100800000000,100009777734,100009778214,480
97200000000,100800000000,100009778214,100009778216,2
97200000000,100800000000,100009778216,100013598334,3820118
97200000000,100800000000,100013598334,100021441984,7843650
97200000000,100800000000,100021441984,100029982201,8540217
97200000000,100800000000,100029982201,100029982219,18
97200000000,100800000000,100029982219,100029982223,4
97200000000,100800000000,100029982223,100029983237,1014
97200000000,100800000000,100029983237,100029983260,23
97200000000,100800000000,100029983260,100029983264,4
97200000000,100800000000,100029983264,100029983265,1
97200000000,100800000000,100029983265,100029983341,76
97200000000,100800000000,100029983341,100030236412,253071
97200000000,100800000000,100030236412,100031835657,1599245
97200000000,100800000000,100031835657,100041637966,9802309
97200000000,100800000000,100041637966,100041638885,919
97200000000,100800000000,100041638885,100048731739,7092854
97200000000,100800000000,100048731739,100048861894,130155
97200000000,100800000000,100048861894,100048890850,28956
97200000000,100800000000,100048890850,100054307836,5416986
97200000000,100800000000,100054307836,100060443973,6136137
97200000000,100800000000,100060443973,100061647807,1203834
97200000000,100800000000,100061647807,100063146661,1498854
97200000000,100800000000,100063146661,100063146665,4
97200000000,100800000000,100063146665,100063146666,1
97200000000,100800000000,100063146666,100063146829,163
97200000000,100800000000,100063146829,100063146833,4
97200000000,100800000000,100063146833,100063146849,16
97200000000,100800000000,100063146849,100068382975,5236126
97200000000,100800000000,100068382975,100073331435,4948460
97200000000,100800000000,100073331435,100074566139,1234704
97200000000,100800000000,100074566139,100074566176,37
97200000000,100800000000,100074566176,100074566181,5
97200000000,100800000000,100074566181,100076918743,2352562
97200000000,100800000000,100076918743,100076918746,3
97200000000,100800000000,100076918746,100076919346,600
97200000000,100800000000,100076919346,100077984544,1065198
97200000000,100800000000,100077984544,100077984582,38
97200000000,100800000000,100077984582,100077985447,865
97200000000,100800000000,100077985447,100077987024,1577
97200000000,100800000000,100077987024,100080989377,3002353
97200000000,100800000000,100080989377,100080989936,559
97200000000,100800000000,100080989936,100080990461,525
97200000000,100800000000,100080990461,100080990468,7
97200000000,100800000000,100080990468,100086437161,5446693
97200000000,100800000000,100086437161,100092326950,5889789
97200000000,100800000000,100092326950,100092326974,24
97200000000,100800000000,100092326974,100095878264,3551290
97200000000,100800000000,100095878264,100095878275,11
97200000000,100800000000,100095878275,100095878559,284
97200000000,100800000000,100095878559,100095878566,7
97200000000,100800000000,100095878566,100095878575,9
97200000000,100800000000,100095878575,100098396775,2518200
97200000000,100800000000,100098396775,100098400153,3378
97200000000,100800000000,100098400153,100100093150,1692997
97200000000,100800000000,100100093150,100100093153,3
97200000000,100800000000,100100093153,100101751348,1658195
97200000000,100800000000,100101751348,100108540913,6789565
97200000000,100800000000,100108540913,100108540929,16
97200000000,100800000000,100108540929,100108542642,1713
97200000000,100800000000,100108542642,100115004677,6462035
97200000000,100800000000,100115004677,100115005445,768
97200000000,100800000000,100115005445,100115005450,5
97200000000,100800000000,100115005450,100115005813,363
97200000000,100800000000,100115005813,100115005824,11
97200000000,100800000000,100115005824,100115006182,358
97200000000,100800000000,100115006182,100115006189,7
97200000000,100800000000,100115006189,100115006196,7
97200000000,100800000000,100115006196,100116828144,1821948
97200000000,100800000000,100116828144,100116828149,5
97200000000,100800000000,100116828149,100116828150,1
97200000000,100800000000,100116828150,100117031365,203215
97200000000,100800000000,100117031365,100117131361,99996
97200000000,100800000000,100117131361,100123617393,6486032
97200000000,100800000000,100123617393,100125969788,2352395
97200000000,100800000000,100125969788,100127442934,1473146
97200000000,100800000000,100127442934,100127470354,27420
97200000000,100800000000,100127470354,100135261240,7790886
97200000000,100800000000,100135261240,100135261802,562
97200000000,100800000000,100135261802,100138086346,2824544
97200000000,100800000000,100138086346,100139831757,1745411
97200000000,100800000000,100139831757,100139831768,11
97200000000,100800000000,100139831768,100139832081,313
97200000000,100800000000,100139832081,100139832088,7
97200000000,100800000000,100139832088,100139832095,7
97200000000,100800000000,100139832095,100141274927,1442832
97200000000,100800000000,100141274927,100141279356,4429
97200000000,100800000000,100141279356,100141280111,755
97200000000,100800000000,100141280111,100146300029,5019918
97200000000,100800000000,100146300029,100146300033,4
97200000000,100800000000,100146300033,100146300034,1
97200000000,100800000000,100146300034,100146300035,1
97200000000,100800000000,100146300035,100146300387,352
97200000000,100800000000,100146300387,100146300391,4
97200000000,100800000000,100146300391,100147573666,1273275
97200000000,100800000000,100147573666,100155093570,7519904
97200000000,100800000000,100155093570,100155093581,11
97200000000,100800000000,100155093581,100155093938,357
97200000000,100800000000,100155093938,100155093945,7
97200000000,100800000000,100155093945,100155093952,7
97200000000,100800000000,100155093952,100157688279,2594327
97200000000,100800000000,100157688279,100157688431,152
97200000000,100800000000,100157688431,100157694507,6076
97200000000,100800000000,100157694507,100163997036,6302529
97200000000,100800000000,100163997036,100163997040,4
97200000000,100800000000,100163997040,100163997041,1
97200000000,100800000000,100163997041,100163997042,1
97200000000,100800000000,100163997042,100167903350,3906308
97200000000,100800000000,100167903350,100167912021,8671
97200000000,100800000000,100167912021,100170702659,2790638
97200000000,100800000000,100170702659,100170702690,31
97200000000,100800000000,100170702690,100175297493,4594803
97200000000,100800000000,100175297493,100175297504,11
97200000000,100800000000,100175297504,100175299036,1532
97200000000,100800000000,100175299036,100175299043,7
97200000000,100800000000,100175299043,100175299050,7
97200000000,100800000000,100175299050,100177211669,1912619
97200000000,100800000000,100177211669,100177211712,43
97200000000,100800000000,100177211712,100182759102,5547390
97200000000,100800000000,100182759102,100190558875,7799773
97200000000,100800000000,100190558875,100191827070,1268195
97200000000,100800000000,100191827070,100191827082,12
97200000000,100800000000,100191827082,100191827094,12
97200000000,100800000000,100191827094,100191827106,12
97200000000,100800000000,100191827106,100191827118,12
97200000000,100800000000,100191827118,100191827130,12
97200000000,100800000000,100191827130,100191827142,12
97200000000,100800000000,100191827142,100191827154,12
97200000000,100800000000,100191827154,100191827166,12
97200000000,100800000000,100191827166,100191827209,43
97200000000,100800000000,100191827209,100191827245,36
97200000000,100800000000,100191827245,100191827267,22
97200000000,100800000000,100191827267,100191827284,17
97200000000,100800000000,100191827284,100196230250,4402966
97200000000,100800000000,100196230250,100196238469,8219
97200000000,100800000000,100196238469,100196242656,4187
97200000000,100800000000,100196242656,100196282361,39705
97200000000,100800000000,100196282361,100196292728,10367
97200000000,100800000000,100196292728,100197925514,1632786
97200000000,100800000000,100197925514,100197940657,15143
97200000000,100800000000,100197940657,100197940674,17
97200000000,100800000000,100197940674,100197940691,17
97200000000,100800000000,100197940691,100197940842,151
97200000000,100800000000,100197940842,100197941014,172
97200000000,100800000000,100197941014,100198654696,713682
97200000000,100800000000,100198654696,100198655131,435
97200000000,100800000000,100198655131,100198655138,7
97200000000,100800000000,100198655138,100198655147,9
97200000000,100800000000,100198655147,100203808597,5153450
97200000000,100800000000,100203808597,100203812215,3618
97200000000,100800000000,100203812215,100205281206,1468991
97200000000,100800000000,100205281206,100206686037,1404831
97200000000,100800000000,100206686037,100208030794,1344757
97200000000,100800000000,100208030794,100208030797,3
97200000000,100800000000,100208030797,100208030812,15
97200000000,100800000000,100208030812,100208030855,43
97200000000,100800000000,100208030855,100208031293,438
97200000000,100800000000,100208031293,100208032962,1669
97200000000,100800000000,100208032962,100212451916,4418954
97200000000,100800000000,100212451916,100212454400,2484
97200000000,100800000000,100212454400,100212454412,12
97200000000,100800000000,100212454412,100217929808,5475396
97200000000,100800000000,100217929808,100222284398,4354590
97200000000,100800000000,100222284398,100222284435,37
97200000000,100800000000,100222284435,100222284462,27
97200000000,100800000000,100222284462,100226369191,4084729
97200000000,100800000000,100226369191,100232364704,5995513
97200000000,100800000000,100232364704,100232384807,20103
97200000000,100800000000,100232384807,100235784137,3399330
97200000000,100800000000,100235784137,100235795745,11608
97200000000,100800000000,100235795745,100235795753,8
97200000000,100800000000,100235795753,100236206987,411234
97200000000,100800000000,100236206987,100239088934,2881947
97200000000,100800000000,100239088934,100239187230,98296
97200000000,100800000000,100239187230,100239245694,58464
97200000000,100800000000,100239245694,100239259432,13738
97200000000,100800000000,100239259432,100239263410,3978
97200000000,100800000000,100239263410,100240762271,1498861
97200000000,100800000000,100240762271,100240773075,10804
97200000000,100800000000,100240773075,100240773092,17
97200000000,100800000000,100240773092,100240773836,744
97200000000,100800000000,100240773836,100243879432,3105596
97200000000,100800000000,100243879432,100248878818,4999386
97200000000,100800000000,100248878818,100250210114,1331296
97200000000,100800000000,100250210114,100250210118,4
97200000000,100800000000,100250210118,100250210119,1
97200000000,100800000000,100250210119,100250210120,1
97200000000,100800000000,100250210120,100250210183,63
97200000000,100800000000,100250210183,100250251599,41416
97200000000,100800000000,100250251599,100250251603,4
97200000000,100800000000,100250251603,100250251604,1
97200000000,100800000000,100250251604,100250251662,58
97200000000,100800000000,100250251662,100250251688,26
97200000000,100800000000,100250251688,100250251698,10
97200000000,100800000000,100250251698,100250254785,3087
97200000000,100800000000,100250254785,100258947709,8692924
97200000000,100800000000,100258947709,100262164773,3217064
97200000000,100800000000,100262164773,100262164950,177
97200000000,100800000000,100262164950,100262164955,5
97200000000,100800000000,100262164955,100263574130,1409175
97200000000,100800000000,100263574130,100263574435,305
97200000000,100800000000,100263574435,100263575064,629
97200000000,100800000000,100263575064,100263576054,990
97200000000,100800000000,100263576054,100263576057,3
97200000000,100800000000,100263576057,100263576058,1
97200000000,100800000000,100263576058,100263576059,1
97200000000,100800000000,100263576059,100274134259,10558200
97200000000,100800000000,100274134259,100284054628,9920369
97200000000,100800000000,100284054628,100284087492,32864
97200000000,100800000000,100284087492,100290984295,6896803
97200000000,100800000000,100290984295,100290989572,5277
97200000000,100800000000,100290989572,100290991980,2408
97200000000,100800000000,100290991980,100290994215,2235
97200000000,100800000000,100290994215,100290997308,3093
97200000000,100800000000,100290997308,100291000280,2972
97200000000,100800000000,100291000280,100291002100,1820
97200000000,100800000000,100291002100,100293107869,2105769
97200000000,100800000000,100293107869,100293107977,108
97200000000,100800000000,100293107977,100293107982,5
97200000000,100800000000,100293107982,100293111409,3427
97200000000,100800000000,100293111409,100293111659,250
97200000000,100800000000,100293111659,100293111666,7
97200000000,100800000000,100293111666,100293111673,7
97200000000,100800000000,100293111673,100294935407,1823734
97200000000,100800000000,100294935407,100299625420,4690013
97200000000,100800000000,100299625420,100299625444,24
97200000000,100800000000,100299625444,100299625448,4
97200000000,100800000000,100299625448,100302275575,2650127
97200000000,100800000000,100302275575,100302275577,2
97200000000,100800000000,100302275577,100307511613,5236036
97200000000,100800000000,100307511613,100309108288,1596675
97200000000,100800000000,100309108288,100309292274,183986
97200000000,100800000000,100309292274,100309294708,2434
97200000000,100800000000,100309294708,100309294715,7
97200000000,100800000000,100309294715,100309294956,241
97200000000,100800000000,100309294956,100309294961,5
97200000000,100800000000,100309294961,100312701548,3406587
97200000000,100800000000,100312701548,100312701553,5
97200000000,100800000000,100312701553,100312701569,16
97200000000,100800000000,100312701569,100312701582,13
97200000000,100800000000,100312701582,100312701595,13
97200000000,100800000000,100312701595,100312701607,12
97200000000,100800000000,100312701607,100312701634,27
97200000000,100800000000,100312701634,100312701644,10
97200000000,100800000000,100312701644,100320910919,8209275
97200000000,100800000000,100320910919,100320911037,118
97200000000,100800000000,100320911037,100320911042,5
97200000000,100800000000,100320911042,100320911049,7
97200000000,100800000000,100320911049,100325911268,5000219
97200000000,100800000000,100325911268,100325911299,31
97200000000,100800000000,100325911299,100325911309,10
97200000000,100800000000,100325911309,100325911333,24
97200000000,100800000000,100325911333,100325911337,4
97200000000,100800000000,100325911337,100325928023,16686
97200000000,100800000000,100325928023,100330217605,4289582
97200000000,100800000000,100330217605,100330335805,118200
97200000000,100800000000,100330335805,100333791463,3455658
97200000000,100800000000,100333791463,100335296258,1504795
97200000000,100800000000,100335296258,100335311913,15655
97200000000,100800000000,100335311913,100338049561,2737648
97200000000,100800000000,100338049561,100340955129,2905568
97200000000,100800000000,100340955129,100349644920,8689791
97200000000,100800000000,100349644920,100349644941,21
97200000000,100800000000,100349644941,100349652418,7477
97200000000,100800000000,100349652418,100349652432,14
97200000000,100800000000,100349652432,100353921371,4268939
97200000000,100800000000,100353921371,100353921371,0
97200000000,100800000000,100353921371,100354044457,123086
97200000000,100800000000,100354044457,100354044460,3
97200000000,100800000000,100354044460,100359930926,5886466
97200000000,100800000000,100359930926,100359930930,4
97200000000,100800000000,100359930930,100359955253,24323
97200000000,100800000000,100359955253,100360898795,943542
97200000000,100800000000,100360898795,100364217038,3318243
97200000000,100800000000,100364217038,100364286427,69389
97200000000,100800000000,100364286427,100364292250,5823
97200000000,100800000000,100364292250,100364292773,523
97200000000,100800000000,100364292773,100369255120,4962347
97200000000,100800000000,100369255120,100369275130,20010
97200000000,100800000000,100369275130,100369275148,18
97200000000,100800000000,100369275148,100369275197,49
97200000000,100800000000,100369275197,100369275790,593
97200000000,100800000000,100369275790,100369275801,11
97200000000,100800000000,100369275801,100370178044,902243
97200000000,100800000000,100370178044,100377749690,7571646
97200000000,100800000000,100377749690,100377749824,134
97200000000,100800000000,100377749824,100379184803,1434979
97200000000,100800000000,100379184803,100379184833,30
97200000000,100800000000,100379184833,100379184860,27
97200000000,100800000000,100379184860,100379205713,20853
97200000000,100800000000,100379205713,100379205730,17
97200000000,100800000000,100379205730,100380055924,850194
97200000000,100800000000,100380055924,100380056171,247
97200000000,100800000000,100380056171,100380056176,5
97200000000,100800000000,100380056176,100381761874,1705698
97200000000,100800000000,100381761874,100384799304,3037430
97200000000,100800000000,100384799304,100384802257,2953
97200000000,100800000000,100384802257,100386635243,1832986
97200000000,100800000000,100386635243,100386636679,1436
97200000000,100800000000,100386636679,100386636684,5
97200000000,100800000000,100386636684,100386636689,5
97200000000,100800000000,100386636689,100386639780,3091
97200000000,100800000000,100386639780,100388151346,1511566
97200000000,100800000000,100388151346,100388151357,11
97200000000,100800000000,100388151357,100388151375,18
97200000000,100800000000,100388151375,100388151386,11
97200000000,100800000000,100388151386,100392198280,4046894
97200000000,100800000000,100392198280,100395214494,3016214
97200000000,100800000000,100395214494,100395215031,537
97200000000,100800000000,100395215031,100395215059,28
97200000000,100800000000,100395215059,100395215064,5
97200000000,100800000000,100395215064,100400150940,4935876
97200000000,100800000000,100400150940,100405189073,5038133
97200000000,100800000000,100405189073,100408953953,3764880
97200000000,100800000000,100408953953,100408953957,4
97200000000,100800000000,100408953957,100411126156,2172199
97200000000,100800000000,100411126156,100415065155,3938999
97200000000,100800000000,100415065155,100415270014,204859
97200000000,100800000000,100415270014,100415307493,37479
97200000000,100800000000,100415307493,100415310219,2726
97200000000,100800000000,100415310219,100415315647,5428
97200000000,100800000000,100415315647,100416813438,1497791
97200000000,100800000000,100416813438,100419651601,2838163
97200000000,100800000000,100419651601,100425096477,5444876
97200000000,100800000000,100425096477,100425096477,0
97200000000,100800000000,100425096477,100426356549,1260072
97200000000,100800000000,100426356549,100429353790,2997241
97200000000,100800000000,100429353790,100430766967,1413177
97200000000,100800000000,100430766967,100432092904,1325937
97200000000,100800000000,100432092904,100432092914,10
97200000000,100800000000,100432092914,100432092939,25
97200000000,100800000000,100432092939,100432092943,4
97200000000,100800000000,100432092943,100432092944,1
97200000000,100800000000,100432092944,100432093015,71
97200000000,100800000000,100432093015,100432093019,4
97200000000,100800000000,100432093019,100439231685,7138666
97200000000,100800000000,100439231685,100441563434,2331749
97200000000,100800000000,100441563434,100441589224,25790
97200000000,100800000000,100441589224,100441589849,625
97200000000,100800000000,100441589849,100442690412,1100563
97200000000,100800000000,100442690412,100445803810,3113398
97200000000,100800000000,100445803810,100445974102,170292
97200000000,100800000000,100445974102,100445977838,3736
97200000000,100800000000,100445977838,100445999863,22025
97200000000,100800000000,100445999863,100446015822,15959
97200000000,100800000000,100446015822,100446015822,0
97200000000,100800000000,100446015822,100447730745,1714923
97200000000,100800000000,100447730745,100447730745,0
97200000000,100800000000,100447730745,100447757690,26945
97200000000,100800000000,100447757690,100449135404,1377714
97200000000,100800000000,100449135404,100449135421,17
97200000000,100800000000,100449135421,100449137131,1710
97200000000,100800000000,100449137131,100449818090,680959
97200000000,100800000000,100449818090,100449821226,3136
97200000000,100800000000,100449821226,100449821283,57
97200000000,100800000000,100449821283,100449821288,5
97200000000,100800000000,100449821288,100451176011,1354723
97200000000,100800000000,100451176011,100454195329,3019318
97200000000,100800000000,100454195329,100454195329,0
97200000000,100800000000,100454195329,100457054349,2859020
97200000000,100800000000,100457054349,100457054378,29
97200000000,100800000000,100457054378,100457054439,61
97200000000,100800000000,100457054439,100457054470,31
97200000000,100800000000,100457054470,100464971787,7917317
97200000000,100800000000,100464971787,100464972111,324
97200000000,100800000000,100464972111,100464972116,5
97200000000,100800000000,100464972116,100464972123,7
97200000000,100800000000,100464972123,100474219240,9247117
97200000000,100800000000,100474219240,100478923182,4703942
97200000000,100800000000,100478923182,100479002514,79332
97200000000,100800000000,100479002514,100479011639,9125
97200000000,100800000000,100479011639,100480322860,1311221
97200000000,100800000000,100480322860,100485535860,5213000
97200000000,100800000000,100485535860,100486894246,1358386
97200000000,100800000000,100486894246,100486994590,100344
97200000000,100800000000,100486994590,100488200855,1206265
97200000000,100800000000,100488200855,100488200868,13
97200000000,100800000000,100488200868,100488200881,13
97200000000,100800000000,100488200881,100488200906,25
97200000000,100800000000,100488200906,100488873163,672257
97200000000,100800000000,100488873163,100494989616,6116453
97200000000,100800000000,100494989616,100494990545,929
97200000000,100800000000,100494990545,100497727630,2737085
97200000000,100800000000,100497727630,100497727634,4
97200000000,100800000000,100497727634,100497727635,1
97200000000,100800000000,100497727635,100498490429,762794
97200000000,100800000000,100498490429,100498490432,3
97200000000,100800000000,100498490432,100501421675,2931243
97200000000,100800000000,100501421675,100512669359,11247684
97200000000,100800000000,100512669359,100512669528,169
97200000000,100800000000,100512669528,100512669533,5
97200000000,100800000000,100512669533,100514296317,1626784
97200000000,100800000000,100514296317,100514362129,65812
97200000000,100800000000,100514362129,100519010109,4647980
97200000000,100800000000,100519010109,100521139776,2129667
97200000000,100800000000,100521139776,100522436258,1296482
97200000000,100800000000,100522436258,100523876769,1440511
97200000000,100800000000,100523876769,100525225293,1348524
97200000000,100800000000,100525225293,100526549238,1323945
97200000000,100800000000,100526549238,100529667844,3118606
97200000000,100800000000,100529667844,100529679748,11904
97200000000,100800000000,100529679748,100531915914,2236166
97200000000,100800000000,100531915914,100531915914,0
97200000000,100800000000,100531915914,100539480172,7564258
97200000000,100800000000,100539480172,100541286144,1805972
97200000000,100800000000,100541286144,100541286285,141
97200000000,100800000000,100541286285,100541286381,96
97200000000,100800000000,100541286381,100545485415,4199034
97200000000,100800000000,100545485415,100545509967,24552
97200000000,100800000000,100545509967,100545509969,2
97200000000,100800000000,100545509969,100546733128,1223159
97200000000,100800000000,100546733128,100546825129,92001
97200000000,100800000000,100546825129,100546862084,36955
97200000000,100800000000,100546862084,100548067179,1205095
97200000000,100800000000,100548067179,100548067179,0
97200000000,100800000000,100548067179,100549592868,1525689
97200000000,100800000000,100549592868,100552664946,3072078
97200000000,100800000000,100552664946,100554689094,2024148
97200000000,100800000000,100554689094,100555989766,1300672
97200000000,100800000000,100555989766,100555989766,0
97200000000,100800000000,100555989766,100561422525,5432759
97200000000,100800000000,100561422525,100563202059,1779534
97200000000,100800000000,100563202059,100563202063,4
97200000000,100800000000,100563202063,100563202064,1
97200000000,100800000000,100563202064,100563202104,40
97200000000,100800000000,100563202104,100563202174,70
97200000000,100800000000,100563202174,100564116677,914503
97200000000,100800000000,100564116677,100566938728,2822051
97200000000,100800000000,100566938728,100569993744,3055016
97200000000,100800000000,100569993744,100569993744,0
97200000000,100800000000,100569993744,100572920020,2926276
97200000000,100800000000,100572920020,100573755891,835871
97200000000,100800000000,100573755891,100575480960,1725069
97200000000,100800000000,100575480960,100578070121,2589161
97200000000,100800000000,100578070121,100578070121,0
97200000000,100800000000,100578070121,100579749687,1679566
97200000000,100800000000,100579749687,100579758006,8319
97200000000,100800000000,100579758006,100579758017,11
97200000000,100800000000,100579758017,100583272943,3514926
97200000000,100800000000,100583272943,100583272954,11
97200000000,100800000000,100583272954,100583292992,20038
97200000000,100800000000,100583292992,100583293010,18
97200000000,100800000000,100583293010,100584205818,912808
97200000000,100800000000,100584205818,100586454295,2248477
97200000000,100800000000,100586454295,100589258131,2803836
97200000000,100800000000,100589258131,100589258131,0
97200000000,100800000000,100589258131,100589435378,177247
97200000000,100800000000,100589435378,100589438135,2757
97200000000,100800000000,100589438135,100589440678,2543
97200000000,100800000000,100589440678,100589442985,2307
97200000000,100800000000,100589442985,100589445529,2544
97200000000,100800000000,100589445529,100589467318,21789
97200000000,100800000000,100589467318,100589475689,8371
97200000000,100800000000,100589475689,100589478480,2791
97200000000,100800000000,100589478480,100589480902,2422
97200000000,100800000000,100589480902,100598820150,9339248
97200000000,100800000000,100598820150,100599957463,1137313
97200000000,100800000000,100599957463,100600077929,120466
97200000000,100800000000,100600077929,100600077934,5
97200000000,100800000000,100600077934,100600077939,5
97200000000,100800000000,100600077939,100600549806,471867
97200000000,100800000000,100600549806,100600550098,292
97200000000,100800000000,100600550098,100600551969,1871
97200000000,100800000000,100600551969,100600551971,2
97200000000,100800000000,100600551971,100601912515,1360544
97200000000,100800000000,100601912515,100605139991,3227476
97200000000,100800000000,100605139991,100605143858,3867
97200000000,100800000000,100605143858,100605143905,47
97200000000,100800000000,100605143905,100605143910,5
97200000000,100800000000,100605143910,100608030051,2886141
97200000000,100800000000,100608030051,100608030054,3
97200000000,100800000000,100608030054,100608030191,137
97200000000,100800000000,100608030191,100608030214,23
97200000000,100800000000,100608030214,100608030218,4
97200000000,100800000000,100608030218,100608030284,66
97200000000,100800000000,100608030284,100608030296,12
97200000000,100800000000,100608030296,100608030322,26
97200000000,100800000000,100608030322,100608030332,10
97200000000,100800000000,100608030332,100608030363,31
97200000000,100800000000,100608030363,100608068397,38034
97200000000,100800000000,100608068397,100611098263,3029866
97200000000,100800000000,100611098263,100617068510,5970247
97200000000,100800000000,100617068510,100618302804,1234294
97200000000,100800000000,100618302804,100618302827,23
97200000000,100800000000,100618302827,100618305021,2194
97200000000,100800000000,100618305021,100618306002,981
97200000000,100800000000,100618306002,100618590746,284744
97200000000,100800000000,100618590746,100621794124,3203378
97200000000,100800000000,100621794124,100623234864,1440740
97200000000,100800000000,100623234864,100623342142,107278
97200000000,100800000000,100623342142,100623349288,7146
97200000000,100800000000,100623349288,100631324365,7975077
97200000000,100800000000,100631324365,100641073289,9748924
97200000000,100800000000,100641073289,100641073322,33
97200000000,100800000000,100641073322,100641073346,24
97200000000,100800000000,100641073346,100642684186,1610840
97200000000,100800000000,100642684186,100642789043,104857
97200000000,100800000000,100642789043,100652480539,9691496
97200000000,100800000000,100652480539,100656180494,3699955
97200000000,100800000000,100656180494,100657545216,1364722
97200000000,100800000000,100657545216,100657659663,114447
97200000000,100800000000,100657659663,100657677692,18029
97200000000,100800000000,100657677692,100662717483,5039791
97200000000,100800000000,100662717483,100662717487,4
97200000000,100800000000,100662717487,100662717488,1
97200000000,100800000000,100662717488,100665506890,2789402
97200000000,100800000000,100665506890,100671109932,5603042
97200000000,100800000000,100671109932,100671109935,3
97200000000,100800000000,100671109935,100671113079,3144
97200000000,100800000000,100671113079,100672565057,1451978
97200000000,100800000000,100672565057,100672565085,28
97200000000,100800000000,100672565085,100672603740,38655
97200000000,100800000000,100672603740,100675322964,2719224
97200000000,100800000000,100675322964,100680144995,4822031
97200000000,100800000000,100680144995,100680252916,107921
97200000000,100800000000,100680252916,100692653565,12400649
97200000000,100800000000,100692653565,100692663067,9502
97200000000,100800000000,100692663067,100698093551,5430484
97200000000,100800000000,100698093551,100698174601,81050
97200000000,100800000000,100698174601,100698174608,7
97200000000,100800000000,100698174608,100698174635,27
97200000000,100800000000,100698174635,100698174640,5
97200000000,100800000000,100698174640,100702649790,4475150
97200000000,100800000000,100702649790,100702652775,2985
97200000000,100800000000,100702652775,100702655710,2935
97200000000,100800000000,100702655710,100702657549,1839
97200000000,100800000000,100702657549,100703099673,442124
97200000000,100800000000,100703099673,100703099689,16
97200000000,100800000000,100703099689,100708773761,5674072
97200000000,100800000000,100708773761,100708773976,215
97200000000,100800000000,100708773976,100713612871,4838895
97200000000,100800000000,100713612871,100713612878,7
97200000000,100800000000,100713612878,100713612935,57
97200000000,100800000000,100713612935,100713612940,5
97200000000,100800000000,100713612940,100714977895,1364955
97200000000,100800000000,100714977895,100714977908,13
97200000000,100800000000,100714977908,100714977921,13
97200000000,100800000000,100714977921,100714977952,31
97200000000,100800000000,100714977952,100714980483,2531
97200000000,100800000000,100714980483,100714992960,12477
97200000000,100800000000,100714992960,100715678178,685218
97200000000,100800000000,100715678178,100718490562,2812384
97200000000,100800000000,100718490562,100726484923,7994361
97200000000,100800000000,100726484923,100729605133,3120210
97200000000,100800000000,100729605133,100731065823,1460690
97200000000,100800000000,100731065823,100731073536,7713
97200000000,100800000000,100731073536,100734438187,3364651
97200000000,100800000000,100734438187,100734441633,3446
97200000000,100800000000,100734441633,100735808986,1367353
97200000000,100800000000,100735808986,100737192888,1383902
97200000000,100800000000,100737192888,100737192905,17
97200000000,100800000000,100737192905,100737193072,167
97200000000,100800000000,100737193072,100737193223,151
97200000000,100800000000,100737193223,100737193744,521
97200000000,100800000000,100737193744,100737193762,18
97200000000,100800000000,100737193762,100740307707,3113945
97200000000,100800000000,100740307707,100741901091,1593384
97200000000,100800000000,100741901091,100743289862,1388771
97200000000,100800000000,100743289862,100743289880,18
97200000000,100800000000,100743289880,100743289919,39
97200000000,100800000000,100743289919,100743300606,10687
97200000000,100800000000,100743300606,100743300616,10
97200000000,100800000000,100743300616,100743300634,18
97200000000,100800000000,100743300634,100743300665,31
97200000000,100800000000,100743300665,100743304460,3795
97200000000,100800000000,100743304460,100755533281,12228821
97200000000,100800000000,100755533281,100755781675,248394
97200000000,100800000000,100755781675,100755781712,37
97200000000,100800000000,100755781712,100755781717,5
97200000000,100800000000,100755781717,100757199681,1417964
97200000000,100800000000,100757199681,100757204049,4368
97200000000,100800000000,100757204049,100762891525,5687476
97200000000,100800000000,100762891525,100762891529,4
97200000000,100800000000,100762891529,100762891636,107
97200000000,100800000000,100762891636,100762891648,12
97200000000,100800000000,100762891648,100768422721,5531073
97200000000,100800000000,100768422721,100773374330,4951609
97200000000,100800000000,100773374330,100773383784,9454
97200000000,100800000000,100773383784,100777884116,4500332
97200000000,100800000000,100777884116,100779354632,1470516
97200000000,100800000000,100779354632,100779356609,1977
97200000000,100800000000,100779356609,100780725951,1369342
97200000000,100800000000,100780725951,100781935325,1209374
97200000000,100800000000,100781935325,100781935328,3
97200000000,100800000000,100781935328,100782208484,273156
97200000000,100800000000,100782208484,100782287384,78900
97200000000,100800000000,100782287384,100783492327,1204943
97200000000,100800000000,100783492327,100783494121,1794
97200000000,100800000000,100783494121,100786550488,3056367
97200000000,100800000000,100786550488,100786553953,3465
97200000000,100800000000,100786553953,100786777634,223681
97200000000,100800000000,100786777634,100791611500,4833866
97200000000,100800000000,100791611500,100791611504,4
97200000000,100800000000,100791611504,100791611505,1
97200000000,100800000000,100791611505,100791611506,1
97200000000,100800000000,100791611506,100791621459,9953
97200000000,100800000000,100791621459,100796630781,5009322
100800000000,104400000000,100801707186,100802926486,1219300
100800000000,104400000000,100802926486,100802960551,34065
100800000000,104400000000,100802960551,100809521796,6561245
100800000000,104400000000,100809521796,100825169516,15647720
100800000000,104400000000,100825169516,100828243883,3074367
100800000000,104400000000,100828243883,100829726973,1483090
100800000000,104400000000,100829726973,100829777693,50720
100800000000,104400000000,100829777693,100831189044,1411351
100800000000,104400000000,100831189044,100834223663,3034619
100800000000,104400000000,100834223663,100840704089,6480426
100800000000,104400000000,100840704089,100840704337,248
100800000000,104400000000,100840704337,100840704375,38
100800000000,104400000000,100840704375,100840704424,49
100800000000,104400000000,100840704424,100843856934,3152510
100800000000,104400000000,100843856934,100843856938,4
100800000000,104400000000,100843856938,100843856939,1
100800000000,104400000000,100843856939,100843857043,104
100800000000,104400000000,100843857043,100843857047,4
100800000000,104400000000,100843857047,100843857048,1
100800000000,104400000000,100843857048,100853783186,9926138
100800000000,104400000000,100853783186,100853784262,1076
100800000000,104400000000,100853784262,100853784315,53
100800000000,104400000000,100853784315,100860099524,6315209
100800000000,104400000000,100860099524,100861811413,1711889
100800000000,104400000000,100861811413,100866150851,4339438
100800000000,104400000000,100866150851,100867628723,1477872
100800000000,104400000000,100867628723,100867747529,118806
100800000000,104400000000,100867747529,100867750103,2574
100800000000,104400000000,100867750103,100867752259,2156
100800000000,104400000000,100867752259,100867754906,2647
100800000000,104400000000,100867754906,100867758227,3321
100800000000,104400000000,100867758227,100867760445,2218
100800000000,104400000000,100867760445,100867765542,5097
100800000000,104400000000,100867765542,100867765619,77
100800000000,104400000000,100867765619,100867765624,5
100800000000,104400000000,100867765624,100871622533,3856909
100800000000,104400000000,100871622533,100871622664,131
100800000000,104400000000,100871622664,100878193011,6570347
100800000000,104400000000,100878193011,100878193041,30
100800000000,104400000000,100878193041,100878193105,64
100800000000,104400000000,100878193105,100878193108,3
100800000000,104400000000,100878193108,100878193117,9
100800000000,104400000000,100878193117,100878193129,12
100800000000,104400000000,100878193129,100878193141,12
100800000000,104400000000,100878193141,100878193153,12
100800000000,104400000000,100878193153,100878354520,161367
100800000000,104400000000,100878354520,100878354522,2
100800000000,104400000000,100878354522,100880621613,2267091
100800000000,104400000000,100880621613,100880621703,90
100800000000,104400000000,100880621703,100880621708,5
100800000000,104400000000,100880621708,100880621713,5
100800000000,104400000000,100880621713,100882736923,2115210
100800000000,104400000000,100882736923,100886674152,3937229
100800000000,104400000000,100886674152,100892975573,6301421
100800000000,104400000000,100892975573,100897796811,4821238
100800000000,104400000000,100897796811,100899321985,1525174
100800000000,104400000000,100899321985,100906260720,6938735
100800000000,104400000000,100906260720,100909615374,3354654
100800000000,104400000000,100909615374,100909767279,151905
100800000000,104400000000,100909767279,100909772339,5060
100800000000,104400000000,100909772339,100911170895,1398556
100800000000,104400000000,100911170895,100911171109,214
100800000000,104400000000,100911171109,100911171113,4
100800000000,104400000000,100911171113,100911171114,1
100800000000,104400000000,100911171114,100917549801,6378687
100800000000,104400000000,100917549801,100918820578,1270777
100800000000,104400000000,100918820578,100918825184,4606
100800000000,104400000000,100918825184,100918825187,3
100800000000,104400000000,100918825187,100920183840,1358653
100800000000,104400000000,100920183840,100922720123,2536283
100800000000,104400000000,100922720123,100922720155,32
100800000000,104400000000,100922720155,100922720159,4
100800000000,104400000000,100922720159,100925233984,2513825
100800000000,104400000000,100925233984,100925313984,80000
100800000000,104400000000,100925313984,100925324302,10318
100800000000,104400000000,100925324302,100926559232,1234930
100800000000,104400000000,100926559232,100926633207,73975
100800000000,104400000000,100926633207,100926633577,370
100800000000,104400000000,100926633577,100928145168,1511591
100800000000,104400000000,100928145168,100928554029,408861
100800000000,104400000000,100928554029,100930399922,1845893
100800000000,104400000000,100930399922,100930399939,17
100800000000,104400000000,100930399939,100936508069,6108130
100800000000,104400000000,100936508069,100936630163,122094
100800000000,104400000000,100936630163,100936659886,29723
100800000000,104400000000,100936659886,100936677047,17161
100800000000,104400000000,100936677047,100942123379,5446332
100800000000,104400000000,100942123379,100945097899,2974520
100800000000,104400000000,100945097899,100945097912,13
100800000000,104400000000,100945097912,100945097925,13
100800000000,104400000000,100945097925,100945097938,13
100800000000,104400000000,100945097938,100952693062,7595124
100800000000,104400000000,100952693062,100957774210,5081148
100800000000,104400000000,100957774210,100957997405,223195
100800000000,104400000000,100957997405,100957997555,150
100800000000,104400000000,100957997555,100959424825,1427270
100800000000,104400000000,100959424825,100959424835,10
100800000000,104400000000,100959424835,100961552400,2127565
100800000000,104400000000,100961552400,100964085546,2533146
100800000000,104400000000,100964085546,100964087811,2265
100800000000,104400000000,100964087811,100965751553,1663742
100800000000,104400000000,100965751553,100971654499,5902946
100800000000,104400000000,100971654499,100973521070,1866571
100800000000,104400000000,100973521070,100974406794,885724
100800000000,104400000000,100974406794,100974409986,3192
100800000000,104400000000,100974409986,100974418376,8390
100800000000,104400000000,100974418376,100975974183,1555807
100800000000,104400000000,100975974183,100982035543,6061360
100800000000,104400000000,100982035543,100982035848,305
100800000000,104400000000,100982035848,100982039330,3482
100800000000,104400000000,100982039330,100986500152,4460822
100800000000,104400000000,100986500152,100986500166,14
100800000000,104400000000,100986500166,100986500178,12
100800000000,104400000000,100986500178,100986523865,23687
100800000000,104400000000,100986523865,100986523882,17
100800000000,104400000000,100986523882,100986523907,25
100800000000,104400000000,100986523907,100987527083,1003176
100800000000,104400000000,100987527083,100999230000,11702917
100800000000,104400000000,100999230000,101009017126,9787126
100800000000,104400000000,101009017126,101009035192,18066
100800000000,104400000000,101009035192,101009860961,825769
100800000000,104400000000,101009860961,101009860966,5
100800000000,104400000000,101009860966,101009860973,7
100800000000,104400000000,101009860973,101010010416,149443
100800000000,104400000000,101010010416,101010010419,3
100800000000,104400000000,101010010419,101011590127,1579708
100800000000,104400000000,101011590127,101012897939,1307812
100800000000,104400000000,101012897939,101012979616,81677
100800000000,104400000000,101012979616,101017342589,4362973
100800000000,104400000000,101017342589,101020142113,2799524
100800000000,104400000000,101020142113,101021026193,884080
100800000000,104400000000,101021026193,101024217897,3191704
100800000000,104400000000,101024217897,101025637032,1419135
100800000000,104400000000,101025637032,101030384385,4747353
100800000000,104400000000,101030384385,101030384389,4
100800000000,104400000000,101030384389,101030384410,21
100800000000,104400000000,101030384410,101030384414,4
100800000000,104400000000,101030384414,101030384442,28
100800000000,104400000000,101030384442,101038372732,7988290
100800000000,104400000000,101038372732,101040727964,2355232
100800000000,104400000000,101040727964,101044366289,3638325
100800000000,104400000000,101044366289,101045556616,1190327
100800000000,104400000000,101045556616,101047280912,1724296
100800000000,104400000000,101047280912,101050129186,2848274
100800000000,104400000000,101050129186,101055762526,5633340
100800000000,104400000000,101055762526,101059176190,3413664
100800000000,104400000000,101059176190,101060764038,1587848
100800000000,104400000000,101060764038,101060764050,12
100800000000,104400000000,101060764050,101062457419,1693369
100800000000,104400000000,101062457419,101062477467,20048
100800000000,104400000000,101062477467,101062478901,1434
100800000000,104400000000,101062478901,101062478906,5
100800000000,104400000000,101062478906,101062478919,13
100800000000,104400000000,101062478919,101065071791,2592872
100800000000,104400000000,101065071791,101065075792,4001
100800000000,104400000000,101065075792,101065078383,2591
100800000000,104400000000,101065078383,101065080651,2268
100800000000,104400000000,101065080651,101065084822,4171
100800000000,104400000000,101065084822,101065088382,3560
100800000000,104400000000,101065088382,101065322686,234304
100800000000,104400000000,101065322686,101065322805,119
100800000000,104400000000,101065322805,101065322810,5
100800000000,104400000000,101065322810,101065322817,7
100800000000,104400000000,101065322817,101065324688,1871
100800000000,104400000000,101065324688,101066637192,1312504
100800000000,104400000000,101066637192,101075710751,9073559
100800000000,104400000000,101075710751,101075710754,3
100800000000,104400000000,101075710754,101075710773,19
100800000000,104400000000,101075710773,101075710787,14
100800000000,104400000000,101075710787,101075711011,224
100800000000,104400000000,101075711011,101075711314,303
100800000000,104400000000,101075711314,101075711471,157
100800000000,104400000000,101075711471,101075711491,20
100800000000,104400000000,101075711491,101075724738,13247
100800000000,104400000000,101075724738,101083748960,8024222
100800000000,104400000000,101083748960,101086180379,2431419
100800000000,104400000000,101086180379,101087958095,1777716
100800000000,104400000000,101087958095,101087978297,20202
100800000000,104400000000,101087978297,101092800696,4822399
100800000000,104400000000,101092800696,101096256639,3455943
100800000000,104400000000,101096256639,101097784361,1527722
100800000000,104400000000,101097784361,101097878487,94126
100800000000,104400000000,101097878487,101097899985,21498
100800000000,104400000000,101097899985,101097910347,10362
100800000000,104400000000,101097910347,101097920150,9803
100800000000,104400000000,101097920150,101097924441,4291
100800000000,104400000000,101097924441,101097948413,23972
100800000000,104400000000,101097948413,101097985965,37552
100800000000,104400000000,101097985965,101101115114,3129149
100800000000,104400000000,101101115114,101102608890,1493776
100800000000,104400000000,101102608890,101102608971,81
100800000000,104400000000,101102608971,101102608975,4
100800000000,104400000000,101102608975,101102608976,1
100800000000,104400000000,101102608976,101103807292,1198316
100800000000,104400000000,101103807292,101108551305,4744013
100800000000,104400000000,101108551305,101113112228,4560923
100800000000,104400000000,101113112228,101113112231,3
100800000000,104400000000,101113112231,101113112232,1
100800000000,104400000000,101113112232,101113113247,1015
100800000000,104400000000,101113113247,101113113252,5
100800000000,104400000000,101113113252,101113113285,33
100800000000,104400000000,101113113285,101113113288,3
100800000000,104400000000,101113113288,101113113409,121
100800000000,104400000000,101113113409,101113113413,4
100800000000,104400000000,101113113413,101113113414,1
100800000000,104400000000,101113113414,101113113415,1
100800000000,104400000000,101113113415,101113113942,527
100800000000,104400000000,101113113942,101113113945,3
100800000000,104400000000,101113113945,101113113946,1
100800000000,104400000000,101113113946,101113114074,128
100800000000,104400000000,101113114074,101113114078,4
100800000000,104400000000,101113114078,101113114079,1
100800000000,104400000000,101113114079,101113114144,65
100800000000,104400000000,101113114144,101116971640,3857496
100800000000,104400000000,101116971640,101116971640,0
100800000000,104400000000,101116971640,101118640002,1668362
100800000000,104400000000,101118640002,101120123291,1483289
100800000000,104400000000,101120123291,101122917572,2794281
100800000000,104400000000,101122917572,101122917582,10
100800000000,104400000000,101122917582,101122917652,70
100800000000,104400000000,101122917652,101122917670,18
100800000000,104400000000,101122917670,101124621862,1704192
100800000000,104400000000,101124621862,101124621901,39
100800000000,104400000000,101124621901,101124621905,4
100800000000,104400000000,101124621905,101124645272,23367
100800000000,104400000000,101124645272,101124646198,926
100800000000,104400000000,101124646198,101124646285,87
100800000000,104400000000,101124646285,101124646468,183
100800000000,104400000000,101124646468,101124655601,9133
100800000000,104400000000,101124655601,101124657304,1703
100800000000,104400000000,101124657304,101124686797,29493
100800000000,104400000000,101124686797,101124686834,37
100800000000,104400000000,101124686834,101128728100,4041266
100800000000,104400000000,101128728100,101134651695,5923595
100800000000,104400000000,101134651695,101134653525,1830
100800000000,104400000000,101134653525,101134653529,4
100800000000,104400000000,101134653529,101134653530,1
100800000000,104400000000,101134653530,101134653531,1
100800000000,104400000000,101134653531,101134654039,508
100800000000,104400000000,101134654039,101138691758,4037719
100800000000,104400000000,101138691758,101138752472,60714
100800000000,104400000000,101138752472,101138755817,3345
100800000000,104400000000,101138755817,101138766131,10314
100800000000,104400000000,101138766131,101138766180,49
100800000000,104400000000,101138766180,101138766185,5
100800000000,104400000000,101138766185,101140800488,2034303
100800000000,104400000000,101140800488,101140800519,31
100800000000,104400000000,101140800519,101147565059,6764540
100800000000,104400000000,101147565059,101147565059,0
100800000000,104400000000,101147565059,101150152324,2587265
100800000000,104400000000,101150152324,101150152357,33
100800000000,104400000000,101150152357,101150152360,3
100800000000,104400000000,101150152360,101150152361,1
100800000000,104400000000,101150152361,101150152432,71
100800000000,104400000000,101150152432,101150152436,4
100800000000,104400000000,101150152436,101154632911,4480475
100800000000,104400000000,101154632911,101154636249,3338
100800000000,104400000000,101154636249,101154636350,101
100800000000,104400000000,101154636350,101154636355,5
100800000000,104400000000,101154636355,101154636360,5
100800000000,104400000000,101154636360,101156415568,1779208
100800000000,104400000000,101156415568,101160550234,4134666
100800000000,104400000000,101160550234,101161907667,1357433
100800000000,104400000000,101161907667,101163609259,1701592
100800000000,104400000000,101163609259,101165510555,1901296
100800000000,104400000000,101165510555,101165542057,31502
100800000000,104400000000,101165542057,101168329925,2787868
100800000000,104400000000,101168329925,101168330483,558
100800000000,104400000000,101168330483,101168577300,246817
100800000000,104400000000,101168577300,101174780875,6203575
100800000000,104400000000,101174780875,101174784419,3544
100800000000,104400000000,101174784419,101174784526,107
100800000000,104400000000,101174784526,101174784531,5
100800000000,104400000000,101174784531,101178538213,3753682
100800000000,104400000000,101178538213,101178745093,206880
100800000000,104400000000,101178745093,101178763446,18353
100800000000,104400000000,101178763446,101178765441,1995
100800000000,104400000000,101178765441,101178772568,7127
100800000000,104400000000,101178772568,101183640240,4867672
100800000000,104400000000,101183640240,101183640242,2
100800000000,104400000000,101183640242,101185937084,2296842
100800000000,104400000000,101185937084,101187818774,1881690
100800000000,104400000000,101187818774,101189378918,1560144
100800000000,104400000000,101189378918,101189378943,25
100800000000,104400000000,101189378943,101189378980,37
100800000000,104400000000,101189378980,101189379952,972
100800000000,104400000000,101189379952,101189597787,217835
100800000000,104400000000,101189597787,101195039208,5441421
100800000000,104400000000,101195039208,101198621923,3582715
100800000000,104400000000,101198621923,101200674462,2052539
100800000000,104400000000,101200674462,101201045471,371009
100800000000,104400000000,101201045471,101201045484,13
100800000000,104400000000,101201045484,101201045612,128
100800000000,104400000000,101201045612,101201045617,5
100800000000,104400000000,101201045617,101201045622,5
100800000000,104400000000,101201045622,101204967463,3921841
100800000000,104400000000,101204967463,101204981520,14057
100800000000,104400000000,101204981520,101204981530,10
100800000000,104400000000,101204981530,101213918912,8937382
100800000000,104400000000,101213918912,101213921886,2974
100800000000,104400000000,101213921886,101213930079,8193
100800000000,104400000000,101213930079,101213932483,2404
100800000000,104400000000,101213932483,101217027543,3095060
100800000000,104400000000,101217027543,101229086687,12059144
100800000000,104400000000,101229086687,101229086690,3
100800000000,104400000000,101229086690,101230244735,1158045
100800000000,104400000000,101230244735,101230244746,11
100800000000,104400000000,101230244746,101230244766,20
100800000000,104400000000,101230244766,101230244777,11
100800000000,104400000000,101230244777,101230244798,21
100800000000,104400000000,101230244798,101235598028,5353230
100800000000,104400000000,101235598028,101235598031,3
100800000000,104400000000,101235598031,101235598783,752
100800000000,104400000000,101235598783,101236953391,1354608
100800000000,104400000000,101236953391,101238467973,1514582
100800000000,104400000000,101238467973,101238468596,623
100800000000,104400000000,101238468596,101238468892,296
100800000000,104400000000,101238468892,101241456496,2987604
100800000000,104400000000,101241456496,101249740337,8283841
100800000000,104400000000,101249740337,101251898585,2158248
100800000000,104400000000,101251898585,101251991400,92815
100800000000,104400000000,101251991400,101252017002,25602
100800000000,104400000000,101252017002,101252018855,1853
100800000000,104400000000,101252018855,101252025200,6345
100800000000,104400000000,101252025200,101255024322,2999122
100800000000,104400000000,101255024322,101263550364,8526042
100800000000,104400000000,101263550364,101263550391,27
100800000000,104400000000,101263550391,101263550414,23
100800000000,104400000000,101263550414,101263550436,22
100800000000,104400000000,101263550436,101263550440,4
100800000000,104400000000,101263550440,101263550448,8
100800000000,104400000000,101263550448,101267547258,3996810
100800000000,104400000000,101267547258,101274369004,6821746
100800000000,104400000000,101274369004,101275875029,1506025
100800000000,104400000000,101275875029,101275875116,87
100800000000,104400000000,101275875116,101275875121,5
100800000000,104400000000,101275875121,101279223644,3348523
100800000000,104400000000,101279223644,101279244910,21266
100800000000,104400000000,101279244910,101280213371,968461
100800000000,104400000000,101280213371,101284117971,3904600
100800000000,104400000000,101284117971,101284121065,3094
100800000000,104400000000,101284121065,101284124826,3761
100800000000,104400000000,101284124826,101284127576,2750
100800000000,104400000000,101284127576,101284153332,25756
100800000000,104400000000,101284153332,101285572822,1419490
100800000000,104400000000,101285572822,101288346581,2773759
100800000000,104400000000,101288346581,101289556871,1210290
100800000000,104400000000,101289556871,101298961158,9404287
100800000000,104400000000,101298961158,101298961167,9
100800000000,104400000000,101298961167,101298961254,87
100800000000,104400000000,101298961254,101298961259,5
100800000000,104400000000,101298961259,101298961264,5
100800000000,104400000000,101298961264,101298965091,3827
100800000000,104400000000,101298965091,101303209530,4244439
100800000000,104400000000,101303209530,101303209552,22
100800000000,104400000000,101303209552,101303209563,11
100800000000,104400000000,101303209563,101303209762,199
100800000000,104400000000,101303209762,101303210038,276
100800000000,104400000000,101303210038,101303210055,17
100800000000,104400000000,101303210055,101312370683,9160628
100800000000,104400000000,101312370683,101313729260,1358577
100800000000,104400000000,101313729260,101318935605,5206345
100800000000,104400000000,101318935605,101318948758,13153
100800000000,104400000000,101318948758,101318948769,11
100800000000,104400000000,101318948769,101321277624,2328855
100800000000,104400000000,101321277624,101321304585,26961
100800000000,104400000000,101321304585,101321307286,2701
100800000000,104400000000,101321307286,101321311114,3828
100800000000,104400000000,101321311114,101324034380,2723266
100800000000,104400000000,101324034380,101324034497,117
100800000000,104400000000,101324034497,101324034502,5
100800000000,104400000000,101324034502,101334856971,10822469
100800000000,104400000000,101334856971,101336328962,1471991
100800000000,104400000000,101336328962,101339068005,2739043
100800000000,104400000000,101339068005,101339068022,17
100800000000,104400000000,101339068022,101339068047,25
100800000000,104400000000,101339068047,101339069673,1626
100800000000,104400000000,101339069673,101347797757,8728084
100800000000,104400000000,101347797757,101347800513,2756
100800000000,104400000000,101347800513,101349126969,1326456
100800000000,104400000000,101349126969,101357532824,8405855
100800000000,104400000000,101357532824,101362705292,5172468
100800000000,104400000000,101362705292,101362705315,23
100800000000,104400000000,101362705315,101370225979,7520664
100800000000,104400000000,101370225979,101372517276,2291297
100800000000,104400000000,101372517276,101377950015,5432739
100800000000,104400000000,101377950015,101377950991,976
100800000000,104400000000,101377950991,101380280147,2329156
100800000000,104400000000,101380280147,101383659560,3379413
100800000000,104400000000,101383659560,101383685283,25723
100800000000,104400000000,101383685283,101385141669,1456386
100800000000,104400000000,101385141669,101386501103,1359434
100800000000,104400000000,101386501103,101390370098,3868995
100800000000,104400000000,101390370098,101390370105,7
100800000000,104400000000,101390370105,101390370532,427
100800000000,104400000000,101390370532,101390370537,5
100800000000,104400000000,101390370537,101395799702,5429165
100800000000,104400000000,101395799702,101395799709,7
100800000000,104400000000,101395799709,101395799895,186
100800000000,104400000000,101395799895,101395799900,5
100800000000,104400000000,101395799900,101398228083,2428183
100800000000,104400000000,101398228083,101398228573,490
100800000000,104400000000,101398228573,101398228578,5
100800000000,104400000000,101398228578,101398228583,5
100800000000,104400000000,101398228583,101399632320,1403737
100800000000,104400000000,101399632320,101399658221,25901
100800000000,104400000000,101399658221,101403357632,3699411
100800000000,104400000000,101403357632,101409612941,6255309
100800000000,104400000000,101409612941,101410002203,389262
100800000000,104400000000,101410002203,101411904242,1902039
100800000000,104400000000,101411904242,101411914355,10113
100800000000,104400000000,101411914355,101411919634,5279
100800000000,104400000000,101411919634,101411927004,7370
100800000000,104400000000,101411927004,101411950015,23011
100800000000,104400000000,101411950015,101414821012,2870997
100800000000,104400000000,101414821012,101414824615,3603
100800000000,104400000000,101414824615,101414825598,983
100800000000,104400000000,101414825598,101414825751,153
100800000000,104400000000,101414825751,101414825766,15
100800000000,104400000000,101414825766,101416282714,1456948
100800000000,104400000000,101416282714,101421101149,4818435
100800000000,104400000000,101421101149,101422744350,1643201
100800000000,104400000000,101422744350,101426680908,3936558
100800000000,104400000000,101426680908,101426680915,7
100800000000,104400000000,101426680915,101426681372,457
100800000000,104400000000,101426681372,101426681381,9
100800000000,104400000000,101426681381,101430370989,3689608
100800000000,104400000000,101430370989,101430370993,4
100800000000,104400000000,101430370993,101430370994,1
100800000000,104400000000,101430370994,101430370995,1
100800000000,104400000000,101430370995,101430371047,52
100800000000,104400000000,101430371047,101430371052,5
100800000000,104400000000,101430371052,101430371053,1
100800000000,104400000000,101430371053,101430371201,148
100800000000,104400000000,101430371201,101430371205,4
100800000000,104400000000,101430371205,101430371206,1
100800000000,104400000000,101430371206,101430371323,117
100800000000,104400000000,101430371323,101430371334,11
100800000000,104400000000,101430371334,101431542031,1170697
100800000000,104400000000,101431542031,101434699369,3157338
100800000000,104400000000,101434699369,101437384230,2684861
100800000000,104400000000,101437384230,101437384242,12
100800000000,104400000000,101437384242,101437384465,223
100800000000,104400000000,101437384465,101437384729,264
100800000000,104400000000,101437384729,101437387225,2496
100800000000,104400000000,101437387225,101437391082,3857
100800000000,104400000000,101437391082,101438150392,759310
100800000000,104400000000,101438150392,101444217934,6067542
100800000000,104400000000,101444217934,101450482629,6264695
100800000000,104400000000,101450482629,101450482633,4
100800000000,104400000000,101450482633,101450482634,1
100800000000,104400000000,101450482634,101450491954,9320
100800000000,104400000000,101450491954,101450491966,12
100800000000,104400000000,101450491966,101450491984,18
100800000000,104400000000,101450491984,101450983407,491423
100800000000,104400000000,101450983407,101450992412,9005
100800000000,104400000000,101450992412,101450994833,2421
100800000000,104400000000,101450994833,101450997893,3060
100800000000,104400000000,101450997893,101451003312,5419
100800000000,104400000000,101451003312,101451006053,2741
100800000000,104400000000,101451006053,101451008386,2333
100800000000,104400000000,101451008386,101451010380,1994
100800000000,104400000000,101451010380,101451014122,3742
100800000000,104400000000,101451014122,101454156439,3142317
100800000000,104400000000,101454156439,101454367390,210951
100800000000,104400000000,101454367390,101455885010,1517620
100800000000,104400000000,101455885010,101455885028,18
100800000000,104400000000,101455885028,101455885045,17
100800000000,104400000000,101455885045,101459512791,3627746
100800000000,104400000000,101459512791,101460908011,1395220
100800000000,104400000000,101460908011,101460908015,4
100800000000,104400000000,101460908015,101460908144,129
100800000000,104400000000,101460908144,101460908167,23
100800000000,104400000000,101460908167,101460908171,4
100800000000,104400000000,101460908171,101460908172,1
100800000000,104400000000,101460908172,101460908173,1
100800000000,104400000000,101460908173,101460908218,45
100800000000,104400000000,101460908218,101460908230,12
100800000000,104400000000,101460908230,101460908243,13
100800000000,104400000000,101460908243,101460908255,12
100800000000,104400000000,101460908255,101460908267,12
100800000000,104400000000,101460908267,101460908279,12
100800000000,104400000000,101460908279,101460914584,6305
100800000000,104400000000,101460914584,101460914596,12
100800000000,104400000000,101460914596,101460914614,18
100800000000,104400000000,101460914614,101460914638,24
100800000000,104400000000,101460914638,101460914659,21
100800000000,104400000000,101460914659,101463073140,2158481
100800000000,104400000000,101463073140,101465423208,2350068
100800000000,104400000000,101465423208,101466744779,1321571
100800000000,104400000000,101466744779,101466744799,20
100800000000,104400000000,101466744799,101466744855,56
100800000000,104400000000,101466744855,101466745071,216
100800000000,104400000000,101466745071,101466757584,12513
100800000000,104400000000,101466757584,101466757637,53
100800000000,104400000000,101466757637,101467312379,554742
100800000000,104400000000,101467312379,101467424408,112029
100800000000,104400000000,101467424408,101467424410,2
100800000000,104400000000,101467424410,101469078818,1654408
100800000000,104400000000,101469078818,101469197359,118541
100800000000,104400000000,101469197359,101469197797,438
100800000000,104400000000,101469197797,101469197802,5
100800000000,104400000000,101469197802,101470822418,1624616
100800000000,104400000000,101470822418,101475127776,4305358
100800000000,104400000000,101475127776,101475139163,11387
100800000000,104400000000,101475139163,101475139173,10
100800000000,104400000000,101475139173,101486409531,11270358
100800000000,104400000000,101486409531,101495372241,8962710
100800000000,104400000000,101495372241,101495375314,3073
100800000000,104400000000,101495375314,101495377901,2587
100800000000,104400000000,101495377901,101495380625,2724
100800000000,104400000000,101495380625,101495382603,1978
100800000000,104400000000,101495382603,101495384928,2325
100800000000,104400000000,101495384928,101495387325,2397
100800000000,104400000000,101495387325,101495422229,34904
100800000000,104400000000,101495422229,101495431151,8922
100800000000,104400000000,101495431151,101495434405,3254
100800000000,104400000000,101495434405,101499651048,4216643
100800000000,104400000000,101499651048,101502159676,2508628
100800000000,104400000000,101502159676,101503676798,1517122
100800000000,104400000000,101503676798,101505474673,1797875
100800000000,104400000000,101505474673,101506730436,1255763
100800000000,104400000000,101506730436,101506730545,109
100800000000,104400000000,101506730545,101513090109,6359564
100800000000,104400000000,101513090109,101513090133,24
100800000000,104400000000,101513090133,101513090184,51
100800000000,104400000000,101513090184,101513090187,3
100800000000,104400000000,101513090187,101513090188,1
100800000000,104400000000,101513090188,101513090189,1
100800000000,104400000000,101513090189,101513092212,2023
100800000000,104400000000,101513092212,101513092216,4
100800000000,104400000000,101513092216,101513092217,1
100800000000,104400000000,101513092217,101513092244,27
100800000000,104400000000,101513092244,101513092268,24
100800000000,104400000000,101513092268,101513092286,18
100800000000,104400000000,101513092286,101513092301,15
100800000000,104400000000,101513092301,101513092327,26
100800000000,104400000000,101513092327,101513092343,16
100800000000,104400000000,101513092343,101513100227,7884
100800000000,104400000000,101513100227,101515818828,2718601
100800000000,104400000000,101515818828,101515818849,21
100800000000,104400000000,101515818849,101515823867,5018
100800000000,104400000000,101515823867,101515823872,5
100800000000,104400000000,101515823872,101515823877,5
100800000000,104400000000,101515823877,101516124955,301078
100800000000,104400000000,101516124955,101519619807,3494852
100800000000,104400000000,101519619807,101519637072,17265
100800000000,104400000000,101519637072,101522686265,3049193
100800000000,104400000000,101522686265,101522686353,88
100800000000,104400000000,101522686353,101522686358,5
100800000000,104400000000,101522686358,101525730680,3044322
100800000000,104400000000,101525730680,101525731151,471
100800000000,104400000000,101525731151,101525767164,36013
100800000000,104400000000,101525767164,101525767439,275
100800000000,104400000000,101525767439,101525767443,4
100800000000,104400000000,101525767443,101525767444,1
100800000000,104400000000,101525767444,101530080721,4313277
100800000000,104400000000,101530080721,101530083526,2805
100800000000,104400000000,101530083526,101531667206,1583680
100800000000,104400000000,101531667206,101531667787,581
100800000000,104400000000,101531667787,101534687294,3019507
100800000000,104400000000,101534687294,101534687297,3
100800000000,104400000000,101534687297,101539055915,4368618
100800000000,104400000000,101539055915,101540532443,1476528
100800000000,104400000000,101540532443,101540532443,0
100800000000,104400000000,101540532443,101542536816,2004373
100800000000,104400000000,101542536816,101542536923,107
100800000000,104400000000,101542536923,101542536928,5
100800000000,104400000000,101542536928,101549849681,7312753
100800000000,104400000000,101549849681,101551319005,1469324
100800000000,104400000000,101551319005,101551319018,13
100800000000,104400000000,101551319018,101551320373,1355
100800000000,104400000000,101551320373,101558784791,7464418
100800000000,104400000000,101558784791,101567945825,9161034
100800000000,104400000000,101567945825,101567945825,0
100800000000,104400000000,101567945825,101569966127,2020302
100800000000,104400000000,101569966127,101582257221,12291094
100800000000,104400000000,101582257221,101582883370,626149
100800000000,104400000000,101582883370,101592063184,9179814
100800000000,104400000000,101592063184,101592070319,7135
100800000000,104400000000,101592070319,101601424181,9353862
100800000000,104400000000,101601424181,101601424310,129
100800000000,104400000000,101601424310,101601424315,5
100800000000,104400000000,101601424315,101601424320,5
100800000000,104400000000,101601424320,101605108911,3684591
100800000000,104400000000,101605108911,101606693322,1584411
100800000000,104400000000,101606693322,101611669158,4975836
100800000000,104400000000,101611669158,101611784629,115471
100800000000,104400000000,101611784629,101611785372,743
100800000000,104400000000,101611785372,101611785404,32
100800000000,104400000000,101611785404,101619182835,7397431
100800000000,104400000000,101619182835,101619182839,4
100800000000,104400000000,101619182839,101619182840,1
100800000000,104400000000,101619182840,101619182841,1
100800000000,104400000000,101619182841,101624085149,4902308
100800000000,104400000000,101624085149,101624085176,27
100800000000,104400000000,101624085176,101624085181,5
100800000000,104400000000,101624085181,101628703422,4618241
100800000000,104400000000,101628703422,101628703669,247
100800000000,104400000000,101628703669,101628704009,340
100800000000,104400000000,101628704009,101628704013,4
100800000000,104400000000,101628704013,101628704014,1
100800000000,104400000000,101628704014,101634364737,5660723
100800000000,104400000000,101634364737,101634366005,1268
100800000000,104400000000,101634366005,101636273709,1907704
100800000000,104400000000,101636273709,101639156875,2883166
100800000000,104400000000,101639156875,101640825446,1668571
100800000000,104400000000,101640825446,101642363563,1538117
100800000000,104400000000,101642363563,101642567184,203621
100800000000,104400000000,101642567184,101642569834,2650
100800000000,104400000000,101642569834,101642576271,6437
100800000000,104400000000,101642576271,101642582594,6323
100800000000,104400000000,101642582594,101644012911,1430317
100800000000,104400000000,101644012911,101644119115,106204
100800000000,104400000000,101644119115,101644133375,14260
100800000000,104400000000,101644133375,101645676580,1543205
100800000000,104400000000,101645676580,101648581526,2904946
100800000000,104400000000,101648581526,101652087603,3506077
100800000000,104400000000,101652087603,101653807228,1719625
100800000000,104400000000,101653807228,101653807630,402
100800000000,104400000000,101653807630,101655383213,1575583
100800000000,104400000000,101655383213,101655383237,24
100800000000,104400000000,101655383237,101655383241,4
100800000000,104400000000,101655383241,101655383242,1
100800000000,104400000000,101655383242,101655383281,39
100800000000,104400000000,101655383281,101655383376,95
100800000000,104400000000,101655383376,101655383380,4
100800000000,104400000000,101655383380,101655383381,1
100800000000,104400000000,101655383381,101655383528,147
100800000000,104400000000,101655383528,101655383532,4
100800000000,104400000000,101655383532,101655383533,1
100800000000,104400000000,101655383533,101658452159,3068626
100800000000,104400000000,101658452159,101661929329,3477170
100800000000,104400000000,101661929329,101661929335,6
100800000000,104400000000,101661929335,101663277534,1348199
100800000000,104400000000,101663277534,101663277552,18
100800000000,104400000000,101663277552,101663278496,944
100800000000,104400000000,101663278496,101663278660,164
100800000000,104400000000,101663278660,101663278703,43
100800000000,104400000000,101663278703,101669069153,5790450
100800000000,104400000000,101669069153,101669071225,2072
100800000000,104400000000,101669071225,101670716079,1644854
100800000000,104400000000,101670716079,101671495068,778989
100800000000,104400000000,101671495068,101671495071,3
100800000000,104400000000,101671495071,101675623801,4128730
100800000000,104400000000,101675623801,101675626119,2318
100800000000,104400000000,101675626119,101675628552,2433
100800000000,104400000000,101675628552,101675630632,2080
100800000000,104400000000,101675630632,101675633161,2529
100800000000,104400000000,101675633161,101679007570,3374409
100800000000,104400000000,101679007570,101679007581,11
100800000000,104400000000,101679007581,101679007599,18
100800000000,104400000000,101679007599,101679837323,829724
100800000000,104400000000,101679837323,101687743347,7906024
100800000000,104400000000,101687743347,101687743351,4
100800000000,104400000000,101687743351,101687743352,1
100800000000,104400000000,101687743352,101687743364,12
100800000000,104400000000,101687743364,101687743377,13
100800000000,104400000000,101687743377,101687743390,13
100800000000,104400000000,101687743390,101687743403,13
100800000000,104400000000,101687743403,101687767643,24240
100800000000,104400000000,101687767643,101687767661,18
100800000000,104400000000,101687767661,101690624393,2856732
100800000000,104400000000,101690624393,101695871444,5247051
100800000000,104400000000,101695871444,101695871559,115
100800000000,104400000000,101695871559,101696778051,906492
100800000000,104400000000,101696778051,101696788884,10833
100800000000,104400000000,101696788884,101696789087,203
100800000000,104400000000,101696789087,101696789122,35
100800000000,104400000000,101696789122,101696789127,5
100800000000,104400000000,101696789127,101699964059,3174932
100800000000,104400000000,101699964059,101701320605,1356546
100800000000,104400000000,101701320605,101701334730,14125
100800000000,104400000000,101701334730,101702717046,1382316
100800000000,104400000000,101702717046,101704178335,1461289
100800000000,104400000000,101704178335,101704178341,6
100800000000,104400000000,101704178341,101704182885,4544
100800000000,104400000000,101704182885,101704182890,5
100800000000,104400000000,101704182890,101704182895,5
100800000000,104400000000,101704182895,101710831030,6648135
100800000000,104400000000,101710831030,101710833107,2077
100800000000,104400000000,101710833107,101710835968,2861
100800000000,104400000000,101710835968,101710838979,3011
100800000000,104400000000,101710838979,101710843624,4645
100800000000,104400000000,101710843624,101710845927,2303
100800000000,104400000000,101710845927,101710849085,3158
100800000000,104400000000,101710849085,101710851213,2128
100800000000,104400000000,101710851213,101710862943,11730
100800000000,104400000000,101710862943,101714043277,3180334
100800000000,104400000000,101714043277,101715638539,1595262
100800000000,104400000000,101715638539,101717090271,1451732
100800000000,104400000000,101717090271,101717090282,11
100800000000,104400000000,101717090282,101723440924,6350642
100800000000,104400000000,101723440924,101723441031,107
100800000000,104400000000,101723441031,101723441036,5
100800000000,104400000000,101723441036,101728593305,5152269
100800000000,104400000000,101728593305,101728593310,5
100800000000,104400000000,101728593310,101728593323,13
100800000000,104400000000,101728593323,101728593335,12
100800000000,104400000000,101728593335,101728593379,44
100800000000,104400000000,101728593379,101728593382,3
100800000000,104400000000,101728593382,101728593393,11
100800000000,104400000000,101728593393,101728593406,13
100800000000,104400000000,101728593406,101728593450,44
100800000000,104400000000,101728593450,101728593462,12
100800000000,104400000000,101728593462,101728593505,43
100800000000,104400000000,101728593505,101728593509,4
100800000000,104400000000,101728593509,101728593510,1
100800000000,104400000000,101728593510,101729650788,1057278
100800000000,104400000000,101729650788,101732942038,3291250
100800000000,104400000000,101732942038,101738469182,5527144
100800000000,104400000000,101738469182,101738469213,31
100800000000,104400000000,101738469213,101742258776,3789563
100800000000,104400000000,101742258776,101746400332,4141556
100800000000,104400000000,101746400332,101746413782,13450
100800000000,104400000000,101746413782,101748414599,2000817
100800000000,104400000000,101748414599,101748414610,11
100800000000,104400000000,101748414610,101751304347,2889737
100800000000,104400000000,101751304347,101752902352,1598005
100800000000,104400000000,101752902352,101752905304,2952
100800000000,104400000000,101752905304,101752927976,22672
100800000000,104400000000,101752927976,101752939610,11634
100800000000,104400000000,101752939610,101752947022,7412
100800000000,104400000000,101752947022,101752975507,28485
100800000000,104400000000,101752975507,101754688916,1713409
100800000000,104400000000,101754688916,101756236846,1547930
100800000000,104400000000,101756236846,101758935568,2698722
100800000000,104400000000,101758935568,101766382993,7447425
100800000000,104400000000,101766382993,101766382996,3
100800000000,104400000000,101766382996,101766383009,13
100800000000,104400000000,101766383009,101766383014,5
100800000000,104400000000,101766383014,101766383029,15
100800000000,104400000000,101766383029,101766409380,26351
100800000000,104400000000,101766409380,101766411182,1802
100800000000,104400000000,101766411182,101766411201,19
100800000000,104400000000,101766411201,101767623692,1212491
100800000000,104400000000,101767623692,101767623699,7
100800000000,104400000000,101767623699,101767623726,27
100800000000,104400000000,101767623726,101767623731,5
100800000000,104400000000,101767623731,101770931782,3308051
100800000000,104400000000,101770931782,101775546571,4614789
100800000000,104400000000,101775546571,101775546573,2
100800000000,104400000000,101775546573,101777057515,1510942
100800000000,104400000000,101777057515,101778432209,1374694
100800000000,104400000000,101778432209,101778432214,5
100800000000,104400000000,101778432214,101778432279,65
100800000000,104400000000,101778432279,101778432310,31
100800000000,104400000000,101778432310,101778432314,4
100800000000,104400000000,101778432314,101778432315,1
100800000000,104400000000,101778432315,101778432316,1
100800000000,104400000000,101778432316,101778432348,32
100800000000,104400000000,101778432348,101778432370,22
100800000000,104400000000,101778432370,101778432373,3
100800000000,104400000000,101778432373,101778432374,1
100800000000,104400000000,101778432374,101778432375,1
100800000000,104400000000,101778432375,101783350437,4918062
100800000000,104400000000,101783350437,101783352355,1918
100800000000,104400000000,101783352355,101783352379,24
100800000000,104400000000,101783352379,101783352385,6
100800000000,104400000000,101783352385,101783360239,7854
100800000000,104400000000,101783360239,101792030854,8670615
100800000000,104400000000,101792030854,101792032458,1604
100800000000,104400000000,101792032458,101793364741,1332283
100800000000,104400000000,101793364741,101793364744,3
100800000000,104400000000,101793364744,101798585571,5220827
100800000000,104400000000,101798585571,101798695570,109999
100800000000,104400000000,101798695570,101798759068,63498
100800000000,104400000000,101798759068,101798786214,27146
100800000000,104400000000,101798786214,101798804672,18458
100800000000,104400000000,101798804672,101798805020,348
100800000000,104400000000,101798805020,101809664775,10859755
100800000000,104400000000,101809664775,101815448577,5783802
100800000000,104400000000,101815448577,101815448588,11
100800000000,104400000000,101815448588,101815448613,25
100800000000,104400000000,101815448613,101815448617,4
100800000000,104400000000,101815448617,101815448618,1
100800000000,104400000000,101815448618,101815448635,17
100800000000,104400000000,101815448635,101819584139,4135504
100800000000,104400000000,101819584139,101819584146,7
100800000000,104400000000,101819584146,101819584163,17
100800000000,104400000000,101819584163,101819584168,5
100800000000,104400000000,101819584168,101824344571,4760403
100800000000,104400000000,101824344571,101824344598,27
100800000000,104400000000,101824344598,101825165711,821113
100800000000,104400000000,101825165711,101828507201,3341490
100800000000,104400000000,101828507201,101828510820,3619
100800000000,104400000000,101828510820,101828527445,16625
100800000000,104400000000,101828527445,101828529656,2211
100800000000,104400000000,101828529656,101828532290,2634
100800000000,104400000000,101828532290,101834061511,5529221
100800000000,104400000000,101834061511,101838078128,4016617
100800000000,104400000000,101838078128,101841247372,3169244
100800000000,104400000000,101841247372,101841251868,4496
100800000000,104400000000,101841251868,101841251882,14
100800000000,104400000000,101841251882,101841258240,6358
100800000000,104400000000,101841258240,101845063150,3804910
100800000000,104400000000,101845063150,101846354538,1291388
100800000000,104400000000,101846354538,101846357470,2932
100800000000,104400000000,101846357470,101847950306,1592836
100800000000,104400000000,101847950306,101847950388,82
100800000000,104400000000,101847950388,101849421279,1470891
100800000000,104400000000,101849421279,101849421283,4
100800000000,104400000000,101849421283,101849421351,68
100800000000,104400000000,101849421351,101849421552,201
100800000000,104400000000,101849421552,101849421556,4
100800000000,104400000000,101849421556,101849421557,1
100800000000,104400000000,101849421557,101849421558,1
100800000000,104400000000,101849421558,101849421592,34
100800000000,104400000000,101849421592,101849421617,25
100800000000,104400000000,101849421617,101849422087,470
100800000000,104400000000,101849422087,101853928827,4506740
100800000000,104400000000,101853928827,101855264955,1336128
100800000000,104400000000,101855264955,101855348370,83415
100800000000,104400000000,101855348370,101858068001,2719631
100800000000,104400000000,101858068001,101859492890,1424889
100800000000,104400000000,101859492890,101859492908,18
100800000000,104400000000,101859492908,101859493131,223
100800000000,104400000000,101859493131,101859493366,235
100800000000,104400000000,101859493366,101859494732,1366
100800000000,104400000000,101859494732,101867220345,7725613
100800000000,104400000000,101867220345,101867220363,18
100800000000,104400000000,101867220363,101867220478,115
100800000000,104400000000,101867220478,101867220482,4
100800000000,104400000000,101867220482,101867220483,1
100800000000,104400000000,101867220483,101867221017,534
100800000000,104400000000,101867221017,101867221021,4
100800000000,104400000000,101867221021,101868940617,1719596
100800000000,104400000000,101868940617,101869024738,84121
100800000000,104400000000,101869024738,101874451342,5426604
100800000000,104400000000,101874451342,101874451410,68
100800000000,104400000000,101874451410,101894290182,19838772
100800000000,104400000000,101894290182,101894442560,152378
100800000000,104400000000,101894442560,101894469306,26746
100800000000,104400000000,101894469306,101896310323,1841017
100800000000,104400000000,101896310323,101896311825,1502
100800000000,104400000000,101896311825,101896311858,33
100800000000,104400000000,101896311858,101896315281,3423
100800000000,104400000000,101896315281,101896315343,62
100800000000,104400000000,101896315343,101896315364,21
100800000000,104400000000,101896315364,101899000276,2684912
100800000000,104400000000,101899000276,101899199900,199624
100800000000,104400000000,101899199900,101899229384,29484
100800000000,104400000000,101899229384,101906220556,6991172
100800000000,104400000000,101906220556,101907830277,1609721
100800000000,104400000000,101907830277,101912230171,4399894
100800000000,104400000000,101912230171,101916042120,3811949
100800000000,104400000000,101916042120,101916050339,8219
100800000000,104400000000,101916050339,101916050349,10
100800000000,104400000000,101916050349,101917820029,1769680
100800000000,104400000000,101917820029,101917820144,115
100800000000,104400000000,101917820144,101917820167,23
100800000000,104400000000,101917820167,101917820171,4
100800000000,104400000000,101917820171,101917820172,1
100800000000,104400000000,101917820172,101917820173,1
100800000000,104400000000,101917820173,101918772156,951983
100800000000,104400000000,101918772156,101923625363,4853207
100800000000,104400000000,101923625363,101923625970,607
100800000000,104400000000,101923625970,101923625975,5
100800000000,104400000000,101923625975,101927051379,3425404
100800000000,104400000000,101927051379,101938692979,11641600
100800000000,104400000000,101938692979,101938692986,7
100800000000,104400000000,101938692986,101938693206,220
100800000000,104400000000,101938693206,101938693211,5
100800000000,104400000000,101938693211,101938694947,1736
100800000000,104400000000,101938694947,101940155607,1460660
100800000000,104400000000,101940155607,101940256458,100851
100800000000,104400000000,101940256458,101941635061,1378603
100800000000,104400000000,101941635061,101941635065,4
100800000000,104400000000,101941635065,101941635066,1
100800000000,104400000000,101941635066,101941635067,1
100800000000,104400000000,101941635067,101941635086,19
100800000000,104400000000,101941635086,101950383356,8748270
100800000000,104400000000,101950383356,101950383416,60
100800000000,104400000000,101950383416,101950792743,409327
100800000000,104400000000,101950792743,101952393655,1600912
100800000000,104400000000,101952393655,101953852318,1458663
100800000000,104400000000,101953852318,101953852327,9
100800000000,104400000000,101953852327,101953852384,57
100800000000,104400000000,101953852384,101953852389,5
100800000000,104400000000,101953852389,101953852394,5
100800000000,104400000000,101953852394,101953857013,4619
100800000000,104400000000,101953857013,101953857016,3
100800000000,104400000000,101953857016,101965731220,11874204
100800000000,104400000000,101965731220,101965731263,43
100800000000,104400000000,101965731263,101968072269,2341006
100800000000,104400000000,101968072269,101968072278,9
100800000000,104400000000,101968072278,101968072395,117
100800000000,104400000000,101968072395,101968072400,5
100800000000,104400000000,101968072400,101968072407,7
100800000000,104400000000,101968072407,101969790341,1717934
100800000000,104400000000,101969790341,101969794046,3705
100800000000,104400000000,101969794046,101969796446,2400
100800000000,104400000000,101969796446,101969798691,2245
100800000000,104400000000,101969798691,101976608293,6809602
100800000000,104400000000,101976608293,101979243032,2634739
100800000000,104400000000,101979243032,101983244974,4001942
100800000000,104400000000,101983244974,101983247390,2416
100800000000,104400000000,101983247390,101984536760,1289370
100800000000,104400000000,101984536760,101984541606,4846
100800000000,104400000000,101984541606,101985904026,1362420
100800000000,104400000000,101985904026,101985904045,19
100800000000,104400000000,101985904045,101985904056,11
100800000000,104400000000,101985904056,101985904075,19
100800000000,104400000000,101985904075,101985904079,4
100800000000,104400000000,101985904079,101987205866,1301787
100800000000,104400000000,101987205866,101987247707,41841
100800000000,104400000000,101987247707,101989852748,2605041
100800000000,104400000000,101989852748,101993843832,3991084
100800000000,104400000000,101993843832,101993843836,4
100800000000,104400000000,101993843836,101993843837,1
100800000000,104400000000,101993843837,101993843838,1
100800000000,104400000000,101993843838,102000754675,6910837
100800000000,104400000000,102000754675,102000759128,4453
100800000000,104400000000,102000759128,102000762096,2968
100800000000,104400000000,102000762096,102000782265,20169
100800000000,104400000000,102000782265,102000794937,12672
100800000000,104400000000,102000794937,102000828851,33914
100800000000,104400000000,102000828851,102002155239,1326388
100800000000,104400000000,102002155239,102002155275,36
100800000000,104400000000,102002155275,102002155278,3
100800000000,104400000000,102002155278,102002155279,1
100800000000,104400000000,102002155279,102002506233,350954
100800000000,104400000000,102002506233,102004247692,1741459
100800000000,104400000000,102004247692,102004247789,97
100800000000,104400000000,102004247789,102004326989,79200
100800000000,104400000000,102004326989,102004329138,2149
100800000000,104400000000,102004329138,102004336646,7508
100800000000,104400000000,102004336646,102005770848,1434202
100800000000,104400000000,102005770848,102005923944,153096
100800000000,104400000000,102005923944,102005926399,2455
100800000000,104400000000,102005926399,102006336660,410261
100800000000,104400000000,102006336660,102007724258,1387598
100800000000,104400000000,102007724258,102010227653,2503395
100800000000,104400000000,102010227653,102010227683,30
100800000000,104400000000,102010227683,102010227686,3
100800000000,104400000000,102010227686,102010227800,114
100800000000,104400000000,102010227800,102010228748,948
100800000000,104400000000,102010228748,102010265546,36798
100800000000,104400000000,102010265546,102010265550,4
100800000000,104400000000,102010265550,102010265565,15
100800000000,104400000000,102010265565,102010265608,43
100800000000,104400000000,102010265608,102011947292,1681684
100800000000,104400000000,102011947292,102013699504,1752212
100800000000,104400000000,102013699504,102019658905,5959401
100800000000,104400000000,102019658905,102019658908,3
100800000000,104400000000,102019658908,102020950395,1291487
100800000000,104400000000,102020950395,102020950420,25
100800000000,104400000000,102020950420,102020950503,83
100800000000,104400000000,102020950503,102020953312,2809
100800000000,104400000000,102020953312,102021124022,170710
100800000000,104400000000,102021124022,102026518925,5394903
100800000000,104400000000,102026518925,102026518956,31
100800000000,104400000000,102026518956,102029342291,2823335
100800000000,104400000000,102029342291,102029342302,11
100800000000,104400000000,102029342302,102031792697,2450395
100800000000,104400000000,102031792697,102031795223,2526
100800000000,104400000000,102031795223,102031797951,2728
100800000000,104400000000,102031797951,102031800854,2903
100800000000,104400000000,102031800854,102031804378,3524
100800000000,104400000000,102031804378,102031810406,6028
100800000000,104400000000,102031810406,102031812498,2092
100800000000,104400000000,102031812498,102038323322,6510824
100800000000,104400000000,102038323322,102038323334,12
100800000000,104400000000,102038323334,102046779188,8455854
100800000000,104400000000,102046779188,102046779201,13
100800000000,104400000000,102046779201,102046779238,37
100800000000,104400000000,102046779238,102046780581,1343
100800000000,104400000000,102046780581,102046781589,1008
100800000000,104400000000,102046781589,102046781592,3
100800000000,104400000000,102046781592,102046781593,1
100800000000,104400000000,102046781593,102046781651,58
100800000000,104400000000,102046781651,102046781681,30
100800000000,104400000000,102046781681,102050205364,3423683
100800000000,104400000000,102050205364,102050206086,722
100800000000,104400000000,102050206086,102053193388,2987302
100800000000,104400000000,102053193388,102053312438,119050
100800000000,104400000000,102053312438,102053312440,2
100800000000,104400000000,102053312440,102064408027,11095587
100800000000,104400000000,102064408027,102064839552,431525
100800000000,104400000000,102064839552,102064855794,16242
100800000000,104400000000,102064855794,102064867117,11323
100800000000,104400000000,102064867117,102066299440,1432323
100800000000,104400000000,102066299440,102068597066,2297626
100800000000,104400000000,102068597066,102072910819,4313753
100800000000,104400000000,102072910819,102072910822,3
100800000000,104400000000,102072910822,102072911849,1027
100800000000,104400000000,102072911849,102072911852,3
100800000000,104400000000,102072911852,102072911853,1
100800000000,104400000000,102072911853,102072911854,1
100800000000,104400000000,102072911854,102072914875,3021
100800000000,104400000000,102072914875,102072914878,3
100800000000,104400000000,102072914878,102072914998,120
100800000000,104400000000,102072914998,102072915002,4
100800000000,104400000000,102072915002,102072915003,1
100800000000,104400000000,102072915003,102072915004,1
100800000000,104400000000,102072915004,102073070332,155328
100800000000,104400000000,102073070332,102079726283,6655951
100800000000,104400000000,102079726283,102084007514,4281231
100800000000,104400000000,102084007514,102085428362,1420848
100800000000,104400000000,102085428362,102085428590,228
100800000000,104400000000,102085428590,102085428905,315
100800000000,104400000000,102085428905,102085466623,37718
100800000000,104400000000,102085466623,102085469586,2963
100800000000,104400000000,102085469586,102085541461,71875
100800000000,104400000000,102085541461,102089105443,3563982
100800000000,104400000000,102089105443,102089673974,568531
100800000000,104400000000,102089673974,102089715266,41292
100800000000,104400000000,102089715266,102089715273,7
100800000000,104400000000,102089715273,102089715361,88
100800000000,104400000000,102089715361,102089715366,5
100800000000,104400000000,102089715366,102089718527,3161
100800000000,104400000000,102089718527,102093329239,3610712
100800000000,104400000000,102093329239,102100261689,6932450
100800000000,104400000000,102100261689,102105501856,5240167
100800000000,104400000000,102105501856,102106760179,1258323
100800000000,104400000000,102106760179,102108181384,1421205
100800000000,104400000000,102108181384,102111545451,3364067
100800000000,104400000000,102111545451,102111545455,4
100800000000,104400000000,102111545455,102111545501,46
100800000000,104400000000,102111545501,102111545505,4
100800000000,104400000000,102111545505,102111545506,1
100800000000,104400000000,102111545506,102117142712,5597206
100800000000,104400000000,102117142712,102118759176,1616464
100800000000,104400000000,102118759176,102120595905,1836729
100800000000,104400000000,102120595905,102124069536,3473631
100800000000,104400000000,102124069536,102124169990,100454
100800000000,104400000000,102124169990,102132729157,8559167
100800000000,104400000000,102132729157,102135822046,3092889
100800000000,104400000000,102135822046,102138032749,2210703
100800000000,104400000000,102138032749,102138057734,24985
100800000000,104400000000,102138057734,102138057737,3
100800000000,104400000000,102138057737,102139865379,1807642
100800000000,104400000000,102139865379,102145143759,5278380
100800000000,104400000000,102145143759,102145143784,25
100800000000,104400000000,102145143784,102145143788,4
100800000000,104400000000,102145143788,102145143789,1
100800000000,104400000000,102145143789,102145144024,235
100800000000,104400000000,102145144024,102145150987,6963
100800000000,104400000000,102145150987,102149585823,4434836
100800000000,104400000000,102149585823,102150972057,1386234
100800000000,104400000000,102150972057,102150972117,60
100800000000,104400000000,102150972117,102150977314,5197
100800000000,104400000000,102150977314,102150977324,10
100800000000,104400000000,102150977324,102150977335,11
100800000000,104400000000,102150977335,102156549740,5572405
100800000000,104400000000,102156549740,102156549757,17
100800000000,104400000000,102156549757,102156549767,10
100800000000,104400000000,102156549767,102156776874,227107
100800000000,104400000000,102156776874,102156795845,18971
100800000000,104400000000,102156795845,102156810208,14363
100800000000,104400000000,102156810208,102156816943,6735
100800000000,104400000000,102156816943,102156823111,6168
100800000000,104400000000,102156823111,102156831937,8826
100800000000,104400000000,102156831937,102156841552,9615
100800000000,104400000000,102156841552,102158503647,1662095
100800000000,104400000000,102158503647,102158503651,4
100800000000,104400000000,102158503651,102162291452,3787801
100800000000,104400000000,102162291452,102162292105,653
100800000000,104400000000,102162292105,102162292116,11
100800000000,104400000000,102162292116,102162292142,26
100800000000,104400000000,102162292142,102162292265,123
100800000000,104400000000,102162292265,102162292291,26
100800000000,104400000000,102162292291,102162292302,11
100800000000,104400000000,102162292302,102167232624,4940322
100800000000,104400000000,102167232624,102167232628,4
100800000000,104400000000,102167232628,102167232688,60
100800000000,104400000000,102167232688,102167232692,4
100800000000,104400000000,102167232692,102167232693,1
100800000000,104400000000,102167232693,102167232745,52
100800000000,104400000000,102167232745,102167232749,4
100800000000,104400000000,102167232749,102167232802,53
100800000000,104400000000,102167232802,102167232827,25
100800000000,104400000000,102167232827,102167232831,4
100800000000,104400000000,102167232831,102167232832,1
100800000000,104400000000,102167232832,102167232833,1
100800000000,104400000000,102167232833,102167232878,45
100800000000,104400000000,102167232878,102167239318,6440
100800000000,104400000000,102167239318,102167239637,319
100800000000,104400000000,102167239637,102167569383,329746
100800000000,104400000000,102167569383,102167569398,15
100800000000,104400000000,102167569398,102169112083,1542685
100800000000,104400000000,102169112083,102170930767,1818684
100800000000,104400000000,102170930767,102170930844,77
100800000000,104400000000,102170930844,102170930849,5
100800000000,104400000000,102170930849,102172273652,1342803
100800000000,104400000000,102172273652,102172273683,31
100800000000,104400000000,102172273683,102172273873,190
100800000000,104400000000,102172273873,102172274688,815
100800000000,104400000000,102172274688,102172274731,43
100800000000,104400000000,102172274731,102172275635,904
100800000000,104400000000,102172275635,102172282274,6639
100800000000,104400000000,102172282274,102172282425,151
100800000000,104400000000,102172282425,102172283253,828
100800000000,104400000000,102172283253,102172283270,17
100800000000,104400000000,102172283270,102172283311,41
100800000000,104400000000,102172283311,102172780978,497667
100800000000,104400000000,102172780978,102175969392,3188414
100800000000,104400000000,102175969392,102175970688,1296
100800000000,104400000000,102175970688,102177283942,1313254
100800000000,104400000000,102177283942,102177289821,5879
100800000000,104400000000,102177289821,102177289833,12
100800000000,104400000000,102177289833,102177289851,18
100800000000,104400000000,102177289851,102177290009,158
100800000000,104400000000,102177290009,102181291711,4001702
100800000000,104400000000,102181291711,102181294922,3211
100800000000,104400000000,102181294922,102181294939,17
100800000000,104400000000,102181294939,102181294956,17
100800000000,104400000000,102181294956,102185870465,4575509
100800000000,104400000000,102185870465,102186100111,229646
100800000000,104400000000,102186100111,102186262698,162587
100800000000,104400000000,102186262698,102186354959,92261
100800000000,104400000000,102186354959,102186357959,3000
100800000000,104400000000,102186357959,102186381553,23594
100800000000,104400000000,102186381553,102186464656,83103
100800000000,104400000000,102186464656,102187835647,1370991
100800000000,104400000000,102187835647,102187835670,23
100800000000,104400000000,102187835670,102187835822,152
100800000000,104400000000,102187835822,102192540050,4704228
100800000000,104400000000,102192540050,102192540063,13
100800000000,104400000000,102192540063,102192540074,11
100800000000,104400000000,102192540074,102192540086,12
100800000000,104400000000,102192540086,102192540101,15
100800000000,104400000000,102192540101,102192540959,858
100800000000,104400000000,102192540959,102192541604,645
100800000000,104400000000,102192541604,102192541621,17
100800000000,104400000000,102192541621,102192546454,4833
100800000000,104400000000,102192546454,102194162258,1615804
100800000000,104400000000,102194162258,102197036426,2874168
100800000000,104400000000,102197036426,102198963068,1926642
100800000000,104400000000,102198963068,102200281324,1318256
100800000000,104400000000,102200281324,102201690966,1409642
100800000000,104400000000,102201690966,102205118940,3427974
100800000000,104400000000,102205118940,102206193031,1074091
100800000000,104400000000,102206193031,102210338272,4145241
100800000000,104400000000,102210338272,102211594040,1255768
100800000000,104400000000,102211594040,102213153062,1559022
100800000000,104400000000,102213153062,102214534027,1380965
100800000000,104400000000,102214534027,102214719417,185390
100800000000,104400000000,102214719417,102214719554,137
100800000000,104400000000,102214719554,102214719559,5
100800000000,104400000000,102214719559,102214719564,5
100800000000,104400000000,102214719564,102221149383,6429819
100800000000,104400000000,102221149383,102223578554,2429171
100800000000,104400000000,102223578554,102223578673,119
100800000000,104400000000,102223578673,102223578678,5
100800000000,104400000000,102223578678,102223578687,9
100800000000,104400000000,102223578687,102223578722,35
100800000000,104400000000,102223578722,102226145543,2566821
100800000000,104400000000,102226145543,102228379657,2234114
100800000000,104400000000,102228379657,102228553775,174118
100800000000,104400000000,102228553775,102231090510,2536735
100800000000,104400000000,102231090510,102231299682,209172
100800000000,104400000000,102231299682,102232643374,1343692
100800000000,104400000000,102232643374,102234520145,1876771
100800000000,104400000000,102234520145,102234520156,11
100800000000,104400000000,102234520156,102234520508,352
100800000000,104400000000,102234520508,102234520535,27
100800000000,104400000000,102234520535,102234520638,103
100800000000,104400000000,102234520638,102240313189,5792551
100800000000,104400000000,102240313189,102243289308,2976119
100800000000,104400000000,102243289308,102244716899,1427591
100800000000,104400000000,102244716899,102246398773,1681874
100800000000,104400000000,102246398773,102246697680,298907
100800000000,104400000000,102246697680,102248136163,1438483
100800000000,104400000000,102248136163,102248136167,4
100800000000,104400000000,102248136167,102248136168,1
100800000000,104400000000,102248136168,102255391577,7255409
100800000000,104400000000,102255391577,102255391600,23
100800000000,104400000000,102255391600,102255391604,4
100800000000,104400000000,102255391604,102255391605,1
100800000000,104400000000,102255391605,102255391606,1
100800000000,104400000000,102255391606,102255391674,68
100800000000,104400000000,102255391674,102255391677,3
100800000000,104400000000,102255391677,102255391678,1
100800000000,104400000000,102255391678,102255397127,5449
100800000000,104400000000,102255397127,102255662564,265437
100800000000,104400000000,102255662564,102258100764,2438200
100800000000,104400000000,102258100764,102258100771,7
100800000000,104400000000,102258100771,102258100888,117
100800000000,104400000000,102258100888,102258100895,7
100800000000,104400000000,102258100895,102259201546,1100651
100800000000,104400000000,102259201546,102260735260,1533714
100800000000,104400000000,102260735260,102260735269,9
100800000000,104400000000,102260735269,102260735387,118
100800000000,104400000000,102260735387,102260735392,5
100800000000,104400000000,102260735392,102260735397,5
100800000000,104400000000,102260735397,102260735812,415
100800000000,104400000000,102260735812,102262064729,1328917
100800000000,104400000000,102262064729,102262064754,25
100800000000,104400000000,102262064754,102262064975,221
100800000000,104400000000,102262064975,102262065006,31
100800000000,104400000000,102262065006,102270136874,8071868
100800000000,104400000000,102270136874,102270664024,527150
100800000000,104400000000,102270664024,102270664058,34
100800000000,104400000000,102270664058,102271915921,1251863
100800000000,104400000000,102271915921,102273281417,1365496
100800000000,104400000000,102273281417,102273292199,10782
100800000000,104400000000,102273292199,102274552935,1260736
100800000000,104400000000,102274552935,102277711155,3158220
100800000000,104400000000,102277711155,102277711338,183
100800000000,104400000000,102277711338,102286133969,8422631
100800000000,104400000000,102286133969,102286134332,363
100800000000,104400000000,102286134332,102286134349,17
100800000000,104400000000,102286134349,102286135592,1243
100800000000,104400000000,102286135592,102288575300,2439708
100800000000,104400000000,102288575300,102288575365,65
100800000000,104400000000,102288575365,102288575369,4
100800000000,104400000000,102288575369,102288575370,1
100800000000,104400000000,102288575370,102288575371,1
100800000000,104400000000,102288575371,102288575433,62
100800000000,104400000000,102288575433,102288575438,5
100800000000,104400000000,102288575438,102288575439,1
100800000000,104400000000,102288575439,102293085447,4510008
100800000000,104400000000,102293085447,102293090472,5025
100800000000,104400000000,102293090472,102293090477,5
100800000000,104400000000,102293090477,102293090514,37
100800000000,104400000000,102293090514,102296034879,2944365
100800000000,104400000000,102296034879,102297138715,1103836
100800000000,104400000000,102297138715,102297217229,78514
100800000000,104400000000,102297217229,102300094777,2877548
100800000000,104400000000,102300094777,102300094777,0
100800000000,104400000000,102300094777,102303362448,3267671
100800000000,104400000000,102303362448,102303413457,51009
100800000000,104400000000,102303413457,102304692281,1278824
100800000000,104400000000,102304692281,102304763485,71204
100800000000,104400000000,102304763485,102304763999,514
100800000000,104400000000,102304763999,102304764004,5
100800000000,104400000000,102304764004,102306222844,1458840
100800000000,104400000000,102306222844,102306222848,4
100800000000,104400000000,102306222848,102306222849,1
100800000000,104400000000,102306222849,102309034829,2811980
100800000000,104400000000,102309034829,102310229071,1194242
100800000000,104400000000,102310229071,102313106193,2877122
100800000000,104400000000,102313106193,102313106225,32
100800000000,104400000000,102313106225,102313106828,603
100800000000,104400000000,102313106828,102313106833,5
100800000000,104400000000,102313106833,102317459174,4352341
100800000000,104400000000,102317459174,102320948060,3488886
100800000000,104400000000,102320948060,102324142107,3194047
100800000000,104400000000,102324142107,102324995160,853053
100800000000,104400000000,102324995160,102324995711,551
100800000000,104400000000,102324995711,102324995716,5
100800000000,104400000000,102324995716,102326199722,1204006
100800000000,104400000000,102326199722,102326201636,1914
100800000000,104400000000,102326201636,102326201671,35
100800000000,104400000000,102326201671,102326201888,217
100800000000,104400000000,102326201888,102326202023,135
100800000000,104400000000,102326202023,102326325936,123913
100800000000,104400000000,102326325936,102326325936,0
100800000000,104400000000,102326325936,102326390844,64908
100800000000,104400000000,102326390844,102326390844,0
100800000000,104400000000,102326390844,102326876083,485239
100800000000,104400000000,102326876083,102326876087,4
100800000000,104400000000,102326876087,102326876115,28
100800000000,104400000000,102326876115,102326876120,5
100800000000,104400000000,102326876120,102326876429,309
100800000000,104400000000,102326876429,102326877577,1148
100800000000,104400000000,102326877577,102328806934,1929357
100800000000,104400000000,102328806934,102328837950,31016
100800000000,104400000000,102328837950,102328841450,3500
100800000000,104400000000,102328841450,102331313810,2472360
100800000000,104400000000,102331313810,102331313827,17
100800000000,104400000000,102331313827,102331313858,31
100800000000,104400000000,102331313858,102331314077,219
100800000000,104400000000,102331314077,102331316050,1973
100800000000,104400000000,102331316050,102335892331,4576281
100800000000,104400000000,102335892331,102335892356,25
100800000000,104400000000,102335892356,102335892381,25
100800000000,104400000000,102335892381,102335892385,4
100800000000,104400000000,102335892385,102335892386,1
100800000000,104400000000,102335892386,102335898632,6246
100800000000,104400000000,102335898632,102337737372,1838740
100800000000,104400000000,102337737372,102339076122,1338750
100800000000,104400000000,102339076122,102339081535,5413
100800000000,104400000000,102339081535,102339345207,263672
100800000000,104400000000,102339345207,102340751806,1406599
100800000000,104400000000,102340751806,102345247229,4495423
100800000000,104400000000,102345247229,102345253817,6588
100800000000,104400000000,102345253817,102346961401,1707584
100800000000,104400000000,102346961401,102348362507,1401106
100800000000,104400000000,102348362507,102352390156,4027649
100800000000,104400000000,102352390156,102352436376,46220
100800000000,104400000000,102352436376,102352442050,5674
100800000000,104400000000,102352442050,102353496273,1054223
100800000000,104400000000,102353496273,102355486625,1990352
100800000000,104400000000,102355486625,102355487670,1045
100800000000,104400000000,102355487670,102356780170,1292500
100800000000,104400000000,102356780170,102356780182,12
100800000000,104400000000,102356780182,102356780194,12
100800000000,104400000000,102356780194,102356920597,140403
100800000000,104400000000,102356920597,102356920634,37
100800000000,104400000000,102356920634,102356920639,5
100800000000,104400000000,102356920639,102358713682,1793043
100800000000,104400000000,102358713682,102360086117,1372435
100800000000,104400000000,102360086117,102360086176,59
100800000000,104400000000,102360086176,102360086181,5
100800000000,104400000000,102360086181,102360086186,5
100800000000,104400000000,102360086186,102368715592,8629406
100800000000,104400000000,102368715592,102368718413,2821
100800000000,104400000000,102368718413,102369123751,405338
100800000000,104400000000,102369123751,102369124018,267
100800000000,104400000000,102369124018,102369124023,5
100800000000,104400000000,102369124023,102370790275,1666252
100800000000,104400000000,102370790275,102370791987,1712
100800000000,104400000000,102370791987,102370791989,2
100800000000,104400000000,102370791989,102372058300,1266311
100800000000,104400000000,102372058300,102372058311,11
100800000000,104400000000,102372058311,102373314402,1256091
100800000000,104400000000,102373314402,102373472632,158230
100800000000,104400000000,102373472632,102373475254,2622
100800000000,104400000000,102373475254,102373478064,2810
100800000000,104400000000,102373478064,102373480894,2830
100800000000,104400000000,102373480894,102373484645,3751
100800000000,104400000000,102373484645,102377189213,3704568
100800000000,104400000000,102377189213,102377189262,49
100800000000,104400000000,102377189262,102377189265,3
100800000000,104400000000,102377189265,102377189288,23
100800000000,104400000000,102377189288,102377189292,4
100800000000,104400000000,102377189292,102377189301,9
100800000000,104400000000,102377189301,102377189313,12
100800000000,104400000000,102377189313,102380833531,3644218
100800000000,104400000000,102380833531,102380838421,4890
100800000000,104400000000,102380838421,102382409473,1571052
100800000000,104400000000,102382409473,102382409574,101
100800000000,104400000000,102382409574,102382409581,7
100800000000,104400000000,102382409581,102383653350,1243769
100800000000,104400000000,102383653350,102385167479,1514129
100800000000,104400000000,102385167479,102385167506,27
100800000000,104400000000,102385167506,102385167511,5
100800000000,104400000000,102385167511,102389490952,4323441
100800000000,104400000000,102389490952,102389491072,120
100800000000,104400000000,102389491072,102389491089,17
100800000000,104400000000,102389491089,102391158791,1667702
100800000000,104400000000,102391158791,102392650698,1491907
100800000000,104400000000,102392650698,102392654937,4239
100800000000,104400000000,102392654937,102392679583,24646
100800000000,104400000000,102392679583,102399577158,6897575
100800000000,104400000000,102399577158,102399577169,11
100800000000,104400000000,102399577169,102399577386,217
100800000000,104400000000,102399577386,102400475483,898097
100800000000,104400000000,102400475483,102401678358,1202875
100800000000,104400000000,102401678358,102401678474,116
100800000000,104400000000,102401678474,102401678479,5
100800000000,104400000000,102401678479,102401678486,7
100800000000,104400000000,102401678486,102403641149,1962663
100800000000,104400000000,102403641149,102403642379,1230
100800000000,104400000000,102403642379,102403642470,91
100800000000,104400000000,102403642470,102403642475,5
100800000000,104400000000,102403642475,102410421613,6779138
100800000000,104400000000,102410421613,102410421617,4
100800000000,104400000000,102410421617,102410421655,38
100800000000,104400000000,102410421655,102410421660,5
100800000000,104400000000,102410421660,102411754066,1332406
100800000000,104400000000,102411754066,102412376297,622231
100800000000,104400000000,102412376297,102413744061,1367764
100800000000,104400000000,102413744061,102415347405,1603344
100800000000,104400000000,102415347405,102415347408,3
100800000000,104400000000,102415347408,102417043846,1696438
100800000000,104400000000,102417043846,102417045907,2061
100800000000,104400000000,102417045907,102418509139,1463232
100800000000,104400000000,102418509139,102418543273,34134
100800000000,104400000000,102418543273,102418549472,6199
100800000000,104400000000,102418549472,102421348627,2799155
100800000000,104400000000,102421348627,102421586690,238063
100800000000,104400000000,102421586690,102421590200,3510
100800000000,104400000000,102421590200,102421599523,9323
100800000000,104400000000,102421599523,102422814884,1215361
100800000000,104400000000,102422814884,102422825463,10579
100800000000,104400000000,102422825463,102424089097,1263634
100800000000,104400000000,102424089097,102424089101,4
100800000000,104400000000,102424089101,102424089119,18
100800000000,104400000000,102424089119,102424332121,243002
100800000000,104400000000,102424332121,102424341559,9438
100800000000,104400000000,102424341559,102424341652,93
100800000000,104400000000,102424341652,102424341667,15
100800000000,104400000000,102424341667,102425621337,1279670
100800000000,104400000000,102425621337,102426858625,1237288
100800000000,104400000000,102426858625,102428497134,1638509
100800000000,104400000000,102428497134,102428497185,51
100800000000,104400000000,102428497185,102428497192,7
100800000000,104400000000,102428497192,102428497197,5
100800000000,104400000000,102428497197,102429890769,1393572
100800000000,104400000000,102429890769,102429890773,4
100800000000,104400000000,102429890773,102429890887,114
100800000000,104400000000,102429890887,102429890891,4
100800000000,104400000000,102429890891,102429890892,1
100800000000,104400000000,102429890892,102429890893,1
100800000000,104400000000,102429890893,102429891227,334
100800000000,104400000000,102429891227,102429891239,12
100800000000,104400000000,102429891239,102429894869,3630
100800000000,104400000000,102429894869,102430131555,236686
100800000000,104400000000,102430131555,102434084600,3953045
100800000000,104400000000,102434084600,102435300704,1216104
100800000000,104400000000,102435300704,102436584027,1283323
100800000000,104400000000,102436584027,102437693196,1109169
100800000000,104400000000,102437693196,102437693384,188
100800000000,104400000000,102437693384,102437695314,1930
100800000000,104400000000,102437695314,102437701857,6543
100800000000,104400000000,102437701857,102437701868,11
100800000000,104400000000,102437701868,102443604524,5902656
100800000000,104400000000,102443604524,102443605963,1439
100800000000,104400000000,102443605963,102445028201,1422238
100800000000,104400000000,102445028201,102445028260,59
100800000000,104400000000,102445028260,102445028264,4
100800000000,104400000000,102445028264,102445580502,552238
100800000000,104400000000,102445580502,102450155933,4575431
100800000000,104400000000,102450155933,102452551079,2395146
100800000000,104400000000,102452551079,102455255193,2704114
100800000000,104400000000,102455255193,102459196086,3940893
100800000000,104400000000,102459196086,102459279792,83706
100800000000,104400000000,102459279792,102459280078,286
100800000000,104400000000,102459280078,102459283848,3770
100800000000,104400000000,102459283848,102462476316,3192468
100800000000,104400000000,102462476316,102464361145,1884829
100800000000,104400000000,102464361145,102465740501,1379356
100800000000,104400000000,102465740501,102466997645,1257144
100800000000,104400000000,102466997645,102467085094,87449
100800000000,104400000000,102467085094,102469723670,2638576
100800000000,104400000000,102469723670,102469723674,4
100800000000,104400000000,102469723674,102469723675,1
100800000000,104400000000,102469723675,102469723676,1
100800000000,104400000000,102469723676,102473067223,3343547
100800000000,104400000000,102473067223,102473070542,3319
100800000000,104400000000,102473070542,102473093565,23023
100800000000,104400000000,102473093565,102475872638,2779073
100800000000,104400000000,102475872638,102477209322,1336684
100800000000,104400000000,102477209322,102481444180,4234858
100800000000,104400000000,102481444180,102484411025,2966845
100800000000,104400000000,102484411025,102484411029,4
100800000000,104400000000,102484411029,102484411038,9
100800000000,104400000000,102484411038,102484411063,25
100800000000,104400000000,102484411063,102484433504,22441
100800000000,104400000000,102484433504,102484433508,4
100800000000,104400000000,102484433508,102485453029,1019521
100800000000,104400000000,102485453029,102487098776,1645747
100800000000,104400000000,102487098776,102487113492,14716
100800000000,104400000000,102487113492,102487113504,12
100800000000,104400000000,102487113504,102487114684,1180
100800000000,104400000000,102487114684,102487114736,52
100800000000,104400000000,102487114736,102487114741,5
100800000000,104400000000,102487114741,102487114746,5
100800000000,104400000000,102487114746,102489385312,2270566
100800000000,104400000000,102489385312,102497851089,8465777
100800000000,104400000000,102497851089,102497912276,61187
100800000000,104400000000,102497912276,102499152567,1240291
100800000000,104400000000,102499152567,102500746318,1593751
100800000000,104400000000,102500746318,102500746395,77
100800000000,104400000000,102500746395,102500746402,7
100800000000,104400000000,102500746402,102502071508,1325106
100800000000,104400000000,102502071508,102502079488,7980
100800000000,104400000000,102502079488,102502088988,9500
100800000000,104400000000,102502088988,102512981590,10892602
100800000000,104400000000,102512981590,102512981597,7
100800000000,104400000000,102512981597,102512981701,104
100800000000,104400000000,102512981701,102512981717,16
100800000000,104400000000,102512981717,102515559000,2577283
100800000000,104400000000,102515559000,102515559005,5
100800000000,104400000000,102515559005,102515559042,37
100800000000,104400000000,102515559042,102515559047,5
100800000000,104400000000,102515559047,102515559048,1
100800000000,104400000000,102515559048,102515559049,1
100800000000,104400000000,102515559049,102515559129,80
100800000000,104400000000,102515559129,102515570080,10951
100800000000,104400000000,102515570080,102515570084,4
100800000000,104400000000,102515570084,102515570085,1
100800000000,104400000000,102515570085,102515570086,1
100800000000,104400000000,102515570086,102515570147,61
100800000000,104400000000,102515570147,102515570151,4
100800000000,104400000000,102515570151,102515570152,1
100800000000,104400000000,102515570152,102515570153,1
100800000000,104400000000,102515570153,102516221889,651736
100800000000,104400000000,102516221889,102516226915,5026
100800000000,104400000000,102516226915,102516226920,5
100800000000,104400000000,102516226920,102516226937,17
100800000000,104400000000,102516226937,102520948111,4721174
100800000000,104400000000,102520948111,102523803677,2855566
100800000000,104400000000,102523803677,102523803708,31
100800000000,104400000000,102523803708,102523803896,188
100800000000,104400000000,102523803896,102525995662,2191766
100800000000,104400000000,102525995662,102528991409,2995747
100800000000,104400000000,102528991409,102528991615,206
100800000000,104400000000,102528991615,102528991620,5
100800000000,104400000000,102528991620,102532242818,3251198
100800000000,104400000000,102532242818,102534639221,2396403
100800000000,104400000000,102534639221,102535965379,1326158
100800000000,104400000000,102535965379,102536013382,48003
100800000000,104400000000,102536013382,102536039214,25832
100800000000,104400000000,102536039214,102536094497,55283
100800000000,104400000000,102536094497,102545817497,9723000
100800000000,104400000000,102545817497,102545817506,9
100800000000,104400000000,102545817506,102545819401,1895
100800000000,104400000000,102545819401,102545819406,5
100800000000,104400000000,102545819406,102545819427,21
100800000000,104400000000,102545819427,102549230694,3411267
100800000000,104400000000,102549230694,102549242180,11486
100800000000,104400000000,102549242180,102550532683,1290503
100800000000,104400000000,102550532683,102550532702,19
100800000000,104400000000,102550532702,102550532706,4
100800000000,104400000000,102550532706,102550532707,1
100800000000,104400000000,102550532707,102550533337,630
100800000000,104400000000,102550533337,102550533368,31
100800000000,104400000000,102550533368,102550533615,247
100800000000,104400000000,102550533615,102553509356,2975741
100800000000,104400000000,102553509356,102556166475,2657119
100800000000,104400000000,102556166475,102560314220,4147745
100800000000,104400000000,102560314220,102560330265,16045
100800000000,104400000000,102560330265,102560330269,4
100800000000,104400000000,102560330269,102560330270,1
100800000000,104400000000,102560330270,102563726694,3396424
100800000000,104400000000,102563726694,102568585394,4858700
100800000000,104400000000,102568585394,102568585398,4
100800000000,104400000000,102568585398,102568585399,1
100800000000,104400000000,102568585399,102575294728,6709329
100800000000,104400000000,102575294728,102575317345,22617
100800000000,104400000000,102575317345,102575339411,22066
100800000000,104400000000,102575339411,102575347443,8032
100800000000,104400000000,102575347443,102578229071,2881628
100800000000,104400000000,102578229071,102579495848,1266777
100800000000,104400000000,102579495848,102579496149,301
100800000000,104400000000,102579496149,102582279395,2783246
100800000000,104400000000,102582279395,102584883110,2603715
100800000000,104400000000,102584883110,102586136640,1253530
100800000000,104400000000,102586136640,102586136644,4
100800000000,104400000000,102586136644,102586136645,1
100800000000,104400000000,102586136645,102586136714,69
100800000000,104400000000,102586136714,102586136743,29
100800000000,104400000000,102586136743,102586136790,47
100800000000,104400000000,102586136790,102597961085,11824295
100800000000,104400000000,102597961085,102601157331,3196246
100800000000,104400000000,102601157331,102601217838,60507
100800000000,104400000000,102601217838,102602762220,1544382
100800000000,104400000000,102602762220,102602770877,8657
100800000000,104400000000,102602770877,102602771308,431
100800000000,104400000000,102602771308,102606788703,4017395
100800000000,104400000000,102606788703,102606866201,77498
100800000000,104400000000,102606866201,102610002702,3136501
100800000000,104400000000,102610002702,102610513019,510317
100800000000,104400000000,102610513019,102610513246,227
100800000000,104400000000,102610513246,102610513257,11
100800000000,104400000000,102610513257,102611731663,1218406
100800000000,104400000000,102611731663,102613253961,1522298
100800000000,104400000000,102613253961,102614945123,1691162
100800000000,104400000000,102614945123,102614948513,3390
100800000000,104400000000,102614948513,102614948513,0
100800000000,104400000000,102614948513,102616418205,1469692
100800000000,104400000000,102616418205,102616418618,413
100800000000,104400000000,102616418618,102616418628,10
100800000000,104400000000,102616418628,102621722081,5303453
100800000000,104400000000,102621722081,102631095222,9373141
100800000000,104400000000,102631095222,102631099272,4050
100800000000,104400000000,102631099272,102631105422,6150
100800000000,104400000000,102631105422,102634905342,3799920
100800000000,104400000000,102634905342,102634907257,1915
100800000000,104400000000,102634907257,102634907274,17
100800000000,104400000000,102634907274,102634907300,26
100800000000,104400000000,102634907300,102634907941,641
100800000000,104400000000,102634907941,102635276386,368445
100800000000,104400000000,102635276386,102641330268,6053882
100800000000,104400000000,102641330268,102641330280,12
100800000000,104400000000,102641330280,102641330292,12
100800000000,104400000000,102641330292,102641333602,3310
100800000000,104400000000,102641333602,102642889278,1555676
100800000000,104400000000,102642889278,102642889278,0
100800000000,104400000000,102642889278,102648217825,5328547
100800000000,104400000000,102648217825,102648224722,6897
100800000000,104400000000,102648224722,102648224758,36
100800000000,104400000000,102648224758,102648532320,307562
100800000000,104400000000,102648532320,102648532419,99
100800000000,104400000000,102648532419,102648532424,5
100800000000,104400000000,102648532424,102648532431,7
100800000000,104400000000,102648532431,102654642171,6109740
100800000000,104400000000,102654642171,102654642201,30
100800000000,104400000000,102654642201,102654642218,17
100800000000,104400000000,102654642218,102654642243,25
100800000000,104400000000,102654642243,102654642269,26
100800000000,104400000000,102654642269,102654642989,720
100800000000,104400000000,102654642989,102654643688,699
100800000000,104400000000,102654643688,102655168957,525269
100800000000,104400000000,102655168957,102656762489,1593532
100800000000,104400000000,102656762489,102656768776,6287
100800000000,104400000000,102656768776,102662508499,5739723
100800000000,104400000000,102662508499,102662508514,15
100800000000,104400000000,102662508514,102662508532,18
100800000000,104400000000,102662508532,102662510472,1940
100800000000,104400000000,102662510472,102664416588,1906116
100800000000,104400000000,102664416588,102664416590,2
100800000000,104400000000,102664416590,102664417083,493
100800000000,104400000000,102664417083,102664420141,3058
100800000000,104400000000,102664420141,102664420887,746
100800000000,104400000000,102664420887,102664420888,1
100800000000,104400000000,102664420888,102669751965,5331077
100800000000,104400000000,102669751965,102671029079,1277114
100800000000,104400000000,102671029079,102671029083,4
100800000000,104400000000,102671029083,102671029084,1
100800000000,104400000000,102671029084,102671029220,136
100800000000,104400000000,102671029220,102671029907,687
100800000000,104400000000,102671029907,102673736158,2706251
100800000000,104400000000,102673736158,102678667446,4931288
100800000000,104400000000,102678667446,102678667464,18
100800000000,104400000000,102678667464,102678667481,17
100800000000,104400000000,102678667481,102678667524,43
100800000000,104400000000,102678667524,102678670290,2766
100800000000,104400000000,102678670290,102680117474,1447184
100800000000,104400000000,102680117474,102680170279,52805
100800000000,104400000000,102680170279,102685188809,5018530
100800000000,104400000000,102685188809,102689759352,4570543
100800000000,104400000000,102689759352,102689835491,76139
100800000000,104400000000,102689835491,102692659892,2824401
100800000000,104400000000,102692659892,102692783962,124070
100800000000,104400000000,102692783962,102697712020,4928058
100800000000,104400000000,102697712020,102699923799,2211779
100800000000,104400000000,102699923799,102699923803,4
100800000000,104400000000,102699923803,102699923804,1
100800000000,104400000000,102699923804,102699923805,1
100800000000,104400000000,102699923805,102699933250,9445
100800000000,104400000000,102699933250,102699933260,10
100800000000,104400000000,102699933260,102706580551,6647291
100800000000,104400000000,102706580551,102707747896,1167345
100800000000,104400000000,102707747896,102707748118,222
100800000000,104400000000,102707748118,102707757907,9789
100800000000,104400000000,102707757907,102707766246,8339
100800000000,104400000000,102707766246,102707766264,18
100800000000,104400000000,102707766264,102708392902,626638
100800000000,104400000000,102708392902,102708562700,169798
100800000000,104400000000,102708562700,102710862005,2299305
100800000000,104400000000,102710862005,102712173392,1311387
100800000000,104400000000,102712173392,102716121737,3948345
100800000000,104400000000,102716121737,102720286172,4164435
100800000000,104400000000,102720286172,102720332734,46562
100800000000,104400000000,102720332734,102720340221,7487
100800000000,104400000000,102720340221,102722887385,2547164
100800000000,104400000000,102722887385,102722887677,292
100800000000,104400000000,102722887677,102725329947,2442270
100800000000,104400000000,102725329947,102726390029,1060082
100800000000,104400000000,102726390029,102732552898,6162869
100800000000,104400000000,102732552898,102735036458,2483560
100800000000,104400000000,102735036458,102735036462,4
100800000000,104400000000,102735036462,102735036463,1
100800000000,104400000000,102735036463,102735036464,1
100800000000,104400000000,102735036464,102735036557,93
100800000000,104400000000,102735036557,102735036561,4
100800000000,104400000000,102735036561,102735036562,1
100800000000,104400000000,102735036562,102735036563,1
100800000000,104400000000,102735036563,102735036825,262
100800000000,104400000000,102735036825,102738247886,3211061
100800000000,104400000000,102738247886,102739547241,1299355
100800000000,104400000000,102739547241,102739547244,3
100800000000,104400000000,102739547244,102744477066,4929822
100800000000,104400000000,102744477066,102744477081,15
100800000000,104400000000,102744477081,102744477303,222
100800000000,104400000000,102744477303,102744478622,1319
100800000000,104400000000,102744478622,102744478834,212
100800000000,104400000000,102744478834,102744493366,14532
100800000000,104400000000,102744493366,102749853702,5360336
100800000000,104400000000,102749853702,102753717149,3863447
100800000000,104400000000,102753717149,102753727404,10255
100800000000,104400000000,102753727404,102755566641,1839237
100800000000,104400000000,102755566641,102760386326,4819685
100800000000,104400000000,102760386326,102760466326,80000
100800000000,104400000000,102760466326,102763330558,2864232
100800000000,104400000000,102763330558,102763330575,17
100800000000,104400000000,102763330575,102773243337,9912762
100800000000,104400000000,102773243337,102773243341,4
100800000000,104400000000,102773243341,102773243342,1
100800000000,104400000000,102773243342,102773243400,58
100800000000,104400000000,102773243400,102775078335,1834935
100800000000,104400000000,102775078335,102775079457,1122
100800000000,104400000000,102775079457,102775079497,40
100800000000,104400000000,102775079497,102778249557,3170060
100800000000,104400000000,102778249557,102779549673,1300116
100800000000,104400000000,102779549673,102779550058,385
100800000000,104400000000,102779550058,102779550065,7
100800000000,104400000000,102779550065,102779550491,426
100800000000,104400000000,102779550491,102779550500,9
100800000000,104400000000,102779550500,102780849580,1299080
100800000000,104400000000,102780849580,102782634709,1785129
100800000000,104400000000,102782634709,102785084293,2449584
100800000000,104400000000,102785084293,102785084563,270
100800000000,104400000000,102785084563,102785086469,1906
100800000000,104400000000,102785086469,102785086480,11
100800000000,104400000000,102785086480,102786908982,1822502
100800000000,104400000000,102786908982,102788103644,1194662
100800000000,104400000000,102788103644,102792328833,4225189
100800000000,104400000000,102792328833,102792329605,772
100800000000,104400000000,102792329605,102792329625,20
100800000000,104400000000,102792329625,102795389652,3060027
100800000000,104400000000,102795389652,102796678468,1288816
100800000000,104400000000,102796678468,102796679202,734
100800000000,104400000000,102796679202,102796679279,77
100800000000,104400000000,102796679279,102802932232,6252953
100800000000,104400000000,102802932232,102806816815,3884583
100800000000,104400000000,102806816815,102806823755,6940
100800000000,104400000000,102806823755,102808179659,1355904
100800000000,104400000000,102808179659,102812005938,3826279
100800000000,104400000000,102812005938,102814236768,2230830
100800000000,104400000000,102814236768,102815235439,998671
100800000000,104400000000,102815235439,102815235444,5
100800000000,104400000000,102815235444,102815235445,1
100800000000,104400000000,102815235445,102827362263,12126818
100800000000,104400000000,102827362263,102827362263,0
100800000000,104400000000,102827362263,102830023971,2661708
100800000000,104400000000,102830023971,102830023975,4
100800000000,104400000000,102830023975,102830024109,134
100800000000,104400000000,102830024109,102830024114,5
100800000000,104400000000,102830024114,102830025418,1304
100800000000,104400000000,102830025418,102830025423,5
100800000000,104400000000,102830025423,102830025424,1
100800000000,104400000000,102830025424,102831184147,1158723
100800000000,104400000000,102831184147,102831185349,1202
100800000000,104400000000,102831185349,102832567890,1382541
100800000000,104400000000,102832567890,102834375559,1807669
100800000000,104400000000,102834375559,102835757012,1381453
100800000000,104400000000,102835757012,102835757129,117
100800000000,104400000000,102835757129,102835757134,5
100800000000,104400000000,102835757134,102837096837,1339703
100800000000,104400000000,102837096837,102837096853,16
100800000000,104400000000,102837096853,102838572618,1475765
100800000000,104400000000,102838572618,102838574012,1394
100800000000,104400000000,102838574012,102838574023,11
100800000000,104400000000,102838574023,102838574028,5
100800000000,104400000000,102838574028,102843350323,4776295
100800000000,104400000000,102843350323,102845947264,2596941
100800000000,104400000000,102845947264,102847895624,1948360
100800000000,104400000000,102847895624,102847997479,101855
100800000000,104400000000,102847997479,102848430248,432769
100800000000,104400000000,102848430248,102850642425,2212177
100800000000,104400000000,102850642425,102852441590,1799165
100800000000,104400000000,102852441590,102852441590,0
100800000000,104400000000,102852441590,102857390012,4948422
100800000000,104400000000,102857390012,102857390387,375
100800000000,104400000000,102857390387,102857390392,5
100800000000,104400000000,102857390392,102857390397,5
100800000000,104400000000,102857390397,102863188736,5798339
100800000000,104400000000,102863188736,102863195625,6889
100800000000,104400000000,102863195625,102865013966,1818341
100800000000,104400000000,102865013966,102866475474,1461508
100800000000,104400000000,102866475474,102866475478,4
100800000000,104400000000,102866475478,102866476495,1017
100800000000,104400000000,102866476495,102866477403,908
100800000000,104400000000,102866477403,102866477407,4
100800000000,104400000000,102866477407,102866477408,1
100800000000,104400000000,102866477408,102866478336,928
100800000000,104400000000,102866478336,102866478340,4
100800000000,104400000000,102866478340,102866478341,1
100800000000,104400000000,102866478341,102867140412,662071
100800000000,104400000000,102867140412,102867140415,3
100800000000,104400000000,102867140415,102868560737,1420322
100800000000,104400000000,102868560737,102868561347,610
100800000000,104400000000,102868561347,102868804073,242726
100800000000,104400000000,102868804073,102875155022,6350949
100800000000,104400000000,102875155022,102878010324,2855302
100800000000,104400000000,102878010324,102880666330,2656006
100800000000,104400000000,102880666330,102880667260,930
100800000000,104400000000,102880667260,102880698513,31253
100800000000,104400000000,102880698513,102881675396,976883
100800000000,104400000000,102881675396,102883637266,1961870
100800000000,104400000000,102883637266,102883642925,5659
100800000000,104400000000,102883642925,102883644958,2033
100800000000,104400000000,102883644958,102883656283,11325
100800000000,104400000000,102883656283,102885981980,2325697
100800000000,104400000000,102885981980,102885982228,248
100800000000,104400000000,102885982228,102885982233,5
100800000000,104400000000,102885982233,102895515569,9533336
100800000000,104400000000,102895515569,102896684125,1168556
100800000000,104400000000,102896684125,102898137804,1453679
100800000000,104400000000,102898137804,102898142927,5123
100800000000,104400000000,102898142927,102898148995,6068
100800000000,104400000000,102898148995,102901259576,3110581
100800000000,104400000000,102901259576,102901261788,2212
100800000000,104400000000,102901261788,102905085838,3824050
100800000000,104400000000,102905085838,102907713488,2627650
100800000000,104400000000,102907713488,102910318175,2604687
100800000000,104400000000,102910318175,102910318235,60
100800000000,104400000000,102910318235,102910318238,3
100800000000,104400000000,102910318238,102910318239,1
100800000000,104400000000,102910318239,102910318345,106
100800000000,104400000000,102910318345,102910318348,3
100800000000,104400000000,102910318348,102910318349,1
100800000000,104400000000,102910318349,102910318422,73
100800000000,104400000000,102910318422,102910318447,25
100800000000,104400000000,102910318447,102910320103,1656
100800000000,104400000000,102910320103,102914945743,4625640
100800000000,104400000000,102914945743,102914945797,54
100800000000,104400000000,102914945797,102914945803,6
100800000000,104400000000,102914945803,102923928806,8983003
100800000000,104400000000,102923928806,102923928842,36
100800000000,104400000000,102923928842,102923928871,29
100800000000,104400000000,102923928871,102923928908,37
100800000000,104400000000,102923928908,102923930745,1837
100800000000,104400000000,102923930745,102923934477,3732
100800000000,104400000000,102923934477,102925085645,1151168
100800000000,104400000000,102925085645,102934803166,9717521
100800000000,104400000000,102934803166,102941266802,6463636
100800000000,104400000000,102941266802,102943960097,2693295
100800000000,104400000000,102943960097,102945875696,1915599
100800000000,104400000000,102945875696,102952427154,6551458
100800000000,104400000000,102952427154,102955398066,2970912
100800000000,104400000000,102955398066,102955398068,2
100800000000,104400000000,102955398068,102957032526,1634458
100800000000,104400000000,102957032526,102958175365,1142839
100800000000,104400000000,102958175365,102958178175,2810
100800000000,104400000000,102958178175,102958178295,120
100800000000,104400000000,102958178295,102958178300,5
100800000000,104400000000,102958178300,102965002336,6824036
100800000000,104400000000,102965002336,102973552764,8550428
100800000000,104400000000,102973552764,102973552768,4
100800000000,104400000000,102973552768,102973552769,1
100800000000,104400000000,102973552769,102973552770,1
100800000000,104400000000,102973552770,102976306674,2753904
100800000000,104400000000,102976306674,102976306757,83
100800000000,104400000000,102976306757,102979616231,3309474
100800000000,104400000000,102979616231,102984973771,5357540
100800000000,104400000000,102984973771,102989573189,4599418
100800000000,104400000000,102989573189,102989573618,429
100800000000,104400000000,102989573618,102989610686,37068
100800000000,104400000000,102989610686,103001221929,11611243
100800000000,104400000000,103001221929,103002451895,1229966
100800000000,104400000000,103002451895,103002451898,3
100800000000,104400000000,103002451898,103009227893,6775995
100800000000,104400000000,103009227893,103009227897,4
100800000000,104400000000,103009227897,103009227954,57
100800000000,104400000000,103009227954,103009227959,5
100800000000,104400000000,103009227959,103010368162,1140203
100800000000,104400000000,103010368162,103021233489,10865327
100800000000,104400000000,103021233489,103021233690,201
100800000000,104400000000,103021233690,103021233695,5
100800000000,104400000000,103021233695,103021233700,5
100800000000,104400000000,103021233700,103024915253,3681553
100800000000,104400000000,103024915253,103024915256,3
100800000000,104400000000,103024915256,103027544358,2629102
100800000000,104400000000,103027544358,103030942601,3398243
100800000000,104400000000,103030942601,103033578885,2636284
100800000000,104400000000,103033578885,103033581595,2710
100800000000,104400000000,103033581595,103037900177,4318582
100800000000,104400000000,103037900177,103042109322,4209145
100800000000,104400000000,103042109322,103042109329,7
100800000000,104400000000,103042109329,103042109659,330
100800000000,104400000000,103042109659,103042109664,5
100800000000,104400000000,103042109664,103043472454,1362790
100800000000,104400000000,103043472454,103054170187,10697733
100800000000,104400000000,103054170187,103054170197,10
100800000000,104400000000,103054170197,103056833867,2663670
100800000000,104400000000,103056833867,103061783303,4949436
100800000000,104400000000,103061783303,103067262201,5478898
100800000000,104400000000,103067262201,103067262219,18
100800000000,104400000000,103067262219,103067262223,4
100800000000,104400000000,103067262223,103070858991,3596768
100800000000,104400000000,103070858991,103070908334,49343
100800000000,104400000000,103070908334,103070931010,22676
100800000000,104400000000,103070931010,103070946370,15360
100800000000,104400000000,103070946370,103070951245,4875
100800000000,104400000000,103070951245,103073188697,2237452
100800000000,104400000000,103073188697,103073188704,7
100800000000,104400000000,103073188704,103073189102,398
100800000000,104400000000,103073189102,103073189109,7
100800000000,104400000000,103073189109,103078759305,5570196
100800000000,104400000000,103078759305,103086050290,7290985
100800000000,104400000000,103086050290,103086050294,4
100800000000,104400000000,103086050294,103086050387,93
100800000000,104400000000,103086050387,103086050392,5
100800000000,104400000000,103086050392,103087022370,971978
100800000000,104400000000,103087022370,103087092429,70059
100800000000,104400000000,103087092429,103090754797,3662368
100800000000,104400000000,103090754797,103090754824,27
100800000000,104400000000,103090754824,103090754828,4
100800000000,104400000000,103090754828,103090754829,1
100800000000,104400000000,103090754829,103090754830,1
100800000000,104400000000,103090754830,103090755360,530
100800000000,104400000000,103090755360,103090755386,26
100800000000,104400000000,103090755386,103090755418,32
100800000000,104400000000,103090755418,103090782999,27581
100800000000,104400000000,103090782999,103092568919,1785920
100800000000,104400000000,103092568919,103092571521,2602
100800000000,104400000000,103092571521,103093806306,1234785
100800000000,104400000000,103093806306,103093835353,29047
100800000000,104400000000,103093835353,103093843232,7879
100800000000,104400000000,103093843232,103093848602,5370
100800000000,104400000000,103093848602,103094892213,1043611
100800000000,104400000000,103094892213,103094892228,15
100800000000,104400000000,103094892228,103098687687,3795459
100800000000,104400000000,103098687687,103099688839,1001152
100800000000,104400000000,103099688839,103099689516,677
100800000000,104400000000,103099689516,103099689523,7
100800000000,104400000000,103099689523,103099689913,390
100800000000,104400000000,103099689913,103099689918,5
100800000000,104400000000,103099689918,103102942681,3252763
100800000000,104400000000,103102942681,103102942832,151
100800000000,104400000000,103102942832,103106100531,3157699
100800000000,104400000000,103106100531,103106140291,39760
100800000000,104400000000,103106140291,103106227240,86949
100800000000,104400000000,103106227240,103107348698,1121458
100800000000,104400000000,103107348698,103116492213,9143515
100800000000,104400000000,103116492213,103116494252,2039
100800000000,104400000000,103116494252,103116494259,7
100800000000,104400000000,103116494259,103118859703,2365444
100800000000,104400000000,103118859703,103118859715,12
100800000000,104400000000,103118859715,103123615840,4756125
100800000000,104400000000,103123615840,103126166807,2550967
100800000000,104400000000,103126166807,103126166816,9
100800000000,104400000000,103126166816,103126166884,68
100800000000,104400000000,103126166884,103126166891,7
100800000000,104400000000,103126166891,103128830191,2663300
100800000000,104400000000,103128830191,103128830200,9
100800000000,104400000000,103128830200,103128830267,67
100800000000,104400000000,103128830267,103128830274,7
100800000000,104400000000,103128830274,103131158062,2327788
100800000000,104400000000,103131158062,103132166617,1008555
100800000000,104400000000,103132166617,103132166670,53
100800000000,104400000000,103132166670,103132167206,536
100800000000,104400000000,103132167206,103132167212,6
100800000000,104400000000,103132167212,103132167220,8
100800000000,104400000000,103132167220,103132167998,778
100800000000,104400000000,103132167998,103132168659,661
100800000000,104400000000,103132168659,103138603713,6435054
100800000000,104400000000,103138603713,103138603717,4
100800000000,104400000000,103138603717,103138603718,1
100800000000,104400000000,103138603718,103138603719,1
100800000000,104400000000,103138603719,103138605938,2219
100800000000,104400000000,103138605938,103145725020,7119082
100800000000,104400000000,103145725020,103151749634,6024614
100800000000,104400000000,103151749634,103153968798,2219164
100800000000,104400000000,103153968798,103153968949,151
100800000000,104400000000,103153968949,103157905792,3936843
100800000000,104400000000,103157905792,103157951503,45711
100800000000,104400000000,103157951503,103162169336,4217833
100800000000,104400000000,103162169336,103167753792,5584456
100800000000,104400000000,103167753792,103169142650,1388858
100800000000,104400000000,103169142650,103172540063,3397413
100800000000,104400000000,103172540063,103177351951,4811888
100800000000,104400000000,103177351951,103185916404,8564453
100800000000,104400000000,103185916404,103189871863,3955459
100800000000,104400000000,103189871863,103192786769,2914906
100800000000,104400000000,103192786769,103192786773,4
100800000000,104400000000,103192786773,103192786774,1
100800000000,104400000000,103192786774,103192786775,1
100800000000,104400000000,103192786775,103192786863,88
100800000000,104400000000,103192786863,103192786995,132
100800000000,104400000000,103192786995,103211059196,18272201
100800000000,104400000000,103211059196,103211059199,3
100800000000,104400000000,103211059199,103211059200,1
100800000000,104400000000,103211059200,103211063867,4667
100800000000,104400000000,103211063867,103211064350,483
100800000000,104400000000,103211064350,103213195865,2131515
100800000000,104400000000,103213195865,103213196589,724
100800000000,104400000000,103213196589,103214851704,1655115
100800000000,104400000000,103214851704,103214880747,29043
100800000000,104400000000,103214880747,103214885231,4484
100800000000,104400000000,103214885231,103214893152,7921
100800000000,104400000000,103214893152,103214897963,4811
100800000000,104400000000,103214897963,103219175291,4277328
100800000000,104400000000,103219175291,103226325106,7149815
100800000000,104400000000,103226325106,103226325111,5
100800000000,104400000000,103226325111,103226325112,1
100800000000,104400000000,103226325112,103227716494,1391382
100800000000,104400000000,103227716494,103238081223,10364729
100800000000,104400000000,103238081223,103238081232,9
100800000000,104400000000,103238081232,103238081320,88
100800000000,104400000000,103238081320,103238081325,5
100800000000,104400000000,103238081325,103238081330,5
100800000000,104400000000,103238081330,103246082381,8001051
100800000000,104400000000,103246082381,103247469999,1387618
100800000000,104400000000,103247469999,103247476077,6078
100800000000,104400000000,103247476077,103247476099,22
100800000000,104400000000,103247476099,103249035318,1559219
100800000000,104400000000,103249035318,103249035348,30
100800000000,104400000000,103249035348,103249035365,17
100800000000,104400000000,103249035365,103249035369,4
100800000000,104400000000,103249035369,103249035370,1
100800000000,104400000000,103249035370,103249035492,122
100800000000,104400000000,103249035492,103249035615,123
100800000000,104400000000,103249035615,103249035619,4
100800000000,104400000000,103249035619,103249035620,1
100800000000,104400000000,103249035620,103256704850,7669230
100800000000,104400000000,103256704850,103258030536,1325686
100800000000,104400000000,103258030536,103258030577,41
100800000000,104400000000,103258030577,103258030582,5
100800000000,104400000000,103258030582,103263828062,5797480
100800000000,104400000000,103263828062,103268283818,4455756
100800000000,104400000000,103268283818,103268284071,253
100800000000,104400000000,103268284071,103268284102,31
100800000000,104400000000,103268284102,103268285675,1573
100800000000,104400000000,103268285675,103268599589,313914
100800000000,104400000000,103268599589,103273405188,4805599
100800000000,104400000000,103273405188,103273410037,4849
100800000000,104400000000,103273410037,103273412136,2099
100800000000,104400000000,103273412136,103273420583,8447
100800000000,104400000000,103273420583,103283832963,10412380
100800000000,104400000000,103283832963,103283833075,112
100800000000,104400000000,103283833075,103283833080,5
100800000000,104400000000,103283833080,103283833085,5
100800000000,104400000000,103283833085,103287338466,3505381
100800000000,104400000000,103287338466,103287338856,390
100800000000,104400000000,103287338856,103287338861,5
100800000000,104400000000,103287338861,103287338866,5
100800000000,104400000000,103287338866,103288542028,1203162
100800000000,104400000000,103288542028,103289810214,1268186
100800000000,104400000000,103289810214,103300771562,10961348
100800000000,104400000000,103300771562,103300771566,4
100800000000,104400000000,103300771566,103300772113,547
100800000000,104400000000,103300772113,103306317895,5545782
100800000000,104400000000,103306317895,103309363030,3045135
100800000000,104400000000,103309363030,103310241578,878548
100800000000,104400000000,103310241578,103310241591,13
100800000000,104400000000,103310241591,103310241611,20
100800000000,104400000000,103310241611,103310241615,4
100800000000,104400000000,103310241615,103310241616,1
100800000000,104400000000,103310241616,103310249572,7956
100800000000,104400000000,103310249572,103310249598,26
100800000000,104400000000,103310249598,103324539124,14289526
100800000000,104400000000,103324539124,103324542611,3487
100800000000,104400000000,103324542611,103325510316,967705
100800000000,104400000000,103325510316,103325514135,3819
100800000000,104400000000,103325514135,103330296311,4782176
100800000000,104400000000,103330296311,103331452297,1155986
100800000000,104400000000,103331452297,103331452393,96
100800000000,104400000000,103331452393,103335419119,3966726
100800000000,104400000000,103335419119,103335473342,54223
100800000000,104400000000,103335473342,103335496958,23616
100800000000,104400000000,103335496958,103340041764,4544806
100800000000,104400000000,103340041764,103344686809,4645045
100800000000,104400000000,103344686809,103346547310,1860501
100800000000,104400000000,103346547310,103346550022,2712
100800000000,104400000000,103346550022,103351509806,4959784
100800000000,104400000000,103351509806,103351581752,71946
100800000000,104400000000,103351581752,103356981502,5399750
100800000000,104400000000,103356981502,103363048184,6066682
100800000000,104400000000,103363048184,103363048604,420
100800000000,104400000000,103363048604,103363048609,5
100800000000,104400000000,103363048609,103364932721,1884112
100800000000,104400000000,103364932721,103364932725,4
100800000000,104400000000,103364932725,103364932726,1
100800000000,104400000000,103364932726,103364933740,1014
100800000000,104400000000,103364933740,103364933744,4
100800000000,104400000000,103364933744,103364933745,1
100800000000,104400000000,103364933745,103364933746,1
100800000000,104400000000,103364933746,103364933809,63
100800000000,104400000000,103364933809,103364936540,2731
100800000000,104400000000,103364936540,103364936551,11
100800000000,104400000000,103364936551,103369825917,4889366
100800000000,104400000000,103369825917,103379503754,9677837
100800000000,104400000000,103379503754,103379503779,25
100800000000,104400000000,103379503779,103379503786,7
100800000000,104400000000,103379503786,103387945456,8441670
100800000000,104400000000,103387945456,103387945456,0
100800000000,104400000000,103387945456,103389007473,1062017
100800000000,104400000000,103389007473,103389780895,773422
100800000000,104400000000,103389780895,103389780926,31
100800000000,104400000000,103389780926,103389815180,34254
100800000000,104400000000,103389815180,103389815467,287
100800000000,104400000000,103389815467,103397284750,7469283
100800000000,104400000000,103397284750,103397284752,2
100800000000,104400000000,103397284752,103399215363,1930611
100800000000,104400000000,103399215363,103400372575,1157212
100800000000,104400000000,103400372575,103400430135,57560
100800000000,104400000000,103400430135,103400455613,25478
100800000000,104400000000,103400455613,103400461222,5609
100800000000,104400000000,103400461222,103400468569,7347
100800000000,104400000000,103400468569,103400481373,12804
100800000000,104400000000,103400481373,103400486534,5161
100800000000,104400000000,103400486534,103400490213,3679
100800000000,104400000000,103400490213,103400494197,3984
100800000000,104400000000,103400494197,103406427484,5933287
100800000000,104400000000,103406427484,103408226611,1799127
100800000000,104400000000,103408226611,103418371932,10145321
100800000000,104400000000,103418371932,103423698660,5326728
100800000000,104400000000,103423698660,103424928006,1229346
100800000000,104400000000,103424928006,103427303792,2375786
100800000000,104400000000,103427303792,103439925894,12622102
100800000000,104400000000,103439925894,103439925903,9
100800000000,104400000000,103439925903,103439926047,144
100800000000,104400000000,103439926047,103439926052,5
100800000000,104400000000,103439926052,103439926057,5
100800000000,104400000000,103439926057,103441599897,1673840
100800000000,104400000000,103441599897,103441599902,5
100800000000,104400000000,103441599902,103441600028,126
100800000000,104400000000,103441600028,103441600032,4
100800000000,104400000000,103441600032,103441600033,1
100800000000,104400000000,103441600033,103441600154,121
100800000000,104400000000,103441600154,103441600158,4
100800000000,104400000000,103441600158,103441600159,1
100800000000,104400000000,103441600159,103441600160,1
100800000000,104400000000,103441600160,103441600193,33
100800000000,104400000000,103441600193,103441600197,4
100800000000,104400000000,103441600197,103441600198,1
100800000000,104400000000,103441600198,103441600734,536
100800000000,104400000000,103441600734,103441634063,33329
100800000000,104400000000,103441634063,103441634075,12
100800000000,104400000000,103441634075,103441634087,12
100800000000,104400000000,103441634087,103441634100,13
100800000000,104400000000,103441634100,103446220445,4586345
100800000000,104400000000,103446220445,103461301185,15080740
100800000000,104400000000,103461301185,103465308900,4007715
100800000000,104400000000,103465308900,103465308924,24
100800000000,104400000000,103465308924,103465308928,4
100800000000,104400000000,103465308928,103465308967,39
100800000000,104400000000,103465308967,103465311266,2299
100800000000,104400000000,103465311266,103465313722,2456
100800000000,104400000000,103465313722,103465313873,151
100800000000,104400000000,103465313873,103465313891,18
100800000000,104400000000,103465313891,103465325380,11489
100800000000,104400000000,103465325380,103465325391,11
100800000000,104400000000,103465325391,103471177385,5851994
100800000000,104400000000,103471177385,103471240192,62807
100800000000,104400000000,103471240192,103471289816,49624
100800000000,104400000000,103471289816,103471300549,10733
100800000000,104400000000,103471300549,103475909282,4608733
100800000000,104400000000,103475909282,103478393181,2483899
100800000000,104400000000,103478393181,103482441508,4048327
100800000000,104400000000,103482441508,103482559614,118106
100800000000,104400000000,103482559614,103484722779,2163165
100800000000,104400000000,103484722779,103489468668,4745889
100800000000,104400000000,103489468668,103489468929,261
100800000000,104400000000,103489468929,103491640880,2171951
100800000000,104400000000,103491640880,103491640887,7
100800000000,104400000000,103491640887,103491641347,460
100800000000,104400000000,103491641347,103491641352,5
100800000000,104400000000,103491641352,103495022236,3380884
100800000000,104400000000,103495022236,103502620029,7597793
100800000000,104400000000,103502620029,103506126006,3505977
100800000000,104400000000,103506126006,103507961522,1835516
100800000000,104400000000,103507961522,103513126939,5165417
100800000000,104400000000,103513126939,103513126944,5
100800000000,104400000000,103513126944,103513126945,1
100800000000,104400000000,103513126945,103513126946,1
100800000000,104400000000,103513126946,103513127037,91
100800000000,104400000000,103513127037,103513127054,17
100800000000,104400000000,103513127054,103513127284,230
100800000000,104400000000,103513127284,103516493488,3366204
100800000000,104400000000,103516493488,103518484376,1990888
100800000000,104400000000,103518484376,103533946383,15462007
100800000000,104400000000,103533946383,103543826487,9880104
100800000000,104400000000,103543826487,103543832961,6474
100800000000,104400000000,103543832961,103543832972,11
100800000000,104400000000,103543832972,103547827827,3994855
100800000000,104400000000,103547827827,103547827937,110
100800000000,104400000000,103547827937,103550578902,2750965
100800000000,104400000000,103550578902,103552080925,1502023
100800000000,104400000000,103552080925,103552087176,6251
100800000000,104400000000,103552087176,103553878904,1791728
100800000000,104400000000,103553878904,103553878907,3
100800000000,104400000000,103553878907,103571137938,17259031
100800000000,104400000000,103571137938,103571137947,9
100800000000,104400000000,103571137947,103571138014,67
100800000000,104400000000,103571138014,103571138019,5
100800000000,104400000000,103571138019,103571138024,5
100800000000,104400000000,103571138024,103572978087,1840063
100800000000,104400000000,103572978087,103572978148,61
100800000000,104400000000,103572978148,103572978158,10
100800000000,104400000000,103572978158,103588121852,15143694
100800000000,104400000000,103588121852,103591639824,3517972
100800000000,104400000000,103591639824,103594052787,2412963
100800000000,104400000000,103594052787,103597518615,3465828
100800000000,104400000000,103597518615,103597525811,7196
100800000000,104400000000,103597525811,103597525996,185
100800000000,104400000000,103597525996,103597527804,1808
100800000000,104400000000,103597527804,103597527822,18
100800000000,104400000000,103597527822,103603472674,5944852
100800000000,104400000000,103603472674,103603472678,4
100800000000,104400000000,103603472678,103603472679,1
100800000000,104400000000,103603472679,103603487598,14919
100800000000,104400000000,103603487598,103603487608,10
100800000000,104400000000,103603487608,103603487650,42
100800000000,104400000000,103603487650,103603489613,1963
100800000000,104400000000,103603489613,103603489623,10
100800000000,104400000000,103603489623,103603489642,19
100800000000,104400000000,103603489642,103609315476,5825834
100800000000,104400000000,103609315476,103609323013,7537
100800000000,104400000000,103609323013,103609323634,621
100800000000,104400000000,103609323634,103609323652,18
100800000000,104400000000,103609323652,103609323669,17
100800000000,104400000000,103609323669,103613728989,4405320
100800000000,104400000000,103613728989,103613729012,23
100800000000,104400000000,103613729012,103613729023,11
100800000000,104400000000,103613729023,103613729053,30
100800000000,104400000000,103613729053,103613729065,12
100800000000,104400000000,103613729065,103613729077,12
100800000000,104400000000,103613729077,103613729089,12
100800000000,104400000000,103613729089,103613729100,11
100800000000,104400000000,103613729100,103613729118,18
100800000000,104400000000,103613729118,103613997647,268529
100800000000,104400000000,103613997647,103613997649,2
100800000000,104400000000,103613997649,103617404702,3407053
100800000000,104400000000,103617404702,103617404713,11
100800000000,104400000000,103617404713,103617405789,1076
100800000000,104400000000,103617405789,103617405801,12
100800000000,104400000000,103617405801,103617860938,455137
100800000000,104400000000,103617860938,103617861957,1019
100800000000,104400000000,103617861957,103617865609,3652
100800000000,104400000000,103617865609,103619822361,1956752
100800000000,104400000000,103619822361,103621386532,1564171
100800000000,104400000000,103621386532,103621695663,309131
100800000000,104400000000,103621695663,103621775372,79709
100800000000,104400000000,103621775372,103621780286,4914
100800000000,104400000000,103621780286,103625248731,3468445
100800000000,104400000000,103625248731,103628927267,3678536
100800000000,104400000000,103628927267,103628927270,3
100800000000,104400000000,103628927270,103628928284,1014
100800000000,104400000000,103628928284,103628928289,5
100800000000,104400000000,103628928289,103628928329,40
100800000000,104400000000,103628928329,103636158536,7230207
100800000000,104400000000,103636158536,103636158540,4
100800000000,104400000000,103636158540,103636158617,77
100800000000,104400000000,103636158617,103637970934,1812317
100800000000,104400000000,103637970934,103643792218,5821284
100800000000,104400000000,103643792218,103645399211,1606993
100800000000,104400000000,103645399211,103652398764,6999553
100800000000,104400000000,103652398764,103656936880,4538116
100800000000,104400000000,103656936880,103656946764,9884
100800000000,104400000000,103656946764,103656952318,5554
100800000000,104400000000,103656952318,103656966308,13990
100800000000,104400000000,103656966308,103665166381,8200073
100800000000,104400000000,103665166381,103665166426,45
100800000000,104400000000,103665166426,103665168731,2305
100800000000,104400000000,103665168731,103665771327,602596
100800000000,104400000000,103665771327,103668625486,2854159
100800000000,104400000000,103668625486,103668631378,5892
100800000000,104400000000,103668631378,103668631381,3
100800000000,104400000000,103668631381,103677489297,8857916
100800000000,104400000000,103677489297,103677489313,16
100800000000,104400000000,103677489313,103681265372,3776059
100800000000,104400000000,103681265372,103681265942,570
100800000000,104400000000,103681265942,103681947318,681376
100800000000,104400000000,103681947318,103683849842,1902524
100800000000,104400000000,103683849842,103686998084,3148242
100800000000,104400000000,103686998084,103687115182,117098
100800000000,104400000000,103687115182,103694153852,7038670
100800000000,104400000000,103694153852,103694153856,4
100800000000,104400000000,103694153856,103694153857,1
100800000000,104400000000,103694153857,103694153858,1
100800000000,104400000000,103694153858,103694153918,60
100800000000,104400000000,103694153918,103696096720,1942802
100800000000,104400000000,103696096720,103697669951,1573231
100800000000,104400000000,103697669951,103697670876,925
100800000000,104400000000,103697670876,103697670915,39
100800000000,104400000000,103697670915,103699209825,1538910
100800000000,104400000000,103699209825,103699210043,218
100800000000,104400000000,103699210043,103699218894,8851
100800000000,104400000000,103699218894,103710060031,10841137
100800000000,104400000000,103710060031,103716525309,6465278
100800000000,104400000000,103716525309,103725334994,8809685
100800000000,104400000000,103725334994,103728468377,3133383
100800000000,104400000000,103728468377,103729997366,1528989
100800000000,104400000000,103729997366,103731557819,1560453
100800000000,104400000000,103731557819,103731557938,119
100800000000,104400000000,103731557938,103732942038,1384100
100800000000,104400000000,103732942038,103733201840,259802
100800000000,104400000000,103733201840,103733203350,1510
100800000000,104400000000,103733203350,103735028553,1825203
100800000000,104400000000,103735028553,103736693287,1664734
100800000000,104400000000,103736693287,103736973840,280553
100800000000,104400000000,103736973840,103736975835,1995
100800000000,104400000000,103736975835,103738455175,1479340
100800000000,104400000000,103738455175,103739074678,619503
100800000000,104400000000,103739074678,103742220607,3145929
100800000000,104400000000,103742220607,103742240659,20052
100800000000,104400000000,103742240659,103743816016,1575357
100800000000,104400000000,103743816016,103746922758,3106742
100800000000,104400000000,103746922758,103747084168,161410
100800000000,104400000000,103747084168,103751865165,4780997
100800000000,104400000000,103751865165,103756800336,4935171
100800000000,104400000000,103756800336,103761226856,4426520
100800000000,104400000000,103761226856,103764391553,3164697
100800000000,104400000000,103764391553,103764391557,4
100800000000,104400000000,103764391557,103766401087,2009530
100800000000,104400000000,103766401087,103789187380,22786293
100800000000,104400000000,103789187380,103789221420,34040
100800000000,104400000000,103789221420,103789230618,9198
100800000000,104400000000,103789230618,103789238195,7577
100800000000,104400000000,103789238195,103789244890,6695
100800000000,104400000000,103789244890,103789252338,7448
100800000000,104400000000,103789252338,103789252819,481
100800000000,104400000000,103789252819,103789252824,5
100800000000,104400000000,103789252824,103790799181,1546357
100800000000,104400000000,103790799181,103790802259,3078
100800000000,104400000000,103790802259,103790802270,11
100800000000,104400000000,103790802270,103792183002,1380732
100800000000,104400000000,103792183002,103792183020,18
100800000000,104400000000,103792183020,103792183024,4
100800000000,104400000000,103792183024,103792183040,16
100800000000,104400000000,103792183040,103792183044,4
100800000000,104400000000,103792183044,103792183045,1
100800000000,104400000000,103792183045,103792183046,1
100800000000,104400000000,103792183046,103792183075,29
100800000000,104400000000,103792183075,103792183092,17
100800000000,104400000000,103792183092,103793678460,1495368
100800000000,104400000000,103793678460,103793678617,157
100800000000,104400000000,103793678617,103793678660,43
100800000000,104400000000,103793678660,103793680476,1816
100800000000,104400000000,103793680476,103802333379,8652903
100800000000,104400000000,103802333379,103802344460,11081
100800000000,104400000000,103802344460,103802344500,40
100800000000,104400000000,103802344500,103802344506,6
100800000000,104400000000,103802344506,103805500845,3156339
100800000000,104400000000,103805500845,103805693941,193096
100800000000,104400000000,103805693941,103805731494,37553
100800000000,104400000000,103805731494,103805745144,13650
100800000000,104400000000,103805745144,103805745381,237
100800000000,104400000000,103805745381,103805745388,7
100800000000,104400000000,103805745388,103807415409,1670021
100800000000,104400000000,103807415409,103807428862,13453
100800000000,104400000000,103807428862,103807479452,50590
100800000000,104400000000,103807479452,103809288598,1809146
100800000000,104400000000,103809288598,103809288613,15
100800000000,104400000000,103809288613,103809530186,241573
100800000000,104400000000,103809530186,103810822333,1292147
100800000000,104400000000,103810822333,103810822343,10
100800000000,104400000000,103810822343,103811028146,205803
100800000000,104400000000,103811028146,103812432207,1404061
100800000000,104400000000,103812432207,103814033590,1601383
100800000000,104400000000,103814033590,103814201480,167890
100800000000,104400000000,103814201480,103814248484,47004
100800000000,104400000000,103814248484,103814255887,7403
100800000000,104400000000,103814255887,103818933386,4677499
100800000000,104400000000,103818933386,103820648384,1714998
100800000000,104400000000,103820648384,103820648388,4
100800000000,104400000000,103820648388,103820648389,1
100800000000,104400000000,103820648389,103820648390,1
100800000000,104400000000,103820648390,103820648489,99
100800000000,104400000000,103820648489,103820687790,39301
100800000000,104400000000,103820687790,103821918578,1230788
100800000000,104400000000,103821918578,103823221173,1302595
100800000000,104400000000,103823221173,103824654028,1432855
100800000000,104400000000,103824654028,103827705262,3051234
100800000000,104400000000,103827705262,103827705668,406
100800000000,104400000000,103827705668,103832932064,5226396
100800000000,104400000000,103832932064,103834256168,1324104
100800000000,104400000000,103834256168,103834256331,163
100800000000,104400000000,103834256331,103834256335,4
100800000000,104400000000,103834256335,103834746924,490589
100800000000,104400000000,103834746924,103836249142,1502218
100800000000,104400000000,103836249142,103841597978,5348836
100800000000,104400000000,103841597978,103841607746,9768
100800000000,104400000000,103841607746,103841607938,192
100800000000,104400000000,103841607938,103841608079,141
100800000000,104400000000,103841608079,103847170495,5562416
100800000000,104400000000,103847170495,103847722480,551985
100800000000,104400000000,103847722480,103847768026,45546
100800000000,104400000000,103847768026,103847773539,5513
100800000000,104400000000,103847773539,103847779105,5566
100800000000,104400000000,103847779105,103847782893,3788
100800000000,104400000000,103847782893,103847785480,2587
100800000000,104400000000,103847785480,103853003951,5218471
100800000000,104400000000,103853003951,103853864111,860160
100800000000,104400000000,103853864111,103855434649,1570538
100800000000,104400000000,103855434649,103858221842,2787193
100800000000,104400000000,103858221842,103858221846,4
100800000000,104400000000,103858221846,103858221847,1
100800000000,104400000000,103858221847,103858221905,58
100800000000,104400000000,103858221905,103858221924,19
100800000000,104400000000,103858221924,103858221934,10
100800000000,104400000000,103858221934,103858221946,12
100800000000,104400000000,103858221946,103858229473,7527
100800000000,104400000000,103858229473,103858603110,373637
100800000000,104400000000,103858603110,103864238698,5635588
100800000000,104400000000,103864238698,103868003467,3764769
100800000000,104400000000,103868003467,103868004027,560
100800000000,104400000000,103868004027,103869817252,1813225
100800000000,104400000000,103869817252,103870456126,638874
100800000000,104400000000,103870456126,103870456629,503
100800000000,104400000000,103870456629,103870456640,11
100800000000,104400000000,103870456640,103873578271,3121631
100800000000,104400000000,103873578271,103873578273,2
100800000000,104400000000,103873578273,103873579614,1341
100800000000,104400000000,103873579614,103878813665,5234051
100800000000,104400000000,103878813665,103885413461,6599796
100800000000,104400000000,103885413461,103885417208,3747
100800000000,104400000000,103885417208,103885423518,6310
100800000000,104400000000,103885423518,103885423764,246
100800000000,104400000000,103885423764,103885423781,17
100800000000,104400000000,103885423781,103885423786,5
100800000000,104400000000,103885423786,103888607214,3183428
100800000000,104400000000,103888607214,103888607250,36
100800000000,104400000000,103888607250,103889146320,539070
100800000000,104400000000,103889146320,103892213863,3067543
100800000000,104400000000,103892213863,103895399544,3185681
100800000000,104400000000,103895399544,103895414140,14596
100800000000,104400000000,103895414140,103895414164,24
100800000000,104400000000,103895414164,103898028163,2613999
100800000000,104400000000,103898028163,103898028166,3
100800000000,104400000000,103898028166,103905934556,7906390
100800000000,104400000000,103905934556,103906406062,471506
100800000000,104400000000,103906406062,103906410484,4422
100800000000,104400000000,103906410484,103909314147,2903663
100800000000,104400000000,103909314147,103909535829,221682
100800000000,104400000000,103909535829,103911278487,1742658
100800000000,104400000000,103911278487,103914672706,3394219
100800000000,104400000000,103914672706,103916511080,1838374
100800000000,104400000000,103916511080,103919419070,2907990
100800000000,104400000000,103919419070,103921357107,1938037
100800000000,104400000000,103921357107,103922869232,1512125
100800000000,104400000000,103922869232,103922869235,3
100800000000,104400000000,103922869235,103924590060,1720825
100800000000,104400000000,103924590060,103924590064,4
100800000000,104400000000,103924590064,103927833044,3242980
100800000000,104400000000,103927833044,103927835569,2525
100800000000,104400000000,103927835569,103928116712,281143
100800000000,104400000000,103928116712,103929495909,1379197
100800000000,104400000000,103929495909,103929602000,106091
100800000000,104400000000,103929602000,103929646007,44007
100800000000,104400000000,103929646007,103931396853,1750846
100800000000,104400000000,103931396853,103931396910,57
100800000000,104400000000,103931396910,103931396915,5
100800000000,104400000000,103931396915,103934498964,3102049
100800000000,104400000000,103934498964,103934506238,7274
100800000000,104400000000,103934506238,103946281405,11775167
100800000000,104400000000,103946281405,103946286749,5344
100800000000,104400000000,103946286749,103946303358,16609
100800000000,104400000000,103946303358,103948223376,1920018
100800000000,104400000000,103948223376,103948223750,374
100800000000,104400000000,103948223750,103948223763,13
100800000000,104400000000,103948223763,103949561098,1337335
100800000000,104400000000,103949561098,103949561102,4
100800000000,104400000000,103949561102,103949562109,1007
100800000000,104400000000,103949562109,103949562121,12
100800000000,104400000000,103949562121,103949747708,185587
100800000000,104400000000,103949747708,103953892048,4144340
100800000000,104400000000,103953892048,103955568488,1676440
100800000000,104400000000,103955568488,103956867307,1298819
100800000000,104400000000,103956867307,103969746681,12879374
100800000000,104400000000,103969746681,103971540285,1793604
100800000000,104400000000,103971540285,103972959136,1418851
100800000000,104400000000,103972959136,103973154647,195511
100800000000,104400000000,103973154647,103973186607,31960
100800000000,104400000000,103973186607,103974608417,1421810
100800000000,104400000000,103974608417,103976397703,1789286
100800000000,104400000000,103976397703,103978299464,1901761
100800000000,104400000000,103978299464,103981044924,2745460
100800000000,104400000000,103981044924,103984789826,3744902
100800000000,104400000000,103984789826,103984792428,2602
100800000000,104400000000,103984792428,103995756765,10964337
100800000000,104400000000,103995756765,103997553622,1796857
100800000000,104400000000,103997553622,103997594179,40557
100800000000,104400000000,103997594179,104000676630,3082451
100800000000,104400000000,104000676630,104003943242,3266612
100800000000,104400000000,104003943242,104007509584,3566342
100800000000,104400000000,104007509584,104007670145,160561
100800000000,104400000000,104007670145,104007685734,15589
100800000000,104400000000,104007685734,104009099066,1413332
100800000000,104400000000,104009099066,104009114993,15927
100800000000,104400000000,104009114993,104009115030,37
100800000000,104400000000,104009115030,104009115035,5
100800000000,104400000000,104009115035,104010493644,1378609
100800000000,104400000000,104010493644,104011946201,1452557
100800000000,104400000000,104011946201,104013756981,1810780
100800000000,104400000000,104013756981,104016941166,3184185
100800000000,104400000000,104016941166,104020051741,3110575
100800000000,104400000000,104020051741,104020052716,975
100800000000,104400000000,104020052716,104021972180,1919464
100800000000,104400000000,104021972180,104021973529,1349
100800000000,104400000000,104021973529,104021973722,193
100800000000,104400000000,104021973722,104027152150,5178428
100800000000,104400000000,104027152150,104027152446,296
100800000000,104400000000,104027152446,104027152451,5
100800000000,104400000000,104027152451,104027152456,5
100800000000,104400000000,104027152456,104028720004,1567548
100800000000,104400000000,104028720004,104043560471,14840467
100800000000,104400000000,104043560471,104045011841,1451370
100800000000,104400000000,104045011841,104045056827,44986
100800000000,104400000000,104045056827,104046316366,1259539
100800000000,104400000000,104046316366,104046441112,124746
100800000000,104400000000,104046441112,104047658896,1217784
100800000000,104400000000,104047658896,104047658907,11
100800000000,104400000000,104047658907,104047771712,112805
100800000000,104400000000,104047771712,104049070640,1298928
100800000000,104400000000,104049070640,104050817056,1746416
100800000000,104400000000,104050817056,104052490635,1673579
100800000000,104400000000,104052490635,104053880289,1389654
100800000000,104400000000,104053880289,104055163996,1283707
100800000000,104400000000,104055163996,104055399681,235685
100800000000,104400000000,104055399681,104055400212,531
100800000000,104400000000,104055400212,104055400217,5
100800000000,104400000000,104055400217,104060244335,4844118
100800000000,104400000000,104060244335,104060251215,6880
100800000000,104400000000,104060251215,104063342688,3091473
100800000000,104400000000,104063342688,104064676270,1333582
100800000000,104400000000,104064676270,104064676274,4
100800000000,104400000000,104064676274,104064676400,126
100800000000,104400000000,104064676400,104065036903,360503
100800000000,104400000000,104065036903,104067614103,2577200
100800000000,104400000000,104067614103,104067616171,2068
100800000000,104400000000,104067616171,104067833171,217000
100800000000,104400000000,104067833171,104070298959,2465788
100800000000,104400000000,104070298959,104071717545,1418586
100800000000,104400000000,104071717545,104077776308,6058763
100800000000,104400000000,104077776308,104077817472,41164
100800000000,104400000000,104077817472,104077817551,79
100800000000,104400000000,104077817551,104077817556,5
100800000000,104400000000,104077817556,104080793324,2975768
100800000000,104400000000,104080793324,104080912295,118971
100800000000,104400000000,104080912295,104082354434,1442139
100800000000,104400000000,104082354434,104082355482,1048
100800000000,104400000000,104082355482,104084137785,1782303
100800000000,104400000000,104084137785,104084341117,203332
100800000000,104400000000,104084341117,104087157994,2816877
100800000000,104400000000,104087157994,104087359987,201993
100800000000,104400000000,104087359987,104088727478,1367491
100800000000,104400000000,104088727478,104088760748,33270
100800000000,104400000000,104088760748,104088768082,7334
100800000000,104400000000,104088768082,104091364832,2596750
100800000000,104400000000,104091364832,104091364961,129
100800000000,104400000000,104091364961,104091364966,5
100800000000,104400000000,104091364966,104095052164,3687198
100800000000,104400000000,104095052164,104095052225,61
100800000000,104400000000,104095052225,104095085974,33749
100800000000,104400000000,104095085974,104096118502,1032528
100800000000,104400000000,104096118502,104098955059,2836557
100800000000,104400000000,104098955059,104098955195,136
100800000000,104400000000,104098955195,104098955200,5
100800000000,104400000000,104098955200,104101870497,2915297
100800000000,104400000000,104101870497,104101956673,86176
100800000000,104400000000,104101956673,104103120333,1163660
100800000000,104400000000,104103120333,104104663325,1542992
100800000000,104400000000,104104663325,104104665927,2602
100800000000,104400000000,104104665927,104106085882,1419955
100800000000,104400000000,104106085882,104106090619,4737
100800000000,104400000000,104106090619,104106407505,316886
100800000000,104400000000,104106407505,104108313074,1905569
100800000000,104400000000,104108313074,104108313133,59
100800000000,104400000000,104108313133,104109748637,1435504
100800000000,104400000000,104109748637,104109748647,10
100800000000,104400000000,104109748647,104110148318,399671
100800000000,104400000000,104110148318,104113007218,2858900
100800000000,104400000000,104113007218,104116044526,3037308
100800000000,104400000000,104116044526,104118963318,2918792
100800000000,104400000000,104118963318,104118963322,4
100800000000,104400000000,104118963322,104122332465,3369143
100800000000,104400000000,104122332465,104122672980,340515
100800000000,104400000000,104122672980,104122726509,53529
100800000000,104400000000,104122726509,104122728482,1973
100800000000,104400000000,104122728482,104122729010,528
100800000000,104400000000,104122729010,104122729015,5
100800000000,104400000000,104122729015,104126915240,4186225
100800000000,104400000000,104126915240,104128255476,1340236
100800000000,104400000000,104128255476,104128258110,2634
100800000000,104400000000,104128258110,104128259898,1788
100800000000,104400000000,104128259898,104128264852,4954
100800000000,104400000000,104128264852,104128266894,2042
100800000000,104400000000,104128266894,104128268873,1979
100800000000,104400000000,104128268873,104130982090,2713217
100800000000,104400000000,104130982090,104131663625,681535
100800000000,104400000000,104131663625,104131663628,3
100800000000,104400000000,104131663628,104135786087,4122459
100800000000,104400000000,104135786087,104135786090,3
100800000000,104400000000,104135786090,104135786113,23
100800000000,104400000000,104135786113,104135786117,4
100800000000,104400000000,104135786117,104135786125,8
100800000000,104400000000,104135786125,104135786175,50
100800000000,104400000000,104135786175,104135786187,12
100800000000,104400000000,104135786187,104135786199,12
100800000000,104400000000,104135786199,104139458121,3671922
100800000000,104400000000,104139458121,104139674177,216056
100800000000,104400000000,104139674177,104140979687,1305510
100800000000,104400000000,104140979687,104140989315,9628
100800000000,104400000000,104140989315,104141530707,541392
100800000000,104400000000,104141530707,104141532482,1775
100800000000,104400000000,104141532482,104141532484,2
100800000000,104400000000,104141532484,104145285432,3752948
100800000000,104400000000,104145285432,104148618858,3333426
100800000000,104400000000,104148618858,104150484215,1865357
100800000000,104400000000,104150484215,104154631785,4147570
100800000000,104400000000,104154631785,104154636025,4240
100800000000,104400000000,104154636025,104161120774,6484749
100800000000,104400000000,104161120774,104161122836,2062
100800000000,104400000000,104161122836,104161363782,240946
100800000000,104400000000,104161363782,104161363939,157
100800000000,104400000000,104161363939,104161363948,9
100800000000,104400000000,104161363948,104162677127,1313179
100800000000,104400000000,104162677127,104162762551,85424
100800000000,104400000000,104162762551,104164398916,1636365
100800000000,104400000000,104164398916,104164400312,1396
100800000000,104400000000,104164400312,104165756575,1356263
100800000000,104400000000,104165756575,104170856501,5099926
100800000000,104400000000,104170856501,104175353135,4496634
100800000000,104400000000,104175353135,104175353820,685
100800000000,104400000000,104175353820,104177057002,1703182
100800000000,104400000000,104177057002,104177057177,175
100800000000,104400000000,104177057177,104177057188,11
100800000000,104400000000,104177057188,104181984981,4927793
100800000000,104400000000,104181984981,104181986114,1133
100800000000,104400000000,104181986114,104195430801,13444687
100800000000,104400000000,104195430801,104196954730,1523929
100800000000,104400000000,104196954730,104198352141,1397411
100800000000,104400000000,104198352141,104198367924,15783
100800000000,104400000000,104198367924,104198368259,335
100800000000,104400000000,104198368259,104200254883,1886624
100800000000,104400000000,104200254883,104202405079,2150196
100800000000,104400000000,104202405079,104213511330,11106251
100800000000,104400000000,104213511330,104213517487,6157
100800000000,104400000000,104213517487,104215405586,1888099
100800000000,104400000000,104215405586,104216548274,1142688
100800000000,104400000000,104216548274,104216548277,3
100800000000,104400000000,104216548277,104216548308,31
100800000000,104400000000,104216548308,104217884550,1336242
100800000000,104400000000,104217884550,104218030889,146339
100800000000,104400000000,104218030889,104218031622,733
100800000000,104400000000,104218031622,104218031625,3
100800000000,104400000000,104218031625,104223309183,5277558
100800000000,104400000000,104223309183,104223321517,12334
100800000000,104400000000,104223321517,104224567324,1245807
100800000000,104400000000,104224567324,104224820543,253219
100800000000,104400000000,104224820543,104224820580,37
100800000000,104400000000,104224820580,104224820585,5
100800000000,104400000000,104224820585,104224821996,1411
100800000000,104400000000,104224821996,104224822182,186
100800000000,104400000000,104224822182,104224822189,7
100800000000,104400000000,104224822189,104226564214,1742025
100800000000,104400000000,104226564214,104230095324,3531110
100800000000,104400000000,104230095324,104238283511,8188187
100800000000,104400000000,104238283511,104238301594,18083
100800000000,104400000000,104238301594,104238325575,23981
100800000000,104400000000,104238325575,104241212259,2886684
100800000000,104400000000,104241212259,104242551683,1339424
100800000000,104400000000,104242551683,104242551686,3
100800000000,104400000000,104242551686,104242551687,1
100800000000,104400000000,104242551687,104242552759,1072
100800000000,104400000000,104242552759,104242552775,16
100800000000,104400000000,104242552775,104242805648,252873
100800000000,104400000000,104242805648,104246342834,3537186
100800000000,104400000000,104246342834,104246363247,20413
100800000000,104400000000,104246363247,104250380133,4016886
100800000000,104400000000,104250380133,104250380137,4
100800000000,104400000000,104250380137,104252265965,1885828
100800000000,104400000000,104252265965,104253744101,1478136
100800000000,104400000000,104253744101,104254010896,266795
100800000000,104400000000,104254010896,104254089835,78939
100800000000,104400000000,104254089835,104254089932,97
100800000000,104400000000,104254089932,104254089937,5
100800000000,104400000000,104254089937,104257169332,3079395
100800000000,104400000000,104257169332,104257743952,574620
100800000000,104400000000,104257743952,104259645691,1901739
100800000000,104400000000,104259645691,104259645718,27
100800000000,104400000000,104259645718,104259645723,5
100800000000,104400000000,104259645723,104261059184,1413461
100800000000,104400000000,104261059184,104261254845,195661
100800000000,104400000000,104261254845,104261278468,23623
100800000000,104400000000,104261278468,104261289584,11116
100800000000,104400000000,104261289584,104261326063,36479
100800000000,104400000000,104261326063,104261335531,9468
100800000000,104400000000,104261335531,104264014746,2679215
100800000000,104400000000,104264014746,104264014746,0
100800000000,104400000000,104264014746,104268202089,4187343
100800000000,104400000000,104268202089,104268202108,19
100800000000,104400000000,104268202108,104274744963,6542855
100800000000,104400000000,104274744963,104276220725,1475762
100800000000,104400000000,104276220725,104280405065,4184340
100800000000,104400000000,104280405065,104280664725,259660
100800000000,104400000000,104280664725,104280664881,156
100800000000,104400000000,104280664881,104280664888,7
100800000000,104400000000,104280664888,104280666104,1216
100800000000,104400000000,104280666104,104280666223,119
100800000000,104400000000,104280666223,104280666228,5
100800000000,104400000000,104280666228,104280666233,5
100800000000,104400000000,104280666233,104284587170,3920937
100800000000,104400000000,104284587170,104288233891,3646721
100800000000,104400000000,104288233891,104288551137,317246
100800000000,104400000000,104288551137,104291889053,3337916
100800000000,104400000000,104291889053,104292086395,197342
100800000000,104400000000,104292086395,104292087648,1253
100800000000,104400000000,104292087648,104292087717,69
100800000000,104400000000,104292087717,104292087722,5
100800000000,104400000000,104292087722,104292087727,5
100800000000,104400000000,104292087727,104295784616,3696889
100800000000,104400000000,104295784616,104295785311,695
100800000000,104400000000,104295785311,104295785334,23
100800000000,104400000000,104295785334,104297357022,1571688
100800000000,104400000000,104297357022,104297360167,3145
100800000000,104400000000,104297360167,104299043299,1683132
100800000000,104400000000,104299043299,104299062501,19202
100800000000,104400000000,104299062501,104299063483,982
100800000000,104400000000,104299063483,104300686064,1622581
100800000000,104400000000,104300686064,104300686075,11
100800000000,104400000000,104300686075,104300865066,178991
100800000000,104400000000,104300865066,104302244665,1379599
100800000000,104400000000,104302244665,104304088627,1843962
100800000000,104400000000,104304088627,104305123756,1035129
100800000000,104400000000,104305123756,104305181163,57407
100800000000,104400000000,104305181163,104305185637,4474
100800000000,104400000000,104305185637,104308941239,3755602
100800000000,104400000000,104308941239,104310402070,1460831
100800000000,104400000000,104310402070,104310403744,1674
100800000000,104400000000,104310403744,104310403775,31
100800000000,104400000000,104310403775,104310741937,338162
100800000000,104400000000,104310741937,104310843846,101909
100800000000,104400000000,104310843846,104310844252,406
100800000000,104400000000,104310844252,104310844257,5
100800000000,104400000000,104310844257,104310848277,4020
100800000000,104400000000,104310848277,104312493652,1645375
100800000000,104400000000,104312493652,104312588871,95219
100800000000,104400000000,104312588871,104314194587,1605716
100800000000,104400000000,104314194587,104314554611,360024
100800000000,104400000000,104314554611,104316144138,1589527
100800000000,104400000000,104316144138,104317725484,1581346
100800000000,104400000000,104317725484,104317725494,10
100800000000,104400000000,104317725494,104317732586,7092
100800000000,104400000000,104317732586,104318099800,367214
100800000000,104400000000,104318099800,104322559965,4460165
100800000000,104400000000,104322559965,104322559970,5
100800000000,104400000000,104322559970,104322567700,7730
100800000000,104400000000,104322567700,104322919362,351662
100800000000,104400000000,104322919362,104324388232,1468870
100800000000,104400000000,104324388232,104327261967,2873735
100800000000,104400000000,104327261967,104327261998,31
100800000000,104400000000,104327261998,104329079716,1817718
100800000000,104400000000,104329079716,104329181305,101589
100800000000,104400000000,104329181305,104330941574,1760269
100800000000,104400000000,104330941574,104330946243,4669
100800000000,104400000000,104330946243,104335765931,4819688
100800000000,104400000000,104335765931,104336142327,376396
100800000000,104400000000,104336142327,104337533501,1391174
100800000000,104400000000,104337533501,104339405635,1872134
100800000000,104400000000,104339405635,104339466717,61082
100800000000,104400000000,104339466717,104340890686,1423969
100800000000,104400000000,104340890686,104342756025,1865339
100800000000,104400000000,104342756025,104342756068,43
100800000000,104400000000,104342756068,104346102171,3346103
100800000000,104400000000,104346102171,104346106338,4167
100800000000,104400000000,104346106338,104346107124,786
100800000000,104400000000,104346107124,104346107129,5
100800000000,104400000000,104346107129,104351658346,5551217
100800000000,104400000000,104351658346,104355097301,3438955
100800000000,104400000000,104355097301,104355097304,3
100800000000,104400000000,104355097304,104356688575,1591271
100800000000,104400000000,104356688575,104356688637,62
100800000000,104400000000,104356688637,104356688643,6
100800000000,104400000000,104356688643,104358078691,1390048
100800000000,104400000000,104358078691,104359803209,1724518
100800000000,104400000000,104359803209,104361324158,1520949
100800000000,104400000000,104361324158,104364179325,2855167
100800000000,104400000000,104364179325,104371184554,7005229
100800000000,104400000000,104371184554,104374019817,2835263
100800000000,104400000000,104374019817,104374139104,119287
100800000000,104400000000,104374139104,104385244459,11105355
100800000000,104400000000,104385244459,104385244739,280
100800000000,104400000000,104385244739,104387080232,1835493
100800000000,104400000000,104387080232,104387491379,411147
100800000000,104400000000,104387491379,104387494143,2764
100800000000,104400000000,104387494143,104391709692,4215549
100800000000,104400000000,104391709692,104398951411,7241719
